1	0.06	-3.5	-2.27
2	0.1	-3.55	-2.23
3	0.14	-3.63	-2.27
4	0.18	-3.71	-2.29
5	0.22	-3.78	-2.34
6	0.26	-3.85	-2.38
7	0.3	-3.92	-2.42
8	0.34	-4.02	-2.49
9	0.38	-4.12	-2.53
10	0.42	-4.27	-2.56
11	0.51	-4.46	-2.61
12	0.54	-4.67	-2.6
13	0.58	-4.86	-2.64
14	0.62	-5.03	-2.67
15	0.66	-5.15	-2.73
16	0.7	-5.25	-2.77
17	0.74	-5.38	-2.8
18	0.78	-5.54	-2.83
19	0.82	-5.71	-2.78
20	0.86	-5.88	-2.74
21	0.9	-6.02	-2.67
22	0.94	-6.14	-2.57
23	0.98	-6.25	-2.48
24	1.02	-6.33	-2.4
25	1.06	-6.45	-2.38
26	1.1	-6.56	-2.39
27	1.14	-6.64	-2.41
28	1.18	-6.73	-2.43
29	1.22	-6.81	-2.42
30	1.26	-6.88	-2.39
31	1.3	-6.98	-2.35
32	1.34	-7.06	-2.33
33	1.38	-7.11	-2.3
34	1.42	-7.18	-2.26
35	1.46	-7.31	-2.2
36	1.5	-7.46	-2.11
37	1.54	-7.62	-1.98
38	1.58	-7.78	-1.85
39	1.62	-7.9	-1.72
40	1.66	-8.04	-1.61
41	1.7	-8.17	-1.51
42	1.74	-8.26	-1.44
43	1.78	-8.32	-1.32
44	1.82	-8.35	-1.22
45	1.86	-8.36	-1.12
46	1.9	-8.4	-1
47	1.94	-8.42	-0.9
48	1.98	-8.47	-0.77
49	2.02	-8.5	-0.61
50	2.06	-8.53	-0.45
51	2.1	-8.56	-0.32
52	2.14	-8.58	-0.21
53	2.18	-8.64	-0.12
54	2.22	-8.67	-0.05
55	2.26	-8.72	0.01
56	2.3	-8.76	0.08
57	2.34	-8.79	0.14
58	2.38	-8.82	0.22
59	2.42	-8.85	0.32
60	2.46	-8.91	0.48
61	2.5	-8.96	0.68
62	2.54	-9.01	0.88
63	2.58	-9.06	1.09
64	2.62	-9.11	1.27
65	2.66	-9.17	1.42
66	2.7	-9.24	1.56
67	2.74	-9.31	1.69
68	2.78	-9.35	1.83
69	2.82	-9.34	1.95
70	2.86	-9.33	2.07
71	2.9	-9.28	2.19
72	2.94	-9.25	2.32
73	2.98	-9.23	2.49
74	3.02	-9.18	2.7
75	3.06	-9.14	2.93
76	3.1	-9.08	3.12
77	3.14	-9.03	3.32
78	3.18	-9.02	3.52
79	3.22	-9.02	3.71
80	3.26	-8.94	4
81	3.46	-8.82	4.25
82	3.5	-8.7	4.45
83	3.54	-8.57	4.64
84	3.58	-8.48	4.73
85	3.62	-8.39	4.86
86	3.66	-8.27	5.01
87	3.7	-8.11	5.12
88	3.74	-7.97	5.19
89	3.78	-7.84	5.23
90	3.82	-7.72	5.21
91	3.86	-7.63	5.2
92	3.9	-7.54	5.18
93	3.94	-7.48	5.13
94	3.98	-7.43	5.12
95	4.02	-7.41	5.09
96	4.06	-7.4	5.09
97	4.1	-7.4	5.11
98	4.14	-7.42	5.12
99	4.18	-7.42	5.16
100	4.22	-7.43	5.18
101	4.26	-7.44	5.21
102	4.3	-7.46	5.21
103	4.34	-7.49	5.16
104	4.38	-7.53	5.1
105	4.42	-7.58	5.04
106	4.46	-7.63	5
107	4.5	-7.68	4.97
108	4.54	-7.71	4.97
109	4.58	-7.72	4.97
110	4.62	-7.73	4.95
111	4.66	-7.75	4.93
112	4.7	-7.78	4.91
113	4.74	-7.8	4.87
114	4.78	-7.83	4.85
115	4.82	-7.84	4.85
116	4.86	-7.85	4.88
117	4.9	-7.88	4.9
118	4.94	-7.91	4.93
119	4.98	-7.95	4.95
120	5.02	-7.98	4.95
121	5.06	-8.01	4.97
122	5.1	-8.03	4.99
123	5.14	-8.07	5.03
124	5.18	-8.13	5.07
125	5.22	-8.2	5.1
126	5.26	-8.27	5.11
127	5.3	-8.33	5.11
128	5.34	-8.38	5.12
129	5.38	-8.42	5.14
130	5.42	-8.47	5.19
131	5.46	-8.5	5.25
132	5.5	-8.52	5.31
133	5.54	-8.54	5.36
134	5.58	-8.55	5.38
135	5.62	-8.55	5.39
136	5.66	-8.57	5.41
137	5.7	-8.57	5.42
138	5.74	-8.57	5.44
139	5.78	-8.57	5.45
140	5.82	-8.56	5.46
141	5.86	-8.55	5.48
142	5.9	-8.55	5.5
143	5.94	-8.54	5.52
144	5.98	-8.53	5.55
145	6.02	-8.53	5.57
146	6.06	-8.53	5.61
147	6.1	-8.53	5.62
148	6.14	-8.53	5.68
149	6.18	-8.53	5.72
150	6.22	-8.52	5.74
151	6.26	-8.49	5.78
152	6.3	-8.46	5.79
153	6.34	-8.44	5.81
154	6.38	-8.43	5.86
155	6.42	-8.4	5.91
156	6.46	-8.39	5.98
157	6.5	-8.36	6.04
158	6.54	-8.34	6.06
159	6.58	-8.33	6.08
160	6.62	-8.33	6.06
161	6.66	-8.34	6.03
162	6.7	-8.35	6
163	6.74	-8.35	5.97
164	6.78	-8.35	5.94
165	6.82	-8.35	5.92
166	6.86	-8.35	5.91
167	6.9	-8.34	5.91
168	6.94	-8.34	5.91
169	6.98	-8.33	5.91
170	7.02	-8.33	5.9
171	7.06	-8.32	5.88
172	7.1	-8.32	5.88
173	7.14	-8.31	5.85
174	7.18	-8.3	5.81
175	7.22	-8.29	5.77
176	7.26	-8.27	5.72
177	7.3	-8.25	5.69
178	7.34	-8.22	5.64
179	7.38	-8.19	5.57
180	7.42	-8.16	5.5
181	7.46	-8.14	5.42
182	7.5	-8.14	5.33
183	7.54	-8.16	5.25
184	7.58	-8.19	5.14
185	7.62	-8.25	5.02
186	7.66	-8.31	4.94
187	7.7	-8.36	4.86
188	7.74	-8.39	4.81
189	7.78	-8.41	4.77
190	7.82	-8.42	4.72
191	7.86	-8.44	4.66
192	7.9	-8.48	4.57
193	7.94	-8.53	4.48
194	7.98	-8.56	4.38
195	8.02	-8.6	4.29
196	8.06	-8.65	4.19
197	8.1	-8.71	4.08
198	8.14	-8.76	3.97
199	8.18	-8.82	3.88
200	8.22	-8.86	3.83
201	8.26	-8.87	3.78
202	8.3	-8.88	3.75
203	8.34	-8.87	3.73
204	8.38	-8.85	3.69
205	8.42	-8.83	3.65
206	8.46	-8.83	3.61
207	8.5	-8.83	3.56
208	8.54	-8.83	3.53
209	8.58	-8.84	3.5
210	8.62	-8.84	3.5
211	8.66	-8.85	3.52
212	8.7	-8.85	3.54
213	8.74	-8.84	3.55
214	8.78	-8.81	3.53
215	8.82	-8.78	3.5
216	8.86	-8.76	3.45
217	8.9	-8.76	3.4
218	8.94	-8.78	3.36
219	8.98	-8.79	3.33
220	9.02	-8.79	3.3
221	9.06	-8.79	3.27
222	9.1	-8.81	3.23
223	9.14	-8.84	3.19
224	9.18	-8.88	3.13
225	9.22	-8.93	3.07
226	9.26	-8.97	3.02
227	9.3	-9	2.96
228	9.34	-9.03	2.92
229	9.38	-9.05	2.88
230	9.42	-9.07	2.86
231	9.46	-9.09	2.83
232	9.5	-9.1	2.83
233	9.54	-9.11	2.84
234	9.62	-9.11	2.85
235	9.66	-9.1	2.88
236	9.7	-9.11	2.9
237	9.74	-9.11	2.93
238	9.78	-9.11	2.93
239	9.82	-9.11	2.93
240	9.86	-9.11	2.93
241	9.9	-9.11	2.94
242	9.94	-9.12	2.95
243	9.98	-9.12	2.95
244	10.02	-9.1	2.95
245	10.06	-9.06	2.95
246	10.1	-9.01	2.96
247	10.14	-8.95	2.99
248	10.18	-8.9	3.04
249	10.22	-8.85	3.08
250	10.26	-8.81	3.14
251	10.3	-8.77	3.15
252	10.34	-8.74	3.16
253	10.38	-8.7	3.17
254	10.42	-8.66	3.17
255	10.46	-8.64	3.18
256	10.5	-8.59	3.19
257	10.54	-8.55	3.19
258	10.58	-8.5	3.19
259	10.62	-8.45	3.2
260	10.66	-8.38	3.19
261	10.7	-8.31	3.2
262	10.74	-8.24	3.21
263	10.78	-8.17	3.19
264	10.82	-8.09	3.2
265	10.86	-8.01	3.22
266	10.9	-7.92	3.23
267	10.94	-7.83	3.26
268	10.98	-7.77	3.27
269	11.02	-7.72	3.27
270	11.06	-7.68	3.26
271	11.1	-7.66	3.25
272	11.14	-7.62	3.23
273	11.18	-7.59	3.2
274	11.22	-7.55	3.18
275	11.26	-7.51	3.17
276	11.3	-7.46	3.17
277	11.34	-7.41	3.18
278	11.38	-7.38	3.19
279	11.42	-7.34	3.21
280	11.46	-7.32	3.21
281	11.5	-7.29	3.23
282	11.54	-7.24	3.27
283	11.58	-7.17	3.31
284	11.62	-7.09	3.36
285	11.66	-6.97	3.43
286	11.7	-6.89	3.47
287	11.74	-6.81	3.53
288	11.78	-6.73	3.59
289	11.82	-6.67	3.61
290	11.86	-6.6	3.64
291	11.9	-6.54	3.65
292	11.94	-6.46	3.69
293	11.98	-6.4	3.71
294	12.02	-6.33	3.75
295	12.06	-6.26	3.8
296	12.1	-6.2	3.82
297	12.14	-6.12	3.86
298	12.18	-6.05	3.88
299	12.22	-5.99	3.88
300	12.26	-5.94	3.91
301	12.3	-5.91	3.93
302	12.34	-5.87	3.95
303	12.38	-5.77	4.01
304	12.42	-5.68	4.06
305	12.46	-5.58	4.12
306	12.5	-5.47	4.21
307	12.54	-5.41	4.27
308	12.58	-5.35	4.35
309	12.62	-5.28	4.42
310	12.66	-5.24	4.48
311	12.7	-5.19	4.53
312	12.74	-5.17	4.55
313	12.78	-5.14	4.57
314	12.82	-5.11	4.58
315	12.86	-5.06	4.6
316	12.9	-5.02	4.61
317	12.94	-4.99	4.6
318	12.98	-4.96	4.59
319	13.02	-4.94	4.56
320	13.06	-4.91	4.54
321	13.1	-4.86	4.53
322	13.14	-4.82	4.51
323	13.18	-4.79	4.49
324	13.22	-4.75	4.5
325	13.26	-4.75	4.5
326	13.3	-4.73	4.51
327	13.34	-4.73	4.51
328	13.38	-4.74	4.5
329	13.42	-4.74	4.5
330	13.46	-4.75	4.49
331	13.5	-4.76	4.49
332	13.54	-4.78	4.47
333	13.58	-4.8	4.46
334	13.62	-4.84	4.45
335	13.66	-4.86	4.45
336	13.7	-4.88	4.43
337	13.74	-4.87	4.44
338	13.78	-4.87	4.44
339	13.82	-4.88	4.42
340	13.86	-4.87	4.4
341	13.9	-4.88	4.37
342	13.94	-4.89	4.34
343	13.98	-4.89	4.32
344	14.02	-4.9	4.31
345	14.06	-4.9	4.31
346	14.1	-4.91	4.3
347	14.14	-4.9	4.31
348	14.18	-4.89	4.32
349	14.22	-4.9	4.32
350	14.26	-4.9	4.32
351	14.3	-4.91	4.32
352	14.34	-4.92	4.31
353	14.38	-4.92	4.3
354	14.42	-4.96	4.27
355	14.46	-5	4.24
356	14.5	-5.05	4.19
357	14.54	-5.1	4.14
358	14.58	-5.12	4.09
359	14.62	-5.13	4.04
360	14.66	-5.13	4.02
361	14.7	-5.1	4.01
362	14.74	-5.04	3.99
363	14.78	-4.98	3.94
364	14.82	-4.92	3.85
365	14.86	-4.88	3.74
366	14.9	-4.9	3.64
367	14.94	-4.92	3.55
368	14.98	-4.98	3.46
369	15.02	-5.02	3.36
370	15.06	-5.06	3.26
371	15.1	-5.09	3.15
372	15.14	-5.1	3.06
373	15.18	-5.09	2.99
374	15.22	-5.09	2.92
375	15.26	-5.08	2.85
376	15.3	-5.1	2.76
377	15.34	-5.15	2.66
378	15.38	-5.2	2.56
379	15.42	-5.26	2.49
380	15.46	-5.31	2.43
381	15.5	-5.34	2.39
382	15.54	-5.39	2.36
383	15.58	-5.43	2.34
384	15.62	-5.45	2.31
385	15.66	-5.47	2.28
386	15.7	-5.48	2.25
387	15.74	-5.5	2.23
388	15.78	-5.53	2.2
389	15.82	-5.56	2.17
390	15.86	-5.58	2.16
391	15.9	-5.6	2.14
392	15.94	-5.62	2.14
393	15.98	-5.63	2.16
394	16.02	-5.65	2.17
395	16.06	-5.66	2.2
396	16.1	-5.66	2.22
397	16.14	-5.67	2.24
398	16.18	-5.68	2.25
399	16.22	-5.69	2.24
400	16.26	-5.71	2.25
401	16.3	-5.75	2.25
402	16.34	-5.81	2.27
403	16.38	-5.86	2.3
404	16.42	-5.9	2.33
405	16.46	-5.93	2.37
406	16.5	-5.93	2.39
407	16.54	-5.94	2.41
408	16.58	-5.94	2.43
409	16.62	-5.96	2.45
410	16.66	-5.99	2.48
411	16.7	-6.03	2.53
412	16.74	-6.07	2.57
413	16.78	-6.11	2.61
414	16.82	-6.15	2.63
415	16.86	-6.18	2.65
416	16.9	-6.22	2.68
417	16.94	-6.28	2.73
418	16.98	-6.31	2.78
419	17.02	-6.34	2.81
420	17.06	-6.37	2.85
421	17.1	-6.38	2.86
422	17.14	-6.39	2.88
423	17.18	-6.39	2.89
424	17.22	-6.38	2.9
425	17.26	-6.37	2.91
426	17.3	-6.36	2.94
427	17.34	-6.36	2.96
428	17.38	-6.35	2.99
429	17.42	-6.36	3
430	17.46	-6.36	2.99
431	17.5	-6.36	3
432	17.54	-6.35	2.99
433	17.58	-6.35	2.99
434	17.62	-6.35	2.99
435	17.66	-6.34	2.99
436	17.7	-6.35	3
437	17.74	-6.35	3.01
438	17.78	-6.34	3.01
439	17.82	-6.35	3.02
440	17.86	-6.36	3.03
441	17.9	-6.39	3.04
442	17.94	-6.43	3.06
443	17.98	-6.46	3.11
444	18.02	-6.46	3.17
445	18.06	-6.46	3.23
446	18.1	-6.44	3.27
447	18.14	-6.45	3.31
448	18.18	-6.46	3.34
449	18.22	-6.49	3.37
450	18.26	-6.5	3.41
451	18.29	-6.5	3.44
452	18.33	-6.51	3.48
453	18.38	-6.5	3.5
454	18.42	-6.5	3.52
455	18.45	-6.49	3.54
456	18.5	-6.49	3.56
457	18.53	-6.47	3.6
458	18.57	-6.45	3.64
459	18.61	-6.45	3.67
460	18.65	-6.45	3.7
461	18.69	-6.46	3.71
462	18.73	-6.48	3.72
463	18.78	-6.48	3.74
464	18.81	-6.48	3.77
465	18.85	-6.47	3.78
466	18.89	-6.48	3.79
467	18.93	-6.5	3.83
468	18.97	-6.52	3.87
469	19.01	-6.54	3.92
470	19.05	-6.55	3.98
471	19.09	-6.54	4.02
472	19.13	-6.52	4.05
473	19.17	-6.52	4.09
474	19.21	-6.52	4.11
475	19.25	-6.52	4.14
476	19.29	-6.53	4.16
477	19.33	-6.54	4.19
478	19.37	-6.54	4.23
479	19.41	-6.56	4.31
480	19.45	-6.57	4.4
481	19.49	-6.56	4.5
482	19.53	-6.56	4.58
483	19.57	-6.53	4.64
484	19.61	-6.51	4.69
485	19.65	-6.5	4.75
486	19.69	-6.49	4.83
487	19.73	-6.51	4.91
488	19.77	-6.51	5.01
489	19.81	-6.5	5.1
490	19.85	-6.49	5.18
491	19.89	-6.48	5.24
492	19.93	-6.47	5.29
493	19.97	-6.48	5.33
494	20.01	-6.48	5.37
495	20.05	-6.46	5.39
496	20.09	-6.42	5.43
497	20.13	-6.37	5.49
498	20.17	-6.35	5.55
499	20.21	-6.35	5.63
500	20.25	-6.33	5.72
501	20.29	-6.33	5.86
502	20.33	-6.3	6.07
503	20.37	-6.29	6.25
504	20.41	-6.31	6.39
505	20.45	-6.32	6.44
506	20.49	-6.34	6.43
507	20.53	-6.35	6.48
508	20.57	-6.35	6.54
509	20.61	-6.33	6.64
510	20.65	-6.3	6.74
511	20.69	-6.24	6.85
512	20.73	-6.19	6.96
513	20.77	-6.16	7.05
514	20.82	-6.14	7.15
515	20.85	-6.15	7.21
516	20.89	-6.15	7.28
517	20.93	-6.12	7.36
518	20.97	-6.09	7.41
519	21.01	-6.04	7.45
520	21.05	-5.96	7.52
521	21.09	-5.9	7.55
522	21.13	-5.84	7.59
523	21.17	-5.79	7.61
524	21.21	-5.77	7.63
525	21.25	-5.76	7.65
526	21.29	-5.77	7.65
527	21.33	-5.77	7.66
528	21.37	-5.78	7.64
529	21.41	-5.78	7.61
530	21.45	-5.77	7.59
531	21.49	-5.76	7.58
532	21.53	-5.75	7.56
533	21.57	-5.74	7.55
534	21.61	-5.72	7.54
535	21.65	-5.72	7.52
536	21.69	-5.71	7.52
537	21.73	-5.71	7.5
538	21.77	-5.71	7.48
539	21.81	-5.71	7.47
540	21.85	-5.72	7.45
541	21.89	-5.72	7.44
542	21.93	-5.76	7.4
543	21.97	-5.79	7.34
544	22.01	-5.83	7.25
545	22.05	-5.86	7.16
546	22.09	-5.88	7.08
547	22.13	-5.9	7.01
548	22.17	-5.91	6.97
549	22.21	-5.92	6.94
550	22.25	-5.94	6.93
551	22.29	-5.95	6.93
552	22.33	-5.96	6.95
553	22.37	-5.97	6.99
554	22.41	-5.96	7.01
555	22.45	-5.95	7.04
556	22.49	-5.95	7.07
557	22.53	-5.97	7.08
558	22.57	-6	7.1
559	22.61	-6.03	7.11
560	22.65	-6.06	7.12
561	22.69	-6.09	7.14
562	22.73	-6.12	7.15
563	22.77	-6.18	7.14
564	22.81	-6.24	7.15
565	22.85	-6.32	7.16
566	22.89	-6.38	7.18
567	22.93	-6.42	7.19
568	22.97	-6.46	7.2
569	23.01	-6.53	7.22
570	23.05	-6.63	7.27
571	23.09	-6.76	7.32
572	23.13	-6.88	7.36
573	23.17	-6.99	7.39
574	23.21	-7.08	7.39
575	23.25	-7.15	7.4
576	23.29	-7.22	7.43
577	23.33	-7.27	7.44
578	23.37	-7.32	7.48
579	23.41	-7.38	7.52
580	23.45	-7.44	7.55
581	23.49	-7.5	7.62
582	23.53	-7.55	7.68
583	23.57	-7.6	7.73
584	23.61	-7.68	7.77
585	23.65	-7.79	7.78
586	23.69	-7.91	7.77
587	23.73	-8.04	7.76
588	23.77	-8.14	7.74
589	23.81	-8.22	7.75
590	23.85	-8.3	7.78
591	23.89	-8.36	7.83
592	23.93	-8.41	7.89
593	23.97	-8.45	7.93
594	24.01	-8.47	7.95
595	24.05	-8.5	7.98
596	24.09	-8.52	7.98
597	24.13	-8.55	7.98
598	24.17	-8.58	7.99
599	24.21	-8.61	7.99
600	24.25	-8.64	8
601	24.29	-8.69	8
602	24.33	-8.77	8.01
603	24.37	-8.83	8.01
604	24.41	-8.89	8.02
605	24.45	-8.91	8
606	24.49	-8.93	7.99
607	24.53	-9.01	7.99
608	24.57	-9.17	7.99
609	24.61	-9.36	8.02
610	24.65	-9.54	8.04
611	24.69	-9.68	8.05
612	24.73	-9.74	8.07
613	24.77	-9.8	8.1
614	24.81	-9.89	8.13
615	24.85	-9.98	8.17
616	24.89	-10.06	8.2
617	24.93	-10.11	8.22
618	24.97	-10.17	8.25
619	25.01	-10.23	8.29
620	25.05	-10.29	8.32
621	25.09	-10.33	8.36
622	25.13	-10.34	8.38
623	25.17	-10.32	8.41
624	25.21	-10.28	8.43
625	25.25	-10.22	8.45
626	25.29	-10.15	8.47
627	25.33	-10.08	8.48
628	25.37	-10.03	8.5
629	25.41	-10.01	8.52
630	25.45	-9.98	8.54
631	25.49	-9.96	8.56
632	25.53	-9.94	8.58
633	25.57	-9.9	8.58
634	25.61	-9.88	8.58
635	25.65	-9.85	8.56
636	25.69	-9.82	8.52
637	25.73	-9.81	8.5
638	25.77	-9.79	8.46
639	25.81	-9.79	8.43
640	25.85	-9.77	8.39
641	25.89	-9.78	8.35
642	25.93	-9.75	8.3
643	25.97	-9.72	8.25
644	26.01	-9.7	8.19
645	26.05	-9.65	8.13
646	26.09	-9.66	8.09
647	26.13	-9.67	8.05
648	26.17	-9.69	8.01
649	26.21	-9.72	7.98
650	26.25	-9.73	7.94
651	26.29	-9.72	7.9
652	26.33	-9.69	7.87
653	26.37	-9.63	7.82
654	26.41	-9.58	7.78
655	26.45	-9.55	7.73
656	26.49	-9.54	7.68
657	26.53	-9.54	7.62
658	26.57	-9.56	7.52
659	26.61	-9.59	7.42
660	26.65	-9.59	7.34
661	26.69	-9.61	7.29
662	26.73	-9.59	7.3
663	26.77	-9.55	7.32
664	26.81	-9.51	7.34
665	26.85	-9.46	7.36
666	26.89	-9.37	7.37
667	26.93	-9.29	7.4
668	26.97	-9.2	7.42
669	27.01	-9.06	7.42
670	27.05	-8.92	7.42
671	27.09	-8.82	7.42
672	27.13	-8.74	7.41
673	27.17	-8.71	7.42
674	27.21	-8.71	7.45
675	27.25	-8.69	7.47
676	27.29	-8.69	7.5
677	27.33	-8.68	7.5
678	27.37	-8.64	7.5
679	27.41	-8.6	7.48
680	27.45	-8.56	7.45
681	27.49	-8.53	7.4
682	27.53	-8.55	7.34
683	27.57	-8.58	7.28
684	27.61	-8.59	7.22
685	27.65	-8.6	7.19
686	27.69	-8.59	7.18
687	27.73	-8.56	7.16
688	27.77	-8.53	7.15
689	27.81	-8.47	7.12
690	27.85	-8.38	7.08
691	27.89	-8.29	7.03
692	27.93	-8.18	6.98
693	27.97	-8.07	6.9
694	28.01	-7.95	6.84
695	28.05	-7.84	6.79
696	28.09	-7.74	6.74
697	28.13	-7.66	6.73
698	28.17	-7.61	6.7
699	28.21	-7.57	6.67
700	28.25	-7.54	6.64
701	28.29	-7.51	6.59
702	28.33	-7.48	6.53
703	28.37	-7.45	6.48
704	28.41	-7.41	6.44
705	28.45	-7.36	6.43
706	28.49	-7.32	6.43
707	28.53	-7.27	6.45
708	28.57	-7.22	6.49
709	28.61	-7.17	6.5
710	28.65	-7.12	6.53
711	28.69	-7.08	6.55
712	28.73	-7.05	6.57
713	28.77	-7.05	6.6
714	28.81	-7.05	6.61
715	28.85	-7.06	6.62
716	28.89	-7.05	6.63
717	28.93	-7.05	6.63
718	28.97	-7.05	6.63
719	29.01	-7.05	6.62
720	29.05	-7.05	6.61
721	29.09	-7.05	6.59
722	29.13	-7.06	6.59
723	29.17	-7.07	6.59
724	29.21	-7.09	6.59
725	29.25	-7.13	6.6
726	29.29	-7.16	6.6
727	29.33	-7.21	6.61
728	29.37	-7.25	6.61
729	29.41	-7.28	6.62
730	29.45	-7.32	6.65
731	29.49	-7.36	6.69
732	29.53	-7.39	6.75
733	29.57	-7.43	6.8
734	29.61	-7.47	6.83
735	29.65	-7.49	6.86
736	29.69	-7.53	6.88
737	29.73	-7.56	6.9
738	29.77	-7.59	6.93
739	29.81	-7.65	6.95
740	29.85	-7.71	6.97
741	29.89	-7.78	6.99
742	29.96	-7.85	7.01
743	29.99	-7.91	7.03
744	30.01	-7.95	7.06
745	30.05	-7.97	7.09
746	30.09	-7.99	7.12
747	30.13	-8.01	7.19
748	30.17	-8.03	7.28
749	30.21	-8.08	7.39
750	30.25	-8.11	7.5
751	30.29	-8.15	7.61
752	30.33	-8.18	7.72
753	30.37	-8.2	7.85
754	30.41	-8.24	7.98
755	30.45	-8.29	8.1
756	30.49	-8.35	8.22
757	30.53	-8.39	8.3
758	30.57	-8.45	8.39
759	30.61	-8.48	8.44
760	30.65	-8.54	8.51
761	30.69	-8.62	8.6
762	30.73	-8.69	8.71
763	30.77	-8.8	8.88
764	30.81	-8.92	9.03
765	30.85	-9.03	9.17
766	30.89	-9.11	9.27
767	30.93	-9.15	9.34
768	30.97	-9.15	9.4
769	31.01	-9.15	9.47
770	31.05	-9.18	9.55
771	31.09	-9.24	9.61
772	31.13	-9.31	9.67
773	31.17	-9.4	9.73
774	31.21	-9.48	9.77
775	31.25	-9.53	9.81
776	31.29	-9.56	9.85
777	31.33	-9.55	9.88
778	31.37	-9.52	9.92
779	31.41	-9.51	9.96
780	31.45	-9.51	10.01
781	31.49	-9.53	10.08
782	31.53	-9.56	10.19
783	31.57	-9.59	10.36
784	31.61	-9.61	10.52
785	31.65	-9.63	10.65
786	31.69	-9.63	10.74
787	31.73	-9.62	10.77
788	31.77	-9.63	10.81
789	31.81	-9.64	10.84
790	31.85	-9.65	10.84
791	31.89	-9.68	10.86
792	31.93	-9.71	10.87
793	31.97	-9.72	10.86
794	32.01	-9.75	10.86
795	32.05	-9.79	10.87
796	32.09	-9.79	10.86
797	32.13	-9.8	10.85
798	32.17	-9.8	10.85
799	32.21	-9.77	10.81
800	32.25	-9.76	10.8
801	32.29	-9.75	10.78
802	32.33	-9.75	10.79
803	32.37	-9.75	10.79
804	32.41	-9.76	10.8
805	32.45	-9.76	10.8
806	32.49	-9.76	10.79
807	32.53	-9.76	10.78
808	32.57	-9.76	10.78
809	32.61	-9.74	10.78
810	32.65	-9.71	10.76
811	32.69	-9.67	10.74
812	32.73	-9.63	10.71
813	32.77	-9.59	10.66
814	32.81	-9.57	10.63
815	32.85	-9.55	10.6
816	32.89	-9.51	10.58
817	32.93	-9.49	10.63
818	32.97	-9.47	10.68
819	33.01	-9.46	10.73
820	33.05	-9.44	10.72
821	33.09	-9.41	10.65
822	33.13	-9.36	10.57
823	33.17	-9.3	10.48
824	33.21	-9.26	10.41
825	33.25	-9.24	10.36
826	33.29	-9.21	10.31
827	33.33	-9.18	10.27
828	33.37	-9.15	10.23
829	33.41	-9.12	10.19
830	33.45	-9.1	10.16
831	33.49	-9.07	10.11
832	33.53	-9.02	10.04
833	33.57	-8.97	9.96
834	33.61	-8.92	9.91
835	33.65	-8.89	9.86
836	33.69	-8.88	9.82
837	33.73	-8.9	9.79
838	33.77	-8.95	9.7
839	33.81	-9	9.63
840	33.85	-9.04	9.58
841	33.89	-9.05	9.54
842	33.93	-9.02	9.54
843	33.97	-8.99	9.54
844	34.01	-8.95	9.53
845	34.05	-8.95	9.5
846	34.09	-8.94	9.44
847	34.13	-8.92	9.37
848	34.17	-8.92	9.29
849	34.21	-8.89	9.21
850	34.25	-8.88	9.18
851	34.29	-8.87	9.11
852	34.33	-8.87	9.04
853	34.37	-8.86	8.98
854	34.41	-8.83	8.86
855	34.45	-8.8	8.76
856	34.49	-8.72	8.68
857	34.53	-8.68	8.57
858	34.57	-8.67	8.5
859	34.61	-8.69	8.43
860	34.65	-8.72	8.4
861	34.69	-8.76	8.38
862	34.73	-8.76	8.41
863	34.77	-8.75	8.43
864	34.81	-8.75	8.46
865	34.85	-8.75	8.5
866	34.89	-8.77	8.51
867	34.93	-8.78	8.52
868	34.97	-8.79	8.51
869	35.01	-8.8	8.48
870	35.05	-8.79	8.47
871	35.09	-8.8	8.46
872	35.13	-8.78	8.45
873	35.17	-8.76	8.44
874	35.21	-8.76	8.41
875	35.25	-8.73	8.37
876	35.29	-8.71	8.31
877	35.33	-8.7	8.25
878	35.37	-8.67	8.2
879	35.41	-8.65	8.17
880	35.45	-8.62	8.12
881	35.49	-8.57	8.07
882	35.53	-8.5	7.99
883	35.57	-8.42	7.9
884	35.61	-8.33	7.8
885	35.65	-8.26	7.7
886	35.69	-8.21	7.64
887	35.73	-8.18	7.59
888	35.77	-8.14	7.57
889	35.81	-8.1	7.56
890	35.85	-8.05	7.56
891	35.89	-8.01	7.55
892	35.93	-7.97	7.57
893	35.97	-7.95	7.58
894	36.01	-7.94	7.6
895	36.05	-7.93	7.61
896	36.09	-7.93	7.63
897	36.13	-7.92	7.63
898	36.17	-7.94	7.64
899	36.21	-7.95	7.63
900	36.25	-7.97	7.62
901	36.29	-7.98	7.61
902	36.33	-8	7.6
903	36.37	-8.03	7.6
904	36.41	-8.04	7.59
905	36.45	-8.05	7.59
906	36.49	-8.06	7.58
907	36.53	-8.06	7.58
908	36.57	-8.09	7.59
909	36.61	-8.12	7.6
910	36.65	-8.14	7.6
911	36.69	-8.17	7.6
912	36.73	-8.2	7.61
913	36.77	-8.22	7.6
914	36.81	-8.25	7.59
915	36.85	-8.29	7.58
916	36.89	-8.31	7.56
917	36.93	-8.33	7.55
918	36.97	-8.32	7.53
919	37.01	-8.32	7.52
920	37.05	-8.29	7.5
921	37.09	-8.27	7.49
922	37.13	-8.25	7.48
923	37.17	-8.23	7.48
924	37.21	-8.23	7.48
925	37.25	-8.21	7.47
926	37.29	-8.2	7.47
927	37.33	-8.19	7.46
928	37.37	-8.19	7.46
929	37.41	-8.2	7.46
930	37.45	-8.2	7.45
931	37.49	-8.22	7.46
932	37.53	-8.24	7.48
933	37.57	-8.27	7.5
934	37.61	-8.31	7.52
935	37.65	-8.32	7.53
936	37.69	-8.34	7.54
937	37.73	-8.35	7.55
938	37.77	-8.38	7.57
939	37.81	-8.42	7.59
940	37.85	-8.47	7.6
941	37.89	-8.5	7.61
942	37.93	-8.53	7.61
943	37.97	-8.57	7.6
944	38.01	-8.61	7.61
945	38.05	-8.66	7.62
946	38.09	-8.71	7.65
947	38.13	-8.76	7.68
948	38.17	-8.8	7.72
949	38.21	-8.84	7.73
950	38.25	-8.85	7.73
951	38.29	-8.87	7.74
952	38.33	-8.9	7.75
953	38.37	-8.93	7.78
954	38.41	-8.98	7.81
955	38.45	-9.05	7.81
956	38.49	-9.12	7.83
957	38.53	-9.18	7.84
958	38.57	-9.24	7.86
959	38.61	-9.27	7.9
960	38.65	-9.3	7.93
961	38.69	-9.32	7.96
962	38.73	-9.32	7.99
963	38.77	-9.31	8.02
964	38.81	-9.3	8.06
965	38.85	-9.3	8.11
966	38.89	-9.33	8.17
967	38.93	-9.38	8.21
968	38.97	-9.43	8.25
969	39.01	-9.5	8.28
970	39.05	-9.57	8.3
971	39.09	-9.65	8.32
972	39.13	-9.76	8.31
973	39.17	-9.87	8.28
974	39.21	-9.96	8.26
975	39.25	-10.03	8.26
976	39.29	-10.09	8.29
977	39.33	-10.15	8.33
978	39.37	-10.24	8.37
979	39.41	-10.33	8.38
980	39.45	-10.43	8.37
981	39.49	-10.51	8.39
982	39.53	-10.59	8.41
983	39.57	-10.66	8.45
984	39.61	-10.75	8.53
985	39.65	-10.86	8.6
986	39.69	-10.97	8.66
987	39.73	-11.08	8.72
988	39.77	-11.18	8.75
989	39.81	-11.26	8.76
990	39.85	-11.34	8.79
991	39.89	-11.44	8.83
992	39.93	-11.54	8.9
993	39.97	-11.65	8.98
994	40.01	-11.75	9.03
995	40.05	-11.85	9.08
996	40.09	-11.95	9.08
997	40.13	-12.03	9.09
998	40.17	-12.1	9.1
999	40.21	-12.15	9.09
1000	40.25	-12.19	9.09
1001	40.29	-12.27	9.07
1002	40.33	-12.35	9.07
1003	40.37	-12.43	9.08
1004	40.41	-12.54	9.09
1005	40.45	-12.62	9.1
1006	40.49	-12.71	9.07
1007	40.53	-12.78	9.05
1008	40.57	-12.82	9.04
1009	40.61	-12.88	9.03
1010	40.65	-12.9	9.06
1011	40.69	-12.95	9.06
1012	40.73	-12.99	9.05
1013	40.77	-13.02	9.03
1014	40.81	-13.04	9.02
1015	40.85	-13.05	9.01
1016	40.89	-13.05	9
1017	40.93	-13.04	9.01
1018	40.97	-13.05	9
1019	41.01	-13.06	8.98
1020	41.05	-13.08	8.97
1021	41.09	-13.1	8.96
1022	41.13	-13.12	8.94
1023	41.17	-13.13	8.94
1024	41.21	-13.12	8.94
1025	41.25	-13.12	8.93
1026	41.29	-13.11	8.93
1027	41.33	-13.09	8.92
1028	41.37	-13.08	8.9
1029	41.41	-13.05	8.9
1030	41.45	-13.01	8.89
1031	41.49	-12.98	8.88
1032	41.53	-12.95	8.87
1033	41.57	-12.93	8.85
1034	41.61	-12.92	8.82
1035	41.65	-12.91	8.8
1036	41.69	-12.87	8.79
1037	41.73	-12.83	8.79
1038	41.77	-12.79	8.78
1039	41.81	-12.76	8.76
1040	41.85	-12.72	8.74
1041	41.89	-12.69	8.73
1042	41.93	-12.66	8.7
1043	41.97	-12.62	8.68
1044	42.01	-12.58	8.68
1045	42.05	-12.54	8.66
1046	42.09	-12.5	8.65
1047	42.13	-12.47	8.65
1048	42.17	-12.45	8.64
1049	42.21	-12.44	8.64
1050	42.25	-12.45	8.65
1051	42.29	-12.45	8.67
1052	42.33	-12.45	8.68
1053	42.37	-12.45	8.7
1054	42.41	-12.45	8.72
1055	42.45	-12.44	8.76
1056	42.49	-12.44	8.79
1057	42.53	-12.44	8.83
1058	42.57	-12.42	8.89
1059	42.61	-12.38	8.95
1060	42.65	-12.34	9
1061	42.69	-12.29	9.04
1062	42.73	-12.25	9.06
1063	42.77	-12.24	9.1
1064	42.81	-12.23	9.15
1065	42.85	-12.23	9.19
1066	42.89	-12.24	9.23
1067	42.93	-12.24	9.25
1068	42.97	-12.25	9.27
1069	43.01	-12.25	9.28
1070	43.05	-12.23	9.31
1071	43.09	-12.22	9.34
1072	43.13	-12.21	9.39
1073	43.17	-12.18	9.46
1074	43.21	-12.16	9.51
1075	43.25	-12.1	9.6
1076	43.29	-12.03	9.69
1077	43.33	-11.99	9.8
1078	43.37	-11.97	9.92
1079	43.41	-11.97	10.01
1080	43.45	-11.98	10.1
1081	43.49	-11.94	10.17
1082	43.53	-11.91	10.24
1083	43.57	-11.87	10.33
1084	43.61	-11.82	10.42
1085	43.65	-11.8	10.52
1086	43.69	-11.75	10.6
1087	43.73	-11.66	10.68
1088	43.77	-11.6	10.77
1089	43.81	-11.52	10.84
1090	43.85	-11.47	10.93
1091	43.89	-11.47	11
1092	43.93	-11.42	11.06
1093	43.97	-11.38	11.14
1094	44.01	-11.31	11.23
1095	44.05	-11.21	11.31
1096	44.09	-11.12	11.4
1097	44.13	-11.03	11.46
1098	44.17	-10.95	11.52
1099	44.21	-10.89	11.57
1100	44.25	-10.83	11.62
1101	44.29	-10.79	11.67
1102	44.33	-10.77	11.7
1103	44.37	-10.75	11.73
1104	44.41	-10.75	11.76
1105	44.45	-10.76	11.79
1106	44.49	-10.78	11.82
1107	44.53	-10.8	11.85
1108	44.57	-10.79	11.86
1109	44.61	-10.76	11.86
1110	44.65	-10.72	11.85
1111	44.69	-10.67	11.83
1112	44.73	-10.63	11.82
1113	44.77	-10.58	11.77
1114	44.81	-10.49	11.74
1115	44.85	-10.39	11.73
1116	44.89	-10.27	11.72
1117	44.93	-10.15	11.7
1118	44.97	-10.02	11.64
1119	45.01	-9.91	11.54
1120	45.05	-9.8	11.43
1121	45.09	-9.71	11.33
1122	45.13	-9.66	11.25
1123	45.17	-9.62	11.16
1124	45.21	-9.63	11.08
1125	45.25	-9.65	10.98
1126	45.29	-9.63	10.93
1127	45.33	-9.58	10.89
1128	45.37	-9.51	10.83
1129	45.41	-9.44	10.79
1130	45.45	-9.4	10.69
1131	45.49	-9.4	10.58
1132	45.53	-9.43	10.45
1133	45.57	-9.44	10.32
1134	45.61	-9.46	10.2
1135	45.65	-9.48	10.09
1136	45.69	-9.47	10.02
1137	45.73	-9.48	9.96
1138	45.77	-9.45	9.94
1139	45.81	-9.43	9.93
1140	45.85	-9.38	9.93
1141	45.89	-9.34	9.92
1142	45.93	-9.32	9.86
1143	45.97	-9.29	9.82
1144	46.01	-9.29	9.77
1145	46.05	-9.3	9.73
1146	46.09	-9.31	9.7
1147	46.13	-9.34	9.67
1148	46.17	-9.36	9.64
1149	46.21	-9.36	9.61
1150	46.25	-9.39	9.59
1151	46.29	-9.41	9.56
1152	46.33	-9.43	9.54
1153	46.37	-9.46	9.52
1154	46.41	-9.47	9.49
1155	46.45	-9.49	9.47
1156	46.49	-9.49	9.44
1157	46.53	-9.5	9.42
1158	46.57	-9.52	9.41
1159	46.61	-9.5	9.39
1160	46.65	-9.49	9.38
1161	46.69	-9.48	9.38
1162	46.73	-9.45	9.36
1163	46.77	-9.45	9.35
1164	46.81	-9.46	9.36
1165	46.85	-9.46	9.36
1166	46.89	-9.43	9.37
1167	46.93	-9.41	9.37
1168	46.97	-9.38	9.38
1169	47.01	-9.33	9.4
1170	47.05	-9.32	9.43
1171	47.09	-9.3	9.48
1172	47.13	-9.28	9.52
1173	47.17	-9.27	9.56
1174	47.21	-9.25	9.59
1175	47.25	-9.24	9.61
1176	47.29	-9.24	9.63
1177	47.33	-9.23	9.65
1178	47.37	-9.22	9.67
1179	47.41	-9.22	9.68
1180	47.45	-9.2	9.7
1181	47.49	-9.2	9.73
1182	47.53	-9.2	9.75
1183	47.57	-9.19	9.79
1184	47.61	-9.18	9.81
1185	47.65	-9.17	9.82
1186	47.69	-9.15	9.83
1187	47.73	-9.15	9.83
1188	47.77	-9.14	9.83
1189	47.81	-9.14	9.83
1190	47.85	-9.12	9.84
1191	47.89	-9.11	9.85
1192	47.93	-9.09	9.87
1193	47.97	-9.07	9.89
1194	48.01	-9.08	9.91
1195	48.05	-9.08	9.94
1196	48.09	-9.1	9.98
1197	48.13	-9.11	10.03
1198	48.17	-9.12	10.09
1199	48.21	-9.12	10.13
1200	48.25	-9.12	10.19
1201	48.29	-9.13	10.24
1202	48.33	-9.1	10.29
1203	48.37	-9.09	10.35
1204	48.41	-9.06	10.41
1205	48.45	-9	10.47
1206	48.49	-8.94	10.52
1207	48.53	-8.87	10.54
1208	48.57	-8.82	10.57
1209	48.61	-8.79	10.58
1210	48.65	-8.78	10.59
1211	48.69	-8.78	10.59
1212	48.73	-8.77	10.6
1213	48.77	-8.76	10.62
1214	48.81	-8.74	10.66
1215	48.85	-8.71	10.71
1216	48.89	-8.71	10.76
1217	48.93	-8.71	10.82
1218	48.97	-8.71	10.87
1219	49.01	-8.72	10.93
1220	49.05	-8.73	10.99
1221	49.09	-8.74	11.04
1222	49.13	-8.75	11.1
1223	49.17	-8.75	11.15
1224	49.21	-8.76	11.19
1225	49.25	-8.76	11.22
1226	49.29	-8.76	11.25
1227	49.33	-8.77	11.26
1228	49.37	-8.77	11.28
1229	49.41	-8.78	11.28
1230	49.45	-8.8	11.28
1231	49.49	-8.82	11.28
1232	49.53	-8.85	11.25
1233	49.57	-8.87	11.25
1234	49.61	-8.88	11.24
1235	49.65	-8.9	11.23
1236	49.69	-8.91	11.24
1237	49.73	-8.93	11.23
1238	49.77	-8.95	11.24
1239	49.81	-8.97	11.24
1240	49.85	-9	11.24
1241	49.89	-9.03	11.23
1242	49.93	-9.07	11.22
1243	49.97	-9.12	11.2
1244	50.01	-9.17	11.17
1245	50.05	-9.2	11.11
1246	50.09	-9.25	11.04
1247	50.13	-9.28	10.99
1248	50.17	-9.32	10.94
1249	50.21	-9.36	10.92
1250	50.25	-9.43	10.87
1251	50.29	-9.56	10.84
1252	50.33	-9.73	10.81
1253	50.37	-9.93	10.76
1254	50.41	-10.11	10.75
1255	50.45	-10.27	10.73
1256	50.49	-10.42	10.73
1257	50.53	-10.57	10.74
1258	50.57	-10.71	10.73
1259	50.61	-10.83	10.7
1260	50.65	-10.91	10.67
1261	50.69	-10.96	10.59
1262	50.73	-11.01	10.51
1263	50.77	-11.04	10.44
1264	50.81	-11.08	10.37
1265	50.85	-11.13	10.36
1266	50.89	-11.15	10.35
1267	50.93	-11.18	10.35
1268	50.97	-11.22	10.35
1269	51.01	-11.23	10.32
1270	51.05	-11.25	10.28
1271	51.09	-11.27	10.25
1272	51.13	-11.27	10.2
1273	51.17	-11.29	10.14
1274	51.21	-11.32	10.1
1275	51.25	-11.34	10.04
1276	51.29	-11.4	9.99
1277	51.33	-11.46	9.94
1278	51.37	-11.52	9.87
1279	51.41	-11.56	9.78
1280	51.45	-11.6	9.71
1281	51.49	-11.63	9.64
1282	51.53	-11.66	9.57
1283	51.57	-11.71	9.52
1284	51.61	-11.77	9.43
1285	51.65	-11.85	9.35
1286	51.69	-11.9	9.25
1287	51.73	-11.96	9.17
1288	51.77	-11.98	9.11
1289	51.81	-12	9.05
1290	51.85	-12.01	9.02
1291	51.89	-12.04	9
1292	51.93	-12.07	8.99
1293	51.97	-12.1	9
1294	52.01	-12.12	9
1295	52.05	-12.13	9
1296	52.09	-12.13	9.01
1297	52.13	-12.12	9.02
1298	52.17	-12.12	9.02
1299	52.21	-12.1	9.02
1300	52.25	-12.1	9.03
1301	52.29	-12.11	9.03
1302	52.33	-12.11	9.04
1303	52.37	-12.11	9.05
1304	52.41	-12.11	9.06
1305	52.45	-12.08	9.07
1306	52.49	-12.08	9.09
1307	52.53	-12.08	9.1
1308	52.57	-12.06	9.11
1309	52.61	-12.04	9.13
1310	52.65	-12	9.15
1311	52.69	-11.96	9.18
1312	52.73	-11.91	9.21
1313	52.77	-11.89	9.24
1314	52.81	-11.88	9.31
1315	52.85	-11.87	9.4
1316	52.89	-11.87	9.48
1317	52.93	-11.86	9.53
1318	52.97	-11.83	9.54
1319	53.01	-11.78	9.53
1320	53.05	-11.72	9.53
1321	53.09	-11.65	9.54
1322	53.13	-11.57	9.55
1323	53.17	-11.5	9.59
1324	53.21	-11.4	9.66
1325	53.25	-11.3	9.73
1326	53.29	-11.21	9.83
1327	53.33	-11.14	9.95
1328	53.37	-11.09	10.06
1329	53.41	-11.04	10.19
1330	53.45	-10.98	10.28
1331	53.49	-10.9	10.36
1332	53.53	-10.8	10.42
1333	53.57	-10.68	10.49
1334	53.61	-10.57	10.56
1335	53.65	-10.46	10.62
1336	53.69	-10.38	10.7
1337	53.73	-10.3	10.78
1338	53.77	-10.24	10.88
1339	53.81	-10.18	11.01
1340	53.85	-10.13	11.13
1341	53.89	-10.07	11.25
1342	53.93	-10.01	11.34
1343	53.97	-9.95	11.4
1344	54.01	-9.87	11.47
1345	54.05	-9.79	11.51
1346	54.09	-9.72	11.57
1347	54.13	-9.65	11.66
1348	54.17	-9.6	11.75
1349	54.21	-9.54	11.86
1350	54.25	-9.49	11.96
1351	54.29	-9.44	12.07
1352	54.33	-9.4	12.16
1353	54.37	-9.35	12.25
1354	54.41	-9.31	12.28
1355	54.45	-9.27	12.28
1356	54.49	-9.23	12.3
1357	54.53	-9.17	12.32
1358	54.57	-9.08	12.36
1359	54.61	-8.96	12.43
1360	54.65	-8.83	12.46
1361	54.69	-8.71	12.48
1362	54.73	-8.63	12.5
1363	54.77	-8.57	12.5
1364	54.81	-8.53	12.5
1365	54.85	-8.51	12.49
1366	54.89	-8.49	12.5
1367	54.93	-8.49	12.51
1368	54.97	-8.48	12.5
1369	55.01	-8.5	12.49
1370	55.05	-8.5	12.47
1371	55.09	-8.51	12.42
1372	55.13	-8.53	12.38
1373	55.17	-8.54	12.35
1374	55.21	-8.55	12.33
1375	55.25	-8.56	12.29
1376	55.29	-8.55	12.22
1377	55.33	-8.56	12.13
1378	55.37	-8.57	12.03
1379	55.41	-8.6	11.95
1380	55.45	-8.63	11.9
1381	55.49	-8.66	11.85
1382	55.53	-8.68	11.79
1383	55.57	-8.69	11.75
1384	55.61	-8.72	11.66
1385	55.65	-8.74	11.58
1386	55.69	-8.77	11.5
1387	55.73	-8.79	11.4
1388	55.77	-8.8	11.34
1389	55.81	-8.8	11.3
1390	55.85	-8.8	11.26
1391	55.89	-8.82	11.24
1392	55.93	-8.83	11.21
1393	55.97	-8.86	11.18
1394	56.01	-8.88	11.16
1395	56.05	-8.89	11.15
1396	56.09	-8.89	11.14
1397	56.13	-8.88	11.11
1398	56.17	-8.89	11.07
1399	56.21	-8.89	11.03
1400	56.25	-8.9	10.99
1401	56.29	-8.9	10.94
1402	56.33	-8.9	10.91
1403	56.37	-8.92	10.88
1404	56.41	-8.93	10.85
1405	56.44	-8.94	10.83
1406	56.48	-8.94	10.82
1407	56.52	-8.93	10.82
1408	56.56	-8.9	10.82
1409	56.6	-8.88	10.83
1410	56.65	-8.87	10.84
1411	56.68	-8.86	10.84
1412	56.72	-8.85	10.84
1413	56.76	-8.87	10.81
1414	56.81	-8.88	10.8
1415	56.84	-8.9	10.78
1416	56.88	-8.91	10.76
1417	56.92	-8.91	10.76
1418	56.96	-8.91	10.76
1419	57	-8.9	10.76
1420	57.04	-8.9	10.76
1421	57.08	-8.89	10.76
1422	57.12	-8.9	10.75
1423	57.16	-8.89	10.76
1424	57.2	-8.9	10.76
1425	57.24	-8.92	10.76
1426	57.28	-8.94	10.75
1427	57.32	-8.96	10.74
1428	57.36	-8.98	10.75
1429	57.4	-9.01	10.74
1430	57.44	-9.02	10.76
1431	57.48	-9.04	10.78
1432	57.52	-9.08	10.8
1433	57.56	-9.11	10.82
1434	57.6	-9.15	10.84
1435	57.65	-9.17	10.85
1436	57.68	-9.2	10.85
1437	57.72	-9.21	10.89
1438	57.76	-9.22	10.93
1439	57.8	-9.24	10.98
1440	57.84	-9.25	11.05
1441	57.88	-9.26	11.07
1442	57.92	-9.28	11.09
1443	57.96	-9.3	11.09
1444	58	-9.35	11.1
1445	58.04	-9.4	11.14
1446	58.08	-9.47	11.18
1447	58.12	-9.52	11.26
1448	58.16	-9.57	11.32
1449	58.2	-9.61	11.36
1450	58.24	-9.67	11.44
1451	58.28	-9.72	11.52
1452	58.32	-9.78	11.63
1453	58.36	-9.83	11.78
1454	58.4	-9.86	11.92
1455	58.44	-9.88	12.05
1456	58.48	-9.91	12.13
1457	58.52	-9.92	12.18
1458	58.56	-9.95	12.23
1459	58.6	-9.98	12.28
1460	58.65	-10	12.34
1461	58.68	-10.03	12.41
1462	58.72	-10.06	12.47
1463	58.76	-10.09	12.54
1464	58.8	-10.12	12.61
1465	58.84	-10.13	12.68
1466	58.88	-10.14	12.77
1467	58.92	-10.18	12.87
1468	58.96	-10.22	13
1469	59	-10.3	13.13
1470	59.04	-10.39	13.26
1471	59.08	-10.49	13.36
1472	59.12	-10.58	13.46
1473	59.16	-10.68	13.54
1474	59.2	-10.76	13.62
1475	59.24	-10.83	13.76
1476	59.28	-10.88	13.89
1477	59.32	-10.92	14.03
1478	59.36	-10.96	14.15
1479	59.4	-11.01	14.24
1480	59.44	-11.05	14.33
1481	59.48	-11.1	14.44
1482	59.52	-11.12	14.56
1483	59.56	-11.14	14.67
1484	59.6	-11.16	14.79
1485	59.64	-11.18	14.91
1486	59.68	-11.2	15.03
1487	59.72	-11.24	15.14
1488	59.76	-11.28	15.25
1489	59.8	-11.3	15.38
1490	59.84	-11.32	15.51
1491	59.88	-11.34	15.65
1492	59.92	-11.36	15.79
1493	59.96	-11.41	15.89
1494	60	-11.46	15.97
1495	60.04	-11.54	16.06
1496	60.08	-11.63	16.16
1497	60.12	-11.69	16.25
1498	60.16	-11.75	16.34
1499	60.2	-11.78	16.42
1500	60.24	-11.82	16.54
1501	60.28	-11.86	16.7
1502	60.32	-11.9	16.89
1503	60.36	-11.93	17.09
1504	60.4	-11.95	17.28
1505	60.44	-11.95	17.43
1506	60.48	-11.95	17.58
1507	60.52	-11.97	17.75
1508	60.56	-11.99	17.93
1509	60.6	-12.05	18.1
1510	60.64	-12.09	18.29
1511	60.68	-12.1	18.47
1512	60.72	-12.1	18.62
1513	60.76	-12.1	18.76
1514	60.8	-12.11	18.87
1515	60.84	-12.17	18.96
1516	60.88	-12.25	19.1
1517	60.92	-12.31	19.25
1518	60.96	-12.34	19.44
1519	61	-12.34	19.62
1520	61.04	-12.32	19.77
1521	61.08	-12.29	19.92
1522	61.12	-12.25	20.05
1523	61.16	-12.19	20.18
1524	61.2	-12.13	20.34
1525	61.24	-12.08	20.52
1526	61.28	-12.02	20.69
1527	61.32	-11.97	20.83
1528	61.36	-11.91	20.94
1529	61.4	-11.85	21.05
1530	61.44	-11.77	21.19
1531	61.48	-11.66	21.35
1532	61.52	-11.55	21.49
1533	61.56	-11.46	21.56
1534	61.6	-11.41	21.6
1535	61.64	-11.4	21.61
1536	61.68	-11.39	21.61
1537	61.72	-11.39	21.62
1538	61.76	-11.38	21.61
1539	61.8	-11.38	21.61
1540	61.84	-11.37	21.61
1541	61.88	-11.38	21.62
1542	61.92	-11.37	21.63
1543	61.96	-11.37	21.63
1544	62	-11.37	21.61
1545	62.04	-11.36	21.6
1546	62.08	-11.35	21.58
1547	62.12	-11.34	21.57
1548	62.16	-11.34	21.57
1549	62.2	-11.33	21.56
1550	62.24	-11.34	21.54
1551	62.28	-11.33	21.52
1552	62.32	-11.34	21.52
1553	62.36	-11.34	21.51
1554	62.4	-11.35	21.51
1555	62.44	-11.36	21.52
1556	62.48	-11.37	21.54
1557	62.52	-11.38	21.55
1558	62.56	-11.38	21.57
1559	62.6	-11.37	21.57
1560	62.64	-11.38	21.56
1561	62.68	-11.38	21.56
1562	62.72	-11.39	21.57
1563	62.76	-11.4	21.59
1564	62.8	-11.42	21.59
1565	62.84	-11.45	21.58
1566	62.88	-11.48	21.58
1567	62.92	-11.52	21.55
1568	62.96	-11.54	21.57
1569	63	-11.56	21.58
1570	63.04	-11.58	21.57
1571	63.08	-11.6	21.59
1572	63.12	-11.62	21.61
1573	63.16	-11.65	21.61
1574	63.2	-11.67	21.61
1575	63.24	-11.68	21.6
1576	63.28	-11.7	21.59
1577	63.32	-11.71	21.61
1578	63.36	-11.73	21.63
1579	63.4	-11.75	21.64
1580	63.44	-11.77	21.64
1581	63.48	-11.78	21.63
1582	63.52	-11.79	21.61
1583	63.56	-11.81	21.6
1584	63.6	-11.83	21.6
1585	63.64	-11.84	21.59
1586	63.68	-11.87	21.59
1587	63.72	-11.88	21.58
1588	63.76	-11.9	21.56
1589	63.8	-11.92	21.55
1590	63.84	-11.94	21.54
1591	63.88	-11.96	21.54
1592	63.92	-11.98	21.54
1593	63.96	-12	21.55
1594	64	-12.02	21.55
1595	64.04	-12.03	21.55
1596	64.08	-12.03	21.58
1597	64.12	-12.04	21.6
1598	64.16	-12.05	21.63
1599	64.2	-12.08	21.65
1600	64.24	-12.11	21.68
1601	64.28	-12.13	21.7
1602	64.32	-12.16	21.73
1603	64.36	-12.17	21.76
1604	64.4	-12.17	21.77
1605	64.44	-12.18	21.79
1606	64.48	-12.17	21.8
1607	64.52	-12.18	21.79
1608	64.56	-12.18	21.77
1609	64.6	-12.18	21.74
1610	64.64	-12.18	21.74
1611	64.68	-12.19	21.72
1612	64.72	-12.2	21.71
1613	64.76	-12.21	21.71
1614	64.8	-12.24	21.68
1615	64.84	-12.26	21.69
1616	64.88	-12.26	21.69
1617	64.92	-12.27	21.7
1618	64.96	-12.26	21.72
1619	65	-12.26	21.73
1620	65.04	-12.25	21.73
1621	65.08	-12.24	21.72
1622	65.12	-12.23	21.7
1623	65.16	-12.22	21.69
1624	65.2	-12.2	21.68
1625	65.24	-12.19	21.68
1626	65.28	-12.17	21.69
1627	65.32	-12.16	21.68
1628	65.36	-12.15	21.68
1629	65.4	-12.13	21.67
1630	65.44	-12.12	21.66
1631	65.48	-12.1	21.66
1632	65.52	-12.09	21.65
1633	65.56	-12.07	21.66
1634	65.6	-12.05	21.64
1635	65.64	-12.04	21.64
1636	65.68	-12.02	21.64
1637	65.72	-12	21.63
1638	65.76	-11.97	21.63
1639	65.8	-11.94	21.64
1640	65.84	-11.91	21.64
1641	65.88	-11.87	21.64
1642	65.92	-11.84	21.64
1643	65.96	-11.81	21.64
1644	66	-11.77	21.64
1645	66.04	-11.73	21.68
1646	66.08	-11.68	21.7
1647	66.12	-11.64	21.72
1648	66.16	-11.59	21.72
1649	66.2	-11.55	21.72
1650	66.24	-11.51	21.72
1651	66.28	-11.47	21.72
1652	66.32	-11.44	21.72
1653	66.36	-11.41	21.72
1654	66.4	-11.37	21.72
1655	66.44	-11.34	21.71
1656	66.48	-11.31	21.7
1657	66.52	-11.28	21.68
1658	66.56	-11.25	21.66
1659	66.6	-11.23	21.63
1660	66.64	-11.21	21.63
1661	66.68	-11.19	21.63
1662	66.72	-11.19	21.62
1663	66.76	-11.19	21.62
1664	66.8	-11.2	21.61
1665	66.84	-11.2	21.6
1666	66.88	-11.21	21.59
1667	66.92	-11.22	21.58
1668	66.96	-11.24	21.55
1669	67	-11.27	21.53
1670	67.04	-11.3	21.51
1671	67.08	-11.35	21.48
1672	67.12	-11.38	21.47
1673	67.16	-11.41	21.46
1674	67.2	-11.45	21.48
1675	67.24	-11.47	21.5
1676	67.28	-11.5	21.52
1677	67.32	-11.54	21.55
1678	67.36	-11.57	21.59
1679	67.4	-11.61	21.62
1680	67.44	-11.63	21.66
1681	67.48	-11.66	21.68
1682	67.52	-11.68	21.69
1683	67.56	-11.7	21.71
1684	67.6	-11.73	21.7
1685	67.64	-11.77	21.7
1686	67.68	-11.8	21.68
1687	67.72	-11.85	21.68
1688	67.76	-11.91	21.65
1689	67.8	-11.97	21.63
1690	67.84	-12.04	21.63
1691	67.88	-12.1	21.63
1692	67.92	-12.14	21.67
1693	67.96	-12.18	21.73
1694	68	-12.2	21.78
1695	68.04	-12.23	21.84
1696	68.08	-12.29	21.9
1697	68.12	-12.37	21.97
1698	68.16	-12.44	22.02
1699	68.2	-12.51	22.05
1700	68.24	-12.56	22.07
1701	68.28	-12.6	22.08
1702	68.32	-12.63	22.1
1703	68.36	-12.68	22.12
1704	68.4	-12.73	22.14
1705	68.44	-12.78	22.18
1706	68.48	-12.83	22.21
1707	68.52	-12.86	22.27
1708	68.56	-12.9	22.35
1709	68.6	-12.92	22.41
1710	68.64	-12.95	22.48
1711	68.68	-12.98	22.53
1712	68.72	-13	22.58
1713	68.76	-13.05	22.64
1714	68.8	-13.09	22.69
1715	68.84	-13.14	22.73
1716	68.88	-13.22	22.77
1717	68.92	-13.29	22.79
1718	68.96	-13.35	22.82
1719	69	-13.39	22.85
1720	69.04	-13.39	22.88
1721	69.08	-13.41	22.92
1722	69.12	-13.44	22.97
1723	69.16	-13.54	23.03
1724	69.2	-13.68	23.07
1725	69.24	-13.84	23.1
1726	69.28	-13.98	23.12
1727	69.32	-14.07	23.1
1728	69.36	-14.15	23.1
1729	69.4	-14.21	23.09
1730	69.44	-14.3	23.1
1731	69.48	-14.4	23.12
1732	69.52	-14.49	23.14
1733	69.56	-14.6	23.18
1734	69.6	-14.68	23.22
1735	69.64	-14.77	23.27
1736	69.68	-14.83	23.3
1737	69.72	-14.88	23.32
1738	69.76	-14.92	23.33
1739	69.8	-14.97	23.34
1740	69.84	-15.02	23.35
1741	69.88	-15.07	23.36
1742	69.92	-15.12	23.39
1743	69.96	-15.14	23.42
1744	70	-15.16	23.47
1745	70.04	-15.22	23.53
1746	70.08	-15.27	23.57
1747	70.12	-15.34	23.61
1748	70.16	-15.43	23.67
1749	70.2	-15.51	23.71
1750	70.24	-15.57	23.76
1751	70.28	-15.65	23.81
1752	70.32	-15.74	23.83
1753	70.36	-15.83	23.83
1754	70.4	-15.92	23.83
1755	70.44	-15.99	23.8
1756	70.48	-16.04	23.77
1757	70.52	-16.12	23.75
1758	70.56	-16.19	23.72
1759	70.6	-16.29	23.69
1760	70.64	-16.37	23.67
1761	70.68	-16.45	23.64
1762	70.72	-16.53	23.61
1763	70.76	-16.59	23.59
1764	70.8	-16.64	23.57
1765	70.84	-16.67	23.55
1766	70.88	-16.72	23.53
1767	70.92	-16.78	23.53
1768	70.96	-16.82	23.54
1769	71	-16.9	23.57
1770	71.04	-16.91	23.6
1771	71.08	-16.93	23.63
1772	71.12	-16.95	23.66
1773	71.16	-16.97	23.7
1774	71.2	-17.09	23.72
1775	71.24	-17.18	23.73
1776	71.28	-17.28	23.73
1777	71.32	-17.39	23.71
1778	71.36	-17.43	23.7
1779	71.4	-17.48	23.7
1780	71.44	-17.5	23.71
1781	71.48	-17.51	23.73
1782	71.52	-17.55	23.76
1783	71.56	-17.56	23.79
1784	71.6	-17.59	23.82
1785	71.64	-17.63	23.84
1786	71.68	-17.65	23.86
1787	71.72	-17.71	23.89
1788	71.76	-17.77	23.92
1789	71.8	-17.83	23.94
1790	71.84	-17.87	23.96
1791	71.88	-17.9	23.95
1792	71.92	-17.91	23.95
1793	71.96	-17.93	23.95
1794	72	-17.99	23.96
1795	72.04	-18.03	23.96
1796	72.08	-18.1	23.95
1797	72.12	-18.11	23.94
1798	72.16	-18.13	23.92
1799	72.2	-18.13	23.92
1800	72.24	-18.1	23.91
1801	72.28	-18.11	23.92
1802	72.32	-18.11	23.92
1803	72.36	-18.13	23.92
1804	72.4	-18.15	23.93
1805	72.44	-18.19	23.94
1806	72.48	-18.2	23.93
1807	72.52	-18.2	23.93
1808	72.56	-18.22	23.92
1809	72.6	-18.25	23.92
1810	72.64	-18.26	23.92
1811	72.68	-18.3	23.92
1812	72.72	-18.33	23.91
1813	72.76	-18.37	23.9
1814	72.8	-18.41	23.89
1815	72.84	-18.45	23.87
1816	72.88	-18.49	23.85
1817	72.92	-18.53	23.84
1818	72.96	-18.62	23.84
1819	73	-18.65	23.83
1820	73.04	-18.68	23.84
1821	73.08	-18.7	23.86
1822	73.12	-18.7	23.9
1823	73.16	-18.71	23.94
1824	73.2	-18.73	23.98
1825	73.24	-18.75	24
1826	73.28	-18.76	24.03
1827	73.32	-18.83	24.05
1828	73.36	-18.9	24.04
1829	73.4	-19	24.02
1830	73.44	-19.09	23.97
1831	73.48	-19.16	23.93
1832	73.52	-19.19	23.91
1833	73.56	-19.21	23.9
1834	73.6	-19.24	23.89
1835	73.64	-19.27	23.9
1836	73.68	-19.28	23.89
1837	73.72	-19.29	23.89
1838	73.76	-19.3	23.89
1839	73.8	-19.31	23.89
1840	73.84	-19.32	23.89
1841	73.88	-19.31	23.87
1842	73.92	-19.31	23.87
1843	73.96	-19.25	23.86
1844	74	-19.21	23.85
1845	74.04	-19.19	23.86
1846	74.08	-19.15	23.85
1847	74.12	-19.14	23.85
1848	74.16	-19.15	23.84
1849	74.2	-19.14	23.83
1850	74.24	-19.18	23.82
1851	74.28	-19.21	23.82
1852	74.32	-19.23	23.82
1853	74.36	-19.22	23.82
1854	74.4	-19.23	23.82
1855	74.44	-19.25	23.82
1856	74.48	-19.26	23.82
1857	74.52	-19.29	23.83
1858	74.56	-19.27	23.83
1859	74.6	-19.26	23.83
1860	74.64	-19.26	23.83
1861	74.68	-19.27	23.82
1862	74.72	-19.29	23.83
1863	74.76	-19.28	23.82
1864	74.8	-19.26	23.82
1865	74.84	-19.25	23.81
1866	74.88	-19.24	23.81
1867	74.92	-19.26	23.81
1868	74.96	-19.24	23.81
1869	75	-19.24	23.82
1870	75.04	-19.21	23.82
1871	75.08	-19.17	23.81
1872	75.12	-19.15	23.8
1873	75.16	-19.09	23.79
1874	75.2	-19.1	23.79
1875	75.24	-19.12	23.79
1876	75.28	-19.17	23.8
1877	75.32	-19.23	23.81
1878	75.36	-19.23	23.81
1879	75.4	-19.25	23.81
1880	75.44	-19.21	23.81
1881	75.48	-19.18	23.81
1882	75.52	-19.19	23.81
1883	75.56	-19.17	23.81
1884	75.6	-19.19	23.82
1885	75.64	-19.22	23.82
1886	75.68	-19.2	23.82
1887	75.72	-19.17	23.82
1888	75.76	-19.1	23.82
1889	75.8	-19	23.83
1890	75.84	-18.93	23.83
1891	75.88	-18.86	23.82
1892	75.92	-18.82	23.8
1893	75.96	-18.83	23.77
1894	76	-18.83	23.74
1895	76.04	-18.83	23.72
1896	76.08	-18.83	23.7
1897	76.12	-18.82	23.67
1898	76.16	-18.81	23.65
1899	76.2	-18.81	23.62
1900	76.24	-18.81	23.6
1901	76.28	-18.83	23.58
1902	76.32	-18.85	23.56
1903	76.36	-18.88	23.54
1904	76.4	-18.9	23.52
1905	76.44	-18.93	23.5
1906	76.48	-18.97	23.48
1907	76.52	-19.01	23.46
1908	76.56	-19.04	23.45
1909	76.6	-19.06	23.44
1910	76.64	-19.07	23.44
1911	76.68	-19.08	23.44
1912	76.72	-19.07	23.44
1913	76.76	-19.08	23.45
1914	76.8	-19.08	23.45
1915	76.84	-19.06	23.46
1916	76.88	-19.05	23.47
1917	76.92	-19.04	23.47
1918	76.96	-19.02	23.47
1919	77	-19	23.47
1920	77.04	-18.98	23.48
1921	77.08	-18.95	23.49
1922	77.12	-18.92	23.5
1923	77.16	-18.89	23.52
1924	77.2	-18.88	23.54
1925	77.24	-18.84	23.55
1926	77.28	-18.79	23.55
1927	77.32	-18.76	23.53
1928	77.36	-18.71	23.53
1929	77.4	-18.68	23.54
1930	77.44	-18.66	23.54
1931	77.48	-18.62	23.55
1932	77.52	-18.59	23.56
1933	77.56	-18.57	23.56
1934	77.6	-18.56	23.57
1935	77.64	-18.57	23.58
1936	77.68	-18.57	23.58
1937	77.72	-18.58	23.6
1938	77.76	-18.58	23.62
1939	77.8	-18.57	23.63
1940	77.84	-18.57	23.65
1941	77.88	-18.57	23.65
1942	77.92	-18.58	23.65
1943	77.96	-18.58	23.64
1944	78	-18.6	23.65
1945	78.04	-18.61	23.64
1946	78.08	-18.63	23.64
1947	78.12	-18.67	23.65
1948	78.16	-18.67	23.66
1949	78.2	-18.67	23.67
1950	78.24	-18.67	23.67
1951	78.28	-18.64	23.66
1952	78.32	-18.6	23.64
1953	78.36	-18.56	23.65
1954	78.4	-18.55	23.69
1955	78.44	-18.54	23.74
1956	78.48	-18.57	23.8
1957	78.52	-18.61	23.83
1958	78.56	-18.62	23.82
1959	78.6	-18.63	23.8
1960	78.64	-18.65	23.77
1961	78.68	-18.63	23.75
1962	78.72	-18.66	23.73
1963	78.76	-18.71	23.7
1964	78.8	-18.75	23.68
1965	78.84	-18.83	23.67
1966	78.88	-18.89	23.67
1967	78.92	-18.91	23.68
1968	78.96	-18.92	23.69
1969	79	-18.9	23.69
1970	79.04	-18.88	23.68
1971	79.08	-18.87	23.68
1972	79.12	-18.86	23.68
1973	79.16	-18.86	23.69
1974	79.2	-18.82	23.71
1975	79.24	-18.78	23.73
1976	79.28	-18.76	23.73
1977	79.32	-18.74	23.72
1978	79.36	-18.73	23.68
1979	79.4	-18.73	23.65
1980	79.44	-18.72	23.61
1981	79.48	-18.72	23.59
1982	79.52	-18.73	23.58
1983	79.56	-18.74	23.58
1984	79.6	-18.75	23.59
1985	79.64	-18.77	23.58
1986	79.68	-18.78	23.6
1987	79.72	-18.78	23.61
1988	79.76	-18.77	23.62
1989	79.8	-18.76	23.65
1990	79.84	-18.76	23.68
1991	79.88	-18.77	23.72
1992	79.92	-18.78	23.77
1993	79.96	-18.76	23.83
1994	80	-18.74	23.89
1995	80.04	-18.75	23.92
1996	80.08	-18.75	23.93
1997	80.12	-18.79	23.9
1998	80.16	-18.84	23.87
1999	80.2	-18.87	23.83
2000	80.24	-18.9	23.8
2001	80.28	-18.92	23.79
2002	80.32	-18.95	23.77
2003	80.36	-18.98	23.77
2004	80.4	-19.02	23.78
2005	80.44	-19.05	23.77
2006	80.48	-19.08	23.78
2007	80.52	-19.12	23.78
2008	80.56	-19.16	23.79
2009	80.6	-19.2	23.79
2010	80.64	-19.24	23.79
2011	80.68	-19.28	23.79
2012	80.72	-19.32	23.79
2013	80.76	-19.37	23.81
2014	80.8	-19.47	23.83
2015	80.84	-19.61	23.86
2016	80.88	-19.78	23.89
2017	80.92	-19.94	23.91
2018	80.96	-20.05	23.92
2019	81	-20.12	23.93
2020	81.04	-20.17	23.95
2021	81.08	-20.21	23.98
2022	81.12	-20.26	23.99
2023	81.16	-20.33	23.99
2024	81.2	-20.38	23.98
2025	81.24	-20.43	23.98
2026	81.28	-20.48	24
2027	81.32	-20.5	24.01
2028	81.36	-20.52	24
2029	81.4	-20.56	23.99
2030	81.44	-20.58	23.96
2031	81.48	-20.63	23.95
2032	81.52	-20.68	23.97
2033	81.56	-20.71	23.98
2034	81.6	-20.75	24
2035	81.64	-20.75	24.02
2036	81.68	-20.75	24.04
2037	81.72	-20.75	24.09
2038	81.76	-20.75	24.12
2039	81.8	-20.77	24.15
2040	81.84	-20.77	24.15
2041	81.88	-20.75	24.13
2042	81.92	-20.73	24.12
2043	81.96	-20.71	24.1
2044	82	-20.68	24.09
2045	82.04	-20.68	24.08
2046	82.08	-20.66	24.07
2047	82.12	-20.64	24.07
2048	82.16	-20.62	24.06
2049	82.2	-20.61	24.06
2050	82.24	-20.61	24.05
2051	82.28	-20.62	24.05
2052	82.32	-20.62	24.05
2053	82.36	-20.61	24.06
2054	82.4	-20.61	24.08
2055	82.44	-20.6	24.08
2056	82.48	-20.59	24.08
2057	82.52	-20.59	24.07
2058	82.56	-20.58	24.06
2059	82.6	-20.57	24.04
2060	82.64	-20.56	24.04
2061	82.68	-20.55	24.02
2062	82.72	-20.53	24.01
2063	82.76	-20.54	23.98
2064	82.8	-20.56	23.95
2065	82.84	-20.62	23.9
2066	82.88	-20.67	23.85
2067	82.92	-20.73	23.81
2068	82.96	-20.77	23.76
2069	83	-20.8	23.74
2070	83.04	-20.83	23.72
2071	83.08	-20.85	23.71
2072	83.12	-20.86	23.71
2073	83.16	-20.86	23.71
2074	83.2	-20.87	23.72
2075	83.24	-20.88	23.71
2076	83.28	-20.92	23.71
2077	83.32	-20.95	23.7
2078	83.36	-20.98	23.68
2079	83.4	-21	23.66
2080	83.44	-21.02	23.61
2081	83.48	-21.06	23.54
2082	83.52	-21.1	23.46
2083	83.56	-21.15	23.38
2084	83.6	-21.19	23.3
2085	83.64	-21.21	23.25
2086	83.68	-21.22	23.2
2087	83.72	-21.24	23.16
2088	83.76	-21.27	23.14
2089	83.8	-21.31	23.11
2090	83.84	-21.36	23.08
2091	83.88	-21.38	23.06
2092	83.92	-21.4	23.04
2093	83.96	-21.4	23.04
2094	84	-21.4	23.02
2095	84.04	-21.41	23
2096	84.08	-21.4	22.99
2097	84.12	-21.4	22.97
2098	84.16	-21.39	22.97
2099	84.2	-21.36	22.99
2100	84.24	-21.32	23.01
2101	84.28	-21.21	23.05
2102	84.32	-21.1	23.1
2103	84.36	-20.99	23.14
2104	84.4	-20.94	23.17
2105	84.44	-20.93	23.23
2106	84.48	-20.96	23.28
2107	84.52	-20.98	23.35
2108	84.56	-20.99	23.43
2109	84.6	-20.99	23.5
2110	84.64	-20.97	23.58
2111	84.68	-20.95	23.65
2112	84.72	-20.93	23.72
2113	84.76	-20.93	23.78
2114	84.8	-20.94	23.82
2115	84.84	-20.97	23.84
2116	84.88	-20.98	23.85
2117	84.92	-21	23.86
2118	84.96	-21.04	23.89
2119	85	-21.05	23.9
2120	85.04	-21.06	23.9
2121	85.08	-21.05	23.88
2122	85.12	-21.02	23.86
2123	85.16	-21	23.85
2124	85.2	-20.99	23.85
2125	85.24	-20.99	23.84
2126	85.28	-20.97	23.85
2127	85.32	-20.96	23.87
2128	85.36	-20.96	23.91
2129	85.4	-20.93	23.96
2130	85.44	-20.91	24.01
2131	85.48	-20.87	24.03
2132	85.52	-20.82	24.02
2133	85.56	-20.79	24
2134	85.6	-20.77	23.96
2135	85.64	-20.76	23.94
2136	85.68	-20.76	23.92
2137	85.72	-20.76	23.91
2138	85.76	-20.76	23.91
2139	85.8	-20.75	23.92
2140	85.84	-20.75	23.93
2141	85.88	-20.77	23.94
2142	85.92	-20.78	23.94
2143	85.96	-20.78	23.94
2144	86	-20.76	23.94
2145	86.04	-20.7	23.94
2146	86.08	-20.63	23.94
2147	86.12	-20.58	23.96
2148	86.16	-20.51	23.97
2149	86.2	-20.47	23.97
2150	86.24	-20.46	23.96
2151	86.28	-20.45	23.93
2152	86.32	-20.47	23.91
2153	86.36	-20.49	23.91
2154	86.4	-20.48	23.93
2155	86.44	-20.45	23.99
2156	86.48	-20.42	24.03
2157	86.52	-20.37	24.07
2158	86.56	-20.36	24.09
2159	86.6	-20.35	24.1
2160	86.64	-20.35	24.09
2161	86.68	-20.36	24.08
2162	86.72	-20.36	24.07
2163	86.76	-20.36	24.05
2164	86.8	-20.35	24.05
2165	86.84	-20.32	24.04
2166	86.88	-20.29	24.03
2167	86.92	-20.28	24.03
2168	86.96	-20.28	24.02
2169	87	-20.29	24.01
2170	87.04	-20.3	23.99
2171	87.08	-20.32	23.99
2172	87.12	-20.35	24
2173	87.16	-20.39	24.03
2174	87.2	-20.43	24.06
2175	87.24	-20.46	24.07
2176	87.28	-20.49	24.04
2177	87.32	-20.51	23.99
2178	87.36	-20.55	23.93
2179	87.4	-20.61	23.87
2180	87.44	-20.67	23.83
2181	87.48	-20.73	23.79
2182	87.52	-20.78	23.78
2183	87.56	-20.79	23.79
2184	87.6	-20.79	23.81
2185	87.64	-20.76	23.84
2186	87.68	-20.73	23.86
2187	87.72	-20.69	23.88
2188	87.76	-20.68	23.9
2189	87.8	-20.69	23.91
2190	87.84	-20.7	23.92
2191	87.88	-20.71	23.91
2192	87.92	-20.69	23.92
2193	87.96	-20.65	23.92
2194	88	-20.58	23.94
2195	88.04	-20.52	23.97
2196	88.08	-20.47	23.97
2197	88.12	-20.41	23.98
2198	88.16	-20.38	23.98
2199	88.2	-20.35	23.97
2200	88.24	-20.35	23.97
2201	88.28	-20.36	23.96
2202	88.32	-20.38	23.95
2203	88.36	-20.39	23.94
2204	88.4	-20.38	23.94
2205	88.44	-20.38	23.94
2206	88.48	-20.35	23.93
2207	88.52	-20.32	23.94
2208	88.56	-20.31	23.93
2209	88.6	-20.29	23.93
2210	88.64	-20.27	23.95
2211	88.68	-20.25	23.97
2212	88.72	-20.23	23.99
2213	88.76	-20.21	24.01
2214	88.8	-20.2	24.01
2215	88.84	-20.2	24.01
2216	88.88	-20.21	24
2217	88.92	-20.22	23.99
2218	88.96	-20.25	23.99
2219	89	-20.27	23.99
2220	89.04	-20.29	24
2221	89.08	-20.32	24
2222	89.12	-20.33	24
2223	89.16	-20.35	23.99
2224	89.2	-20.36	24
2225	89.24	-20.38	24.02
2226	89.28	-20.41	24.03
2227	89.32	-20.44	24.06
2228	89.36	-20.46	24.09
2229	89.4	-20.46	24.08
2230	89.44	-20.47	24.07
2231	89.48	-20.47	24.06
2232	89.52	-20.47	24.05
2233	89.56	-20.48	24.07
2234	89.6	-20.48	24.08
2235	89.64	-20.45	24.13
2236	89.68	-20.42	24.16
2237	89.72	-20.41	24.17
2238	89.76	-20.39	24.19
2239	89.8	-20.36	24.19
2240	89.84	-20.34	24.2
2241	89.88	-20.31	24.21
2242	89.92	-20.3	24.22
2243	89.96	-20.3	24.22
2244	90	-20.28	24.22
2245	90.04	-20.25	24.24
2246	90.08	-20.24	24.25
2247	90.12	-20.24	24.25
2248	90.16	-20.26	24.25
2249	90.2	-20.25	24.26
2250	90.24	-20.21	24.27
2251	90.28	-20.2	24.29
2252	90.32	-20.19	24.3
2253	90.36	-20.2	24.29
2254	90.4	-20.21	24.3
2255	90.44	-20.19	24.29
2256	90.48	-20.16	24.29
2257	90.52	-20.13	24.29
2258	90.56	-20.11	24.29
2259	90.6	-20.11	24.28
2260	90.64	-20.11	24.27
2261	90.68	-20.12	24.24
2262	90.72	-20.13	24.21
2263	90.76	-20.14	24.2
2264	90.8	-20.15	24.2
2265	90.84	-20.16	24.23
2266	90.88	-20.15	24.26
2267	90.92	-20.13	24.28
2268	90.96	-20.11	24.29
2269	91	-20.09	24.29
2270	91.04	-20.08	24.28
2271	91.08	-20.07	24.28
2272	91.12	-20.06	24.27
2273	91.16	-20.06	24.26
2274	91.2	-20.06	24.25
2275	91.24	-20.08	24.25
2276	91.28	-20.1	24.25
2277	91.32	-20.11	24.25
2278	91.36	-20.14	24.25
2279	91.4	-20.16	24.25
2280	91.44	-20.15	24.24
2281	91.48	-20.15	24.23
2282	91.52	-20.12	24.21
2283	91.56	-20.1	24.19
2284	91.6	-20.07	24.16
2285	91.64	-20.05	24.12
2286	91.68	-20.05	24.07
2287	91.72	-20.03	24.04
2288	91.76	-20.03	24.01
2289	91.8	-20.02	24.02
2290	91.84	-20.01	24.07
2291	91.88	-20.03	24.14
2292	91.92	-20.05	24.22
2293	91.96	-20.05	24.27
2294	92	-20.07	24.28
2295	92.04	-20.08	24.26
2296	92.08	-20.13	24.24
2297	92.12	-20.21	24.23
2298	92.16	-20.33	24.23
2299	92.2	-20.5	24.21
2300	92.24	-20.68	24.17
2301	92.28	-20.83	24.09
2302	92.32	-20.9	24
2303	92.36	-20.92	23.93
2304	92.4	-20.9	23.86
2305	92.44	-20.89	23.83
2306	92.48	-20.9	23.81
2307	92.52	-20.89	23.82
2308	92.56	-20.84	23.83
2309	92.6	-20.75	23.85
2310	92.64	-20.64	23.86
2311	92.68	-20.55	23.84
2312	92.72	-20.47	23.83
2313	92.76	-20.45	23.8
2314	92.8	-20.44	23.78
2315	92.84	-20.41	23.8
2316	92.88	-20.38	23.84
2317	92.92	-20.33	23.9
2318	92.96	-20.3	23.95
2319	93	-20.31	23.98
2320	93.04	-20.35	23.99
2321	93.08	-20.39	24
2322	93.12	-20.43	24.01
2323	93.16	-20.47	24.03
2324	93.2	-20.47	24.07
2325	93.24	-20.44	24.09
2326	93.28	-20.4	24.12
2327	93.32	-20.34	24.14
2328	93.36	-20.29	24.17
2329	93.4	-20.28	24.17
2330	93.44	-20.3	24.13
2331	93.48	-20.36	24.1
2332	93.52	-20.46	24.01
2333	93.56	-20.62	23.91
2334	93.6	-20.76	23.79
2335	93.64	-20.87	23.66
2336	93.68	-20.96	23.56
2337	93.72	-20.97	23.49
2338	93.76	-20.96	23.45
2339	93.8	-20.94	23.41
2340	93.84	-20.9	23.41
2341	93.88	-20.86	23.42
2342	93.92	-20.83	23.42
2343	93.96	-20.8	23.43
2344	94	-20.8	23.41
2345	94.04	-20.8	23.4
2346	94.08	-20.8	23.4
2347	94.12	-20.81	23.39
2348	94.16	-20.81	23.38
2349	94.2	-20.83	23.36
2350	94.24	-20.85	23.35
2351	94.28	-20.88	23.32
2352	94.32	-20.9	23.29
2353	94.36	-20.93	23.28
2354	94.4	-20.96	23.25
2355	94.43	-20.96	23.24
2356	94.47	-20.97	23.24
2357	94.52	-20.97	23.24
2358	94.56	-20.96	23.25
2359	94.59	-20.96	23.26
2360	94.64	-20.94	23.26
2361	94.68	-20.93	23.28
2362	94.71	-20.9	23.3
2363	94.75	-20.85	23.32
2364	94.8	-20.78	23.34
2365	94.83	-20.71	23.36
2366	94.87	-20.63	23.38
2367	94.91	-20.57	23.39
2368	94.95	-20.53	23.39
2369	94.99	-20.5	23.39
2370	95.03	-20.51	23.38
2371	95.07	-20.53	23.37
2372	95.11	-20.56	23.35
2373	95.15	-20.61	23.36
2374	95.19	-20.65	23.37
2375	95.23	-20.68	23.41
2376	95.27	-20.69	23.45
2377	95.31	-20.69	23.47
2378	95.35	-20.7	23.49
2379	95.39	-20.71	23.48
2380	95.43	-20.72	23.47
2381	95.47	-20.72	23.46
2382	95.51	-20.71	23.43
2383	95.55	-20.68	23.41
2384	95.59	-20.64	23.4
2385	95.63	-20.59	23.37
2386	95.67	-20.55	23.35
2387	95.71	-20.5	23.32
2388	95.75	-20.46	23.31
2389	95.79	-20.43	23.29
2390	95.83	-20.41	23.28
2391	95.87	-20.39	23.29
2392	95.91	-20.39	23.31
2393	95.95	-20.4	23.33
2394	95.99	-20.41	23.34
2395	96.03	-20.43	23.34
2396	96.07	-20.45	23.33
2397	96.11	-20.45	23.31
2398	96.15	-20.44	23.28
2399	96.19	-20.42	23.24
2400	96.23	-20.39	23.22
2401	96.27	-20.36	23.22
2402	96.31	-20.33	23.23
2403	96.35	-20.3	23.25
2404	96.39	-20.27	23.27
2405	96.43	-20.26	23.3
2406	96.47	-20.24	23.3
2407	96.51	-20.21	23.32
2408	96.55	-20.15	23.32
2409	96.59	-20.04	23.34
2410	96.63	-19.94	23.36
2411	96.67	-19.87	23.38
2412	96.71	-19.83	23.4
2413	96.75	-19.84	23.39
2414	96.79	-19.84	23.37
2415	96.83	-19.8	23.36
2416	96.87	-19.72	23.38
2417	96.91	-19.62	23.41
2418	96.95	-19.53	23.47
2419	96.99	-19.49	23.52
2420	97.03	-19.5	23.56
2421	97.07	-19.52	23.56
2422	97.11	-19.54	23.57
2423	97.15	-19.53	23.56
2424	97.19	-19.45	23.55
2425	97.23	-19.37	23.56
2426	97.27	-19.28	23.56
2427	97.31	-19.2	23.55
2428	97.35	-19.12	23.52
2429	97.39	-19.04	23.51
2430	97.43	-18.97	23.49
2431	97.47	-18.92	23.5
2432	97.51	-18.9	23.51
2433	97.55	-18.85	23.51
2434	97.59	-18.79	23.5
2435	97.63	-18.71	23.48
2436	97.67	-18.62	23.45
2437	97.71	-18.54	23.4
2438	97.75	-18.46	23.34
2439	97.79	-18.38	23.28
2440	97.83	-18.28	23.19
2441	97.87	-18.19	23.12
2442	97.91	-18.11	23.08
2443	97.95	-18.04	23.08
2444	97.99	-18.02	23.11
2445	98.03	-18.04	23.13
2446	98.07	-18.07	23.12
2447	98.11	-18.1	23.09
2448	98.15	-18.12	23.05
2449	98.19	-18.12	23.02
2450	98.23	-18.13	23.01
2451	98.27	-18.13	23
2452	98.31	-18.13	23.01
2453	98.35	-18.12	23.02
2454	98.39	-18.1	23.03
2455	98.43	-18.1	23.03
2456	98.47	-18.09	23.04
2457	98.51	-18.08	23.03
2458	98.55	-18.08	23.03
2459	98.59	-18.08	23.02
2460	98.63	-18.09	23
2461	98.67	-18.09	22.99
2462	98.71	-18.11	22.97
2463	98.75	-18.12	22.95
2464	98.79	-18.14	22.93
2465	98.83	-18.16	22.91
2466	98.87	-18.18	22.88
2467	98.91	-18.2	22.84
2468	98.95	-18.23	22.81
2469	98.99	-18.26	22.78
2470	99.03	-18.3	22.76
2471	99.07	-18.33	22.75
2472	99.11	-18.35	22.74
2473	99.15	-18.39	22.7
2474	99.19	-18.42	22.69
2475	99.23	-18.48	22.66
2476	99.27	-18.54	22.64
2477	99.31	-18.58	22.63
2478	99.35	-18.62	22.63
2479	99.39	-18.65	22.62
2480	99.43	-18.67	22.62
2481	99.47	-18.7	22.62
2482	99.51	-18.72	22.6
2483	99.55	-18.72	22.6
2484	99.59	-18.72	22.58
2485	99.63	-18.74	22.54
2486	99.67	-18.75	22.52
2487	99.71	-18.78	22.51
2488	99.75	-18.82	22.51
2489	99.79	-18.85	22.53
2490	99.83	-18.87	22.53
2491	99.87	-18.91	22.52
2492	99.91	-18.93	22.51
2493	99.95	-18.95	22.49
2494	99.99	-18.97	22.49
2495	100.03	-18.98	22.48
2496	100.07	-18.98	22.47
2497	100.11	-18.98	22.47
2498	100.15	-18.99	22.47
2499	100.19	-18.99	22.46
2500	100.23	-19	22.46
2501	100.27	-19	22.45
2502	100.31	-19	22.45
2503	100.35	-18.99	22.46
2504	100.39	-18.98	22.47
2505	100.43	-18.98	22.47
2506	100.47	-18.98	22.46
2507	100.51	-18.98	22.47
2508	100.55	-18.98	22.47
2509	100.59	-18.98	22.47
2510	100.63	-18.98	22.47
2511	100.67	-18.98	22.47
2512	100.71	-18.99	22.47
2513	100.75	-19	22.47
2514	100.79	-19.02	22.44
2515	100.83	-19.02	22.44
2516	100.87	-19.02	22.43
2517	100.91	-19.03	22.41
2518	100.95	-19.02	22.42
2519	100.99	-19.04	22.4
2520	101.03	-19.06	22.39
2521	101.07	-19.08	22.39
2522	101.11	-19.12	22.36
2523	101.15	-19.16	22.34
2524	101.19	-19.19	22.32
2525	101.23	-19.21	22.31
2526	101.27	-19.21	22.31
2527	101.31	-19.21	22.3
2528	101.35	-19.22	22.28
2529	101.39	-19.22	22.27
2530	101.43	-19.22	22.27
2531	101.47	-19.22	22.29
2532	101.51	-19.22	22.31
2533	101.55	-19.24	22.31
2534	101.59	-19.26	22.28
2535	101.63	-19.28	22.24
2536	101.67	-19.27	22.22
2537	101.71	-19.26	22.21
2538	101.75	-19.23	22.21
2539	101.79	-19.2	22.21
2540	101.83	-19.19	22.2
2541	101.87	-19.17	22.2
2542	101.91	-19.15	22.21
2543	101.95	-19.14	22.22
2544	101.99	-19.13	22.23
2545	102.03	-19.13	22.22
2546	102.07	-19.13	22.22
2547	102.11	-19.12	22.23
2548	102.15	-19.11	22.23
2549	102.19	-19.1	22.25
2550	102.23	-19.09	22.26
2551	102.27	-19.11	22.25
2552	102.31	-19.12	22.24
2553	102.35	-19.12	22.24
2554	102.39	-19.12	22.25
2555	102.43	-19.11	22.26
2556	102.47	-19.11	22.27
2557	102.51	-19.11	22.27
2558	102.55	-19.12	22.25
2559	102.59	-19.12	22.24
2560	102.63	-19.13	22.23
2561	102.67	-19.13	22.23
2562	102.71	-19.14	22.23
2563	102.75	-19.15	22.23
2564	102.79	-19.15	22.23
2565	102.83	-19.15	22.23
2566	102.87	-19.15	22.23
2567	102.91	-19.14	22.23
2568	102.95	-19.14	22.23
2569	102.99	-19.14	22.22
2570	103.03	-19.14	22.21
2571	103.07	-19.14	22.21
2572	103.11	-19.14	22.22
2573	103.15	-19.15	22.23
2574	103.19	-19.14	22.24
2575	103.23	-19.14	22.23
2576	103.27	-19.15	22.22
2577	103.31	-19.14	22.23
2578	103.35	-19.13	22.23
2579	103.39	-19.14	22.22
2580	103.43	-19.13	22.23
2581	103.47	-19.13	22.22
2582	103.51	-19.14	22.22
2583	103.55	-19.13	22.23
2584	103.59	-19.14	22.23
2585	103.63	-19.13	22.23
2586	103.67	-19.14	22.22
2587	103.71	-19.14	22.22
2588	103.75	-19.14	22.22
2589	103.79	-19.14	22.23
2590	103.83	-19.12	22.24
2591	103.87	-19.12	22.23
2592	103.91	-19.13	22.22
2593	103.95	-19.13	22.21
2594	103.99	-19.14	22.2
2595	104.03	-19.14	22.2
2596	104.07	-19.14	22.2
2597	104.11	-19.15	22.19
2598	104.15	-19.15	22.18
2599	104.19	-19.15	22.19
2600	104.23	-19.14	22.18
2601	104.27	-19.13	22.2
2602	104.31	-19.13	22.19
2603	104.35	-19.14	22.19
2604	104.39	-19.14	22.18
2605	104.43	-19.15	22.17
2606	104.47	-19.14	22.18
2607	104.51	-19.15	22.18
2608	104.55	-19.15	22.18
2609	104.59	-19.15	22.21
2610	104.63	-19.15	22.21
2611	104.67	-19.15	22.21
2612	104.71	-19.16	22.21
2613	104.75	-19.16	22.19
2614	104.79	-19.18	22.17
2615	104.83	-19.18	22.17
2616	104.87	-19.17	22.17
2617	104.91	-19.17	22.16
2618	104.95	-19.16	22.17
2619	104.99	-19.16	22.19
2620	105.03	-19.17	22.19
2621	105.07	-19.18	22.2
2622	105.11	-19.19	22.22
2623	105.15	-19.21	22.2
2624	105.19	-19.22	22.19
2625	105.23	-19.23	22.19
2626	105.27	-19.23	22.19
2627	105.31	-19.24	22.18
2628	105.35	-19.25	22.19
2629	105.39	-19.25	22.19
2630	105.43	-19.25	22.19
2631	105.47	-19.24	22.22
2632	105.51	-19.23	22.24
2633	105.55	-19.22	22.26
2634	105.59	-19.22	22.28
2635	105.63	-19.22	22.3
2636	105.67	-19.23	22.28
2637	105.71	-19.23	22.27
2638	105.75	-19.24	22.26
2639	105.79	-19.24	22.26
2640	105.83	-19.24	22.29
2641	105.87	-19.23	22.32
2642	105.91	-19.23	22.33
2643	105.95	-19.24	22.34
2644	105.99	-19.24	22.34
2645	106.03	-19.24	22.33
2646	106.07	-19.23	22.35
2647	106.11	-19.23	22.36
2648	106.15	-19.23	22.37
2649	106.19	-19.23	22.37
2650	106.23	-19.23	22.36
2651	106.27	-19.23	22.35
2652	106.31	-19.24	22.33
2653	106.35	-19.23	22.33
2654	106.39	-19.23	22.32
2655	106.43	-19.24	22.3
2656	106.47	-19.23	22.28
2657	106.51	-19.24	22.27
2658	106.55	-19.24	22.25
2659	106.59	-19.25	22.25
2660	106.63	-19.25	22.24
2661	106.67	-19.24	22.24
2662	106.71	-19.23	22.23
2663	106.75	-19.23	22.23
2664	106.79	-19.23	22.22
2665	106.83	-19.23	22.2
2666	106.87	-19.24	22.18
2667	106.91	-19.25	22.17
2668	106.95	-19.25	22.17
2669	106.99	-19.25	22.16
2670	107.03	-19.24	22.15
2671	107.07	-19.25	22.13
2672	107.11	-19.24	22.12
2673	107.15	-19.25	22.11
2674	107.19	-19.26	22.1
2675	107.23	-19.26	22.1
2676	107.27	-19.27	22.08
2677	107.31	-19.27	22.06
2678	107.35	-19.26	22.04
2679	107.39	-19.25	22.03
2680	107.43	-19.24	22.03
2681	107.47	-19.23	22.02
2682	107.51	-19.22	22.02
2683	107.55	-19.22	22.02
2684	107.59	-19.23	22.01
2685	107.63	-19.23	22.03
2686	107.67	-19.23	22.05
2687	107.71	-19.24	22.06
2688	107.75	-19.24	22.08
2689	107.79	-19.25	22.08
2690	107.83	-19.25	22.08
2691	107.87	-19.25	22.07
2692	107.91	-19.24	22.07
2693	107.95	-19.24	22.07
2694	107.99	-19.25	22.05
2695	108.03	-19.26	22.04
2696	108.07	-19.29	22.03
2697	108.11	-19.3	22.04
2698	108.15	-19.31	22.06
2699	108.19	-19.33	22.06
2700	108.23	-19.34	22.06
2701	108.27	-19.36	22.07
2702	108.31	-19.39	22.08
2703	108.35	-19.43	22.13
2704	108.39	-19.47	22.17
2705	108.43	-19.51	22.23
2706	108.47	-19.54	22.29
2707	108.51	-19.57	22.31
2708	108.55	-19.58	22.34
2709	108.59	-19.59	22.35
2710	108.63	-19.58	22.34
2711	108.67	-19.57	22.36
2712	108.71	-19.57	22.4
2713	108.75	-19.57	22.42
2714	108.79	-19.58	22.43
2715	108.83	-19.6	22.43
2716	108.87	-19.61	22.42
2717	108.91	-19.62	22.44
2718	108.95	-19.63	22.45
2719	108.99	-19.63	22.46
2720	109.03	-19.63	22.48
2721	109.07	-19.63	22.49
2722	109.11	-19.65	22.53
2723	109.15	-19.67	22.55
2724	109.19	-19.69	22.55
2725	109.23	-19.72	22.56
2726	109.27	-19.74	22.55
2727	109.31	-19.76	22.54
2728	109.35	-19.79	22.55
2729	109.39	-19.83	22.54
2730	109.43	-19.88	22.53
2731	109.47	-19.95	22.53
2732	109.51	-20.04	22.55
2733	109.55	-20.12	22.56
2734	109.59	-20.19	22.59
2735	109.63	-20.23	22.62
2736	109.67	-20.25	22.65
2737	109.71	-20.29	22.68
2738	109.75	-20.31	22.7
2739	109.79	-20.34	22.72
2740	109.83	-20.36	22.73
2741	109.87	-20.35	22.75
2742	109.91	-20.32	22.78
2743	109.95	-20.27	22.83
2744	109.99	-20.23	22.91
2745	110.03	-20.2	22.96
2746	110.07	-20.21	22.99
2747	110.11	-20.26	23.02
2748	110.15	-20.32	23.02
2749	110.19	-20.38	23.04
2750	110.23	-20.43	23.06
2751	110.27	-20.47	23.09
2752	110.31	-20.48	23.1
2753	110.35	-20.5	23.12
2754	110.39	-20.51	23.12
2755	110.43	-20.52	23.12
2756	110.47	-20.55	23.14
2757	110.51	-20.56	23.14
2758	110.55	-20.6	23.17
2759	110.59	-20.64	23.19
2760	110.63	-20.66	23.22
2761	110.67	-20.7	23.25
2762	110.71	-20.73	23.28
2763	110.75	-20.76	23.31
2764	110.79	-20.79	23.34
2765	110.83	-20.82	23.37
2766	110.87	-20.82	23.38
2767	110.91	-20.83	23.41
2768	110.95	-20.85	23.43
2769	110.99	-20.86	23.44
2770	111.03	-20.89	23.46
2771	111.07	-20.91	23.47
2772	111.11	-20.9	23.46
2773	111.15	-20.91	23.47
2774	111.19	-20.92	23.47
2775	111.23	-20.93	23.46
2776	111.27	-20.95	23.46
2777	111.31	-20.97	23.46
2778	111.35	-20.97	23.46
2779	111.39	-20.99	23.47
2780	111.43	-21	23.47
2781	111.47	-21	23.46
2782	111.51	-21	23.45
2783	111.55	-20.99	23.44
2784	111.59	-20.97	23.43
2785	111.63	-20.96	23.44
2786	111.67	-20.95	23.46
2787	111.71	-20.93	23.47
2788	111.75	-20.9	23.47
2789	111.79	-20.86	23.45
2790	111.83	-20.82	23.42
2791	111.87	-20.81	23.38
2792	111.91	-20.8	23.34
2793	111.95	-20.8	23.32
2794	111.99	-20.83	23.31
2795	112.03	-20.84	23.3
2796	112.07	-20.88	23.3
2797	112.11	-20.9	23.29
2798	112.15	-20.91	23.28
2799	112.19	-20.93	23.27
2800	112.23	-20.94	23.27
2801	112.27	-20.97	23.29
2802	112.31	-21.05	23.34
2803	112.35	-21.07	23.38
2804	112.39	-21.11	23.43
2805	112.43	-21.11	23.46
2806	112.47	-21.06	23.48
2807	112.51	-21.06	23.5
2808	112.55	-21.03	23.5
2809	112.59	-21.04	23.5
2810	112.63	-21.03	23.48
2811	112.67	-21.1	23.46
2812	112.71	-21.18	23.45
2813	112.75	-21.2	23.41
2814	112.79	-21.18	23.38
2815	112.83	-21.08	23.34
2816	112.87	-20.94	23.29
2817	112.91	-20.84	23.27
2818	112.95	-20.79	23.27
2819	112.99	-20.74	23.28
2820	113.03	-20.71	23.28
2821	113.07	-20.67	23.25
2822	113.11	-20.63	23.21
2823	113.15	-20.6	23.17
2824	113.19	-20.56	23.14
2825	113.23	-20.54	23.12
2826	113.27	-20.47	23.04
2827	113.31	-20.4	22.94
2828	113.35	-20.34	22.83
2829	113.39	-20.29	22.71
2830	113.43	-20.28	22.64
2831	113.47	-20.31	22.59
2832	113.51	-20.33	22.55
2833	113.55	-20.35	22.5
2834	113.59	-20.36	22.47
2835	113.63	-20.37	22.45
2836	113.67	-20.4	22.42
2837	113.71	-20.4	22.4
2838	113.75	-20.41	22.37
2839	113.79	-20.42	22.33
2840	113.83	-20.43	22.28
2841	113.87	-20.46	22.24
2842	113.91	-20.47	22.2
2843	113.95	-20.5	22.16
2844	113.99	-20.52	22.13
2845	114.03	-20.53	22.1
2846	114.07	-20.55	22.08
2847	114.11	-20.53	22.05
2848	114.15	-20.54	22.02
2849	114.19	-20.52	22
2850	114.23	-20.53	21.96
2851	114.27	-20.53	21.92
2852	114.31	-20.5	21.89
2853	114.35	-20.47	21.88
2854	114.39	-20.41	21.9
2855	114.43	-20.35	21.94
2856	114.47	-20.27	21.98
2857	114.51	-20.2	22.04
2858	114.55	-20.17	22.1
2859	114.59	-20.15	22.16
2860	114.63	-20.18	22.23
2861	114.67	-20.21	22.28
2862	114.71	-20.26	22.33
2863	114.75	-20.31	22.36
2864	114.79	-20.36	22.4
2865	114.83	-20.39	22.43
2866	114.87	-20.42	22.46
2867	114.91	-20.44	22.49
2868	114.95	-20.44	22.52
2869	114.99	-20.44	22.57
2870	115.03	-20.44	22.59
2871	115.07	-20.46	22.62
2872	115.11	-20.47	22.64
2873	115.15	-20.48	22.65
2874	115.19	-20.49	22.67
2875	115.23	-20.47	22.68
2876	115.27	-20.47	22.7
2877	115.31	-20.48	22.72
2878	115.35	-20.5	22.74
2879	115.39	-20.53	22.77
2880	115.43	-20.54	22.78
2881	115.47	-20.56	22.79
2882	115.51	-20.56	22.81
2883	115.55	-20.58	22.85
2884	115.59	-20.6	22.91
2885	115.63	-20.59	22.98
2886	115.67	-20.59	23.03
2887	115.71	-20.6	23.08
2888	115.75	-20.63	23.11
2889	115.79	-20.67	23.15
2890	115.83	-20.73	23.22
2891	115.87	-20.74	23.28
2892	115.91	-20.74	23.32
2893	115.95	-20.76	23.34
2894	115.99	-20.78	23.33
2895	116.03	-20.81	23.31
2896	116.07	-20.84	23.32
2897	116.11	-20.83	23.34
2898	116.15	-20.83	23.35
2899	116.19	-20.83	23.34
2900	116.23	-20.84	23.31
2901	116.27	-20.86	23.29
2902	116.31	-20.87	23.28
2903	116.35	-20.89	23.29
2904	116.39	-20.92	23.29
2905	116.43	-20.92	23.3
2906	116.47	-20.94	23.3
2907	116.51	-20.96	23.31
2908	116.55	-20.97	23.32
2909	116.59	-20.99	23.33
2910	116.63	-21	23.35
2911	116.67	-21.02	23.37
2912	116.71	-21.05	23.39
2913	116.75	-21.08	23.39
2914	116.79	-21.08	23.39
2915	116.83	-21.07	23.38
2916	116.87	-21.06	23.38
2917	116.91	-21.05	23.39
2918	116.95	-21.05	23.4
2919	116.99	-21.07	23.4
2920	117.03	-21.08	23.4
2921	117.07	-21.09	23.38
2922	117.11	-21.08	23.37
2923	117.15	-21.07	23.35
2924	117.19	-21.08	23.33
2925	117.23	-21.12	23.34
2926	117.27	-21.13	23.33
2927	117.31	-21.15	23.34
2928	117.35	-21.15	23.35
2929	117.39	-21.2	23.39
2930	117.43	-21.21	23.41
2931	117.47	-21.22	23.43
2932	117.51	-21.22	23.44
2933	117.55	-21.13	23.44
2934	117.59	-21.11	23.44
2935	117.63	-21.09	23.44
2936	117.67	-21.1	23.44
2937	117.71	-21.09	23.41
2938	117.75	-21.07	23.37
2939	117.79	-21.04	23.35
2940	117.83	-20.99	23.34
2941	117.87	-20.96	23.34
2942	117.91	-20.97	23.35
2943	117.95	-20.96	23.33
2944	117.99	-21	23.31
2945	118.03	-21.02	23.28
2946	118.07	-21.03	23.24
2947	118.11	-21.04	23.22
2948	118.15	-21.04	23.19
2949	118.19	-21.03	23.17
2950	118.23	-21.03	23.17
2951	118.27	-21.04	23.18
2952	118.31	-21.03	23.19
2953	118.35	-21.03	23.18
2954	118.39	-21.02	23.16
2955	118.43	-21.01	23.12
2956	118.47	-20.99	23.06
2957	118.51	-20.95	22.98
2958	118.55	-20.97	22.92
2959	118.59	-20.97	22.86
2960	118.63	-20.94	22.82
2961	118.67	-20.9	22.79
2962	118.71	-20.8	22.77
2963	118.75	-20.73	22.74
2964	118.79	-20.7	22.73
2965	118.83	-20.69	22.71
2966	118.87	-20.68	22.69
2967	118.91	-20.73	22.69
2968	118.95	-20.72	22.68
2969	118.99	-20.73	22.68
2970	119.03	-20.72	22.66
2971	119.07	-20.67	22.65
2972	119.11	-20.66	22.64
2973	119.15	-20.64	22.63
2974	119.19	-20.64	22.63
2975	119.23	-20.63	22.63
2976	119.27	-20.64	22.65
2977	119.31	-20.65	22.68
2978	119.35	-20.67	22.72
2979	119.39	-20.66	22.76
2980	119.43	-20.68	22.8
2981	119.47	-20.69	22.84
2982	119.51	-20.7	22.88
2983	119.55	-20.68	22.92
2984	119.59	-20.69	22.97
2985	119.63	-20.69	22.98
2986	119.67	-20.68	22.99
2987	119.71	-20.7	22.99
2988	119.75	-20.71	22.97
2989	119.79	-20.71	22.96
2990	119.83	-20.7	22.93
2991	119.87	-20.68	22.92
2992	119.91	-20.66	22.88
