1	0.06	-5.29	-0.09
2	0.1	-5.28	-0.09
3	0.14	-5.31	-0.13
4	0.18	-5.32	-0.13
5	0.22	-5.33	-0.17
6	0.26	-5.34	-0.18
7	0.3	-5.34	-0.21
8	0.34	-5.33	-0.25
9	0.38	-5.33	-0.27
10	0.42	-5.33	-0.29
11	0.5	-5.32	-0.32
12	0.54	-5.31	-0.36
13	0.58	-5.3	-0.4
14	0.62	-5.3	-0.48
15	0.66	-5.31	-0.52
16	0.7	-5.32	-0.56
17	0.74	-5.34	-0.6
18	0.78	-5.36	-0.61
19	0.82	-5.37	-0.64
20	0.86	-5.38	-0.65
21	0.9	-5.38	-0.66
22	0.94	-5.4	-0.69
23	0.98	-5.43	-0.71
24	1.02	-5.46	-0.76
25	1.06	-5.51	-0.82
26	1.1	-5.54	-0.86
27	1.14	-5.57	-0.92
28	1.18	-5.59	-0.96
29	1.22	-5.63	-1.06
30	1.26	-5.72	-1.18
31	1.3	-5.82	-1.29
32	1.34	-5.93	-1.38
33	1.38	-6.03	-1.44
34	1.42	-6.07	-1.52
35	1.46	-6.11	-1.66
36	1.5	-6.16	-1.88
37	1.54	-6.19	-2.08
38	1.58	-6.23	-2.24
39	1.62	-6.25	-2.32
40	1.66	-6.3	-2.34
41	1.7	-6.33	-2.37
42	1.74	-6.39	-2.39
43	1.78	-6.45	-2.42
44	1.82	-6.49	-2.46
45	1.86	-6.53	-2.52
46	1.9	-6.56	-2.61
47	1.94	-6.57	-2.75
48	1.98	-6.59	-2.9
49	2.02	-6.62	-3.06
50	2.06	-6.63	-3.22
51	2.1	-6.69	-3.36
52	2.14	-6.74	-3.49
53	2.18	-6.82	-3.59
54	2.22	-6.9	-3.71
55	2.26	-6.97	-3.83
56	2.3	-7.03	-3.98
57	2.34	-7	-4.16
58	2.38	-6.95	-4.31
59	2.42	-6.86	-4.44
60	2.46	-6.78	-4.56
61	2.5	-6.75	-4.63
62	2.54	-6.78	-4.7
63	2.58	-6.84	-4.76
64	2.62	-6.86	-4.81
65	2.66	-6.87	-4.86
66	2.7	-6.87	-4.9
67	2.74	-6.86	-4.95
68	2.78	-6.82	-5.01
69	2.82	-6.71	-5.13
70	2.86	-6.56	-5.26
71	2.9	-6.38	-5.39
72	2.94	-6.22	-5.5
73	2.98	-6.15	-5.56
74	3.02	-6.11	-5.61
75	3.22	-6.1	-5.66
76	3.26	-6.08	-5.72
77	3.3	-6.01	-5.81
78	3.34	-5.93	-5.88
79	3.38	-5.81	-5.97
80	3.42	-5.72	-6.08
81	3.46	-5.62	-6.18
82	3.5	-5.52	-6.29
83	3.54	-5.44	-6.42
84	3.58	-5.33	-6.57
85	3.62	-5.25	-6.75
86	3.66	-5.16	-6.93
87	3.7	-5.09	-7.06
88	3.74	-5.05	-7.14
89	3.78	-4.97	-7.16
90	3.82	-4.86	-7.18
91	3.86	-4.74	-7.23
92	3.9	-4.61	-7.29
93	3.94	-4.52	-7.39
94	3.98	-4.45	-7.49
95	4.02	-4.42	-7.61
96	4.06	-4.37	-7.71
97	4.1	-4.32	-7.81
98	4.14	-4.26	-7.89
99	4.18	-4.17	-7.97
100	4.22	-4.05	-8.05
101	4.26	-3.93	-8.13
102	4.3	-3.81	-8.2
103	4.34	-3.69	-8.28
104	4.38	-3.61	-8.36
105	4.42	-3.54	-8.47
106	4.46	-3.42	-8.56
107	4.5	-3.25	-8.64
108	4.54	-3.02	-8.75
109	4.58	-2.77	-8.82
110	4.62	-2.57	-8.86
111	4.66	-2.42	-8.86
112	4.7	-2.34	-8.82
113	4.74	-2.27	-8.77
114	4.78	-2.22	-8.75
115	4.82	-2.17	-8.75
116	4.86	-2.11	-8.75
117	4.9	-2.03	-8.76
118	4.94	-1.93	-8.75
119	4.98	-1.82	-8.74
120	5.02	-1.71	-8.72
121	5.06	-1.59	-8.72
122	5.1	-1.48	-8.74
123	5.14	-1.37	-8.79
124	5.18	-1.26	-8.82
125	5.22	-1.19	-8.85
126	5.26	-1.15	-8.88
127	5.3	-1.12	-8.91
128	5.34	-1.11	-8.99
129	5.38	-1.06	-9
130	5.42	-0.96	-9
131	5.46	-0.81	-8.99
132	5.5	-0.61	-8.95
133	5.54	-0.41	-8.95
134	5.58	-0.25	-8.93
135	5.62	-0.12	-8.87
136	5.66	-0.03	-8.82
137	5.7	0.04	-8.77
138	5.74	0.11	-8.71
139	5.78	0.18	-8.7
140	5.82	0.25	-8.67
141	5.86	0.34	-8.63
142	5.9	0.43	-8.59
143	5.94	0.54	-8.53
144	5.98	0.67	-8.46
145	6.02	0.77	-8.4
146	6.06	0.86	-8.39
147	6.1	0.93	-8.38
148	6.14	0.97	-8.4
149	6.18	1.02	-8.42
150	6.22	1.1	-8.41
151	6.26	1.24	-8.37
152	6.3	1.44	-8.3
153	6.34	1.65	-8.24
154	6.38	1.8	-8.1
155	6.42	1.92	-7.97
156	6.46	1.98	-7.84
157	6.5	2.03	-7.7
158	6.54	2.11	-7.62
159	6.58	2.19	-7.5
160	6.62	2.29	-7.36
161	6.66	2.37	-7.24
162	6.7	2.43	-7.18
163	6.74	2.49	-7.2
164	6.78	2.52	-7.23
165	6.82	2.56	-7.25
166	6.86	2.66	-7.25
167	6.9	2.79	-7.19
168	6.94	2.93	-7.07
169	6.98	3.1	-6.93
170	7.02	3.21	-6.73
171	7.06	3.25	-6.55
172	7.1	3.27	-6.41
173	7.14	3.27	-6.25
174	7.18	3.28	-6.07
175	7.22	3.3	-5.86
176	7.26	3.31	-5.56
177	7.3	3.47	-5.28
178	7.34	3.7	-4.99
179	7.38	3.93	-4.77
180	7.42	4.14	-4.71
181	7.46	4.14	-4.68
182	7.5	3.99	-4.74
183	7.54	3.89	-4.84
184	7.58	3.77	-4.85
185	7.62	3.7	-4.84
186	7.66	3.73	-4.8
187	7.7	3.69	-4.7
188	7.74	3.71	-4.64
189	7.78	3.74	-4.58
190	7.82	3.72	-4.49
191	7.86	3.75	-4.38
192	7.9	3.72	-4.26
193	7.94	3.68	-4.11
194	7.98	3.66	-3.96
195	8.02	3.58	-3.82
196	8.06	3.53	-3.68
197	8.1	3.48	-3.55
198	8.14	3.43	-3.42
199	8.18	3.39	-3.27
200	8.22	3.37	-3.11
201	8.26	3.34	-2.97
202	8.3	3.3	-2.88
203	8.34	3.26	-2.82
204	8.38	3.16	-2.79
205	8.42	2.99	-2.72
206	8.46	2.82	-2.6
207	8.5	2.66	-2.46
208	8.54	2.58	-2.28
209	8.58	2.52	-2.15
210	8.62	2.49	-2.02
211	8.66	2.43	-1.88
212	8.7	2.32	-1.74
213	8.74	2.23	-1.57
214	8.78	2.11	-1.4
215	8.82	2.01	-1.27
216	8.86	1.93	-1.17
217	8.9	1.84	-1.11
218	8.94	1.72	-1.06
219	8.98	1.55	-1.02
220	9.02	1.33	-0.98
221	9.06	1.13	-0.94
222	9.1	0.98	-0.92
223	9.14	0.9	-0.89
224	9.18	0.88	-0.85
225	9.22	0.86	-0.81
226	9.26	0.84	-0.79
227	9.3	0.82	-0.76
228	9.34	0.78	-0.76
229	9.38	0.73	-0.75
230	9.42	0.62	-0.73
231	9.46	0.48	-0.71
232	9.5	0.31	-0.66
233	9.54	0.11	-0.64
234	9.58	-0.09	-0.56
235	9.62	-0.33	-0.53
236	9.66	-0.63	-0.48
237	9.7	-0.97	-0.36
238	9.74	-1.32	-0.21
239	9.78	-1.58	-0.06
240	9.82	-1.7	0.01
241	9.86	-1.67	-0.01
242	9.9	-1.51	-0.05
243	9.94	-1.38	-0.05
244	9.98	-1.33	-0.02
245	10.02	-1.39	0
246	10.06	-1.5	-0.03
247	10.1	-1.62	-0.09
248	10.14	-1.71	-0.16
249	10.18	-1.79	-0.21
250	10.22	-1.86	-0.28
251	10.26	-1.95	-0.34
252	10.3	-2.05	-0.36
253	10.34	-2.14	-0.37
254	10.38	-2.25	-0.36
255	10.42	-2.35	-0.32
256	10.46	-2.46	-0.33
257	10.5	-2.62	-0.36
258	10.54	-2.82	-0.39
259	10.58	-3	-0.45
260	10.62	-3.14	-0.53
261	10.66	-3.22	-0.57
262	10.7	-3.24	-0.64
263	10.74	-3.27	-0.69
264	10.78	-3.31	-0.72
265	10.82	-3.38	-0.8
266	10.86	-3.49	-0.89
267	10.9	-3.61	-1.07
268	10.94	-3.73	-1.23
269	10.98	-3.85	-1.35
270	11.02	-3.97	-1.41
271	11.06	-4.1	-1.42
272	11.1	-4.29	-1.44
273	11.14	-4.52	-1.56
274	11.18	-4.75	-1.7
275	11.22	-4.93	-1.85
276	11.26	-5.03	-2.01
277	11.3	-5.05	-2.16
278	11.34	-5.06	-2.34
279	11.38	-5.05	-2.55
280	11.42	-5.05	-2.72
281	11.46	-5.07	-2.82
282	11.5	-5.07	-2.88
283	11.54	-5.13	-2.87
284	11.58	-5.17	-2.89
285	11.62	-5.24	-2.92
286	11.66	-5.31	-2.94
287	11.7	-5.34	-2.98
288	11.74	-5.41	-3
289	11.78	-5.46	-3.05
290	11.82	-5.52	-3.11
291	11.86	-5.57	-3.2
292	11.9	-5.6	-3.31
293	11.94	-5.63	-3.44
294	11.98	-5.65	-3.57
295	12.02	-5.67	-3.7
296	12.06	-5.7	-3.81
297	12.1	-5.72	-3.91
298	12.14	-5.73	-4
299	12.18	-5.73	-4.04
300	12.22	-5.72	-4.07
301	12.26	-5.7	-4.07
302	12.3	-5.71	-4.06
303	12.34	-5.7	-4.11
304	12.38	-5.72	-4.22
305	12.42	-5.8	-4.39
306	12.46	-5.89	-4.61
307	12.5	-6.01	-4.78
308	12.54	-6.11	-4.89
309	12.58	-6.11	-4.93
310	12.62	-6.07	-4.93
311	12.66	-6.01	-4.93
312	12.7	-5.94	-4.95
313	12.74	-5.9	-4.99
314	12.78	-5.88	-5.03
315	12.82	-5.86	-5.08
316	12.86	-5.85	-5.11
317	12.9	-5.83	-5.15
318	12.94	-5.81	-5.18
319	12.98	-5.8	-5.2
320	13.02	-5.76	-5.23
321	13.06	-5.75	-5.27
322	13.1	-5.74	-5.31
323	13.14	-5.75	-5.41
324	13.18	-5.74	-5.49
325	13.22	-5.74	-5.58
326	13.26	-5.72	-5.67
327	13.3	-5.7	-5.71
328	13.34	-5.67	-5.75
329	13.38	-5.64	-5.79
330	13.42	-5.6	-5.8
331	13.46	-5.57	-5.81
332	13.5	-5.58	-5.81
333	13.54	-5.57	-5.81
334	13.58	-5.59	-5.8
335	13.62	-5.6	-5.81
336	13.66	-5.57	-5.82
337	13.7	-5.58	-5.82
338	13.74	-5.57	-5.82
339	13.78	-5.57	-5.8
340	13.82	-5.58	-5.77
341	13.86	-5.57	-5.76
342	13.9	-5.56	-5.76
343	13.94	-5.55	-5.76
344	13.98	-5.54	-5.78
345	14.02	-5.53	-5.77
346	14.06	-5.53	-5.78
347	14.1	-5.52	-5.77
348	14.14	-5.52	-5.77
349	14.18	-5.51	-5.78
350	14.22	-5.51	-5.77
351	14.26	-5.51	-5.77
352	14.3	-5.52	-5.76
353	14.34	-5.53	-5.75
354	14.38	-5.54	-5.74
355	14.42	-5.54	-5.74
356	14.46	-5.54	-5.75
357	14.5	-5.55	-5.74
358	14.54	-5.57	-5.73
359	14.58	-5.58	-5.72
360	14.62	-5.61	-5.7
361	14.66	-5.62	-5.7
362	14.7	-5.63	-5.71
363	14.74	-5.64	-5.74
364	14.78	-5.64	-5.77
365	14.82	-5.61	-5.83
366	14.86	-5.59	-5.89
367	14.9	-5.55	-5.96
368	14.94	-5.5	-6.03
369	14.98	-5.44	-6.09
370	15.02	-5.36	-6.17
371	15.06	-5.33	-6.24
372	15.1	-5.31	-6.32
373	15.14	-5.31	-6.41
374	15.18	-5.36	-6.47
375	15.22	-5.36	-6.52
376	15.26	-5.32	-6.6
377	15.3	-5.28	-6.71
378	15.34	-5.21	-6.83
379	15.38	-5.15	-6.96
380	15.42	-5.12	-7.07
381	15.46	-5.09	-7.17
382	15.5	-5.05	-7.29
383	15.54	-5.01	-7.41
384	15.58	-4.98	-7.55
385	15.62	-4.99	-7.68
386	15.66	-5	-7.81
387	15.7	-5.03	-7.94
388	15.74	-5.05	-8.07
389	15.78	-5.03	-8.23
390	15.82	-5.02	-8.39
391	15.86	-5.03	-8.56
392	15.9	-5.01	-8.71
393	15.94	-4.99	-8.8
394	15.98	-4.97	-8.88
395	16.02	-4.9	-8.91
396	16.06	-4.84	-8.94
397	16.1	-4.81	-8.96
398	16.14	-4.73	-8.99
399	16.18	-4.65	-9.04
400	16.22	-4.55	-9.1
401	16.26	-4.44	-9.15
402	16.3	-4.38	-9.19
403	16.34	-4.34	-9.22
404	16.38	-4.32	-9.26
405	16.42	-4.3	-9.31
406	16.46	-4.28	-9.36
407	16.5	-4.25	-9.43
408	16.54	-4.19	-9.49
409	16.58	-4.08	-9.55
410	16.62	-3.93	-9.64
411	16.66	-3.75	-9.72
412	16.7	-3.57	-9.81
413	16.74	-3.4	-9.91
414	16.78	-3.26	-9.96
415	16.82	-3.14	-9.99
416	16.86	-3.04	-10.04
417	16.9	-2.92	-10.1
418	16.94	-2.77	-10.21
419	16.98	-2.6	-10.33
420	17.02	-2.43	-10.42
421	17.06	-2.3	-10.47
422	17.1	-2.19	-10.45
423	17.14	-2.09	-10.44
424	17.18	-1.98	-10.41
425	17.22	-1.86	-10.38
426	17.26	-1.73	-10.37
427	17.3	-1.57	-10.32
428	17.34	-1.4	-10.26
429	17.38	-1.21	-10.22
430	17.42	-1.02	-10.22
431	17.46	-0.84	-10.25
432	17.5	-0.66	-10.31
433	17.54	-0.51	-10.33
434	17.58	-0.42	-10.35
435	17.62	-0.39	-10.4
436	17.66	-0.41	-10.46
437	17.7	-0.41	-10.55
438	17.74	-0.35	-10.58
439	17.78	-0.21	-10.58
440	17.82	0.05	-10.58
441	17.86	0.31	-10.58
442	17.9	0.5	-10.59
443	17.94	0.57	-10.61
444	17.98	0.55	-10.59
445	18.02	0.52	-10.53
446	18.06	0.56	-10.47
447	18.1	0.65	-10.37
448	18.14	0.75	-10.25
449	18.18	0.85	-10.2
450	18.22	0.93	-10.16
451	18.26	1	-10.12
452	18.3	1.09	-10.12
453	18.34	1.16	-10.06
454	18.38	1.24	-9.98
455	18.41	1.35	-9.86
456	18.46	1.47	-9.67
457	18.49	1.59	-9.46
458	18.53	1.73	-9.25
459	18.57	1.88	-9.08
460	18.62	2.05	-8.96
461	18.65	2.22	-8.85
462	18.69	2.38	-8.76
463	18.73	2.48	-8.69
464	18.77	2.52	-8.69
465	18.81	2.55	-8.75
466	18.85	2.54	-8.82
467	18.9	2.54	-8.82
468	18.93	2.55	-8.75
469	18.97	2.54	-8.62
470	19.01	2.54	-8.48
471	19.05	2.52	-8.39
472	19.09	2.52	-8.34
473	19.13	2.52	-8.31
474	19.17	2.54	-8.3
475	19.21	2.61	-8.3
476	19.25	2.69	-8.25
477	19.29	2.75	-8.18
478	19.33	2.83	-8.08
479	19.37	2.85	-7.96
480	19.41	2.87	-7.84
481	19.45	2.91	-7.73
482	19.49	2.93	-7.64
483	19.53	2.95	-7.54
484	19.57	2.95	-7.48
485	19.61	2.96	-7.44
486	19.65	2.96	-7.42
487	19.69	2.96	-7.37
488	19.73	2.97	-7.31
489	19.77	2.98	-7.23
490	19.81	2.98	-7.14
491	19.85	2.97	-7.08
492	19.89	2.98	-6.98
493	19.93	2.91	-6.88
494	19.97	2.84	-6.74
495	20.01	2.81	-6.59
496	20.05	2.74	-6.48
497	20.09	2.71	-6.38
498	20.13	2.71	-6.3
499	20.17	2.7	-6.23
500	20.21	2.69	-6.17
501	20.25	2.63	-6.12
502	20.29	2.55	-6.09
503	20.33	2.41	-6.06
504	20.37	2.27	-5.98
505	20.41	2.13	-5.91
506	20.45	2	-5.83
507	20.49	1.92	-5.76
508	20.53	1.88	-5.72
509	20.57	1.83	-5.7
510	20.61	1.79	-5.71
511	20.65	1.75	-5.73
512	20.69	1.69	-5.74
513	20.73	1.66	-5.71
514	20.77	1.62	-5.67
515	20.81	1.58	-5.63
516	20.85	1.53	-5.61
517	20.89	1.46	-5.63
518	20.93	1.41	-5.63
519	20.97	1.35	-5.65
520	21.01	1.29	-5.67
521	21.05	1.26	-5.67
522	21.09	1.22	-5.7
523	21.13	1.19	-5.71
524	21.17	1.19	-5.71
525	21.21	1.19	-5.7
526	21.25	1.18	-5.69
527	21.29	1.16	-5.67
528	21.33	1.17	-5.68
529	21.37	1.16	-5.7
530	21.41	1.15	-5.72
531	21.45	1.16	-5.74
532	21.49	1.14	-5.75
533	21.53	1.13	-5.76
534	21.57	1.15	-5.76
535	21.61	1.12	-5.75
536	21.65	1.11	-5.76
537	21.69	1.1	-5.77
538	21.73	1.08	-5.79
539	21.77	1.09	-5.81
540	21.81	1.13	-5.83
541	21.85	1.14	-5.85
542	21.89	1.17	-5.86
543	21.93	1.2	-5.86
544	21.97	1.2	-5.85
545	22.01	1.2	-5.85
546	22.05	1.2	-5.85
547	22.09	1.18	-5.86
548	22.13	1.18	-5.87
549	22.17	1.18	-5.87
550	22.21	1.16	-5.89
551	22.25	1.17	-5.92
552	22.29	1.2	-5.95
553	22.33	1.25	-5.99
554	22.37	1.3	-6.01
555	22.41	1.34	-6.04
556	22.45	1.37	-6.06
557	22.49	1.41	-6.07
558	22.53	1.46	-6.07
559	22.57	1.5	-6.06
560	22.61	1.55	-6.06
561	22.65	1.58	-6.05
562	22.69	1.6	-6.05
563	22.73	1.64	-6.03
564	22.77	1.66	-6.02
565	22.81	1.7	-6.02
566	22.85	1.75	-6
567	22.89	1.75	-6
568	22.93	1.75	-5.99
569	22.97	1.75	-5.98
570	23.01	1.75	-5.97
571	23.05	1.76	-5.95
572	23.09	1.78	-5.93
573	23.13	1.76	-5.93
574	23.17	1.77	-5.91
575	23.21	1.76	-5.9
576	23.25	1.74	-5.9
577	23.29	1.73	-5.88
578	23.33	1.71	-5.88
579	23.37	1.68	-5.87
580	23.41	1.66	-5.87
581	23.45	1.64	-5.86
582	23.49	1.62	-5.86
583	23.53	1.59	-5.86
584	23.57	1.55	-5.86
585	23.61	1.51	-5.87
586	23.65	1.46	-5.87
587	23.69	1.42	-5.87
588	23.73	1.37	-5.87
589	23.77	1.34	-5.86
590	23.81	1.29	-5.85
591	23.85	1.27	-5.83
592	23.89	1.25	-5.82
593	23.93	1.23	-5.82
594	23.97	1.22	-5.82
595	24.01	1.19	-5.84
596	24.05	1.18	-5.86
597	24.09	1.12	-5.85
598	24.13	1.08	-5.85
599	24.17	1.03	-5.83
600	24.21	0.97	-5.8
601	24.25	0.94	-5.77
602	24.29	0.9	-5.74
603	24.33	0.91	-5.72
604	24.37	0.91	-5.69
605	24.41	0.93	-5.68
606	24.45	0.93	-5.66
607	24.49	0.92	-5.63
608	24.53	0.9	-5.61
609	24.57	0.86	-5.58
610	24.61	0.82	-5.56
611	24.65	0.78	-5.55
612	24.69	0.73	-5.55
613	24.73	0.71	-5.55
614	24.77	0.67	-5.53
615	24.81	0.64	-5.51
616	24.85	0.62	-5.51
617	24.89	0.6	-5.52
618	24.93	0.6	-5.53
619	24.97	0.6	-5.54
620	25.01	0.63	-5.53
621	25.05	0.67	-5.5
622	25.09	0.71	-5.48
623	25.13	0.75	-5.45
624	25.17	0.74	-5.44
625	25.21	0.73	-5.43
626	25.25	0.72	-5.43
627	25.29	0.7	-5.43
628	25.33	0.68	-5.44
629	25.37	0.66	-5.44
630	25.41	0.65	-5.44
631	25.45	0.65	-5.45
632	25.49	0.65	-5.44
633	25.53	0.66	-5.45
634	25.57	0.66	-5.47
635	25.61	0.66	-5.48
636	25.65	0.67	-5.51
637	25.69	0.67	-5.51
638	25.73	0.68	-5.51
639	25.77	0.69	-5.51
640	25.81	0.67	-5.5
641	25.85	0.66	-5.49
642	25.89	0.64	-5.47
643	25.93	0.62	-5.46
644	25.97	0.61	-5.45
645	26.01	0.59	-5.43
646	26.05	0.56	-5.44
647	26.09	0.53	-5.43
648	26.13	0.5	-5.43
649	26.17	0.48	-5.43
650	26.21	0.47	-5.42
651	26.25	0.47	-5.43
652	26.29	0.47	-5.43
653	26.33	0.46	-5.43
654	26.37	0.45	-5.43
655	26.41	0.44	-5.42
656	26.45	0.41	-5.4
657	26.49	0.4	-5.4
658	26.53	0.4	-5.38
659	26.57	0.37	-5.35
660	26.61	0.36	-5.31
661	26.65	0.35	-5.27
662	26.69	0.34	-5.23
663	26.73	0.34	-5.21
664	26.77	0.32	-5.18
665	26.81	0.3	-5.13
666	26.85	0.29	-5.1
667	26.89	0.32	-5.06
668	26.93	0.33	-5.03
669	26.97	0.33	-4.98
670	27.01	0.31	-4.93
671	27.05	0.26	-4.89
672	27.09	0.24	-4.85
673	27.13	0.24	-4.82
674	27.17	0.25	-4.8
675	27.21	0.28	-4.75
676	27.25	0.31	-4.7
677	27.29	0.35	-4.63
678	27.33	0.4	-4.55
679	27.37	0.45	-4.46
680	27.41	0.48	-4.38
681	27.45	0.49	-4.32
682	27.49	0.5	-4.27
683	27.53	0.48	-4.23
684	27.57	0.47	-4.15
685	27.61	0.46	-4.03
686	27.65	0.47	-3.9
687	27.69	0.48	-3.77
688	27.73	0.49	-3.65
689	27.77	0.49	-3.54
690	27.81	0.46	-3.45
691	27.85	0.42	-3.33
692	27.89	0.41	-3.23
693	27.93	0.41	-3.11
694	27.97	0.45	-2.98
695	28.01	0.48	-2.88
696	28.05	0.52	-2.78
697	28.09	0.55	-2.7
698	28.13	0.56	-2.64
699	28.17	0.58	-2.57
700	28.21	0.57	-2.5
701	28.25	0.54	-2.44
702	28.29	0.54	-2.34
703	28.33	0.54	-2.22
704	28.37	0.56	-2.1
705	28.41	0.59	-2
706	28.45	0.6	-1.98
707	28.49	0.59	-1.95
708	28.53	0.54	-1.94
709	28.57	0.47	-1.93
710	28.61	0.4	-1.91
711	28.65	0.3	-1.92
712	28.69	0.19	-1.96
713	28.73	0.08	-1.99
714	28.77	-0.03	-2.03
715	28.81	-0.12	-2.07
716	28.85	-0.19	-2.1
717	28.89	-0.25	-2.14
718	28.93	-0.32	-2.16
719	28.97	-0.41	-2.19
720	29.01	-0.49	-2.2
721	29.05	-0.58	-2.19
722	29.09	-0.66	-2.17
723	29.13	-0.77	-2.14
724	29.17	-0.89	-2.09
725	29.21	-1.05	-2.01
726	29.25	-1.24	-1.94
727	29.29	-1.42	-1.87
728	29.33	-1.57	-1.85
729	29.37	-1.74	-1.91
730	29.41	-1.89	-1.98
731	29.45	-2.04	-2.07
732	29.49	-2.21	-2.17
733	29.53	-2.4	-2.27
734	29.57	-2.6	-2.37
735	29.61	-2.83	-2.46
736	29.65	-3.03	-2.5
737	29.69	-3.22	-2.51
738	29.73	-3.35	-2.51
739	29.77	-3.45	-2.46
740	29.81	-3.52	-2.36
741	29.85	-3.59	-2.28
742	29.89	-3.66	-2.23
743	29.93	-3.75	-2.23
744	29.97	-3.83	-2.28
745	30.01	-3.91	-2.33
746	30.05	-3.99	-2.36
747	30.09	-4.12	-2.37
748	30.13	-4.27	-2.36
749	30.17	-4.42	-2.34
750	30.21	-4.55	-2.31
751	30.25	-4.61	-2.28
752	30.29	-4.66	-2.25
753	30.33	-4.7	-2.26
754	30.37	-4.75	-2.28
755	30.41	-4.79	-2.33
756	30.45	-4.82	-2.38
757	30.49	-4.85	-2.42
758	30.53	-4.88	-2.45
759	30.57	-4.9	-2.47
760	30.61	-4.92	-2.48
761	30.65	-4.94	-2.48
762	30.69	-4.95	-2.48
763	30.73	-4.95	-2.47
764	30.77	-4.95	-2.46
765	30.81	-4.94	-2.46
766	30.85	-4.96	-2.46
767	30.89	-5	-2.5
768	30.93	-5.05	-2.57
769	30.97	-5.12	-2.65
770	31.01	-5.18	-2.76
771	31.05	-5.24	-2.84
772	31.09	-5.32	-2.91
773	31.13	-5.36	-2.98
774	31.17	-5.4	-3.02
775	31.21	-5.45	-3.06
776	31.25	-5.48	-3.11
777	31.29	-5.56	-3.2
778	31.33	-5.66	-3.34
779	31.37	-5.75	-3.5
780	31.41	-5.81	-3.65
781	31.45	-5.85	-3.78
782	31.49	-5.84	-3.89
783	31.53	-5.8	-4.01
784	31.57	-5.78	-4.13
785	31.61	-5.73	-4.23
786	31.65	-5.73	-4.34
787	31.69	-5.73	-4.43
788	31.73	-5.73	-4.52
789	31.77	-5.76	-4.62
790	31.81	-5.78	-4.69
791	31.85	-5.8	-4.8
792	31.89	-5.8	-4.95
793	31.93	-5.82	-5.17
794	31.97	-5.82	-5.38
795	32.01	-5.8	-5.57
796	32.05	-5.79	-5.7
797	32.09	-5.77	-5.74
798	32.13	-5.77	-5.78
799	32.17	-5.79	-5.82
800	32.21	-5.8	-5.86
801	32.25	-5.78	-5.9
802	32.29	-5.73	-5.93
803	32.33	-5.71	-5.97
804	32.37	-5.67	-6.01
805	32.41	-5.67	-6.06
806	32.45	-5.68	-6.12
807	32.49	-5.68	-6.17
808	32.53	-5.67	-6.2
809	32.57	-5.66	-6.24
810	32.61	-5.63	-6.26
811	32.65	-5.61	-6.27
812	32.69	-5.6	-6.29
813	32.73	-5.58	-6.31
814	32.77	-5.58	-6.35
815	32.81	-5.56	-6.41
816	32.85	-5.54	-6.49
817	32.89	-5.52	-6.57
818	32.93	-5.48	-6.66
819	32.97	-5.43	-6.74
820	33.01	-5.38	-6.81
821	33.05	-5.34	-6.86
822	33.09	-5.32	-6.9
823	33.13	-5.33	-6.94
824	33.17	-5.35	-7.01
825	33.21	-5.36	-7.11
826	33.25	-5.36	-7.21
827	33.29	-5.33	-7.28
828	33.33	-5.29	-7.32
829	33.37	-5.24	-7.34
830	33.41	-5.18	-7.33
831	33.45	-5.16	-7.33
832	33.49	-5.13	-7.32
833	33.53	-5.09	-7.31
834	33.57	-5.04	-7.26
835	33.61	-4.99	-7.24
836	33.65	-4.94	-7.23
837	33.69	-4.9	-7.23
838	33.73	-4.87	-7.25
839	33.77	-4.84	-7.26
840	33.81	-4.81	-7.27
841	33.85	-4.78	-7.28
842	33.89	-4.75	-7.28
843	33.93	-4.72	-7.27
844	33.97	-4.69	-7.26
845	34.01	-4.65	-7.25
846	34.05	-4.6	-7.25
847	34.09	-4.53	-7.27
848	34.13	-4.47	-7.29
849	34.17	-4.4	-7.33
850	34.21	-4.31	-7.36
851	34.25	-4.2	-7.4
852	34.29	-4.11	-7.47
853	34.33	-4.07	-7.52
854	34.37	-4.05	-7.58
855	34.41	-4.06	-7.59
856	34.45	-4.07	-7.59
857	34.49	-4.07	-7.56
858	34.53	-4.07	-7.54
859	34.57	-4.07	-7.57
860	34.61	-4.03	-7.6
861	34.65	-3.99	-7.66
862	34.69	-3.95	-7.73
863	34.73	-3.9	-7.76
864	34.77	-3.85	-7.79
865	34.81	-3.81	-7.8
866	34.85	-3.75	-7.79
867	34.89	-3.7	-7.78
868	34.93	-3.61	-7.74
869	34.97	-3.51	-7.67
870	35.01	-3.39	-7.59
871	35.05	-3.21	-7.55
872	35.09	-3.05	-7.53
873	35.13	-2.9	-7.57
874	35.17	-2.78	-7.63
875	35.21	-2.71	-7.68
876	35.25	-2.63	-7.7
877	35.29	-2.54	-7.73
878	35.33	-2.44	-7.77
879	35.37	-2.35	-7.82
880	35.41	-2.27	-7.86
881	35.45	-2.2	-7.88
882	35.49	-2.11	-7.85
883	35.53	-2.03	-7.81
884	35.57	-1.93	-7.8
885	35.61	-1.82	-7.82
886	35.65	-1.68	-7.86
887	35.69	-1.55	-7.9
888	35.73	-1.46	-7.94
889	35.77	-1.4	-7.96
890	35.81	-1.37	-7.97
891	35.85	-1.34	-7.94
892	35.89	-1.32	-7.88
893	35.93	-1.29	-7.82
894	35.97	-1.26	-7.76
895	36.01	-1.24	-7.73
896	36.05	-1.21	-7.72
897	36.09	-1.19	-7.7
898	36.13	-1.17	-7.65
899	36.17	-1.17	-7.58
900	36.21	-1.15	-7.51
901	36.25	-1.13	-7.45
902	36.29	-1.11	-7.42
903	36.33	-1.08	-7.41
904	36.37	-1.07	-7.38
905	36.41	-1.06	-7.37
906	36.45	-1.07	-7.35
907	36.49	-1.06	-7.31
908	36.53	-1.04	-7.28
909	36.57	-1.01	-7.23
910	36.61	-0.97	-7.16
911	36.65	-0.94	-7.1
912	36.69	-0.91	-7.03
913	36.73	-0.87	-6.95
914	36.77	-0.82	-6.9
915	36.81	-0.78	-6.84
916	36.85	-0.75	-6.81
917	36.89	-0.75	-6.77
918	36.93	-0.75	-6.73
919	36.97	-0.72	-6.69
920	37.01	-0.67	-6.64
921	37.05	-0.61	-6.6
922	37.09	-0.56	-6.57
923	37.13	-0.57	-6.5
924	37.17	-0.59	-6.43
925	37.21	-0.61	-6.35
926	37.25	-0.64	-6.27
927	37.29	-0.63	-6.22
928	37.33	-0.63	-6.15
929	37.37	-0.64	-6.08
930	37.41	-0.64	-6.02
931	37.45	-0.65	-5.99
932	37.49	-0.66	-5.96
933	37.53	-0.66	-5.9
934	37.57	-0.65	-5.83
935	37.61	-0.63	-5.76
936	37.65	-0.61	-5.72
937	37.69	-0.58	-5.71
938	37.73	-0.54	-5.7
939	37.77	-0.47	-5.68
940	37.81	-0.37	-5.69
941	37.85	-0.29	-5.71
942	37.89	-0.23	-5.72
943	37.93	-0.2	-5.73
944	37.97	-0.2	-5.73
945	38.01	-0.19	-5.73
946	38.05	-0.19	-5.73
947	38.09	-0.19	-5.75
948	38.13	-0.21	-5.77
949	38.17	-0.23	-5.77
950	38.21	-0.25	-5.79
951	38.25	-0.26	-5.79
952	38.29	-0.24	-5.79
953	38.33	-0.22	-5.82
954	38.37	-0.19	-5.87
955	38.41	-0.16	-5.91
956	38.45	-0.15	-5.96
957	38.49	-0.14	-5.98
958	38.53	-0.16	-6
959	38.57	-0.18	-6.03
960	38.61	-0.2	-6.04
961	38.65	-0.23	-6.05
962	38.69	-0.28	-6.06
963	38.73	-0.34	-6.09
964	38.77	-0.41	-6.12
965	38.81	-0.46	-6.15
966	38.85	-0.47	-6.16
967	38.89	-0.49	-6.17
968	38.93	-0.51	-6.15
969	38.97	-0.54	-6.16
970	39.01	-0.57	-6.16
971	39.05	-0.61	-6.15
972	39.09	-0.65	-6.15
973	39.13	-0.68	-6.11
974	39.17	-0.73	-6.1
975	39.21	-0.76	-6.07
976	39.25	-0.78	-6.04
977	39.29	-0.82	-6.03
978	39.33	-0.85	-6.01
979	39.37	-0.88	-5.99
980	39.41	-0.91	-5.99
981	39.45	-0.93	-5.97
982	39.49	-0.98	-5.97
983	39.53	-1.04	-5.98
984	39.57	-1.1	-5.97
985	39.61	-1.15	-5.98
986	39.65	-1.21	-5.98
987	39.69	-1.25	-5.99
988	39.73	-1.31	-6
989	39.77	-1.36	-6.04
990	39.81	-1.41	-6.09
991	39.85	-1.44	-6.14
992	39.89	-1.44	-6.18
993	39.93	-1.45	-6.21
994	39.97	-1.44	-6.22
995	40.01	-1.47	-6.22
996	40.05	-1.53	-6.22
997	40.09	-1.6	-6.21
998	40.13	-1.67	-6.21
999	40.17	-1.72	-6.21
1000	40.21	-1.77	-6.22
1001	40.25	-1.81	-6.24
1002	40.29	-1.87	-6.24
1003	40.33	-1.95	-6.24
1004	40.37	-2.05	-6.23
1005	40.41	-2.13	-6.19
1006	40.45	-2.2	-6.14
1007	40.49	-2.29	-6.1
1008	40.53	-2.33	-6.04
1009	40.57	-2.41	-6
1010	40.61	-2.48	-5.99
1011	40.65	-2.53	-5.96
1012	40.69	-2.63	-5.95
1013	40.73	-2.7	-5.92
1014	40.77	-2.78	-5.9
1015	40.81	-2.82	-5.9
1016	40.85	-2.83	-5.9
1017	40.89	-2.87	-5.92
1018	40.93	-2.93	-5.94
1019	40.97	-2.99	-5.95
1020	41.01	-3.06	-5.95
1021	41.05	-3.11	-5.96
1022	41.09	-3.13	-5.95
1023	41.13	-3.16	-5.96
1024	41.17	-3.2	-5.98
1025	41.21	-3.28	-5.97
1026	41.25	-3.35	-5.96
1027	41.29	-3.44	-5.94
1028	41.33	-3.51	-5.93
1029	41.37	-3.56	-5.93
1030	41.41	-3.6	-5.94
1031	41.45	-3.65	-5.94
1032	41.49	-3.69	-5.91
1033	41.53	-3.75	-5.9
1034	41.57	-3.79	-5.91
1035	41.61	-3.81	-5.92
1036	41.65	-3.87	-5.94
1037	41.69	-3.92	-5.93
1038	41.73	-4.03	-5.89
1039	41.77	-4.14	-5.84
1040	41.81	-4.25	-5.77
1041	41.85	-4.34	-5.71
1042	41.89	-4.38	-5.67
1043	41.93	-4.44	-5.63
1044	41.97	-4.49	-5.58
1045	42.01	-4.55	-5.54
1046	42.05	-4.61	-5.5
1047	42.09	-4.65	-5.47
1048	42.13	-4.68	-5.46
1049	42.17	-4.72	-5.44
1050	42.21	-4.76	-5.41
1051	42.25	-4.79	-5.39
1052	42.29	-4.79	-5.39
1053	42.33	-4.8	-5.37
1054	42.37	-4.81	-5.36
1055	42.41	-4.82	-5.35
1056	42.45	-4.84	-5.33
1057	42.49	-4.85	-5.32
1058	42.53	-4.89	-5.32
1059	42.57	-4.89	-5.31
1060	42.61	-4.92	-5.29
1061	42.65	-4.91	-5.27
1062	42.69	-4.88	-5.26
1063	42.73	-4.85	-5.24
1064	42.77	-4.84	-5.22
1065	42.81	-4.81	-5.21
1066	42.85	-4.78	-5.19
1067	42.89	-4.76	-5.18
1068	42.93	-4.72	-5.17
1069	42.97	-4.71	-5.16
1070	43.01	-4.69	-5.16
1071	43.05	-4.67	-5.15
1072	43.09	-4.66	-5.14
1073	43.13	-4.66	-5.14
1074	43.17	-4.67	-5.13
1075	43.21	-4.66	-5.13
1076	43.25	-4.65	-5.13
1077	43.29	-4.63	-5.12
1078	43.33	-4.61	-5.12
1079	43.37	-4.6	-5.13
1080	43.41	-4.59	-5.13
1081	43.45	-4.6	-5.13
1082	43.49	-4.59	-5.14
1083	43.53	-4.59	-5.13
1084	43.57	-4.59	-5.13
1085	43.61	-4.58	-5.12
1086	43.65	-4.58	-5.12
1087	43.69	-4.55	-5.12
1088	43.73	-4.52	-5.13
1089	43.77	-4.5	-5.14
1090	43.81	-4.48	-5.16
1091	43.85	-4.46	-5.18
1092	43.89	-4.45	-5.2
1093	43.93	-4.42	-5.21
1094	43.97	-4.41	-5.22
1095	44.01	-4.41	-5.24
1096	44.05	-4.39	-5.25
1097	44.09	-4.38	-5.27
1098	44.13	-4.34	-5.29
1099	44.17	-4.32	-5.3
1100	44.21	-4.31	-5.32
1101	44.25	-4.3	-5.35
1102	44.29	-4.3	-5.36
1103	44.33	-4.29	-5.37
1104	44.37	-4.3	-5.37
1105	44.41	-4.31	-5.35
1106	44.45	-4.31	-5.35
1107	44.49	-4.33	-5.33
1108	44.53	-4.34	-5.3
1109	44.57	-4.36	-5.28
1110	44.61	-4.39	-5.26
1111	44.65	-4.39	-5.24
1112	44.69	-4.42	-5.24
1113	44.73	-4.42	-5.24
1114	44.77	-4.42	-5.24
1115	44.81	-4.45	-5.24
1116	44.85	-4.45	-5.24
1117	44.89	-4.47	-5.23
1118	44.93	-4.5	-5.23
1119	44.97	-4.52	-5.23
1120	45.01	-4.53	-5.24
1121	45.05	-4.55	-5.24
1122	45.09	-4.55	-5.23
1123	45.13	-4.55	-5.23
1124	45.17	-4.56	-5.22
1125	45.21	-4.56	-5.22
1126	45.25	-4.58	-5.21
1127	45.29	-4.58	-5.21
1128	45.33	-4.57	-5.21
1129	45.37	-4.58	-5.21
1130	45.41	-4.59	-5.21
1131	45.45	-4.6	-5.2
1132	45.49	-4.6	-5.19
1133	45.53	-4.61	-5.18
1134	45.57	-4.59	-5.18
1135	45.61	-4.59	-5.18
1136	45.65	-4.57	-5.19
1137	45.69	-4.55	-5.19
1138	45.73	-4.54	-5.2
1139	45.77	-4.49	-5.21
1140	45.81	-4.42	-5.23
1141	45.85	-4.36	-5.26
1142	45.89	-4.29	-5.28
1143	45.93	-4.24	-5.29
1144	45.97	-4.22	-5.27
1145	46.01	-4.19	-5.24
1146	46.05	-4.15	-5.22
1147	46.09	-4.13	-5.21
1148	46.13	-4.08	-5.22
1149	46.17	-4.05	-5.22
1150	46.21	-4.02	-5.22
1151	46.25	-3.99	-5.22
1152	46.29	-3.97	-5.19
1153	46.33	-3.95	-5.16
1154	46.37	-3.94	-5.13
1155	46.41	-3.94	-5.09
1156	46.45	-3.93	-5.06
1157	46.49	-3.89	-5.05
1158	46.53	-3.85	-5.02
1159	46.57	-3.8	-4.99
1160	46.61	-3.7	-4.97
1161	46.65	-3.64	-4.94
1162	46.69	-3.58	-4.94
1163	46.73	-3.53	-4.93
1164	46.77	-3.52	-4.9
1165	46.81	-3.51	-4.88
1166	46.85	-3.5	-4.86
1167	46.89	-3.5	-4.82
1168	46.93	-3.53	-4.78
1169	46.97	-3.56	-4.7
1170	47.01	-3.53	-4.61
1171	47.05	-3.46	-4.49
1172	47.09	-3.34	-4.37
1173	47.13	-3.22	-4.27
1174	47.17	-3.13	-4.17
1175	47.21	-3.05	-4.13
1176	47.25	-3	-4.1
1177	47.29	-2.95	-4.07
1178	47.33	-2.9	-4.03
1179	47.37	-2.86	-3.99
1180	47.41	-2.8	-3.94
1181	47.45	-2.75	-3.91
1182	47.49	-2.73	-3.89
1183	47.53	-2.73	-3.87
1184	47.57	-2.75	-3.87
1185	47.61	-2.77	-3.84
1186	47.65	-2.76	-3.82
1187	47.69	-2.75	-3.8
1188	47.73	-2.74	-3.76
1189	47.77	-2.74	-3.74
1190	47.81	-2.77	-3.69
1191	47.85	-2.79	-3.67
1192	47.89	-2.81	-3.65
1193	47.93	-2.82	-3.61
1194	47.97	-2.8	-3.59
1195	48.01	-2.79	-3.56
1196	48.05	-2.77	-3.53
1197	48.09	-2.75	-3.51
1198	48.13	-2.73	-3.48
1199	48.17	-2.7	-3.43
1200	48.21	-2.67	-3.36
1201	48.25	-2.63	-3.29
1202	48.29	-2.57	-3.21
1203	48.33	-2.51	-3.15
1204	48.37	-2.46	-3.1
1205	48.41	-2.42	-3.07
1206	48.45	-2.41	-3.08
1207	48.49	-2.42	-3.08
1208	48.53	-2.43	-3.08
1209	48.57	-2.44	-3.06
1210	48.61	-2.43	-3.06
1211	48.65	-2.43	-3.06
1212	48.69	-2.41	-3.06
1213	48.73	-2.38	-3.06
1214	48.77	-2.33	-3.05
1215	48.81	-2.28	-3.03
1216	48.85	-2.22	-3.02
1217	48.89	-2.17	-3.01
1218	48.93	-2.15	-3
1219	48.97	-2.15	-2.99
1220	49.01	-2.15	-2.97
1221	49.05	-2.17	-2.95
1222	49.09	-2.17	-2.94
1223	49.13	-2.17	-2.94
1224	49.17	-2.16	-2.95
1225	49.21	-2.14	-2.95
1226	49.25	-2.11	-2.95
1227	49.29	-2.04	-2.94
1228	49.33	-1.98	-2.94
1229	49.37	-1.94	-2.94
1230	49.41	-1.9	-2.95
1231	49.45	-1.89	-2.98
1232	49.49	-1.89	-3
1233	49.53	-1.89	-3.04
1234	49.57	-1.88	-3.05
1235	49.61	-1.87	-3.06
1236	49.65	-1.86	-3.06
1237	49.69	-1.85	-3.07
1238	49.73	-1.86	-3.08
1239	49.77	-1.88	-3.1
1240	49.81	-1.89	-3.11
1241	49.85	-1.91	-3.13
1242	49.89	-1.93	-3.17
1243	49.93	-1.94	-3.18
1244	49.97	-1.94	-3.18
1245	50.01	-1.94	-3.18
1246	50.05	-1.94	-3.18
1247	50.09	-1.95	-3.19
1248	50.13	-1.96	-3.22
1249	50.17	-1.97	-3.25
1250	50.21	-1.96	-3.28
1251	50.25	-1.96	-3.31
1252	50.29	-1.97	-3.35
1253	50.33	-1.98	-3.38
1254	50.37	-1.98	-3.39
1255	50.41	-1.99	-3.4
1256	50.45	-1.99	-3.4
1257	50.49	-2	-3.38
1258	50.53	-2.02	-3.37
1259	50.57	-2.04	-3.35
1260	50.61	-2.06	-3.32
1261	50.65	-2.09	-3.3
1262	50.69	-2.1	-3.29
1263	50.73	-2.1	-3.29
1264	50.77	-2.11	-3.32
1265	50.81	-2.12	-3.35
1266	50.85	-2.14	-3.39
1267	50.89	-2.17	-3.43
1268	50.93	-2.21	-3.47
1269	50.97	-2.24	-3.49
1270	51.01	-2.27	-3.5
1271	51.05	-2.3	-3.5
1272	51.09	-2.31	-3.49
1273	51.13	-2.33	-3.49
1274	51.17	-2.34	-3.49
1275	51.21	-2.34	-3.49
1276	51.25	-2.34	-3.49
1277	51.29	-2.34	-3.48
1278	51.33	-2.33	-3.48
1279	51.37	-2.33	-3.48
1280	51.41	-2.33	-3.48
1281	51.45	-2.33	-3.49
1282	51.49	-2.34	-3.5
1283	51.53	-2.34	-3.5
1284	51.57	-2.34	-3.51
1285	51.61	-2.34	-3.52
1286	51.65	-2.32	-3.51
1287	51.69	-2.32	-3.5
1288	51.73	-2.32	-3.5
1289	51.77	-2.32	-3.49
1290	51.81	-2.33	-3.49
1291	51.85	-2.33	-3.5
1292	51.89	-2.32	-3.49
1293	51.93	-2.32	-3.49
1294	51.97	-2.32	-3.49
1295	52.01	-2.31	-3.49
1296	52.05	-2.31	-3.5
1297	52.09	-2.31	-3.5
1298	52.13	-2.31	-3.49
1299	52.17	-2.32	-3.48
1300	52.21	-2.32	-3.47
1301	52.25	-2.31	-3.47
1302	52.29	-2.31	-3.47
1303	52.33	-2.3	-3.47
1304	52.37	-2.3	-3.47
1305	52.41	-2.29	-3.46
1306	52.45	-2.29	-3.47
1307	52.49	-2.29	-3.47
1308	52.53	-2.28	-3.47
1309	52.57	-2.28	-3.48
1310	52.61	-2.28	-3.47
1311	52.65	-2.28	-3.48
1312	52.69	-2.28	-3.47
1313	52.73	-2.29	-3.47
1314	52.77	-2.28	-3.47
1315	52.81	-2.29	-3.47
1316	52.85	-2.28	-3.47
1317	52.89	-2.28	-3.48
1318	52.93	-2.28	-3.48
1319	52.97	-2.27	-3.47
1320	53.01	-2.27	-3.49
1321	53.05	-2.27	-3.48
1322	53.09	-2.27	-3.48
1323	53.13	-2.27	-3.48
1324	53.17	-2.27	-3.47
1325	53.21	-2.27	-3.46
1326	53.25	-2.28	-3.47
1327	53.29	-2.28	-3.47
1328	53.33	-2.28	-3.46
1329	53.37	-2.28	-3.46
1330	53.41	-2.28	-3.46
1331	53.45	-2.29	-3.46
1332	53.49	-2.3	-3.47
1333	53.53	-2.31	-3.5
1334	53.57	-2.31	-3.49
1335	53.61	-2.31	-3.49
1336	53.65	-2.32	-3.49
1337	53.69	-2.31	-3.48
1338	53.73	-2.33	-3.49
1339	53.77	-2.34	-3.49
1340	53.81	-2.34	-3.48
1341	53.85	-2.34	-3.49
1342	53.89	-2.33	-3.48
1343	53.93	-2.33	-3.5
1344	53.97	-2.33	-3.51
1345	54.01	-2.34	-3.51
1346	54.05	-2.34	-3.51
1347	54.09	-2.34	-3.49
1348	54.13	-2.33	-3.48
1349	54.17	-2.32	-3.46
1350	54.21	-2.31	-3.47
1351	54.25	-2.31	-3.47
1352	54.29	-2.31	-3.46
1353	54.33	-2.31	-3.47
1354	54.37	-2.31	-3.47
1355	54.41	-2.3	-3.47
1356	54.45	-2.3	-3.47
1357	54.49	-2.3	-3.48
1358	54.53	-2.29	-3.47
1359	54.57	-2.29	-3.46
1360	54.61	-2.29	-3.46
1361	54.65	-2.28	-3.46
1362	54.69	-2.28	-3.47
1363	54.73	-2.27	-3.47
1364	54.77	-2.26	-3.46
1365	54.81	-2.26	-3.46
1366	54.85	-2.26	-3.45
1367	54.89	-2.25	-3.45
1368	54.93	-2.25	-3.44
1369	54.97	-2.25	-3.44
1370	55.01	-2.25	-3.45
1371	55.05	-2.25	-3.46
1372	55.09	-2.25	-3.46
1373	55.13	-2.25	-3.47
1374	55.17	-2.25	-3.46
1375	55.21	-2.26	-3.47
1376	55.25	-2.26	-3.47
1377	55.29	-2.26	-3.47
1378	55.33	-2.25	-3.46
1379	55.37	-2.25	-3.46
1380	55.41	-2.25	-3.45
1381	55.45	-2.26	-3.46
1382	55.49	-2.28	-3.47
1383	55.53	-2.28	-3.47
1384	55.57	-2.3	-3.48
1385	55.61	-2.31	-3.49
1386	55.65	-2.3	-3.48
1387	55.69	-2.29	-3.47
1388	55.73	-2.28	-3.46
1389	55.77	-2.27	-3.45
1390	55.81	-2.27	-3.45
1391	55.85	-2.28	-3.45
1392	55.89	-2.27	-3.44
1393	55.93	-2.28	-3.44
1394	55.97	-2.28	-3.44
1395	56.01	-2.26	-3.44
1396	56.05	-2.27	-3.45
1397	56.09	-2.27	-3.45
1398	56.13	-2.27	-3.45
1399	56.17	-2.28	-3.45
1400	56.21	-2.27	-3.45
1401	56.25	-2.26	-3.44
1402	56.29	-2.26	-3.45
1403	56.33	-2.25	-3.45
1404	56.37	-2.25	-3.45
1405	56.41	-2.24	-3.45
1406	56.45	-2.24	-3.44
1407	56.49	-2.25	-3.44
1408	56.53	-2.25	-3.44
1409	56.57	-2.26	-3.44
1410	56.61	-2.25	-3.44
1411	56.64	-2.25	-3.44
1412	56.68	-2.26	-3.44
1413	56.72	-2.25	-3.44
1414	56.76	-2.26	-3.43
1415	56.8	-2.25	-3.42
1416	56.84	-2.25	-3.42
1417	56.88	-2.25	-3.42
1418	56.92	-2.25	-3.42
1419	56.96	-2.25	-3.43
1420	57.01	-2.25	-3.42
1421	57.05	-2.25	-3.43
1422	57.08	-2.26	-3.44
1423	57.12	-2.25	-3.44
1424	57.16	-2.25	-3.46
1425	57.2	-2.25	-3.46
1426	57.24	-2.25	-3.45
1427	57.28	-2.25	-3.46
1428	57.32	-2.24	-3.44
1429	57.36	-2.24	-3.43
1430	57.4	-2.24	-3.43
1431	57.44	-2.23	-3.42
1432	57.48	-2.24	-3.43
1433	57.52	-2.24	-3.43
1434	57.56	-2.25	-3.43
1435	57.6	-2.24	-3.43
1436	57.64	-2.23	-3.43
1437	57.68	-2.23	-3.42
1438	57.72	-2.23	-3.43
1439	57.76	-2.24	-3.43
1440	57.8	-2.24	-3.43
1441	57.84	-2.24	-3.43
1442	57.88	-2.23	-3.42
1443	57.92	-2.23	-3.41
1444	57.96	-2.23	-3.41
1445	58	-2.24	-3.41
1446	58.04	-2.24	-3.42
1447	58.08	-2.25	-3.43
1448	58.12	-2.25	-3.43
1449	58.16	-2.24	-3.43
1450	58.2	-2.24	-3.43
1451	58.24	-2.23	-3.43
1452	58.28	-2.24	-3.43
1453	58.32	-2.25	-3.44
1454	58.36	-2.26	-3.44
1455	58.4	-2.26	-3.45
1456	58.44	-2.27	-3.45
1457	58.48	-2.27	-3.44
1458	58.52	-2.28	-3.45
1459	58.56	-2.28	-3.45
1460	58.6	-2.28	-3.45
1461	58.64	-2.29	-3.46
1462	58.68	-2.28	-3.46
1463	58.72	-2.28	-3.46
1464	58.76	-2.27	-3.45
1465	58.8	-2.27	-3.46
1466	58.84	-2.27	-3.46
1467	58.88	-2.26	-3.45
1468	58.92	-2.26	-3.45
1469	58.96	-2.25	-3.44
1470	59	-2.25	-3.44
1471	59.04	-2.25	-3.44
1472	59.08	-2.24	-3.44
1473	59.12	-2.24	-3.44
1474	59.16	-2.24	-3.44
1475	59.2	-2.23	-3.44
1476	59.24	-2.23	-3.44
1477	59.28	-2.23	-3.43
1478	59.32	-2.24	-3.44
1479	59.36	-2.24	-3.44
1480	59.4	-2.24	-3.43
1481	59.44	-2.24	-3.44
1482	59.48	-2.25	-3.44
1483	59.52	-2.24	-3.44
1484	59.56	-2.24	-3.44
1485	59.6	-2.23	-3.44
1486	59.64	-2.23	-3.44
1487	59.68	-2.24	-3.44
1488	59.72	-2.25	-3.43
1489	59.76	-2.26	-3.42
1490	59.8	-2.27	-3.4
1491	59.84	-2.28	-3.34
1492	59.88	-2.29	-3.3
1493	59.92	-2.29	-3.27
1494	59.96	-2.29	-3.24
1495	60	-2.29	-3.24
1496	60.04	-2.29	-3.23
1497	60.08	-2.28	-3.21
1498	60.12	-2.28	-3.18
1499	60.16	-2.26	-3.16
1500	60.2	-2.25	-3.13
1501	60.24	-2.25	-3.09
1502	60.28	-2.25	-3.08
1503	60.32	-2.25	-3.07
1504	60.36	-2.25	-3.05
1505	60.4	-2.25	-3.07
1506	60.44	-2.25	-3.05
1507	60.48	-2.27	-3.05
1508	60.52	-2.28	-3.05
1509	60.56	-2.29	-3.03
1510	60.6	-2.3	-3.04
1511	60.64	-2.31	-3.02
1512	60.68	-2.32	-3.01
1513	60.72	-2.34	-3
1514	60.76	-2.34	-2.98
1515	60.8	-2.35	-2.97
1516	60.84	-2.36	-2.95
1517	60.88	-2.36	-2.94
1518	60.92	-2.35	-2.92
1519	60.96	-2.35	-2.9
1520	61	-2.34	-2.89
1521	61.04	-2.34	-2.87
1522	61.08	-2.35	-2.87
1523	61.12	-2.35	-2.86
1524	61.16	-2.37	-2.84
1525	61.2	-2.39	-2.85
1526	61.24	-2.41	-2.85
1527	61.28	-2.42	-2.83
1528	61.32	-2.44	-2.84
1529	61.36	-2.45	-2.82
1530	61.4	-2.46	-2.81
1531	61.44	-2.46	-2.8
1532	61.48	-2.45	-2.78
1533	61.52	-2.44	-2.77
1534	61.56	-2.44	-2.76
1535	61.6	-2.44	-2.76
1536	61.64	-2.44	-2.76
1537	61.68	-2.44	-2.76
1538	61.72	-2.44	-2.77
1539	61.76	-2.44	-2.79
1540	61.8	-2.44	-2.8
1541	61.84	-2.45	-2.83
1542	61.88	-2.46	-2.84
1543	61.92	-2.46	-2.87
1544	61.96	-2.46	-2.89
1545	62	-2.46	-2.91
1546	62.04	-2.46	-2.93
1547	62.08	-2.46	-2.94
1548	62.12	-2.45	-2.94
1549	62.16	-2.45	-2.95
1550	62.2	-2.43	-2.97
1551	62.24	-2.43	-3
1552	62.28	-2.43	-3.04
1553	62.32	-2.43	-3.06
1554	62.36	-2.43	-3.09
1555	62.4	-2.43	-3.12
1556	62.44	-2.44	-3.14
1557	62.48	-2.45	-3.18
1558	62.52	-2.45	-3.2
1559	62.56	-2.44	-3.2
1560	62.6	-2.43	-3.21
1561	62.64	-2.4	-3.21
1562	62.68	-2.37	-3.2
1563	62.72	-2.35	-3.22
1564	62.76	-2.33	-3.23
1565	62.8	-2.32	-3.25
1566	62.84	-2.31	-3.25
1567	62.88	-2.31	-3.29
1568	62.92	-2.3	-3.3
1569	62.96	-2.31	-3.32
1570	63	-2.32	-3.35
1571	63.04	-2.33	-3.37
1572	63.08	-2.35	-3.41
1573	63.12	-2.37	-3.44
1574	63.16	-2.38	-3.47
1575	63.2	-2.38	-3.47
1576	63.24	-2.37	-3.48
1577	63.28	-2.36	-3.49
1578	63.32	-2.36	-3.49
1579	63.36	-2.35	-3.5
1580	63.4	-2.35	-3.51
1581	63.44	-2.34	-3.52
1582	63.48	-2.33	-3.54
1583	63.52	-2.32	-3.55
1584	63.56	-2.3	-3.55
1585	63.6	-2.29	-3.55
1586	63.64	-2.29	-3.55
1587	63.68	-2.27	-3.54
1588	63.72	-2.26	-3.54
1589	63.76	-2.24	-3.53
1590	63.8	-2.23	-3.52
1591	63.84	-2.23	-3.53
1592	63.88	-2.22	-3.52
1593	63.92	-2.23	-3.53
1594	63.96	-2.23	-3.54
1595	64	-2.23	-3.54
1596	64.04	-2.23	-3.56
1597	64.08	-2.22	-3.57
1598	64.12	-2.23	-3.58
1599	64.16	-2.25	-3.6
1600	64.2	-2.24	-3.62
1601	64.24	-2.24	-3.64
1602	64.28	-2.22	-3.64
1603	64.32	-2.21	-3.64
1604	64.36	-2.2	-3.63
1605	64.4	-2.2	-3.63
1606	64.44	-2.2	-3.63
1607	64.48	-2.2	-3.63
1608	64.52	-2.2	-3.63
1609	64.56	-2.19	-3.62
1610	64.6	-2.2	-3.62
1611	64.64	-2.19	-3.59
1612	64.68	-2.2	-3.59
1613	64.72	-2.2	-3.59
1614	64.76	-2.22	-3.59
1615	64.8	-2.25	-3.59
1616	64.84	-2.27	-3.6
1617	64.88	-2.28	-3.6
1618	64.92	-2.27	-3.59
1619	64.96	-2.25	-3.59
1620	65	-2.23	-3.57
1621	65.04	-2.22	-3.55
1622	65.08	-2.2	-3.53
1623	65.12	-2.19	-3.51
1624	65.16	-2.19	-3.49
1625	65.2	-2.2	-3.46
1626	65.24	-2.22	-3.43
1627	65.28	-2.25	-3.38
1628	65.32	-2.26	-3.32
1629	65.36	-2.27	-3.27
1630	65.4	-2.27	-3.23
1631	65.44	-2.28	-3.2
1632	65.48	-2.29	-3.19
1633	65.52	-2.3	-3.18
1634	65.56	-2.31	-3.17
1635	65.6	-2.33	-3.16
1636	65.64	-2.34	-3.15
1637	65.68	-2.37	-3.16
1638	65.72	-2.38	-3.18
1639	65.76	-2.39	-3.19
1640	65.8	-2.41	-3.2
1641	65.84	-2.42	-3.19
1642	65.88	-2.42	-3.19
1643	65.92	-2.43	-3.2
1644	65.96	-2.44	-3.19
1645	66	-2.46	-3.21
1646	66.04	-2.47	-3.2
1647	66.08	-2.48	-3.21
1648	66.12	-2.5	-3.22
1649	66.16	-2.52	-3.22
1650	66.2	-2.54	-3.22
1651	66.24	-2.56	-3.2
1652	66.28	-2.56	-3.18
1653	66.32	-2.57	-3.15
1654	66.36	-2.57	-3.12
1655	66.4	-2.57	-3.1
1656	66.44	-2.58	-3.09
1657	66.48	-2.58	-3.07
1658	66.52	-2.59	-3.04
1659	66.56	-2.6	-3.04
1660	66.6	-2.61	-3.04
1661	66.64	-2.62	-3.06
1662	66.68	-2.63	-3.08
1663	66.72	-2.63	-3.09
1664	66.76	-2.64	-3.1
1665	66.8	-2.64	-3.13
1666	66.84	-2.64	-3.15
1667	66.88	-2.64	-3.19
1668	66.92	-2.63	-3.22
1669	66.96	-2.62	-3.24
1670	67	-2.6	-3.26
1671	67.04	-2.59	-3.28
1672	67.08	-2.58	-3.31
1673	67.12	-2.55	-3.34
1674	67.16	-2.54	-3.37
1675	67.2	-2.53	-3.42
1676	67.24	-2.53	-3.45
1677	67.28	-2.52	-3.48
1678	67.32	-2.52	-3.53
1679	67.36	-2.49	-3.55
1680	67.4	-2.46	-3.57
1681	67.44	-2.45	-3.61
1682	67.48	-2.45	-3.66
1683	67.52	-2.47	-3.74
1684	67.56	-2.47	-3.81
1685	67.6	-2.46	-3.87
1686	67.64	-2.43	-3.91
1687	67.68	-2.4	-3.93
1688	67.72	-2.4	-3.96
1689	67.76	-2.39	-3.99
1690	67.8	-2.4	-4.02
1691	67.84	-2.41	-4.05
1692	67.88	-2.42	-4.08
1693	67.92	-2.44	-4.11
1694	67.96	-2.45	-4.15
1695	68	-2.45	-4.18
1696	68.04	-2.44	-4.21
1697	68.08	-2.43	-4.24
1698	68.12	-2.41	-4.27
1699	68.16	-2.37	-4.31
1700	68.2	-2.35	-4.36
1701	68.24	-2.3	-4.39
1702	68.28	-2.27	-4.42
1703	68.32	-2.25	-4.45
1704	68.36	-2.19	-4.5
1705	68.4	-2.13	-4.57
1706	68.44	-2.07	-4.64
1707	68.48	-2.04	-4.71
1708	68.52	-2.04	-4.76
1709	68.56	-2.04	-4.82
1710	68.6	-2.06	-4.87
1711	68.64	-2.07	-4.92
1712	68.68	-2.07	-4.96
1713	68.72	-2.05	-4.99
1714	68.76	-2.04	-5.02
1715	68.8	-2.03	-5.04
1716	68.84	-2.01	-5.06
1717	68.88	-2	-5.1
1718	68.92	-1.97	-5.12
1719	68.96	-1.93	-5.15
1720	69	-1.87	-5.17
1721	69.04	-1.81	-5.18
1722	69.08	-1.74	-5.2
1723	69.12	-1.7	-5.24
1724	69.16	-1.66	-5.29
1725	69.2	-1.65	-5.36
1726	69.24	-1.61	-5.45
1727	69.28	-1.57	-5.56
1728	69.32	-1.54	-5.67
1729	69.36	-1.52	-5.78
1730	69.4	-1.51	-5.89
1731	69.44	-1.51	-6.01
1732	69.48	-1.53	-6.14
1733	69.52	-1.54	-6.27
1734	69.56	-1.56	-6.43
1735	69.6	-1.59	-6.59
1736	69.64	-1.61	-6.72
1737	69.68	-1.64	-6.83
1738	69.72	-1.68	-6.9
1739	69.76	-1.72	-6.98
1740	69.8	-1.75	-7.06
1741	69.84	-1.8	-7.12
1742	69.88	-1.84	-7.17
1743	69.92	-1.86	-7.23
1744	69.96	-1.89	-7.3
1745	70	-1.9	-7.38
1746	70.04	-1.92	-7.42
1747	70.08	-1.95	-7.45
1748	70.12	-1.99	-7.51
1749	70.16	-2.04	-7.61
1750	70.2	-2.11	-7.75
1751	70.24	-2.19	-7.85
1752	70.28	-2.28	-7.92
1753	70.32	-2.36	-7.98
1754	70.36	-2.44	-7.99
1755	70.4	-2.54	-8.01
1756	70.44	-2.62	-8.03
1757	70.48	-2.68	-8.02
1758	70.52	-2.73	-8.03
1759	70.56	-2.73	-8.05
1760	70.6	-2.74	-8.07
1761	70.64	-2.76	-8.11
1762	70.68	-2.78	-8.16
1763	70.72	-2.82	-8.21
1764	70.76	-2.85	-8.26
1765	70.8	-2.88	-8.31
1766	70.84	-2.91	-8.36
1767	70.88	-2.95	-8.4
1768	70.92	-3.01	-8.43
1769	70.96	-3.1	-8.44
1770	71	-3.21	-8.46
1771	71.04	-3.33	-8.49
1772	71.08	-3.46	-8.54
1773	71.12	-3.57	-8.6
1774	71.16	-3.66	-8.64
1775	71.2	-3.73	-8.65
1776	71.24	-3.8	-8.68
1777	71.28	-3.89	-8.71
1778	71.32	-3.98	-8.74
1779	71.36	-4.09	-8.78
1780	71.4	-4.2	-8.78
1781	71.44	-4.27	-8.73
1782	71.48	-4.32	-8.67
1783	71.52	-4.37	-8.59
1784	71.56	-4.4	-8.52
1785	71.6	-4.45	-8.49
1786	71.64	-4.48	-8.46
1787	71.68	-4.51	-8.44
1788	71.72	-4.54	-8.45
1789	71.76	-4.56	-8.44
1790	71.8	-4.63	-8.46
1791	71.84	-4.7	-8.47
1792	71.88	-4.77	-8.5
1793	71.92	-4.84	-8.53
1794	71.96	-4.87	-8.55
1795	72	-4.91	-8.58
1796	72.04	-4.97	-8.58
1797	72.08	-5.07	-8.59
1798	72.12	-5.17	-8.59
1799	72.16	-5.29	-8.57
1800	72.2	-5.37	-8.56
1801	72.24	-5.41	-8.55
1802	72.28	-5.46	-8.55
1803	72.32	-5.5	-8.57
1804	72.36	-5.52	-8.6
1805	72.4	-5.55	-8.64
1806	72.44	-5.56	-8.67
1807	72.48	-5.56	-8.7
1808	72.52	-5.58	-8.74
1809	72.56	-5.58	-8.76
1810	72.6	-5.61	-8.8
1811	72.64	-5.61	-8.81
1812	72.68	-5.61	-8.81
1813	72.72	-5.61	-8.81
1814	72.76	-5.59	-8.8
1815	72.8	-5.59	-8.8
1816	72.84	-5.58	-8.79
1817	72.88	-5.58	-8.79
1818	72.92	-5.56	-8.78
1819	72.96	-5.54	-8.77
1820	73	-5.52	-8.76
1821	73.04	-5.48	-8.74
1822	73.08	-5.46	-8.74
1823	73.12	-5.42	-8.72
1824	73.16	-5.35	-8.68
1825	73.2	-5.29	-8.64
1826	73.24	-5.21	-8.58
1827	73.28	-5.15	-8.53
1828	73.32	-5.14	-8.52
1829	73.36	-5.11	-8.51
1830	73.4	-5.14	-8.53
1831	73.44	-5.15	-8.55
1832	73.48	-5.14	-8.53
1833	73.52	-5.17	-8.53
1834	73.56	-5.12	-8.49
1835	73.6	-5.1	-8.46
1836	73.64	-5.07	-8.44
1837	73.68	-5.03	-8.41
1838	73.72	-5.03	-8.4
1839	73.76	-5.02	-8.37
1840	73.8	-4.97	-8.32
1841	73.84	-4.93	-8.28
1842	73.88	-4.88	-8.25
1843	73.92	-4.83	-8.23
1844	73.96	-4.82	-8.23
1845	74	-4.8	-8.21
1846	74.04	-4.78	-8.19
1847	74.08	-4.76	-8.18
1848	74.12	-4.78	-8.18
1849	74.16	-4.8	-8.18
1850	74.2	-4.83	-8.19
1851	74.24	-4.88	-8.19
1852	74.28	-4.91	-8.19
1853	74.32	-4.93	-8.19
1854	74.36	-4.98	-8.15
1855	74.4	-4.99	-8.08
1856	74.44	-4.99	-7.93
1857	74.48	-4.97	-7.78
1858	74.52	-4.91	-7.62
1859	74.56	-4.87	-7.45
1860	74.6	-4.86	-7.33
1861	74.64	-4.86	-7.22
1862	74.68	-4.88	-7.13
1863	74.72	-4.9	-7.05
1864	74.76	-4.92	-6.93
1865	74.8	-4.91	-6.79
1866	74.84	-4.87	-6.64
1867	74.88	-4.85	-6.47
1868	74.92	-4.79	-6.35
1869	74.96	-4.74	-6.25
1870	75	-4.69	-6.13
1871	75.04	-4.6	-6.09
1872	75.08	-4.51	-6.04
1873	75.12	-4.43	-5.99
1874	75.16	-4.37	-5.98
1875	75.2	-4.34	-5.94
1876	75.24	-4.34	-5.89
1877	75.28	-4.31	-5.85
1878	75.32	-4.26	-5.8
1879	75.36	-4.2	-5.75
1880	75.4	-4.12	-5.7
1881	75.44	-4.01	-5.63
1882	75.48	-3.87	-5.5
1883	75.52	-3.7	-5.37
1884	75.56	-3.54	-5.27
1885	75.6	-3.41	-5.2
1886	75.64	-3.29	-5.19
1887	75.68	-3.2	-5.19
1888	75.72	-3.12	-5.23
1889	75.76	-3.04	-5.26
1890	75.8	-2.99	-5.3
1891	75.84	-2.95	-5.34
1892	75.88	-2.94	-5.36
1893	75.92	-2.94	-5.36
1894	75.96	-2.93	-5.33
1895	76	-2.91	-5.28
1896	76.04	-2.89	-5.22
1897	76.08	-2.86	-5.15
1898	76.12	-2.82	-5.07
1899	76.16	-2.77	-4.99
1900	76.2	-2.71	-4.9
1901	76.24	-2.65	-4.85
1902	76.28	-2.57	-4.84
1903	76.32	-2.48	-4.87
1904	76.36	-2.37	-4.9
1905	76.4	-2.24	-4.9
1906	76.44	-2.11	-4.88
1907	76.48	-1.98	-4.86
1908	76.52	-1.87	-4.86
1909	76.56	-1.77	-4.87
1910	76.6	-1.63	-4.9
1911	76.64	-1.46	-4.93
1912	76.68	-1.27	-4.97
1913	76.72	-1.07	-5.02
1914	76.76	-0.92	-5.08
1915	76.8	-0.81	-5.15
1916	76.84	-0.74	-5.22
1917	76.88	-0.7	-5.29
1918	76.92	-0.65	-5.35
1919	76.96	-0.6	-5.39
1920	77	-0.54	-5.42
1921	77.04	-0.45	-5.42
1922	77.08	-0.39	-5.42
1923	77.12	-0.3	-5.4
1924	77.16	-0.23	-5.4
1925	77.2	-0.15	-5.46
1926	77.24	0.02	-5.53
1927	77.28	0.15	-5.62
1928	77.32	0.26	-5.68
1929	77.36	0.33	-5.69
1930	77.4	0.37	-5.69
1931	77.44	0.4	-5.68
1932	77.48	0.43	-5.65
1933	77.52	0.47	-5.6
1934	77.56	0.48	-5.54
1935	77.6	0.48	-5.49
1936	77.64	0.48	-5.45
1937	77.68	0.49	-5.4
1938	77.72	0.47	-5.39
1939	77.76	0.5	-5.35
1940	77.8	0.52	-5.32
1941	77.84	0.54	-5.3
1942	77.88	0.57	-5.27
1943	77.92	0.57	-5.24
1944	77.96	0.6	-5.21
1945	78	0.62	-5.19
1946	78.04	0.67	-5.15
1947	78.08	0.72	-5.13
1948	78.12	0.75	-5.12
1949	78.16	0.77	-5.12
1950	78.2	0.76	-5.11
1951	78.24	0.76	-5.09
1952	78.28	0.77	-5.06
1953	78.32	0.77	-5.03
1954	78.36	0.78	-4.99
1955	78.4	0.78	-4.92
1956	78.44	0.78	-4.82
1957	78.48	0.82	-4.7
1958	78.52	0.86	-4.58
1959	78.56	0.87	-4.49
1960	78.6	0.93	-4.41
1961	78.64	0.95	-4.36
1962	78.68	0.98	-4.34
1963	78.72	1.03	-4.3
1964	78.76	1.06	-4.24
1965	78.8	1.1	-4.13
1966	78.84	1.15	-3.98
1967	78.88	1.2	-3.84
1968	78.92	1.22	-3.74
1969	78.96	1.23	-3.67
1970	79	1.22	-3.63
1971	79.04	1.21	-3.58
1972	79.08	1.2	-3.53
1973	79.12	1.19	-3.5
1974	79.16	1.19	-3.46
1975	79.2	1.19	-3.43
1976	79.24	1.2	-3.39
1977	79.28	1.2	-3.35
1978	79.32	1.19	-3.32
1979	79.36	1.2	-3.29
1980	79.4	1.23	-3.26
1981	79.44	1.25	-3.24
1982	79.48	1.28	-3.2
1983	79.52	1.29	-3.18
1984	79.56	1.29	-3.16
1985	79.6	1.3	-3.14
1986	79.64	1.3	-3.13
1987	79.68	1.31	-3.11
1988	79.72	1.32	-3.11
1989	79.76	1.33	-3.1
1990	79.8	1.33	-3.1
1991	79.84	1.33	-3.11
1992	79.88	1.32	-3.11
1993	79.92	1.32	-3.12
1994	79.96	1.31	-3.13
1995	80	1.29	-3.15
1996	80.04	1.25	-3.22
1997	80.08	1.21	-3.31
1998	80.12	1.18	-3.41
1999	80.16	1.13	-3.52
2000	80.2	1.1	-3.62
2001	80.24	1.04	-3.71
2002	80.28	1	-3.77
2003	80.32	0.95	-3.8
2004	80.36	0.93	-3.82
2005	80.4	0.92	-3.84
2006	80.44	0.91	-3.86
2007	80.48	0.89	-3.89
2008	80.52	0.83	-3.93
2009	80.56	0.76	-3.98
2010	80.6	0.66	-4.04
2011	80.64	0.59	-4.09
2012	80.68	0.51	-4.14
2013	80.72	0.49	-4.16
2014	80.76	0.45	-4.21
2015	80.8	0.43	-4.25
2016	80.84	0.4	-4.28
2017	80.88	0.34	-4.32
2018	80.92	0.27	-4.34
2019	80.96	0.19	-4.38
2020	81	0.1	-4.46
2021	81.04	0.04	-4.53
2022	81.08	-0.02	-4.61
2023	81.12	-0.07	-4.67
2024	81.16	-0.1	-4.7
2025	81.2	-0.12	-4.73
2026	81.24	-0.14	-4.73
2027	81.28	-0.14	-4.72
2028	81.32	-0.14	-4.71
2029	81.36	-0.15	-4.71
2030	81.4	-0.17	-4.72
2031	81.44	-0.19	-4.73
2032	81.48	-0.21	-4.73
2033	81.52	-0.24	-4.74
2034	81.56	-0.28	-4.76
2035	81.6	-0.34	-4.8
2036	81.64	-0.4	-4.88
2037	81.68	-0.48	-4.98
2038	81.72	-0.53	-5.06
2039	81.76	-0.56	-5.15
2040	81.8	-0.57	-5.22
2041	81.84	-0.58	-5.28
2042	81.88	-0.61	-5.33
2043	81.92	-0.64	-5.38
2044	81.96	-0.68	-5.44
2045	82	-0.7	-5.49
2046	82.04	-0.72	-5.55
2047	82.08	-0.74	-5.6
2048	82.12	-0.79	-5.65
2049	82.16	-0.82	-5.71
2050	82.2	-0.84	-5.75
2051	82.24	-0.84	-5.79
2052	82.28	-0.83	-5.83
2053	82.32	-0.83	-5.88
2054	82.36	-0.82	-5.92
2055	82.4	-0.82	-5.97
2056	82.44	-0.83	-6.03
2057	82.48	-0.84	-6.1
2058	82.52	-0.86	-6.18
2059	82.56	-0.87	-6.27
2060	82.6	-0.88	-6.33
2061	82.64	-0.89	-6.4
2062	82.68	-0.9	-6.45
2063	82.72	-0.92	-6.5
2064	82.76	-0.94	-6.54
2065	82.8	-0.95	-6.62
2066	82.84	-0.97	-6.69
2067	82.88	-0.98	-6.77
2068	82.92	-0.99	-6.85
2069	82.96	-1.02	-6.88
2070	83	-1.04	-6.91
2071	83.04	-1.08	-6.92
2072	83.08	-1.11	-6.91
2073	83.12	-1.16	-6.89
2074	83.16	-1.19	-6.88
2075	83.2	-1.22	-6.86
2076	83.24	-1.24	-6.85
2077	83.28	-1.25	-6.84
2078	83.32	-1.26	-6.84
2079	83.36	-1.26	-6.84
2080	83.4	-1.25	-6.85
2081	83.44	-1.25	-6.87
2082	83.48	-1.24	-6.86
2083	83.52	-1.22	-6.85
2084	83.56	-1.2	-6.81
2085	83.6	-1.18	-6.77
2086	83.64	-1.16	-6.74
2087	83.68	-1.14	-6.71
2088	83.72	-1.13	-6.68
2089	83.76	-1.11	-6.64
2090	83.8	-1.08	-6.6
2091	83.84	-1.07	-6.56
2092	83.88	-1.04	-6.53
2093	83.92	-1.03	-6.52
2094	83.96	-1.04	-6.5
2095	84	-1.03	-6.48
2096	84.04	-1.03	-6.47
2097	84.08	-1.04	-6.44
2098	84.12	-1.03	-6.42
2099	84.16	-1.04	-6.4
2100	84.2	-1.07	-6.37
2101	84.24	-1.09	-6.35
2102	84.28	-1.1	-6.36
2103	84.32	-1.08	-6.37
2104	84.36	-1.06	-6.38
2105	84.4	-1.02	-6.41
2106	84.44	-1.01	-6.4
2107	84.48	-1.01	-6.39
2108	84.52	-1.02	-6.38
2109	84.56	-1.07	-6.33
2110	84.6	-1.1	-6.3
2111	84.64	-1.11	-6.27
2112	84.68	-1.1	-6.24
2113	84.72	-1.04	-6.25
2114	84.76	-0.98	-6.26
2115	84.8	-0.94	-6.25
2116	84.84	-0.93	-6.26
2117	84.88	-0.96	-6.22
2118	84.92	-0.97	-6.19
2119	84.96	-0.97	-6.18
2120	85	-0.97	-6.15
2121	85.04	-0.96	-6.14
2122	85.08	-0.96	-6.11
2123	85.12	-0.99	-6.07
2124	85.16	-1	-6.02
2125	85.2	-1.02	-5.98
2126	85.24	-1	-5.93
2127	85.28	-0.98	-5.89
2128	85.32	-0.98	-5.85
2129	85.36	-0.95	-5.84
2130	85.4	-0.97	-5.82
2131	85.44	-0.96	-5.81
2132	85.48	-0.95	-5.82
2133	85.52	-0.96	-5.82
2134	85.56	-0.96	-5.81
2135	85.6	-0.98	-5.83
2136	85.64	-0.97	-5.82
2137	85.68	-0.99	-5.82
2138	85.72	-0.98	-5.83
2139	85.76	-0.97	-5.84
2140	85.8	-0.96	-5.85
2141	85.84	-0.96	-5.86
2142	85.88	-0.97	-5.86
2143	85.92	-1	-5.84
2144	85.96	-1.04	-5.84
2145	86	-1.06	-5.85
2146	86.04	-1.09	-5.85
2147	86.08	-1.1	-5.86
2148	86.12	-1.1	-5.87
2149	86.16	-1.1	-5.87
2150	86.2	-1.1	-5.88
2151	86.24	-1.09	-5.91
2152	86.28	-1.11	-5.91
2153	86.32	-1.11	-5.92
2154	86.36	-1.12	-5.93
2155	86.4	-1.14	-5.91
2156	86.44	-1.14	-5.9
2157	86.48	-1.15	-5.91
2158	86.52	-1.15	-5.9
2159	86.56	-1.17	-5.91
2160	86.6	-1.17	-5.91
2161	86.64	-1.18	-5.91
2162	86.68	-1.19	-5.92
2163	86.72	-1.22	-5.92
2164	86.76	-1.26	-5.9
2165	86.8	-1.29	-5.9
2166	86.84	-1.31	-5.89
2167	86.88	-1.32	-5.89
2168	86.92	-1.34	-5.9
2169	86.96	-1.36	-5.91
2170	87	-1.36	-5.93
2171	87.04	-1.38	-5.96
2172	87.08	-1.39	-5.99
2173	87.12	-1.39	-6.02
2174	87.16	-1.42	-6.03
2175	87.2	-1.43	-6.04
2176	87.24	-1.42	-6.06
2177	87.28	-1.41	-6.07
2178	87.32	-1.41	-6.08
2179	87.36	-1.41	-6.1
2180	87.4	-1.42	-6.1
2181	87.44	-1.43	-6.11
2182	87.48	-1.43	-6.12
2183	87.52	-1.45	-6.12
2184	87.56	-1.46	-6.12
2185	87.6	-1.46	-6.11
2186	87.64	-1.47	-6.11
2187	87.68	-1.48	-6.1
2188	87.72	-1.5	-6.09
2189	87.76	-1.5	-6.08
2190	87.8	-1.51	-6.07
2191	87.84	-1.51	-6.08
2192	87.88	-1.51	-6.07
2193	87.92	-1.51	-6.07
2194	87.96	-1.52	-6.06
2195	88	-1.53	-6.05
2196	88.04	-1.54	-6.03
2197	88.08	-1.55	-6.02
2198	88.12	-1.56	-6.02
2199	88.16	-1.56	-6.01
2200	88.2	-1.56	-6.03
2201	88.24	-1.55	-6.04
2202	88.28	-1.55	-6.05
2203	88.32	-1.55	-6.06
2204	88.36	-1.55	-6.05
2205	88.4	-1.55	-6.04
2206	88.44	-1.55	-6.04
2207	88.48	-1.54	-6.04
2208	88.52	-1.54	-6.05
2209	88.56	-1.53	-6.06
2210	88.6	-1.53	-6.07
2211	88.64	-1.53	-6.06
2212	88.68	-1.53	-6.05
2213	88.72	-1.54	-6.05
2214	88.76	-1.54	-6.05
2215	88.8	-1.54	-6.05
2216	88.84	-1.53	-6.05
2217	88.88	-1.53	-6.05
2218	88.92	-1.53	-6.05
2219	88.96	-1.53	-6.06
2220	89	-1.53	-6.06
2221	89.04	-1.52	-6.07
2222	89.08	-1.52	-6.06
2223	89.12	-1.52	-6.06
2224	89.16	-1.51	-6.08
2225	89.2	-1.51	-6.07
2226	89.24	-1.51	-6.09
2227	89.28	-1.51	-6.1
2228	89.32	-1.52	-6.09
2229	89.36	-1.52	-6.1
2230	89.4	-1.52	-6.09
2231	89.44	-1.52	-6.08
2232	89.48	-1.53	-6.07
2233	89.52	-1.53	-6.06
2234	89.56	-1.53	-6.06
2235	89.6	-1.52	-6.08
2236	89.64	-1.52	-6.09
2237	89.68	-1.52	-6.09
2238	89.72	-1.52	-6.1
2239	89.76	-1.52	-6.09
2240	89.8	-1.52	-6.09
2241	89.84	-1.52	-6.1
2242	89.88	-1.51	-6.1
2243	89.92	-1.52	-6.09
2244	89.96	-1.51	-6.09
2245	90	-1.51	-6.1
2246	90.04	-1.51	-6.11
2247	90.08	-1.51	-6.11
2248	90.12	-1.51	-6.11
2249	90.16	-1.52	-6.1
2250	90.2	-1.52	-6.1
2251	90.24	-1.52	-6.11
2252	90.28	-1.51	-6.12
2253	90.32	-1.51	-6.12
2254	90.36	-1.51	-6.11
2255	90.4	-1.52	-6.11
2256	90.44	-1.52	-6.1
2257	90.48	-1.52	-6.1
2258	90.52	-1.51	-6.13
2259	90.56	-1.51	-6.14
2260	90.6	-1.51	-6.14
2261	90.64	-1.51	-6.13
2262	90.68	-1.51	-6.13
2263	90.72	-1.51	-6.14
2264	90.76	-1.51	-6.15
2265	90.8	-1.51	-6.15
2266	90.84	-1.51	-6.15
2267	90.88	-1.52	-6.14
2268	90.92	-1.52	-6.13
2269	90.96	-1.51	-6.15
2270	91	-1.49	-6.17
2271	91.04	-1.49	-6.17
2272	91.08	-1.48	-6.19
2273	91.12	-1.48	-6.18
2274	91.16	-1.5	-6.16
2275	91.2	-1.5	-6.16
2276	91.24	-1.51	-6.15
2277	91.28	-1.5	-6.16
2278	91.32	-1.49	-6.17
2279	91.36	-1.49	-6.17
2280	91.4	-1.5	-6.17
2281	91.44	-1.51	-6.15
2282	91.48	-1.51	-6.14
2283	91.52	-1.51	-6.14
2284	91.56	-1.51	-6.12
2285	91.6	-1.51	-6.13
2286	91.64	-1.51	-6.12
2287	91.68	-1.51	-6.12
2288	91.72	-1.51	-6.12
2289	91.76	-1.51	-6.12
2290	91.8	-1.49	-6.12
2291	91.84	-1.49	-6.12
2292	91.88	-1.47	-6.12
2293	91.92	-1.46	-6.11
2294	91.96	-1.47	-6.09
2295	92	-1.46	-6.08
2296	92.04	-1.46	-6.06
2297	92.08	-1.45	-6.06
2298	92.12	-1.44	-6.07
2299	92.16	-1.42	-6.07
2300	92.2	-1.4	-6.09
2301	92.24	-1.39	-6.1
2302	92.28	-1.38	-6.11
2303	92.32	-1.39	-6.1
2304	92.36	-1.39	-6.09
2305	92.4	-1.37	-6.1
2306	92.44	-1.37	-6.1
2307	92.48	-1.36	-6.1
2308	92.52	-1.35	-6.11
2309	92.56	-1.37	-6.07
2310	92.6	-1.37	-6.06
2311	92.64	-1.37	-6.05
2312	92.68	-1.39	-6.03
2313	92.72	-1.37	-6.04
2314	92.76	-1.37	-6.05
2315	92.8	-1.36	-6.05
2316	92.84	-1.35	-6.03
2317	92.88	-1.35	-6.01
2318	92.92	-1.35	-6.01
2319	92.96	-1.35	-6
2320	93	-1.33	-6.01
2321	93.04	-1.32	-6.02
2322	93.08	-1.31	-6.03
2323	93.12	-1.3	-6.01
2324	93.16	-1.31	-5.99
2325	93.2	-1.3	-5.98
2326	93.24	-1.3	-5.97
2327	93.28	-1.28	-5.97
2328	93.32	-1.27	-5.98
2329	93.36	-1.26	-5.99
2330	93.4	-1.26	-5.99
2331	93.44	-1.24	-5.99
2332	93.48	-1.22	-6
2333	93.52	-1.19	-6
2334	93.56	-1.19	-6
2335	93.6	-1.21	-6.01
2336	93.64	-1.22	-6.01
2337	93.68	-1.23	-6
2338	93.72	-1.21	-6.01
2339	93.76	-1.2	-6.01
2340	93.8	-1.19	-6.01
2341	93.84	-1.2	-6
2342	93.88	-1.21	-6
2343	93.92	-1.21	-5.99
2344	93.96	-1.21	-5.99
2345	94	-1.19	-6.01
2346	94.04	-1.19	-6.01
2347	94.08	-1.19	-6.01
2348	94.12	-1.2	-6
2349	94.16	-1.21	-5.99
2350	94.2	-1.21	-5.99
2351	94.24	-1.21	-6
2352	94.28	-1.21	-6.01
2353	94.32	-1.22	-6.03
2354	94.36	-1.21	-6.03
2355	94.4	-1.2	-6.04
2356	94.44	-1.21	-6.04
2357	94.47	-1.2	-6.03
2358	94.52	-1.2	-6.02
2359	94.55	-1.2	-6
2360	94.59	-1.17	-6.01
2361	94.63	-1.14	-6.01
2362	94.67	-1.12	-6.03
2363	94.71	-1.08	-6.05
2364	94.75	-1.07	-6.07
2365	94.79	-1.06	-6.08
2366	94.83	-1.05	-6.09
2367	94.87	-1.04	-6.09
2368	94.91	-1.04	-6.08
2369	94.95	-1.02	-6.09
2370	94.99	-1	-6.09
2371	95.03	-1	-6.09
2372	95.07	-0.98	-6.1
2373	95.11	-0.98	-6.09
2374	95.15	-0.99	-6.07
2375	95.2	-0.99	-6.06
2376	95.23	-1.01	-6.05
2377	95.27	-1.04	-6.04
2378	95.31	-1.05	-6.05
2379	95.35	-1.09	-6.02
2380	95.39	-1.15	-6
2381	95.43	-1.2	-5.99
2382	95.47	-1.25	-5.95
2383	95.51	-1.29	-5.96
2384	95.55	-1.33	-5.95
2385	95.59	-1.36	-5.95
2386	95.63	-1.38	-5.97
2387	95.67	-1.4	-5.97
2388	95.71	-1.39	-5.99
2389	95.75	-1.39	-5.99
2390	95.79	-1.38	-6
2391	95.83	-1.38	-6
2392	95.87	-1.39	-5.99
2393	95.91	-1.4	-6
2394	95.95	-1.4	-6
2395	95.99	-1.39	-6.01
2396	96.03	-1.39	-6.02
2397	96.07	-1.39	-6
2398	96.11	-1.39	-5.99
2399	96.15	-1.39	-5.97
2400	96.19	-1.39	-5.94
2401	96.23	-1.39	-5.92
2402	96.27	-1.37	-5.92
2403	96.31	-1.37	-5.91
2404	96.35	-1.35	-5.9
2405	96.39	-1.35	-5.89
2406	96.43	-1.34	-5.88
2407	96.47	-1.34	-5.87
2408	96.51	-1.35	-5.87
2409	96.55	-1.35	-5.87
2410	96.59	-1.37	-5.87
2411	96.63	-1.39	-5.87
2412	96.67	-1.41	-5.89
2413	96.71	-1.43	-5.88
2414	96.75	-1.45	-5.86
2415	96.79	-1.47	-5.84
2416	96.83	-1.51	-5.8
2417	96.87	-1.54	-5.77
2418	96.91	-1.56	-5.77
2419	96.95	-1.57	-5.78
2420	96.99	-1.58	-5.8
2421	97.03	-1.57	-5.83
2422	97.07	-1.58	-5.84
2423	97.11	-1.58	-5.87
2424	97.15	-1.58	-5.87
2425	97.19	-1.58	-5.88
2426	97.23	-1.58	-5.89
2427	97.27	-1.59	-5.89
2428	97.31	-1.59	-5.88
2429	97.35	-1.59	-5.87
2430	97.39	-1.59	-5.86
2431	97.43	-1.59	-5.85
2432	97.47	-1.59	-5.85
2433	97.51	-1.6	-5.85
2434	97.55	-1.59	-5.87
2435	97.59	-1.59	-5.88
2436	97.63	-1.59	-5.88
2437	97.67	-1.58	-5.9
2438	97.71	-1.58	-5.9
2439	97.75	-1.58	-5.92
2440	97.79	-1.57	-5.94
2441	97.83	-1.57	-5.95
2442	97.87	-1.58	-5.94
2443	97.91	-1.58	-5.96
2444	97.95	-1.59	-5.97
2445	97.99	-1.59	-5.97
2446	98.03	-1.6	-5.98
2447	98.07	-1.6	-5.98
2448	98.11	-1.61	-5.97
2449	98.15	-1.61	-5.98
2450	98.19	-1.61	-5.96
2451	98.23	-1.61	-5.96
2452	98.27	-1.6	-5.95
2453	98.31	-1.6	-5.95
2454	98.35	-1.6	-5.94
2455	98.39	-1.6	-5.92
2456	98.43	-1.6	-5.93
2457	98.47	-1.6	-5.94
2458	98.51	-1.6	-5.96
2459	98.55	-1.6	-5.97
2460	98.59	-1.6	-5.96
2461	98.63	-1.6	-5.95
2462	98.67	-1.59	-5.93
2463	98.71	-1.59	-5.93
2464	98.75	-1.59	-5.92
2465	98.79	-1.58	-5.92
2466	98.83	-1.57	-5.92
2467	98.87	-1.56	-5.9
2468	98.91	-1.54	-5.9
2469	98.95	-1.53	-5.9
2470	98.99	-1.52	-5.9
2471	99.03	-1.5	-5.9
2472	99.07	-1.5	-5.9
2473	99.11	-1.5	-5.9
2474	99.15	-1.48	-5.91
2475	99.19	-1.47	-5.92
2476	99.23	-1.46	-5.92
2477	99.27	-1.45	-5.93
2478	99.31	-1.46	-5.91
2479	99.35	-1.46	-5.89
2480	99.39	-1.46	-5.88
2481	99.43	-1.45	-5.89
2482	99.47	-1.44	-5.89
2483	99.51	-1.44	-5.9
2484	99.55	-1.44	-5.89
2485	99.59	-1.44	-5.88
2486	99.63	-1.44	-5.88
2487	99.67	-1.44	-5.87
2488	99.71	-1.44	-5.87
2489	99.75	-1.43	-5.87
2490	99.79	-1.43	-5.88
2491	99.83	-1.43	-5.88
2492	99.87	-1.43	-5.88
2493	99.91	-1.43	-5.89
2494	99.95	-1.44	-5.87
2495	99.99	-1.43	-5.88
2496	100.03	-1.43	-5.87
2497	100.07	-1.42	-5.88
2498	100.11	-1.42	-5.89
2499	100.15	-1.43	-5.89
2500	100.19	-1.42	-5.89
2501	100.23	-1.41	-5.9
2502	100.27	-1.41	-5.91
2503	100.31	-1.4	-5.91
2504	100.35	-1.4	-5.92
2505	100.39	-1.39	-5.91
2506	100.43	-1.4	-5.9
2507	100.47	-1.4	-5.9
2508	100.51	-1.4	-5.9
2509	100.55	-1.41	-5.88
2510	100.59	-1.41	-5.89
2511	100.63	-1.4	-5.89
2512	100.67	-1.38	-5.9
2513	100.71	-1.36	-5.92
2514	100.75	-1.36	-5.91
2515	100.79	-1.37	-5.89
2516	100.83	-1.38	-5.87
2517	100.87	-1.39	-5.85
2518	100.91	-1.39	-5.85
2519	100.95	-1.4	-5.87
2520	100.99	-1.39	-5.86
2521	101.03	-1.39	-5.86
2522	101.07	-1.37	-5.85
2523	101.11	-1.35	-5.84
2524	101.15	-1.34	-5.86
2525	101.19	-1.32	-5.86
2526	101.23	-1.34	-5.86
2527	101.27	-1.33	-5.85
2528	101.31	-1.34	-5.84
2529	101.35	-1.35	-5.83
2530	101.39	-1.35	-5.83
2531	101.43	-1.35	-5.83
2532	101.47	-1.36	-5.82
2533	101.51	-1.35	-5.82
2534	101.55	-1.36	-5.82
2535	101.59	-1.36	-5.82
2536	101.63	-1.35	-5.82
2537	101.67	-1.35	-5.83
2538	101.71	-1.34	-5.83
2539	101.75	-1.33	-5.83
2540	101.79	-1.33	-5.82
2541	101.83	-1.35	-5.8
2542	101.87	-1.35	-5.81
2543	101.91	-1.35	-5.81
2544	101.95	-1.35	-5.82
2545	101.99	-1.33	-5.84
2546	102.03	-1.33	-5.83
2547	102.07	-1.34	-5.83
2548	102.11	-1.34	-5.83
2549	102.15	-1.35	-5.81
2550	102.19	-1.34	-5.8
2551	102.23	-1.32	-5.8
2552	102.27	-1.32	-5.8
2553	102.31	-1.31	-5.81
2554	102.35	-1.31	-5.81
2555	102.39	-1.32	-5.81
2556	102.43	-1.33	-5.8
2557	102.47	-1.34	-5.79
2558	102.51	-1.34	-5.79
2559	102.55	-1.32	-5.82
2560	102.59	-1.32	-5.82
2561	102.63	-1.3	-5.84
2562	102.67	-1.31	-5.83
2563	102.71	-1.33	-5.81
2564	102.75	-1.32	-5.81
2565	102.79	-1.32	-5.81
2566	102.83	-1.3	-5.82
2567	102.87	-1.29	-5.82
2568	102.91	-1.29	-5.81
2569	102.95	-1.3	-5.8
2570	102.99	-1.32	-5.8
2571	103.03	-1.34	-5.79
2572	103.07	-1.33	-5.8
2573	103.11	-1.34	-5.79
2574	103.15	-1.34	-5.78
2575	103.19	-1.34	-5.78
2576	103.23	-1.34	-5.78
2577	103.27	-1.34	-5.77
2578	103.31	-1.34	-5.78
2579	103.35	-1.32	-5.79
2580	103.39	-1.32	-5.8
2581	103.43	-1.31	-5.8
2582	103.47	-1.3	-5.8
2583	103.51	-1.31	-5.79
2584	103.55	-1.29	-5.79
2585	103.59	-1.28	-5.79
2586	103.63	-1.28	-5.78
2587	103.67	-1.28	-5.78
2588	103.71	-1.3	-5.76
2589	103.75	-1.3	-5.77
2590	103.79	-1.3	-5.77
2591	103.83	-1.32	-5.76
2592	103.87	-1.31	-5.76
2593	103.91	-1.3	-5.75
2594	103.95	-1.28	-5.74
2595	103.99	-1.23	-5.75
2596	104.03	-1.21	-5.75
2597	104.07	-1.2	-5.75
2598	104.11	-1.18	-5.77
2599	104.15	-1.18	-5.75
2600	104.19	-1.17	-5.72
2601	104.23	-1.14	-5.71
2602	104.27	-1.1	-5.67
2603	104.31	-1.05	-5.64
2604	104.35	-1.02	-5.61
2605	104.39	-0.99	-5.56
2606	104.43	-0.96	-5.53
2607	104.47	-0.9	-5.5
2608	104.51	-0.86	-5.49
2609	104.55	-0.82	-5.48
2610	104.59	-0.8	-5.49
2611	104.63	-0.81	-5.51
2612	104.67	-0.83	-5.51
2613	104.71	-0.85	-5.51
2614	104.75	-0.86	-5.5
2615	104.79	-0.83	-5.48
2616	104.83	-0.76	-5.44
2617	104.87	-0.69	-5.39
2618	104.91	-0.62	-5.32
2619	104.95	-0.58	-5.26
2620	104.99	-0.53	-5.21
2621	105.03	-0.51	-5.17
2622	105.07	-0.47	-5.13
2623	105.11	-0.47	-5.08
2624	105.15	-0.47	-5.02
2625	105.19	-0.48	-4.96
2626	105.23	-0.5	-4.9
2627	105.27	-0.45	-4.82
2628	105.31	-0.45	-4.76
2629	105.35	-0.39	-4.68
2630	105.39	-0.35	-4.6
2631	105.43	-0.36	-4.55
2632	105.47	-0.35	-4.49
2633	105.51	-0.35	-4.44
2634	105.55	-0.36	-4.4
2635	105.59	-0.33	-4.34
2636	105.63	-0.33	-4.24
2637	105.67	-0.35	-4.14
2638	105.71	-0.34	-4.01
2639	105.75	-0.37	-3.91
2640	105.79	-0.39	-3.83
2641	105.83	-0.39	-3.76
2642	105.87	-0.4	-3.72
2643	105.91	-0.41	-3.67
2644	105.95	-0.42	-3.65
2645	105.99	-0.43	-3.61
2646	106.03	-0.42	-3.58
2647	106.07	-0.43	-3.55
2648	106.11	-0.43	-3.51
2649	106.15	-0.44	-3.49
2650	106.19	-0.46	-3.46
2651	106.23	-0.46	-3.43
2652	106.27	-0.45	-3.41
2653	106.31	-0.44	-3.38
2654	106.35	-0.43	-3.36
2655	106.39	-0.43	-3.34
2656	106.43	-0.43	-3.32
2657	106.47	-0.45	-3.3
2658	106.51	-0.48	-3.28
2659	106.55	-0.52	-3.28
2660	106.59	-0.56	-3.26
2661	106.63	-0.6	-3.25
2662	106.67	-0.64	-3.25
2663	106.71	-0.67	-3.24
2664	106.75	-0.7	-3.25
2665	106.79	-0.74	-3.27
2666	106.83	-0.78	-3.3
2667	106.87	-0.82	-3.3
2668	106.91	-0.86	-3.33
2669	106.95	-0.88	-3.34
2670	106.99	-0.91	-3.34
2671	107.03	-0.93	-3.37
2672	107.07	-0.94	-3.39
2673	107.11	-0.97	-3.43
2674	107.15	-1	-3.49
2675	107.19	-1.05	-3.53
2676	107.23	-1.11	-3.55
2677	107.27	-1.15	-3.56
2678	107.31	-1.15	-3.56
2679	107.35	-1.15	-3.57
2680	107.39	-1.12	-3.59
2681	107.43	-1.11	-3.62
2682	107.47	-1.14	-3.65
2683	107.51	-1.15	-3.66
2684	107.55	-1.19	-3.67
2685	107.59	-1.23	-3.67
2686	107.63	-1.26	-3.68
2687	107.67	-1.29	-3.7
2688	107.71	-1.31	-3.74
2689	107.75	-1.33	-3.77
2690	107.79	-1.35	-3.8
2691	107.83	-1.36	-3.81
2692	107.87	-1.41	-3.82
2693	107.91	-1.44	-3.82
2694	107.95	-1.49	-3.81
2695	107.99	-1.52	-3.8
2696	108.03	-1.53	-3.79
2697	108.07	-1.56	-3.8
2698	108.11	-1.55	-3.82
2699	108.15	-1.56	-3.84
2700	108.19	-1.56	-3.88
2701	108.23	-1.55	-3.91
2702	108.27	-1.56	-3.93
2703	108.31	-1.59	-3.96
2704	108.35	-1.62	-3.97
2705	108.39	-1.64	-4
2706	108.43	-1.66	-4.03
2707	108.47	-1.66	-4.04
2708	108.51	-1.65	-4.06
2709	108.55	-1.64	-4.08
2710	108.59	-1.63	-4.09
2711	108.63	-1.61	-4.1
2712	108.67	-1.61	-4.12
2713	108.71	-1.61	-4.12
2714	108.75	-1.61	-4.12
2715	108.79	-1.62	-4.12
2716	108.83	-1.63	-4.12
2717	108.87	-1.63	-4.12
2718	108.91	-1.64	-4.11
2719	108.95	-1.66	-4.1
2720	108.99	-1.67	-4.08
2721	109.03	-1.69	-4.05
2722	109.07	-1.71	-4.04
2723	109.11	-1.71	-4.01
2724	109.15	-1.7	-3.95
2725	109.19	-1.71	-3.92
2726	109.23	-1.69	-3.89
2727	109.27	-1.68	-3.86
2728	109.31	-1.68	-3.85
2729	109.35	-1.66	-3.83
2730	109.39	-1.64	-3.79
2731	109.43	-1.63	-3.75
2732	109.47	-1.63	-3.69
2733	109.51	-1.62	-3.63
2734	109.55	-1.63	-3.58
2735	109.59	-1.63	-3.54
2736	109.63	-1.64	-3.5
2737	109.67	-1.69	-3.44
2738	109.71	-1.78	-3.35
2739	109.75	-1.86	-3.24
2740	109.79	-1.93	-3.12
2741	109.83	-1.99	-3.02
2742	109.87	-2.03	-2.93
2743	109.91	-2.1	-2.87
2744	109.95	-2.17	-2.82
2745	109.99	-2.26	-2.77
2746	110.03	-2.36	-2.74
2747	110.07	-2.45	-2.68
2748	110.11	-2.54	-2.62
2749	110.15	-2.62	-2.55
2750	110.19	-2.68	-2.47
2751	110.23	-2.73	-2.38
2752	110.27	-2.79	-2.3
2753	110.31	-2.86	-2.22
2754	110.35	-2.94	-2.16
2755	110.39	-3	-2.11
2756	110.43	-3.04	-2.05
2757	110.47	-3.08	-2.02
2758	110.51	-3.12	-1.98
2759	110.55	-3.18	-1.98
2760	110.59	-3.23	-2.01
2761	110.63	-3.28	-2.02
2762	110.67	-3.34	-2.08
2763	110.71	-3.41	-2.13
2764	110.75	-3.46	-2.18
2765	110.79	-3.5	-2.23
2766	110.83	-3.54	-2.26
2767	110.87	-3.54	-2.27
2768	110.91	-3.56	-2.27
2769	110.95	-3.58	-2.26
2770	110.99	-3.59	-2.24
2771	111.03	-3.61	-2.24
2772	111.07	-3.62	-2.24
2773	111.11	-3.63	-2.24
2774	111.15	-3.64	-2.26
2775	111.19	-3.65	-2.3
2776	111.23	-3.66	-2.33
2777	111.27	-3.65	-2.37
2778	111.31	-3.65	-2.4
2779	111.35	-3.65	-2.43
2780	111.39	-3.67	-2.42
2781	111.43	-3.73	-2.37
2782	111.47	-3.79	-2.3
2783	111.51	-3.85	-2.23
2784	111.55	-3.91	-2.19
2785	111.59	-3.95	-2.18
2786	111.63	-3.99	-2.21
2787	111.67	-4.02	-2.27
2788	111.71	-4.04	-2.35
2789	111.75	-4.07	-2.46
2790	111.79	-4.12	-2.57
2791	111.83	-4.17	-2.65
2792	111.87	-4.25	-2.74
2793	111.91	-4.33	-2.83
2794	111.95	-4.39	-2.91
2795	111.99	-4.46	-2.98
2796	112.03	-4.53	-3.06
2797	112.07	-4.66	-3.15
2798	112.11	-4.82	-3.25
2799	112.15	-4.95	-3.37
2800	112.19	-5.05	-3.43
2801	112.23	-5.07	-3.48
2802	112.27	-5.06	-3.54
2803	112.31	-5.04	-3.61
2804	112.35	-5.02	-3.68
2805	112.39	-5.01	-3.74
2806	112.43	-4.99	-3.77
2807	112.47	-4.98	-3.81
2808	112.51	-4.94	-3.85
2809	112.55	-4.9	-3.9
2810	112.59	-4.89	-3.91
2811	112.63	-4.88	-3.92
2812	112.67	-4.87	-3.92
2813	112.71	-4.87	-3.91
2814	112.75	-4.85	-3.92
2815	112.79	-4.83	-3.94
2816	112.83	-4.81	-3.97
2817	112.87	-4.8	-4.02
2818	112.91	-4.78	-4.12
2819	112.95	-4.78	-4.22
2820	112.99	-4.78	-4.33
2821	113.03	-4.78	-4.42
2822	113.07	-4.79	-4.48
2823	113.11	-4.8	-4.55
2824	113.15	-4.81	-4.66
2825	113.19	-4.84	-4.78
2826	113.23	-4.86	-4.9
2827	113.27	-4.83	-5
2828	113.31	-4.76	-5.07
2829	113.35	-4.66	-5.14
2830	113.39	-4.57	-5.22
2831	113.43	-4.49	-5.31
2832	113.47	-4.46	-5.43
2833	113.51	-4.43	-5.58
2834	113.55	-4.42	-5.74
2835	113.59	-4.42	-5.86
2836	113.63	-4.44	-5.95
2837	113.67	-4.48	-6
2838	113.71	-4.51	-6.05
2839	113.75	-4.52	-6.1
2840	113.79	-4.49	-6.2
2841	113.83	-4.41	-6.28
2842	113.87	-4.33	-6.36
2843	113.91	-4.25	-6.44
2844	113.95	-4.2	-6.49
2845	113.99	-4.17	-6.53
2846	114.03	-4.14	-6.56
2847	114.07	-4.1	-6.6
2848	114.11	-4.07	-6.66
2849	114.15	-4.05	-6.72
2850	114.19	-4.02	-6.76
2851	114.23	-4.01	-6.79
2852	114.27	-3.99	-6.79
2853	114.31	-3.99	-6.81
2854	114.35	-4.01	-6.86
2855	114.39	-4.01	-6.91
2856	114.43	-4	-6.96
2857	114.47	-3.97	-7.02
2858	114.51	-3.9	-7.08
2859	114.55	-3.8	-7.17
2860	114.59	-3.7	-7.27
2861	114.63	-3.59	-7.36
2862	114.67	-3.5	-7.41
2863	114.71	-3.44	-7.45
2864	114.75	-3.4	-7.5
2865	114.79	-3.39	-7.54
2866	114.83	-3.4	-7.59
2867	114.87	-3.4	-7.63
2868	114.91	-3.39	-7.68
2869	114.95	-3.34	-7.75
2870	114.99	-3.25	-7.83
2871	115.03	-3.11	-7.95
2872	115.07	-2.96	-8.06
2873	115.11	-2.83	-8.15
2874	115.15	-2.73	-8.22
2875	115.19	-2.66	-8.25
2876	115.23	-2.6	-8.25
2877	115.27	-2.53	-8.23
2878	115.31	-2.46	-8.2
2879	115.35	-2.4	-8.17
2880	115.39	-2.33	-8.15
2881	115.43	-2.27	-8.14
2882	115.47	-2.22	-8.14
2883	115.51	-2.15	-8.17
2884	115.55	-2.07	-8.16
2885	115.59	-1.97	-8.14
2886	115.63	-1.85	-8.11
2887	115.67	-1.74	-8.04
2888	115.71	-1.65	-7.99
2889	115.75	-1.55	-7.98
2890	115.79	-1.45	-8.02
2891	115.83	-1.37	-8.04
2892	115.87	-1.29	-8.1
2893	115.91	-1.26	-8.12
2894	115.95	-1.24	-8.13
2895	115.99	-1.23	-8.09
2896	116.03	-1.2	-8
2897	116.07	-1.16	-7.89
2898	116.11	-1.13	-7.79
2899	116.15	-1.11	-7.73
2900	116.19	-1.09	-7.72
2901	116.23	-1.08	-7.7
2902	116.27	-1.07	-7.69
2903	116.31	-1.06	-7.67
2904	116.35	-1.04	-7.63
2905	116.39	-0.99	-7.61
2906	116.43	-0.92	-7.58
2907	116.47	-0.85	-7.55
2908	116.51	-0.79	-7.53
2909	116.55	-0.75	-7.5
2910	116.59	-0.73	-7.47
2911	116.63	-0.74	-7.46
2912	116.67	-0.74	-7.44
2913	116.71	-0.74	-7.43
2914	116.75	-0.76	-7.41
2915	116.79	-0.78	-7.38
2916	116.83	-0.79	-7.37
2917	116.87	-0.79	-7.34
2918	116.91	-0.75	-7.32
2919	116.95	-0.7	-7.3
2920	116.99	-0.67	-7.22
2921	117.03	-0.63	-7.18
2922	117.07	-0.59	-7.1
2923	117.11	-0.55	-7.03
2924	117.15	-0.5	-7
2925	117.19	-0.43	-6.96
2926	117.23	-0.37	-6.96
2927	117.27	-0.29	-6.97
2928	117.31	-0.21	-6.96
2929	117.35	-0.14	-6.98
2930	117.39	-0.07	-6.98
2931	117.43	0.02	-6.96
2932	117.47	0.11	-6.92
2933	117.51	0.21	-6.86
2934	117.55	0.31	-6.8
2935	117.59	0.38	-6.74
2936	117.63	0.4	-6.69
2937	117.67	0.43	-6.63
2938	117.71	0.43	-6.51
2939	117.75	0.45	-6.43
2940	117.79	0.47	-6.33
2941	117.83	0.51	-6.28
2942	117.87	0.55	-6.26
2943	117.91	0.59	-6.23
2944	117.95	0.64	-6.23
2945	117.99	0.67	-6.18
2946	118.03	0.78	-6.16
2947	118.07	0.91	-6.13
2948	118.11	1.03	-6.1
2949	118.15	1.14	-6.08
2950	118.19	1.18	-6.06
2951	118.23	1.17	-6.03
2952	118.27	1.18	-6
2953	118.31	1.19	-5.97
2954	118.35	1.21	-5.92
2955	118.39	1.28	-5.85
2956	118.43	1.35	-5.77
2957	118.47	1.37	-5.67
2958	118.51	1.4	-5.6
2959	118.55	1.39	-5.54
2960	118.59	1.42	-5.49
2961	118.63	1.44	-5.42
2962	118.67	1.47	-5.32
2963	118.71	1.51	-5.2
2964	118.75	1.49	-5.08
2965	118.79	1.49	-4.98
2966	118.83	1.47	-4.88
2967	118.87	1.41	-4.79
2968	118.91	1.38	-4.68
2969	118.95	1.34	-4.56
2970	118.99	1.3	-4.47
2971	119.03	1.3	-4.39
2972	119.07	1.29	-4.32
2973	119.11	1.31	-4.25
2974	119.15	1.33	-4.14
2975	119.19	1.31	-4
2976	119.23	1.26	-3.84
2977	119.27	1.21	-3.68
2978	119.31	1.12	-3.57
2979	119.35	1.07	-3.46
2980	119.39	1	-3.38
2981	119.43	0.93	-3.32
2982	119.47	0.88	-3.25
2983	119.51	0.85	-3.21
2984	119.55	0.84	-3.17
2985	119.59	0.82	-3.12
2986	119.63	0.79	-3.04
2987	119.67	0.74	-2.97
2988	119.71	0.67	-2.9
2989	119.75	0.56	-2.82
2990	119.79	0.41	-2.7
2991	119.83	0.21	-2.57
2992	119.87	0.1	-2.48
2993	119.91	-0.03	-2.39
