1	0.06	-2.47	0.01
2	0.1	-2.48	-0.05
3	0.14	-2.52	-0.09
4	0.18	-2.55	-0.19
5	0.22	-2.6	-0.31
6	0.26	-2.66	-0.46
7	0.3	-2.72	-0.6
8	0.34	-2.84	-0.72
9	0.38	-2.98	-0.84
10	0.42	-3.12	-0.98
11	0.51	-3.23	-1.13
12	0.54	-3.26	-1.3
13	0.58	-3.24	-1.42
14	0.62	-3.15	-1.51
15	0.66	-3.12	-1.55
16	0.7	-3.1	-1.57
17	0.74	-3.08	-1.58
18	0.78	-3.11	-1.59
19	0.82	-3.13	-1.6
20	0.86	-3.14	-1.62
21	0.9	-3.13	-1.65
22	0.94	-3.09	-1.68
23	0.98	-3.03	-1.73
24	1.02	-2.96	-1.78
25	1.06	-2.9	-1.83
26	1.1	-2.87	-1.89
27	1.14	-2.86	-1.95
28	1.18	-2.9	-2.03
29	1.22	-2.93	-2.12
30	1.26	-2.97	-2.19
31	1.3	-2.99	-2.24
32	1.34	-2.96	-2.27
33	1.38	-2.91	-2.28
34	1.42	-2.82	-2.29
35	1.46	-2.71	-2.3
36	1.5	-2.61	-2.31
37	1.54	-2.53	-2.34
38	1.58	-2.48	-2.38
39	1.62	-2.5	-2.44
40	1.66	-2.52	-2.51
41	1.7	-2.56	-2.61
42	1.74	-2.57	-2.69
43	1.78	-2.51	-2.76
44	1.82	-2.4	-2.82
45	1.86	-2.22	-2.86
46	1.9	-2.07	-2.92
47	1.94	-1.92	-2.99
48	1.98	-1.85	-3.1
49	2.02	-1.81	-3.25
50	2.06	-1.73	-3.41
51	2.1	-1.64	-3.59
52	2.14	-1.49	-3.71
53	2.18	-1.33	-3.76
54	2.22	-1.2	-3.81
55	2.26	-1.03	-3.8
56	2.3	-0.88	-3.79
57	2.34	-0.74	-3.8
58	2.38	-0.59	-3.8
59	2.42	-0.48	-3.86
60	2.46	-0.38	-3.91
61	2.5	-0.29	-3.92
62	2.54	-0.2	-3.85
63	2.58	-0.12	-3.75
64	2.62	-0.04	-3.72
65	2.66	0.07	-3.69
66	2.7	0.16	-3.77
67	2.74	0.26	-3.89
68	2.78	0.35	-3.96
69	2.82	0.43	-4.01
70	2.86	0.51	-4
71	2.9	0.6	-3.91
72	2.94	0.69	-3.79
73	2.98	0.78	-3.69
74	3.02	0.89	-3.61
75	3.06	1.04	-3.6
76	3.1	1.26	-3.63
77	3.14	1.52	-3.69
78	3.18	1.74	-3.7
79	3.22	1.88	-3.67
80	3.26	1.97	-3.61
81	3.3	2.01	-3.52
82	3.34	2.07	-3.52
83	3.38	2.15	-3.52
84	3.42	2.23	-3.54
85	3.46	2.35	-3.55
86	3.66	2.45	-3.46
87	3.7	2.55	-3.36
88	3.74	2.7	-3.27
89	3.78	2.83	-3.22
90	3.82	2.99	-3.23
91	3.86	3.13	-3.27
92	3.9	3.16	-3.28
93	3.94	3.19	-3.29
94	3.98	3.21	-3.3
95	4.02	3.33	-3.35
96	4.06	3.46	-3.43
97	4.1	3.61	-3.49
98	4.14	3.72	-3.52
99	4.18	3.81	-3.48
100	4.22	3.96	-3.44
101	4.26	4.05	-3.4
102	4.3	4.16	-3.41
103	4.34	4.16	-3.42
104	4.38	4.13	-3.41
105	4.42	4.13	-3.37
106	4.46	4.14	-3.26
107	4.5	4.18	-3.1
108	4.54	4.22	-2.92
109	4.58	4.26	-2.77
110	4.62	4.28	-2.66
111	4.66	4.35	-2.6
112	4.7	4.41	-2.51
113	4.74	4.5	-2.41
114	4.78	4.55	-2.3
115	4.82	4.53	-2.2
116	4.86	4.51	-2.13
117	4.9	4.49	-2.07
118	4.94	4.49	-1.99
119	4.98	4.52	-1.91
120	5.02	4.57	-1.85
121	5.06	4.62	-1.8
122	5.1	4.69	-1.78
123	5.14	4.75	-1.78
124	5.18	4.8	-1.78
125	5.22	4.87	-1.76
126	5.26	4.91	-1.72
127	5.3	4.97	-1.67
128	5.34	4.99	-1.61
129	5.38	4.96	-1.56
130	5.42	4.92	-1.49
131	5.46	4.85	-1.39
132	5.5	4.77	-1.27
133	5.54	4.7	-1.15
134	5.58	4.62	-1.05
135	5.62	4.57	-0.97
136	5.66	4.53	-0.89
137	5.7	4.49	-0.78
138	5.74	4.42	-0.66
139	5.78	4.31	-0.57
140	5.82	4.17	-0.53
141	5.86	4.02	-0.54
142	5.9	3.88	-0.57
143	5.94	3.72	-0.58
144	5.98	3.6	-0.58
145	6.02	3.5	-0.56
146	6.06	3.42	-0.52
147	6.1	3.37	-0.46
148	6.14	3.28	-0.38
149	6.18	3.15	-0.26
150	6.22	3.02	-0.15
151	6.26	2.9	-0.09
152	6.3	2.81	-0.1
153	6.34	2.76	-0.16
154	6.38	2.73	-0.27
155	6.42	2.69	-0.34
156	6.46	2.65	-0.4
157	6.5	2.59	-0.44
158	6.54	2.51	-0.47
159	6.58	2.44	-0.5
160	6.62	2.37	-0.54
161	6.66	2.33	-0.56
162	6.7	2.3	-0.56
163	6.74	2.26	-0.55
164	6.78	2.19	-0.51
165	6.82	2.08	-0.49
166	6.86	1.99	-0.48
167	6.9	1.91	-0.46
168	6.94	1.85	-0.5
169	6.98	1.79	-0.52
170	7.02	1.73	-0.57
171	7.06	1.67	-0.64
172	7.1	1.6	-0.72
173	7.14	1.53	-0.85
174	7.18	1.43	-0.95
175	7.22	1.31	-1.06
176	7.26	1.19	-1.14
177	7.3	1.09	-1.18
178	7.34	1.01	-1.24
179	7.38	1	-1.3
180	7.42	0.99	-1.38
181	7.46	0.99	-1.5
182	7.5	0.99	-1.6
183	7.54	0.96	-1.7
184	7.58	0.93	-1.77
185	7.62	0.87	-1.83
186	7.66	0.81	-1.91
187	7.7	0.7	-1.98
188	7.74	0.59	-2.06
189	7.78	0.46	-2.16
190	7.82	0.34	-2.3
191	7.86	0.22	-2.46
192	7.9	0.14	-2.65
193	7.94	0.09	-2.85
194	7.98	0.02	-3.04
195	8.02	-0.02	-3.3
196	8.06	-0.11	-3.56
197	8.1	-0.17	-3.84
198	8.14	-0.2	-4.06
199	8.18	-0.21	-4.17
200	8.22	-0.19	-4.25
201	8.26	-0.17	-4.27
202	8.3	-0.19	-4.32
203	8.34	-0.26	-4.41
204	8.38	-0.37	-4.54
205	8.42	-0.5	-4.68
206	8.46	-0.6	-4.81
207	8.55	-0.63	-4.9
208	8.58	-0.58	-4.94
209	8.62	-0.46	-4.99
210	8.66	-0.36	-5.02
211	8.7	-0.29	-5.07
212	8.74	-0.27	-5.11
213	8.78	-0.3	-5.13
214	8.82	-0.31	-5.15
215	8.86	-0.32	-5.16
216	8.9	-0.3	-5.2
217	8.94	-0.24	-5.23
218	8.98	-0.13	-5.31
219	9.02	0.02	-5.42
220	9.06	0.17	-5.56
221	9.1	0.35	-5.72
222	9.14	0.49	-5.88
223	9.18	0.63	-6.06
224	9.22	0.8	-6.26
225	9.26	0.96	-6.48
226	9.3	1.17	-6.69
227	9.34	1.38	-6.83
228	9.38	1.54	-6.91
229	9.42	1.66	-6.94
230	9.46	1.75	-6.96
231	9.5	1.87	-6.99
232	9.54	2.05	-7.08
233	9.58	2.24	-7.19
234	9.62	2.43	-7.29
235	9.66	2.54	-7.39
236	9.7	2.58	-7.43
237	9.74	2.59	-7.46
238	9.78	2.62	-7.48
239	9.82	2.69	-7.53
240	9.86	2.8	-7.66
241	9.9	2.91	-7.78
242	9.94	3	-7.9
243	9.98	3.06	-7.92
244	10.02	3.1	-7.89
245	10.06	3.14	-7.86
246	10.1	3.15	-7.84
247	10.14	3.15	-7.89
248	10.18	3.13	-7.92
249	10.22	3.11	-7.94
250	10.26	3.09	-7.94
251	10.3	3.08	-7.93
252	10.34	3.08	-7.9
253	10.38	3.1	-7.87
254	10.42	3.14	-7.85
255	10.46	3.2	-7.86
256	10.5	3.27	-7.87
257	10.54	3.3	-7.86
258	10.58	3.35	-7.85
259	10.62	3.34	-7.79
260	10.66	3.32	-7.72
261	10.7	3.28	-7.6
262	10.74	3.24	-7.45
263	10.78	3.24	-7.3
264	10.82	3.26	-7.14
265	10.86	3.31	-7.02
266	10.9	3.34	-6.87
267	10.94	3.37	-6.75
268	10.98	3.38	-6.61
269	11.02	3.34	-6.47
270	11.06	3.29	-6.39
271	11.1	3.18	-6.31
272	11.14	3.1	-6.22
273	11.18	3.03	-6.12
274	11.22	3.01	-6.02
275	11.26	3.06	-5.92
276	11.3	3.1	-5.84
277	11.34	3.16	-5.77
278	11.38	3.2	-5.68
279	11.42	3.21	-5.58
280	11.46	3.21	-5.48
281	11.5	3.18	-5.41
282	11.54	3.13	-5.35
283	11.58	3.06	-5.31
284	11.62	3	-5.27
285	11.66	2.95	-5.18
286	11.7	2.9	-5.08
287	11.74	2.82	-4.95
288	11.78	2.76	-4.83
289	11.82	2.69	-4.7
290	11.86	2.6	-4.53
291	11.9	2.5	-4.35
292	11.94	2.36	-4.16
293	11.98	2.21	-4.06
294	12.02	2.07	-4.03
295	12.06	1.96	-4.06
296	12.1	1.88	-4.15
297	12.14	1.83	-4.18
298	12.18	1.79	-4.21
299	12.22	1.75	-4.21
300	12.26	1.71	-4.18
301	12.3	1.67	-4.17
302	12.34	1.64	-4.15
303	12.38	1.63	-4.13
304	12.42	1.63	-4.12
305	12.46	1.65	-4.08
306	12.5	1.66	-4.05
307	12.54	1.68	-4.02
308	12.58	1.7	-3.96
309	12.62	1.72	-3.92
310	12.66	1.74	-3.88
311	12.7	1.76	-3.87
312	12.74	1.75	-3.89
313	12.78	1.74	-3.94
314	12.82	1.7	-4
315	12.86	1.67	-4.03
316	12.9	1.62	-4.04
317	12.94	1.58	-4.02
318	12.98	1.51	-3.97
319	13.02	1.45	-3.91
320	13.06	1.4	-3.83
321	13.1	1.35	-3.78
322	13.14	1.31	-3.75
323	13.18	1.25	-3.76
324	13.22	1.18	-3.84
325	13.26	1.11	-3.9
326	13.3	1.07	-4
327	13.34	1.03	-4.09
328	13.38	1	-4.17
329	13.42	0.94	-4.28
330	13.46	0.85	-4.37
331	13.5	0.74	-4.5
332	13.54	0.62	-4.58
333	13.58	0.5	-4.65
334	13.62	0.39	-4.71
335	13.66	0.27	-4.71
336	13.7	0.18	-4.73
337	13.74	0.13	-4.76
338	13.78	0.11	-4.84
339	13.82	0.1	-4.94
340	13.86	0.09	-5.08
341	13.9	0.06	-5.21
342	13.94	0.03	-5.31
343	13.98	-0.01	-5.42
344	14.02	-0.07	-5.54
345	14.06	-0.13	-5.69
346	14.1	-0.17	-5.84
347	14.14	-0.19	-5.98
348	14.18	-0.17	-6.1
349	14.22	-0.14	-6.21
350	14.26	-0.13	-6.3
351	14.3	-0.12	-6.4
352	14.34	-0.1	-6.5
353	14.38	-0.1	-6.6
354	14.42	-0.08	-6.69
355	14.46	-0.06	-6.8
356	14.5	-0.03	-6.95
357	14.54	0.02	-7.13
358	14.58	0.07	-7.28
359	14.62	0.14	-7.39
360	14.66	0.21	-7.44
361	14.7	0.27	-7.46
362	14.74	0.33	-7.46
363	14.78	0.38	-7.46
364	14.82	0.43	-7.45
365	14.86	0.49	-7.44
366	14.9	0.54	-7.42
367	14.94	0.57	-7.43
368	14.98	0.61	-7.43
369	15.02	0.65	-7.45
370	15.06	0.68	-7.49
371	15.1	0.71	-7.53
372	15.14	0.76	-7.58
373	15.18	0.82	-7.64
374	15.22	0.9	-7.7
375	15.26	0.98	-7.77
376	15.3	1.07	-7.83
377	15.34	1.15	-7.9
378	15.38	1.26	-7.99
379	15.42	1.39	-8.11
380	15.46	1.52	-8.23
381	15.5	1.62	-8.37
382	15.54	1.62	-8.5
383	15.58	1.57	-8.65
384	15.62	1.56	-8.74
385	15.66	1.64	-8.83
386	15.7	1.82	-8.9
387	15.74	2	-8.98
388	15.78	2.1	-9.15
389	15.82	2.11	-9.3
390	15.86	2.08	-9.4
391	15.9	2.08	-9.47
392	15.94	2.11	-9.53
393	15.98	2.12	-9.61
394	16.02	2.12	-9.7
395	16.06	2.11	-9.76
396	16.1	2.09	-9.78
397	16.14	2.09	-9.79
398	16.18	2.09	-9.82
399	16.22	2.1	-9.89
400	16.26	2.13	-9.94
401	16.3	2.16	-9.96
402	16.34	2.22	-9.99
403	16.38	2.32	-10.01
404	16.42	2.42	-10.04
405	16.46	2.52	-10.09
406	16.5	2.63	-10.17
407	16.54	2.73	-10.23
408	16.58	2.83	-10.27
409	16.62	2.92	-10.28
410	16.66	3.01	-10.25
411	16.7	3.13	-10.22
412	16.74	3.3	-10.18
413	16.78	3.52	-10.12
414	16.82	3.75	-10.06
415	16.86	3.97	-9.98
416	16.9	4.14	-9.89
417	16.94	4.24	-9.8
418	16.98	4.3	-9.73
419	17.02	4.34	-9.7
420	17.06	4.35	-9.69
421	17.1	4.4	-9.69
422	17.14	4.46	-9.67
423	17.18	4.53	-9.63
424	17.22	4.63	-9.59
425	17.26	4.73	-9.56
426	17.3	4.83	-9.55
427	17.34	4.89	-9.56
428	17.38	4.94	-9.58
429	17.42	4.97	-9.58
430	17.46	4.97	-9.6
431	17.5	4.97	-9.61
432	17.54	4.95	-9.61
433	17.58	4.87	-9.62
434	17.62	4.81	-9.62
435	17.66	4.75	-9.61
436	17.7	4.72	-9.6
437	17.74	4.71	-9.59
438	17.78	4.7	-9.56
439	17.82	4.68	-9.54
440	17.86	4.64	-9.52
441	17.9	4.64	-9.51
442	17.94	4.64	-9.5
443	17.98	4.66	-9.51
444	18.02	4.68	-9.51
445	18.06	4.68	-9.51
446	18.1	4.69	-9.53
447	18.14	4.71	-9.54
448	18.18	4.74	-9.58
449	18.22	4.77	-9.63
450	18.25	4.79	-9.68
451	18.29	4.81	-9.73
452	18.34	4.8	-9.76
453	18.37	4.78	-9.78
454	18.41	4.79	-9.8
455	18.45	4.8	-9.83
456	18.49	4.85	-9.87
457	18.53	4.89	-9.92
458	18.57	4.92	-9.97
459	18.62	4.95	-10.02
460	18.65	4.97	-10.06
461	18.69	4.98	-10.11
462	18.73	4.99	-10.14
463	18.77	4.96	-10.17
464	18.81	4.94	-10.19
465	18.85	4.94	-10.21
466	18.89	4.92	-10.21
467	18.93	4.92	-10.19
468	18.97	4.92	-10.16
469	19.01	4.9	-10.13
470	19.05	4.9	-10.09
471	19.09	4.9	-10.05
472	19.13	4.87	-10.01
473	19.17	4.83	-9.97
474	19.21	4.76	-9.93
475	19.25	4.67	-9.88
476	19.29	4.6	-9.84
477	19.33	4.51	-9.8
478	19.37	4.43	-9.75
479	19.41	4.35	-9.68
480	19.45	4.27	-9.61
481	19.49	4.22	-9.52
482	19.53	4.19	-9.42
483	19.57	4.18	-9.32
484	19.61	4.17	-9.23
485	19.65	4.13	-9.15
486	19.69	4.06	-9.06
487	19.73	3.98	-8.96
488	19.77	3.89	-8.85
489	19.81	3.82	-8.71
490	19.85	3.72	-8.57
491	19.89	3.62	-8.42
492	19.93	3.51	-8.27
493	19.97	3.41	-8.17
494	20.01	3.33	-8.08
495	20.05	3.26	-8.04
496	20.09	3.18	-8.01
497	20.13	3.08	-7.99
498	20.17	2.99	-7.98
499	20.21	2.92	-7.98
500	20.25	2.87	-8
501	20.29	2.8	-7.99
502	20.33	2.72	-7.97
503	20.37	2.61	-7.93
504	20.41	2.48	-7.86
505	20.45	2.38	-7.82
506	20.49	2.27	-7.75
507	20.53	2.18	-7.69
508	20.57	2.09	-7.61
509	20.61	2.01	-7.55
510	20.65	1.97	-7.49
511	20.69	1.95	-7.4
512	20.73	1.96	-7.34
513	20.77	1.96	-7.23
514	20.81	1.93	-7.13
515	20.85	1.89	-7.07
516	20.89	1.82	-6.99
517	20.93	1.77	-6.94
518	20.97	1.74	-6.9
519	21.01	1.73	-6.87
520	21.05	1.73	-6.88
521	21.09	1.71	-6.86
522	21.13	1.68	-6.84
523	21.17	1.63	-6.82
524	21.21	1.51	-6.78
525	21.25	1.37	-6.77
526	21.29	1.2	-6.78
527	21.33	1.05	-6.8
528	21.37	0.97	-6.86
529	21.41	0.92	-6.92
530	21.45	0.89	-7.03
531	21.49	0.88	-7.17
532	21.53	0.85	-7.29
533	21.57	0.85	-7.41
534	21.61	0.81	-7.48
535	21.65	0.76	-7.53
536	21.69	0.71	-7.59
537	21.73	0.64	-7.66
538	21.77	0.61	-7.77
539	21.81	0.59	-7.88
540	21.85	0.64	-7.98
541	21.89	0.67	-8.06
542	21.93	0.71	-8.13
543	21.97	0.76	-8.19
544	22.01	0.8	-8.25
545	22.05	0.86	-8.33
546	22.09	0.94	-8.38
547	22.13	1.01	-8.43
548	22.17	1.04	-8.47
549	22.21	1.08	-8.49
550	22.25	1.08	-8.53
551	22.29	1.02	-8.57
552	22.33	1	-8.62
553	22.37	0.97	-8.67
554	22.41	0.94	-8.71
555	22.45	0.92	-8.75
556	22.49	0.88	-8.77
557	22.53	0.82	-8.79
558	22.57	0.82	-8.8
559	22.61	0.86	-8.85
560	22.65	0.95	-8.95
561	22.69	1.05	-9.08
562	22.73	1.16	-9.23
563	22.77	1.28	-9.36
564	22.81	1.43	-9.51
565	22.85	1.61	-9.64
566	22.89	1.77	-9.81
567	22.93	1.94	-9.92
568	22.97	2.1	-10
569	23.01	2.27	-10.02
570	23.05	2.47	-10
571	23.09	2.64	-9.97
572	23.13	2.78	-9.94
573	23.17	2.89	-9.96
574	23.21	2.97	-9.97
575	23.25	3.08	-10.01
576	23.29	3.21	-10.01
577	23.33	3.32	-9.97
578	23.37	3.4	-9.91
579	23.41	3.47	-9.86
580	23.45	3.54	-9.84
581	23.49	3.65	-9.86
582	23.53	3.77	-9.87
583	23.57	3.9	-9.91
584	23.61	3.98	-9.93
585	23.65	4.01	-9.95
586	23.69	4.03	-9.97
587	23.73	4.05	-9.94
588	23.77	4.19	-9.9
589	23.81	4.34	-9.77
590	23.85	4.51	-9.64
591	23.89	4.65	-9.58
592	23.93	4.69	-9.52
593	23.97	4.74	-9.54
594	24.01	4.82	-9.56
595	24.05	4.91	-9.58
596	24.09	5.07	-9.65
597	24.13	5.2	-9.72
598	24.17	5.26	-9.77
599	24.21	5.3	-9.8
600	24.25	5.33	-9.8
601	24.29	5.4	-9.81
602	24.33	5.54	-9.84
603	24.37	5.7	-9.88
604	24.41	5.84	-9.92
605	24.45	5.96	-9.94
606	24.49	6.05	-9.98
607	24.53	6.13	-10.02
608	24.57	6.21	-10.06
609	24.61	6.28	-10.1
610	24.65	6.38	-10.15
611	24.69	6.49	-10.22
612	24.73	6.57	-10.27
613	24.77	6.66	-10.34
614	24.81	6.73	-10.4
615	24.85	6.78	-10.46
616	24.89	6.82	-10.51
617	24.93	6.86	-10.54
618	24.97	6.9	-10.56
619	25.01	6.94	-10.57
620	25.05	6.97	-10.57
621	25.11	7.01	-10.59
622	25.14	7.02	-10.61
623	25.17	7.04	-10.63
624	25.21	7.08	-10.69
625	25.25	7.13	-10.74
626	25.29	7.2	-10.8
627	25.33	7.27	-10.82
628	25.37	7.33	-10.84
629	25.41	7.36	-10.85
630	25.45	7.4	-10.86
631	25.49	7.44	-10.88
632	25.53	7.48	-10.91
633	25.57	7.55	-11
634	25.61	7.6	-11.1
635	25.65	7.67	-11.23
636	25.69	7.71	-11.35
637	25.73	7.71	-11.42
638	25.77	7.7	-11.46
639	25.81	7.67	-11.49
640	25.85	7.65	-11.53
641	25.89	7.63	-11.56
642	25.93	7.62	-11.59
643	25.97	7.62	-11.63
644	26.01	7.63	-11.67
645	26.05	7.67	-11.74
646	26.09	7.7	-11.82
647	26.13	7.71	-11.86
648	26.17	7.74	-11.91
649	26.21	7.75	-11.94
650	26.25	7.78	-11.99
651	26.29	7.82	-12.05
652	26.33	7.86	-12.13
653	26.37	7.9	-12.24
654	26.41	7.91	-12.3
655	26.45	7.91	-12.38
656	26.49	7.9	-12.44
657	26.53	7.87	-12.49
658	26.57	7.87	-12.56
659	26.61	7.88	-12.64
660	26.65	7.91	-12.73
661	26.69	7.96	-12.81
662	26.73	8.08	-12.94
663	26.77	8.24	-13.09
664	26.81	8.38	-13.2
665	26.85	8.5	-13.3
666	26.89	8.57	-13.32
667	26.93	8.61	-13.29
668	26.97	8.68	-13.32
669	27.01	8.76	-13.38
670	27.05	8.84	-13.48
671	27.09	8.92	-13.6
672	27.13	8.98	-13.65
673	27.17	9.03	-13.68
674	27.21	9.09	-13.69
675	27.25	9.14	-13.74
676	27.29	9.2	-13.88
677	27.33	9.25	-14.08
678	27.37	9.28	-14.28
679	27.41	9.3	-14.45
680	27.45	9.29	-14.55
681	27.49	9.28	-14.61
682	27.53	9.27	-14.67
683	27.57	9.28	-14.73
684	27.61	9.31	-14.82
685	27.65	9.36	-14.93
686	27.69	9.44	-15.06
687	27.73	9.49	-15.18
688	27.77	9.56	-15.29
689	27.81	9.59	-15.35
690	27.85	9.61	-15.41
691	27.89	9.64	-15.48
692	27.93	9.65	-15.52
693	27.97	9.71	-15.59
694	28.01	9.81	-15.69
695	28.05	9.91	-15.78
696	28.09	10	-15.89
697	28.13	10.07	-15.98
698	28.17	10.09	-16.02
699	28.21	10.12	-16.08
700	28.25	10.17	-16.11
701	28.29	10.21	-16.19
702	28.33	10.25	-16.32
703	28.37	10.3	-16.51
704	28.41	10.34	-16.74
705	28.45	10.38	-16.98
706	28.49	10.42	-17.25
707	28.53	10.45	-17.48
708	28.57	10.48	-17.69
709	28.61	10.51	-17.84
710	28.65	10.54	-17.95
711	28.69	10.56	-18
712	28.73	10.58	-18.04
713	28.77	10.62	-18.09
714	28.81	10.65	-18.13
715	28.85	10.7	-18.18
716	28.89	10.78	-18.27
717	28.93	10.84	-18.34
718	28.97	10.89	-18.41
719	29.01	10.93	-18.46
720	29.05	10.96	-18.51
721	29.09	10.98	-18.53
722	29.13	11	-18.57
723	29.17	11.02	-18.6
724	29.21	11.04	-18.66
725	29.25	11.07	-18.74
726	29.29	11.08	-18.78
727	29.33	11.1	-18.79
728	29.37	11.11	-18.78
729	29.41	11.11	-18.76
730	29.45	11.13	-18.76
731	29.49	11.14	-18.76
732	29.53	11.14	-18.75
733	29.57	11.15	-18.75
734	29.61	11.15	-18.73
735	29.65	11.15	-18.7
736	29.69	11.15	-18.67
737	29.73	11.14	-18.63
738	29.77	11.15	-18.6
739	29.81	11.14	-18.56
740	29.85	11.13	-18.54
741	29.89	11.13	-18.51
742	29.93	11.12	-18.5
743	29.97	11.13	-18.51
744	30.01	11.12	-18.48
745	30.05	11.13	-18.46
746	30.09	11.13	-18.42
747	30.13	11.13	-18.39
748	30.17	11.15	-18.4
749	30.21	11.15	-18.39
750	30.25	11.14	-18.36
751	30.29	11.13	-18.34
752	30.33	11.13	-18.32
753	30.37	11.14	-18.32
754	30.41	11.15	-18.34
755	30.45	11.16	-18.37
756	30.49	11.17	-18.41
757	30.53	11.16	-18.42
758	30.57	11.16	-18.42
759	30.61	11.14	-18.39
760	30.65	11.13	-18.39
761	30.69	11.13	-18.4
762	30.73	11.12	-18.39
763	30.77	11.14	-18.45
764	30.81	11.12	-18.45
765	30.85	11.1	-18.46
766	30.89	11.07	-18.47
767	30.93	11.03	-18.44
768	30.97	11.01	-18.45
769	31.01	10.98	-18.44
770	31.05	10.97	-18.45
771	31.09	10.95	-18.47
772	31.13	10.93	-18.46
773	31.17	10.91	-18.46
774	31.21	10.89	-18.47
775	31.25	10.88	-18.47
776	31.29	10.88	-18.48
777	31.33	10.88	-18.5
778	31.37	10.88	-18.5
779	31.41	10.88	-18.52
780	31.45	10.88	-18.53
781	31.49	10.88	-18.53
782	31.53	10.89	-18.54
783	31.57	10.89	-18.53
784	31.61	10.9	-18.51
785	31.65	10.91	-18.52
786	31.69	10.91	-18.51
787	31.73	10.9	-18.51
788	31.77	10.9	-18.52
789	31.81	10.89	-18.48
790	31.85	10.89	-18.43
791	31.89	10.89	-18.35
792	31.93	10.89	-18.27
793	31.97	10.88	-18.2
794	32.01	10.87	-18.15
795	32.05	10.86	-18.1
796	32.09	10.84	-18.08
797	32.13	10.84	-18.05
798	32.17	10.83	-18.02
799	32.21	10.83	-17.99
800	32.25	10.82	-17.94
801	32.29	10.8	-17.88
802	32.33	10.8	-17.83
803	32.37	10.81	-17.79
804	32.41	10.81	-17.72
805	32.45	10.82	-17.67
806	32.49	10.82	-17.61
807	32.53	10.83	-17.56
808	32.57	10.83	-17.53
809	32.61	10.83	-17.51
810	32.65	10.82	-17.47
811	32.69	10.8	-17.46
812	32.73	10.78	-17.44
813	32.77	10.77	-17.42
814	32.81	10.75	-17.4
815	32.85	10.71	-17.36
816	32.89	10.69	-17.31
817	32.93	10.68	-17.27
818	32.97	10.68	-17.25
819	33.01	10.72	-17.23
820	33.05	10.73	-17.16
821	33.09	10.75	-17.07
822	33.13	10.77	-16.96
823	33.17	10.79	-16.84
824	33.21	10.81	-16.75
825	33.25	10.83	-16.67
826	33.29	10.83	-16.59
827	33.33	10.84	-16.54
828	33.37	10.88	-16.49
829	33.41	10.91	-16.46
830	33.45	10.94	-16.47
831	33.49	10.96	-16.49
832	33.53	10.96	-16.56
833	33.57	10.95	-16.62
834	33.61	10.93	-16.66
835	33.65	10.93	-16.71
836	33.69	10.93	-16.72
837	33.73	10.95	-16.74
838	33.77	10.97	-16.75
839	33.81	10.96	-16.74
840	33.85	10.96	-16.73
841	33.89	10.93	-16.73
842	33.93	10.92	-16.71
843	33.97	10.88	-16.69
844	34.01	10.83	-16.69
845	34.05	10.78	-16.67
846	34.09	10.73	-16.65
847	34.13	10.71	-16.65
848	34.17	10.68	-16.63
849	34.21	10.67	-16.61
850	34.25	10.64	-16.61
851	34.29	10.6	-16.6
852	34.33	10.57	-16.6
853	34.37	10.54	-16.61
854	34.41	10.51	-16.62
855	34.45	10.46	-16.63
856	34.49	10.43	-16.65
857	34.53	10.43	-16.65
858	34.57	10.42	-16.63
859	34.61	10.45	-16.62
860	34.65	10.45	-16.61
861	34.69	10.46	-16.59
862	34.73	10.47	-16.58
863	34.77	10.48	-16.59
864	34.81	10.49	-16.59
865	34.85	10.5	-16.61
866	34.89	10.53	-16.64
867	34.93	10.52	-16.66
868	34.97	10.53	-16.68
869	35.01	10.52	-16.7
870	35.05	10.51	-16.7
871	35.09	10.51	-16.71
872	35.13	10.5	-16.72
873	35.17	10.49	-16.75
874	35.21	10.48	-16.78
875	35.25	10.46	-16.8
876	35.29	10.45	-16.82
877	35.33	10.44	-16.84
878	35.37	10.43	-16.87
879	35.41	10.43	-16.89
880	35.45	10.41	-16.91
881	35.49	10.4	-16.92
882	35.53	10.38	-16.91
883	35.57	10.35	-16.9
884	35.61	10.33	-16.89
885	35.65	10.32	-16.9
886	35.69	10.31	-16.89
887	35.73	10.3	-16.91
888	35.77	10.29	-16.92
889	35.81	10.26	-16.93
890	35.85	10.22	-16.94
891	35.89	10.16	-16.96
892	35.93	10.11	-16.98
893	35.97	10.05	-17
894	36.01	10	-17.03
895	36.05	9.97	-17.04
896	36.09	9.96	-17.06
897	36.13	9.94	-17.05
898	36.17	9.93	-17.05
899	36.21	9.93	-17.03
900	36.25	9.94	-17.03
901	36.29	9.97	-17.04
902	36.33	9.99	-17.05
903	36.37	10	-17.06
904	36.41	10.01	-17.07
905	36.45	10	-17.05
906	36.49	10.01	-17.04
907	36.53	10.01	-17.01
908	36.57	10.01	-16.98
909	36.61	10	-16.95
910	36.65	9.99	-16.91
911	36.69	9.98	-16.88
912	36.73	9.98	-16.85
913	36.77	9.98	-16.83
914	36.81	10	-16.82
915	36.85	10.01	-16.8
916	36.89	10.03	-16.78
917	36.93	10.04	-16.74
918	36.97	10.03	-16.69
919	37.01	10.05	-16.66
920	37.05	10.04	-16.62
921	37.09	10.04	-16.6
922	37.13	10.04	-16.59
923	37.17	10.02	-16.56
924	37.21	10.02	-16.53
925	37.25	10	-16.49
926	37.29	10	-16.46
927	37.33	10	-16.44
928	37.37	10	-16.42
929	37.41	10.03	-16.4
930	37.45	10.03	-16.36
931	37.49	10.04	-16.32
932	37.53	10.06	-16.26
933	37.57	10.06	-16.22
934	37.61	10.07	-16.16
935	37.65	10.07	-16.12
936	37.69	10.08	-16.06
937	37.73	10.11	-15.97
938	37.77	10.16	-15.86
939	37.81	10.22	-15.73
940	37.85	10.26	-15.61
941	37.89	10.26	-15.52
942	37.93	10.23	-15.44
943	37.97	10.21	-15.38
944	38.01	10.17	-15.33
945	38.05	10.16	-15.29
946	38.09	10.15	-15.24
947	38.13	10.14	-15.21
948	38.17	10.13	-15.15
949	38.21	10.12	-15.11
950	38.25	10.1	-15.07
951	38.29	10.06	-15.02
952	38.33	10.03	-14.95
953	38.37	10.01	-14.86
954	38.41	10.01	-14.78
955	38.45	10.03	-14.72
956	38.49	10.08	-14.67
957	38.53	10.14	-14.63
958	38.57	10.17	-14.56
959	38.61	10.2	-14.44
960	38.65	10.19	-14.32
961	38.69	10.16	-14.21
962	38.73	10.15	-14.11
963	38.77	10.13	-14.05
964	38.81	10.13	-14.02
965	38.85	10.17	-13.98
966	38.89	10.2	-13.98
967	38.93	10.24	-13.98
968	38.97	10.29	-13.97
969	39.01	10.32	-13.97
970	39.05	10.33	-13.97
971	39.09	10.32	-13.98
972	39.13	10.31	-13.99
973	39.17	10.3	-14.01
974	39.21	10.29	-14.03
975	39.25	10.3	-14.04
976	39.29	10.29	-14.06
977	39.33	10.28	-14.09
978	39.37	10.27	-14.13
979	39.41	10.25	-14.19
980	39.45	10.24	-14.23
981	39.49	10.22	-14.28
982	39.53	10.22	-14.29
983	39.57	10.21	-14.29
984	39.61	10.19	-14.31
985	39.65	10.17	-14.3
986	39.69	10.15	-14.32
987	39.73	10.13	-14.34
988	39.77	10.12	-14.37
989	39.81	10.1	-14.39
990	39.85	10.05	-14.45
991	39.89	9.95	-14.53
992	39.93	9.86	-14.56
993	39.97	9.77	-14.6
994	40.01	9.71	-14.59
995	40.05	9.68	-14.56
996	40.09	9.65	-14.56
997	40.13	9.63	-14.56
998	40.17	9.61	-14.57
999	40.21	9.58	-14.58
1000	40.25	9.53	-14.58
1001	40.29	9.47	-14.59
1002	40.33	9.44	-14.56
1003	40.37	9.41	-14.55
1004	40.41	9.4	-14.54
1005	40.45	9.41	-14.52
1006	40.49	9.41	-14.52
1007	40.53	9.41	-14.53
1008	40.57	9.4	-14.53
1009	40.61	9.4	-14.52
1010	40.65	9.38	-14.53
1011	40.69	9.38	-14.5
1012	40.73	9.38	-14.45
1013	40.77	9.34	-14.45
1014	40.81	9.3	-14.45
1015	40.85	9.24	-14.47
1016	40.89	9.17	-14.49
1017	40.93	9.13	-14.51
1018	40.97	9.08	-14.54
1019	41.01	9.04	-14.57
1020	41.05	9	-14.65
1021	41.09	8.96	-14.73
1022	41.13	8.93	-14.81
1023	41.17	8.89	-14.87
1024	41.21	8.85	-14.91
1025	41.25	8.81	-14.93
1026	41.29	8.78	-14.94
1027	41.33	8.76	-14.95
1028	41.37	8.75	-14.96
1029	41.41	8.73	-15.02
1030	41.45	8.72	-15.05
1031	41.49	8.71	-15.07
1032	41.53	8.7	-15.1
1033	41.57	8.7	-15.09
1034	41.61	8.68	-15.08
1035	41.65	8.65	-15.06
1036	41.69	8.62	-15.02
1037	41.73	8.6	-14.99
1038	41.77	8.57	-14.98
1039	41.81	8.52	-14.98
1040	41.85	8.47	-15.01
1041	41.89	8.37	-15.04
1042	41.93	8.26	-15.09
1043	41.97	8.18	-15.12
1044	42.01	8.09	-15.13
1045	42.05	8.03	-15.15
1046	42.09	7.99	-15.16
1047	42.13	7.97	-15.16
1048	42.17	7.98	-15.15
1049	42.21	7.99	-15.15
1050	42.29	8	-15.12
1051	42.33	8.01	-15.1
1052	42.37	8.02	-15.05
1053	42.41	8.03	-14.97
1054	42.45	8.03	-14.91
1055	42.49	7.98	-14.81
1056	42.53	7.87	-14.75
1057	42.57	7.72	-14.66
1058	42.61	7.56	-14.56
1059	42.65	7.41	-14.5
1060	42.69	7.27	-14.4
1061	42.73	7.15	-14.37
1062	42.77	7.04	-14.35
1063	42.81	6.95	-14.29
1064	42.85	6.9	-14.23
1065	42.89	6.89	-14.17
1066	42.93	6.87	-14.08
1067	42.97	6.84	-14.01
1068	43.01	6.8	-13.97
1069	43.05	6.75	-13.89
1070	43.09	6.69	-13.81
1071	43.13	6.61	-13.71
1072	43.17	6.52	-13.59
1073	43.21	6.42	-13.47
1074	43.25	6.36	-13.37
1075	43.29	6.32	-13.31
1076	43.33	6.29	-13.28
1077	43.37	6.25	-13.28
1078	43.41	6.22	-13.28
1079	43.45	6.17	-13.25
1080	43.49	6.14	-13.23
1081	43.53	6.1	-13.18
1082	43.57	6.06	-13.16
1083	43.61	6.03	-13.13
1084	43.65	5.99	-13.1
1085	43.69	5.96	-13.08
1086	43.73	5.93	-13.04
1087	43.77	5.89	-12.99
1088	43.81	5.86	-12.97
1089	43.85	5.82	-12.93
1090	43.89	5.77	-12.91
1091	43.93	5.74	-12.88
1092	43.97	5.7	-12.82
1093	44.01	5.66	-12.74
1094	44.05	5.65	-12.67
1095	44.09	5.61	-12.58
1096	44.13	5.57	-12.51
1097	44.17	5.52	-12.45
1098	44.21	5.45	-12.37
1099	44.25	5.41	-12.34
1100	44.29	5.34	-12.29
1101	44.33	5.26	-12.23
1102	44.37	5.17	-12.2
1103	44.41	5.05	-12.12
1104	44.45	4.95	-12.03
1105	44.49	4.86	-11.94
1106	44.53	4.8	-11.85
1107	44.57	4.78	-11.74
1108	44.61	4.75	-11.62
1109	44.65	4.74	-11.48
1110	44.69	4.72	-11.33
1111	44.73	4.7	-11.21
1112	44.77	4.7	-11.11
1113	44.81	4.71	-11.04
1114	44.85	4.72	-10.96
1115	44.89	4.73	-10.9
1116	44.93	4.74	-10.87
1117	44.97	4.74	-10.83
1118	45.01	4.74	-10.79
1119	45.05	4.71	-10.72
1120	45.09	4.69	-10.65
1121	45.13	4.7	-10.57
1122	45.17	4.74	-10.51
1123	45.21	4.78	-10.44
1124	45.25	4.82	-10.38
1125	45.29	4.84	-10.31
1126	45.33	4.85	-10.25
1127	45.37	4.86	-10.21
1128	45.41	4.89	-10.14
1129	45.45	4.94	-10.06
1130	45.49	4.99	-9.97
1131	45.53	5.05	-9.89
1132	45.57	5.08	-9.83
1133	45.61	5.1	-9.78
1134	45.65	5.09	-9.74
1135	45.69	5.06	-9.7
1136	45.73	5.03	-9.69
1137	45.77	4.99	-9.7
1138	45.81	4.97	-9.71
1139	45.85	4.94	-9.71
1140	45.89	4.91	-9.72
1141	45.93	4.88	-9.73
1142	45.97	4.85	-9.76
1143	46.01	4.84	-9.81
1144	46.05	4.83	-9.85
1145	46.09	4.83	-9.89
1146	46.13	4.82	-9.91
1147	46.17	4.82	-9.94
1148	46.21	4.81	-9.96
1149	46.25	4.81	-9.99
1150	46.29	4.81	-10.05
1151	46.33	4.81	-10.09
1152	46.37	4.81	-10.12
1153	46.41	4.81	-10.15
1154	46.45	4.81	-10.17
1155	46.49	4.77	-10.15
1156	46.53	4.74	-10.15
1157	46.57	4.7	-10.13
1158	46.61	4.63	-10.1
1159	46.65	4.56	-10.13
1160	46.69	4.46	-10.15
1161	46.73	4.35	-10.2
1162	46.77	4.26	-10.24
1163	46.81	4.19	-10.29
1164	46.85	4.12	-10.32
1165	46.89	4.07	-10.34
1166	46.93	4	-10.32
1167	46.97	3.95	-10.33
1168	47.01	3.89	-10.31
1169	47.05	3.86	-10.29
1170	47.09	3.82	-10.27
1171	47.13	3.78	-10.23
1172	47.17	3.74	-10.22
1173	47.21	3.68	-10.23
1174	47.25	3.61	-10.26
1175	47.29	3.55	-10.32
1176	47.33	3.46	-10.37
1177	47.37	3.41	-10.43
1178	47.41	3.33	-10.47
1179	47.45	3.24	-10.5
1180	47.49	3.14	-10.57
1181	47.53	3.02	-10.65
1182	47.57	2.89	-10.76
1183	47.61	2.73	-10.86
1184	47.65	2.6	-10.96
1185	47.69	2.43	-11.05
1186	47.73	2.29	-11.14
1187	47.77	2.18	-11.23
1188	47.81	2.1	-11.29
1189	47.85	2.04	-11.33
1190	47.89	1.98	-11.35
1191	47.93	1.9	-11.38
1192	47.97	1.81	-11.43
1193	48.01	1.72	-11.49
1194	48.05	1.63	-11.56
1195	48.09	1.54	-11.64
1196	48.13	1.46	-11.71
1197	48.17	1.39	-11.76
1198	48.21	1.29	-11.82
1199	48.25	1.17	-11.86
1200	48.29	0.99	-11.9
1201	48.33	0.82	-11.96
1202	48.37	0.68	-12.01
1203	48.41	0.56	-12.05
1204	48.45	0.51	-12.06
1205	48.49	0.45	-12.03
1206	48.53	0.43	-12
1207	48.57	0.43	-11.95
1208	48.61	0.4	-11.91
1209	48.65	0.38	-11.89
1210	48.69	0.39	-11.87
1211	48.73	0.39	-11.87
1212	48.77	0.4	-11.87
1213	48.81	0.43	-11.87
1214	48.85	0.45	-11.88
1215	48.89	0.48	-11.88
1216	48.93	0.51	-11.88
1217	48.97	0.51	-11.89
1218	49.01	0.53	-11.9
1219	49.05	0.51	-11.91
1220	49.09	0.5	-11.91
1221	49.13	0.53	-11.92
1222	49.17	0.55	-11.95
1223	49.21	0.65	-11.97
1224	49.25	0.7	-12.01
1225	49.29	0.75	-12.06
1226	49.33	0.83	-12.08
1227	49.37	0.83	-12.12
1228	49.41	0.9	-12.15
1229	49.45	0.97	-12.17
1230	49.49	0.97	-12.21
1231	49.53	1.05	-12.23
1232	49.57	1.07	-12.26
1233	49.61	1.11	-12.28
1234	49.65	1.17	-12.3
1235	49.69	1.21	-12.32
1236	49.73	1.23	-12.36
1237	49.77	1.22	-12.41
1238	49.81	1.24	-12.51
1239	49.85	1.29	-12.62
1240	49.89	1.39	-12.76
1241	49.93	1.48	-12.89
1242	49.97	1.58	-12.97
1243	50.01	1.66	-13.04
1244	50.05	1.72	-13.09
1245	50.09	1.79	-13.14
1246	50.13	1.82	-13.22
1247	50.17	1.83	-13.29
1248	50.21	1.84	-13.37
1249	50.25	1.87	-13.46
1250	50.29	1.9	-13.55
1251	50.33	1.98	-13.66
1252	50.37	2.07	-13.8
1253	50.41	2.15	-13.96
1254	50.45	2.24	-14.13
1255	50.49	2.33	-14.27
1256	50.53	2.4	-14.38
1257	50.57	2.48	-14.48
1258	50.61	2.56	-14.52
1259	50.65	2.62	-14.57
1260	50.69	2.68	-14.64
1261	50.73	2.73	-14.73
1262	50.77	2.76	-14.89
1263	50.81	2.79	-15.07
1264	50.85	2.82	-15.27
1265	50.89	2.84	-15.53
1266	50.93	2.84	-15.75
1267	50.97	2.83	-15.91
1268	51.01	2.82	-16.05
1269	51.05	2.82	-16.09
1270	51.09	2.81	-16.17
1271	51.13	2.78	-16.29
1272	51.17	2.75	-16.4
1273	51.21	2.71	-16.56
1274	51.25	2.69	-16.68
1275	51.29	2.69	-16.82
1276	51.33	2.7	-16.96
1277	51.37	2.74	-17.07
1278	51.41	2.8	-17.17
1279	51.45	2.87	-17.28
1280	51.49	2.95	-17.39
1281	51.53	3.02	-17.51
1282	51.57	3.07	-17.64
1283	51.61	3.09	-17.75
1284	51.65	3.09	-17.85
1285	51.69	3.06	-17.95
1286	51.73	3.04	-18.03
1287	51.77	3.03	-18.1
1288	51.81	3.01	-18.16
1289	51.85	3	-18.2
1290	51.89	2.98	-18.22
1291	51.93	2.95	-18.24
1292	51.97	2.92	-18.23
1293	52.01	2.88	-18.21
1294	52.05	2.84	-18.17
1295	52.09	2.82	-18.14
1296	52.13	2.79	-18.09
1297	52.17	2.77	-18.06
1298	52.21	2.75	-18.06
1299	52.25	2.74	-18.06
1300	52.29	2.73	-18.07
1301	52.33	2.72	-18.06
1302	52.37	2.73	-18.05
1303	52.41	2.72	-18.04
1304	52.45	2.73	-18.02
1305	52.49	2.75	-18.02
1306	52.53	2.77	-17.98
1307	52.57	2.8	-17.96
1308	52.61	2.83	-17.94
1309	52.65	2.87	-17.89
1310	52.69	2.9	-17.88
1311	52.73	2.93	-17.83
1312	52.77	2.95	-17.79
1313	52.81	2.96	-17.78
1314	52.85	2.98	-17.79
1315	52.89	3.01	-17.77
1316	52.93	3.05	-17.75
1317	52.97	3.11	-17.75
1318	53.01	3.19	-17.73
1319	53.05	3.24	-17.72
1320	53.09	3.29	-17.72
1321	53.13	3.34	-17.7
1322	53.17	3.43	-17.72
1323	53.21	3.58	-17.79
1324	53.25	3.75	-17.84
1325	53.29	3.93	-17.9
1326	53.33	4.06	-17.91
1327	53.37	4.14	-17.9
1328	53.41	4.17	-17.88
1329	53.45	4.18	-17.86
1330	53.49	4.17	-17.86
1331	53.53	4.18	-17.89
1332	53.57	4.2	-17.93
1333	53.61	4.22	-17.96
1334	53.65	4.25	-18.01
1335	53.69	4.28	-18.04
1336	53.73	4.3	-18.06
1337	53.77	4.35	-18.11
1338	53.81	4.39	-18.13
1339	53.85	4.44	-18.12
1340	53.89	4.52	-18.1
1341	53.93	4.67	-18.06
1342	53.97	4.85	-18.02
1343	54.01	5.08	-17.96
1344	54.05	5.28	-17.92
1345	54.09	5.41	-17.85
1346	54.13	5.52	-17.8
1347	54.17	5.58	-17.78
1348	54.21	5.64	-17.76
1349	54.25	5.72	-17.78
1350	54.29	5.83	-17.85
1351	54.33	5.94	-17.92
1352	54.37	6.05	-17.99
1353	54.41	6.16	-18.07
1354	54.45	6.23	-18.11
1355	54.49	6.33	-18.15
1356	54.53	6.45	-18.18
1357	54.57	6.57	-18.2
1358	54.61	6.68	-18.21
1359	54.65	6.76	-18.24
1360	54.69	6.8	-18.26
1361	54.73	6.81	-18.29
1362	54.77	6.83	-18.31
1363	54.81	6.86	-18.32
1364	54.85	6.9	-18.32
1365	54.89	6.96	-18.32
1366	54.93	6.96	-18.32
1367	54.97	6.96	-18.33
1368	55.01	6.94	-18.33
1369	55.05	6.91	-18.33
1370	55.09	6.9	-18.32
1371	55.13	6.89	-18.32
1372	55.17	6.9	-18.32
1373	55.21	6.92	-18.33
1374	55.25	6.94	-18.34
1375	55.29	6.96	-18.34
1376	55.33	6.96	-18.33
1377	55.37	6.95	-18.31
1378	55.41	6.94	-18.3
1379	55.45	6.92	-18.28
1380	55.49	6.93	-18.28
1381	55.53	6.94	-18.29
1382	55.57	6.95	-18.31
1383	55.61	6.97	-18.33
1384	55.65	6.99	-18.35
1385	55.69	7.01	-18.37
1386	55.73	7.01	-18.37
1387	55.77	7.04	-18.4
1388	55.81	7.06	-18.42
1389	55.85	7.11	-18.45
1390	55.89	7.2	-18.5
1391	55.93	7.29	-18.53
1392	55.97	7.38	-18.55
1393	56.01	7.45	-18.56
1394	56.05	7.48	-18.54
1395	56.09	7.5	-18.54
1396	56.13	7.54	-18.56
1397	56.17	7.58	-18.57
1398	56.21	7.61	-18.6
1399	56.24	7.64	-18.63
1400	56.29	7.67	-18.66
1401	56.32	7.73	-18.73
1402	56.36	7.8	-18.82
1403	56.4	7.88	-18.91
1404	56.44	7.94	-18.99
1405	56.48	7.98	-19.03
1406	56.52	8.02	-19.04
1407	56.56	8.03	-19.04
1408	56.6	8.04	-19.03
1409	56.64	8.06	-19.01
1410	56.68	8.05	-18.96
1411	56.72	8.05	-18.92
1412	56.77	8.03	-18.86
1413	56.8	8.02	-18.81
1414	56.84	8	-18.76
1415	56.88	8	-18.72
1416	56.92	7.99	-18.68
1417	56.96	7.95	-18.62
1418	57	7.97	-18.59
1419	57.04	7.94	-18.54
1420	57.08	7.97	-18.49
1421	57.12	7.99	-18.45
1422	57.16	8.02	-18.39
1423	57.2	8.08	-18.33
1424	57.24	8.15	-18.24
1425	57.28	8.22	-18.09
1426	57.32	8.29	-17.94
1427	57.36	8.31	-17.78
1428	57.4	8.32	-17.64
1429	57.44	8.33	-17.55
1430	57.48	8.29	-17.47
1431	57.52	8.26	-17.41
1432	57.56	8.23	-17.36
1433	57.6	8.18	-17.32
1434	57.64	8.15	-17.29
1435	57.68	8.15	-17.26
1436	57.72	8.12	-17.24
1437	57.76	8.12	-17.23
1438	57.8	8.12	-17.21
1439	57.84	8.09	-17.18
1440	57.88	8.11	-17.08
1441	57.92	8.12	-16.97
1442	57.96	8.15	-16.85
1443	58	8.18	-16.72
1444	58.04	8.19	-16.63
1445	58.08	8.17	-16.56
1446	58.12	8.16	-16.48
1447	58.16	8.13	-16.43
1448	58.2	8.1	-16.4
1449	58.24	8.07	-16.37
1450	58.28	8.04	-16.35
1451	58.32	8.01	-16.35
1452	58.36	7.99	-16.35
1453	58.4	7.96	-16.37
1454	58.44	7.93	-16.4
1455	58.48	7.93	-16.43
1456	58.52	7.92	-16.45
1457	58.56	7.93	-16.46
1458	58.6	7.89	-16.51
1459	58.64	7.89	-16.55
1460	58.68	7.87	-16.6
1461	58.72	7.84	-16.64
1462	58.76	7.82	-16.65
1463	58.8	7.77	-16.67
1464	58.84	7.73	-16.68
1465	58.88	7.7	-16.68
1466	58.92	7.7	-16.67
1467	58.96	7.71	-16.65
1468	59	7.69	-16.65
1469	59.04	7.64	-16.66
1470	59.08	7.58	-16.68
1471	59.12	7.5	-16.7
1472	59.16	7.47	-16.72
1473	59.2	7.45	-16.75
1474	59.24	7.45	-16.78
1475	59.28	7.46	-16.8
1476	59.32	7.48	-16.79
1477	59.36	7.5	-16.78
1478	59.4	7.51	-16.76
1479	59.44	7.53	-16.72
1480	59.48	7.48	-16.75
1481	59.52	7.44	-16.74
1482	59.56	7.38	-16.76
1483	59.6	7.28	-16.81
1484	59.64	7.22	-16.81
1485	59.68	7.16	-16.84
1486	59.72	7.1	-16.84
1487	59.76	7.04	-16.82
1488	59.8	6.99	-16.81
1489	59.84	6.93	-16.79
1490	59.88	6.86	-16.8
1491	59.92	6.75	-16.81
1492	59.96	6.63	-16.83
1493	60	6.51	-16.86
1494	60.04	6.41	-16.86
1495	60.08	6.33	-16.87
1496	60.12	6.26	-16.89
1497	60.16	6.18	-16.87
1498	60.2	6.07	-16.83
1499	60.24	5.96	-16.75
1500	60.28	5.84	-16.71
1501	60.32	5.74	-16.69
1502	60.36	5.65	-16.7
1503	60.4	5.55	-16.73
1504	60.44	5.49	-16.74
1505	60.48	5.42	-16.74
1506	60.52	5.37	-16.7
1507	60.56	5.35	-16.67
1508	60.6	5.32	-16.63
1509	60.64	5.29	-16.61
1510	60.68	5.25	-16.62
1511	60.72	5.19	-16.62
1512	60.76	5.11	-16.65
1513	60.8	5.03	-16.67
1514	60.84	4.95	-16.69
1515	60.88	4.86	-16.71
1516	60.92	4.74	-16.73
1517	60.96	4.61	-16.76
1518	61	4.45	-16.79
1519	61.04	4.3	-16.82
1520	61.08	4.17	-16.83
1521	61.12	4.04	-16.85
1522	61.16	3.98	-16.89
1523	61.2	3.93	-16.95
1524	61.24	3.9	-17.03
1525	61.28	3.88	-17.14
1526	61.32	3.84	-17.24
1527	61.36	3.81	-17.35
1528	61.4	3.76	-17.42
1529	61.44	3.73	-17.47
1530	61.48	3.68	-17.49
1531	61.52	3.65	-17.51
1532	61.56	3.6	-17.53
1533	61.6	3.55	-17.56
1534	61.64	3.49	-17.63
1535	61.68	3.39	-17.7
1536	61.72	3.3	-17.78
1537	61.76	3.21	-17.87
1538	61.8	3.15	-17.95
1539	61.84	3.13	-18.04
1540	61.88	3.13	-18.13
1541	61.92	3.14	-18.23
1542	61.96	3.14	-18.3
1543	62	3.14	-18.36
1544	62.04	3.13	-18.4
1545	62.08	3.12	-18.41
1546	62.12	3.11	-18.41
1547	62.16	3.11	-18.4
1548	62.2	3.13	-18.39
1549	62.24	3.17	-18.39
1550	62.28	3.2	-18.38
1551	62.32	3.18	-18.38
1552	62.36	3.13	-18.36
1553	62.4	3.1	-18.33
1554	62.44	3.06	-18.3
1555	62.48	3.05	-18.28
1556	62.52	3.01	-18.25
1557	62.56	2.95	-18.23
1558	62.6	2.9	-18.19
1559	62.64	2.86	-18.17
1560	62.68	2.85	-18.13
1561	62.72	2.83	-18.1
1562	62.76	2.81	-18.07
1563	62.8	2.8	-18.05
1564	62.84	2.77	-18.04
1565	62.88	2.77	-18.03
1566	62.92	2.8	-18.05
1567	62.96	2.78	-18.06
1568	63	2.76	-18.05
1569	63.04	2.78	-18.02
1570	63.08	2.78	-17.98
1571	63.12	2.78	-17.95
1572	63.16	2.84	-17.96
1573	63.2	2.85	-17.99
1574	63.24	2.89	-18.05
1575	63.28	2.95	-18.1
1576	63.32	2.99	-18.16
1577	63.36	3.03	-18.21
1578	63.4	3.02	-18.25
1579	63.44	3.02	-18.31
1580	63.48	2.99	-18.33
1581	63.52	2.95	-18.36
1582	63.56	2.97	-18.4
1583	63.6	3	-18.42
1584	63.64	3.09	-18.45
1585	63.68	3.2	-18.47
1586	63.72	3.28	-18.49
1587	63.76	3.35	-18.5
1588	63.8	3.41	-18.51
1589	63.84	3.45	-18.53
1590	63.88	3.48	-18.55
1591	63.92	3.51	-18.57
1592	63.96	3.55	-18.6
1593	64	3.58	-18.63
1594	64.04	3.59	-18.67
1595	64.08	3.59	-18.7
1596	64.12	3.61	-18.73
1597	64.16	3.63	-18.77
1598	64.2	3.66	-18.78
1599	64.24	3.7	-18.78
1600	64.28	3.71	-18.78
1601	64.32	3.71	-18.75
1602	64.36	3.7	-18.72
1603	64.4	3.68	-18.7
1604	64.44	3.62	-18.69
1605	64.48	3.54	-18.67
1606	64.52	3.44	-18.65
1607	64.56	3.33	-18.64
1608	64.6	3.26	-18.62
1609	64.64	3.19	-18.59
1610	64.68	3.15	-18.55
1611	64.72	3.08	-18.48
1612	64.76	3.02	-18.43
1613	64.8	2.95	-18.37
1614	64.84	2.88	-18.33
1615	64.88	2.84	-18.31
1616	64.92	2.77	-18.27
1617	64.96	2.75	-18.23
1618	65	2.71	-18.18
1619	65.04	2.67	-18.14
1620	65.08	2.63	-18.13
1621	65.12	2.53	-18.11
1622	65.16	2.47	-18.1
1623	65.2	2.4	-18.1
1624	65.24	2.34	-18.1
1625	65.28	2.31	-18.11
1626	65.32	2.27	-18.13
1627	65.36	2.21	-18.14
1628	65.4	2.17	-18.17
1629	65.44	2.14	-18.19
1630	65.48	2.08	-18.2
1631	65.52	2.03	-18.22
1632	65.56	1.96	-18.21
1633	65.6	1.86	-18.19
1634	65.64	1.78	-18.17
1635	65.68	1.74	-18.15
1636	65.72	1.71	-18.13
1637	65.76	1.69	-18.1
1638	65.8	1.66	-18.08
1639	65.84	1.62	-18.06
1640	65.88	1.57	-18.05
1641	65.92	1.56	-18.04
1642	65.96	1.55	-18.02
1643	66	1.52	-18
1644	66.04	1.52	-17.99
1645	66.08	1.51	-17.99
1646	66.12	1.51	-17.99
1647	66.16	1.54	-18
1648	66.2	1.57	-18.01
1649	66.24	1.57	-18.01
1650	66.28	1.59	-18.02
1651	66.32	1.62	-18.02
1652	66.36	1.64	-18.02
1653	66.4	1.71	-18.02
1654	66.44	1.74	-18.01
1655	66.48	1.77	-18.02
1656	66.52	1.83	-18.03
1657	66.56	1.85	-18.04
1658	66.6	1.92	-18.06
1659	66.64	1.99	-18.06
1660	66.68	2.05	-18.07
1661	66.72	2.13	-18.08
1662	66.76	2.21	-18.1
1663	66.8	2.28	-18.13
1664	66.84	2.34	-18.16
1665	66.88	2.37	-18.18
1666	66.92	2.42	-18.2
1667	66.96	2.46	-18.23
1668	67	2.52	-18.24
1669	67.04	2.56	-18.26
1670	67.08	2.56	-18.26
1671	67.12	2.56	-18.26
1672	67.16	2.52	-18.24
1673	67.2	2.5	-18.22
1674	67.24	2.5	-18.21
1675	67.28	2.46	-18.18
1676	67.32	2.46	-18.16
1677	67.36	2.45	-18.14
1678	67.4	2.44	-18.12
1679	67.44	2.44	-18.1
1680	67.48	2.44	-18.1
1681	67.52	2.46	-18.09
1682	67.56	2.46	-18.09
1683	67.6	2.45	-18.07
1684	67.64	2.44	-18.05
1685	67.68	2.44	-18.04
1686	67.72	2.43	-18.04
1687	67.76	2.45	-18.05
1688	67.8	2.48	-18.07
1689	67.84	2.52	-18.07
1690	67.88	2.58	-18.06
1691	67.92	2.62	-18.06
1692	67.96	2.64	-18.04
1693	68	2.66	-18.05
1694	68.04	2.66	-18.07
1695	68.08	2.64	-18.08
1696	68.12	2.64	-18.1
1697	68.16	2.63	-18.12
1698	68.2	2.63	-18.13
1699	68.24	2.65	-18.14
1700	68.28	2.67	-18.15
1701	68.32	2.65	-18.12
1702	68.36	2.66	-18.1
1703	68.4	2.65	-18.08
1704	68.44	2.67	-18.07
1705	68.48	2.7	-18.08
1706	68.52	2.72	-18.09
1707	68.56	2.76	-18.12
1708	68.6	2.78	-18.1
1709	68.64	2.79	-18.1
1710	68.68	2.8	-18.08
1711	68.72	2.82	-18.05
1712	68.76	2.86	-18.07
1713	68.8	2.91	-18.09
1714	68.84	2.98	-18.13
1715	68.88	3.08	-18.18
1716	68.92	3.19	-18.23
1717	68.96	3.32	-18.26
1718	69	3.46	-18.29
1719	69.04	3.6	-18.3
1720	69.08	3.72	-18.27
1721	69.12	3.81	-18.25
1722	69.16	3.88	-18.21
1723	69.2	3.94	-18.14
1724	69.24	4.02	-18.09
1725	69.28	4.13	-18.03
1726	69.32	4.25	-17.98
1727	69.36	4.38	-17.94
1728	69.4	4.48	-17.94
1729	69.44	4.58	-17.95
1730	69.48	4.69	-17.99
1731	69.52	4.79	-18.05
1732	69.56	4.9	-18.07
1733	69.6	5	-18.04
1734	69.64	5.09	-18
1735	69.68	5.17	-17.94
1736	69.72	5.27	-17.89
1737	69.76	5.39	-17.89
1738	69.8	5.55	-17.87
1739	69.84	5.7	-17.85
1740	69.88	5.8	-17.84
1741	69.92	5.86	-17.8
1742	69.96	5.87	-17.77
1743	70	5.87	-17.75
1744	70.04	5.91	-17.7
1745	70.08	5.95	-17.66
1746	70.12	6.01	-17.62
1747	70.16	6.06	-17.58
1748	70.2	6.1	-17.59
1749	70.24	6.14	-17.57
1750	70.28	6.16	-17.56
1751	70.32	6.19	-17.57
1752	70.36	6.22	-17.56
1753	70.4	6.24	-17.58
1754	70.44	6.28	-17.62
1755	70.48	6.32	-17.65
1756	70.52	6.39	-17.7
1757	70.56	6.47	-17.75
1758	70.6	6.56	-17.78
1759	70.64	6.64	-17.8
1760	70.68	6.71	-17.81
1761	70.72	6.78	-17.83
1762	70.76	6.87	-17.84
1763	70.8	7.01	-17.88
1764	70.84	7.13	-17.95
1765	70.88	7.29	-18.01
1766	70.92	7.44	-18.11
1767	70.96	7.54	-18.18
1768	71	7.64	-18.24
1769	71.04	7.67	-18.29
1770	71.08	7.68	-18.32
1771	71.12	7.63	-18.34
1772	71.16	7.64	-18.35
1773	71.2	7.64	-18.35
1774	71.24	7.65	-18.35
1775	71.28	7.71	-18.35
1776	71.32	7.71	-18.34
1777	71.36	7.71	-18.33
1778	71.4	7.71	-18.32
1779	71.44	7.66	-18.29
1780	71.48	7.67	-18.25
1781	71.52	7.68	-18.21
1782	71.56	7.69	-18.17
1783	71.6	7.69	-18.14
1784	71.64	7.69	-18.09
1785	71.68	7.65	-18.08
1786	71.72	7.6	-18.06
1787	71.76	7.56	-18.04
1788	71.8	7.51	-18.05
1789	71.84	7.48	-18.04
1790	71.88	7.46	-18.03
1791	71.92	7.43	-18.01
1792	71.96	7.42	-17.99
1793	72	7.4	-17.99
1794	72.04	7.42	-17.96
1795	72.08	7.38	-17.95
1796	72.12	7.35	-17.93
1797	72.16	7.35	-17.88
1798	72.2	7.32	-17.85
1799	72.24	7.33	-17.8
1800	72.28	7.35	-17.76
1801	72.32	7.39	-17.74
1802	72.36	7.44	-17.73
1803	72.4	7.54	-17.71
1804	72.44	7.58	-17.71
1805	72.48	7.6	-17.71
1806	72.52	7.59	-17.72
1807	72.56	7.52	-17.74
1808	72.6	7.51	-17.76
1809	72.64	7.48	-17.76
1810	72.68	7.44	-17.77
1811	72.72	7.42	-17.79
1812	72.76	7.37	-17.8
1813	72.8	7.33	-17.84
1814	72.84	7.31	-17.87
1815	72.88	7.24	-17.92
1816	72.92	7.22	-17.94
1817	72.96	7.15	-17.99
1818	73	7.06	-18.04
1819	73.04	7.02	-18.06
1820	73.08	6.96	-18.09
1821	73.12	6.88	-18.11
1822	73.16	6.82	-18.13
1823	73.2	6.76	-18.17
1824	73.24	6.67	-18.2
1825	73.28	6.63	-18.22
1826	73.32	6.6	-18.23
1827	73.36	6.58	-18.22
1828	73.4	6.55	-18.23
1829	73.44	6.53	-18.25
1830	73.48	6.48	-18.28
1831	73.52	6.43	-18.35
1832	73.56	6.41	-18.41
1833	73.6	6.37	-18.46
1834	73.64	6.34	-18.5
1835	73.68	6.3	-18.52
1836	73.72	6.28	-18.56
1837	73.76	6.27	-18.59
1838	73.8	6.25	-18.63
1839	73.84	6.24	-18.67
1840	73.88	6.22	-18.72
1841	73.92	6.2	-18.77
1842	73.96	6.19	-18.81
1843	74	6.19	-18.85
1844	74.04	6.18	-18.88
1845	74.08	6.18	-18.88
1846	74.12	6.18	-18.88
1847	74.16	6.17	-18.87
1848	74.2	6.17	-18.85
1849	74.24	6.14	-18.83
1850	74.28	6.12	-18.8
1851	74.32	6.1	-18.78
1852	74.36	6.06	-18.75
1853	74.4	6.04	-18.75
1854	74.44	6.03	-18.74
1855	74.48	6.02	-18.73
1856	74.52	6.03	-18.74
1857	74.56	6.02	-18.72
1858	74.6	6.01	-18.72
1859	74.64	6.03	-18.71
1860	74.68	6.05	-18.69
1861	74.72	6.09	-18.67
1862	74.76	6.11	-18.64
1863	74.8	6.15	-18.6
1864	74.84	6.15	-18.55
1865	74.88	6.15	-18.51
1866	74.92	6.15	-18.48
1867	74.96	6.11	-18.47
1868	75	6.08	-18.48
1869	75.04	6.05	-18.48
1870	75.08	6.04	-18.48
1871	75.12	6.02	-18.46
1872	75.16	5.98	-18.42
1873	75.2	5.95	-18.39
1874	75.24	5.93	-18.37
1875	75.28	5.9	-18.34
1876	75.32	5.89	-18.33
1877	75.36	5.89	-18.29
1878	75.4	5.87	-18.27
1879	75.44	5.85	-18.24
1880	75.48	5.85	-18.2
1881	75.52	5.86	-18.16
1882	75.56	5.89	-18.11
1883	75.6	5.93	-18.06
1884	75.64	5.94	-18.03
1885	75.68	5.96	-18.01
1886	75.72	5.98	-17.97
1887	75.76	6	-17.94
1888	75.8	6.04	-17.85
1889	75.84	6.1	-17.73
1890	75.88	6.13	-17.61
1891	75.92	6.16	-17.48
1892	75.96	6.17	-17.37
1893	76	6.17	-17.27
1894	76.04	6.18	-17.19
1895	76.08	6.19	-17.1
1896	76.12	6.22	-17.01
1897	76.16	6.21	-16.97
1898	76.2	6.22	-16.92
1899	76.24	6.23	-16.91
1900	76.28	6.25	-16.9
1901	76.32	6.29	-16.88
1902	76.36	6.31	-16.87
1903	76.4	6.35	-16.83
1904	76.44	6.38	-16.81
1905	76.48	6.41	-16.81
1906	76.52	6.45	-16.81
1907	76.56	6.49	-16.82
1908	76.6	6.54	-16.83
1909	76.64	6.6	-16.82
1910	76.68	6.64	-16.83
1911	76.72	6.67	-16.84
1912	76.76	6.69	-16.85
1913	76.8	6.69	-16.86
1914	76.84	6.71	-16.85
1915	76.88	6.72	-16.84
1916	76.92	6.72	-16.85
1917	76.96	6.75	-16.84
1918	77	6.75	-16.85
1919	77.04	6.78	-16.84
1920	77.08	6.82	-16.83
1921	77.12	6.82	-16.83
1922	77.16	6.85	-16.81
1923	77.2	6.86	-16.81
1924	77.24	6.88	-16.8
1925	77.28	6.9	-16.78
1926	77.32	6.9	-16.78
1927	77.36	6.9	-16.79
1928	77.4	6.89	-16.83
1929	77.44	6.93	-16.85
1930	77.48	6.92	-16.9
1931	77.52	6.94	-16.93
1932	77.56	6.94	-16.95
1933	77.6	6.94	-16.98
1934	77.64	6.93	-17
1935	77.68	6.92	-17.01
1936	77.72	6.93	-17
1937	77.76	6.91	-17
1938	77.8	6.9	-16.99
1939	77.84	6.9	-16.97
1940	77.88	6.89	-16.94
1941	77.92	6.85	-16.92
1942	77.96	6.83	-16.88
1943	78	6.79	-16.86
1944	78.04	6.75	-16.84
1945	78.08	6.72	-16.82
1946	78.12	6.68	-16.8
1947	78.16	6.65	-16.77
1948	78.2	6.63	-16.74
1949	78.24	6.61	-16.71
1950	78.28	6.59	-16.71
1951	78.32	6.55	-16.71
1952	78.36	6.51	-16.72
1953	78.4	6.49	-16.72
1954	78.44	6.46	-16.73
1955	78.48	6.45	-16.69
1956	78.52	6.43	-16.62
1957	78.56	6.39	-16.54
1958	78.6	6.35	-16.45
1959	78.64	6.3	-16.39
1960	78.68	6.24	-16.36
1961	78.72	6.21	-16.32
1962	78.76	6.18	-16.29
1963	78.8	6.14	-16.26
1964	78.84	6.1	-16.25
1965	78.88	6.06	-16.25
1966	78.92	6.03	-16.23
1967	78.96	6.01	-16.23
1968	79	6.02	-16.21
1969	79.04	6.01	-16.22
1970	79.08	6.01	-16.25
1971	79.12	6	-16.29
1972	79.16	6	-16.3
1973	79.2	6	-16.31
1974	79.24	6.01	-16.3
1975	79.28	6.03	-16.27
1976	79.32	6.02	-16.28
1977	79.36	6.01	-16.31
1978	79.4	5.99	-16.36
1979	79.44	5.98	-16.4
1980	79.48	5.97	-16.44
1981	79.52	5.95	-16.49
1982	79.56	5.94	-16.53
1983	79.6	5.91	-16.58
1984	79.64	5.88	-16.65
1985	79.68	5.85	-16.66
1986	79.72	5.83	-16.65
1987	79.76	5.82	-16.64
1988	79.8	5.83	-16.59
1989	79.84	5.85	-16.57
1990	79.88	5.85	-16.6
1991	79.92	5.86	-16.58
1992	79.96	5.88	-16.6
1993	80	5.89	-16.6
1994	80.04	5.92	-16.6
1995	80.08	5.91	-16.64
1996	80.12	5.9	-16.66
1997	80.16	5.89	-16.7
1998	80.2	5.89	-16.73
1999	80.24	5.93	-16.73
2000	80.28	5.95	-16.74
2001	80.32	5.97	-16.73
2002	80.36	5.96	-16.72
2003	80.4	5.91	-16.75
2004	80.44	5.85	-16.8
2005	80.48	5.79	-16.87
2006	80.52	5.73	-16.92
2007	80.56	5.69	-16.93
2008	80.6	5.67	-16.91
2009	80.64	5.67	-16.87
2010	80.68	5.66	-16.85
2011	80.72	5.64	-16.83
2012	80.76	5.62	-16.85
2013	80.8	5.59	-16.89
2014	80.84	5.58	-16.92
2015	80.88	5.55	-17
2016	80.92	5.54	-17.03
2017	80.96	5.54	-17.05
2018	81	5.55	-17.07
2019	81.04	5.58	-17.04
2020	81.08	5.62	-17.03
2021	81.12	5.65	-17.03
2022	81.16	5.67	-17.04
2023	81.2	5.68	-17.08
2024	81.24	5.66	-17.16
2025	81.28	5.64	-17.22
2026	81.32	5.62	-17.3
2027	81.36	5.61	-17.37
2028	81.4	5.62	-17.38
2029	81.44	5.64	-17.41
2030	81.48	5.65	-17.4
2031	81.52	5.65	-17.39
2032	81.56	5.62	-17.4
2033	81.6	5.59	-17.4
2034	81.64	5.55	-17.39
2035	81.68	5.5	-17.4
2036	81.72	5.49	-17.37
2037	81.76	5.49	-17.35
2038	81.8	5.49	-17.33
2039	81.84	5.49	-17.31
2040	81.88	5.48	-17.29
2041	81.92	5.47	-17.26
2042	81.96	5.44	-17.25
2043	82	5.42	-17.22
2044	82.04	5.39	-17.2
2045	82.08	5.38	-17.16
2046	82.12	5.35	-17.15
2047	82.16	5.31	-17.15
2048	82.2	5.29	-17.13
2049	82.24	5.24	-17.17
2050	82.28	5.2	-17.21
2051	82.32	5.16	-17.24
2052	82.36	5.14	-17.28
2053	82.4	5.12	-17.29
2054	82.44	5.13	-17.27
2055	82.48	5.12	-17.27
2056	82.52	5.1	-17.27
2057	82.56	5.07	-17.27
2058	82.6	5.05	-17.25
2059	82.64	5.03	-17.24
2060	82.68	5.01	-17.23
2061	82.72	4.98	-17.22
2062	82.76	4.92	-17.21
2063	82.8	4.84	-17.16
2064	82.84	4.75	-17.12
2065	82.88	4.68	-17.09
2066	82.92	4.61	-17.1
2067	82.96	4.55	-17.14
2068	83	4.48	-17.18
2069	83.04	4.42	-17.21
2070	83.08	4.37	-17.23
2071	83.12	4.33	-17.23
2072	83.16	4.3	-17.25
2073	83.2	4.26	-17.28
2074	83.24	4.23	-17.29
2075	83.28	4.21	-17.32
2076	83.32	4.18	-17.33
2077	83.36	4.17	-17.36
2078	83.4	4.14	-17.38
2079	83.44	4.11	-17.4
2080	83.48	4.1	-17.4
2081	83.52	4.08	-17.35
2082	83.56	4.07	-17.31
2083	83.6	4.06	-17.26
2084	83.64	4.01	-17.26
2085	83.68	3.91	-17.26
2086	83.72	3.79	-17.3
2087	83.76	3.66	-17.36
2088	83.8	3.55	-17.41
2089	83.84	3.48	-17.48
2090	83.88	3.41	-17.5
2091	83.92	3.38	-17.54
2092	83.96	3.36	-17.58
2093	84	3.36	-17.62
2094	84.04	3.39	-17.67
2095	84.08	3.42	-17.71
2096	84.12	3.45	-17.73
2097	84.16	3.49	-17.74
2098	84.2	3.52	-17.76
2099	84.24	3.56	-17.78
2100	84.28	3.59	-17.8
2101	84.32	3.59	-17.82
2102	84.36	3.58	-17.81
2103	84.4	3.56	-17.81
2104	84.44	3.52	-17.78
2105	84.48	3.5	-17.76
2106	84.52	3.47	-17.74
2107	84.56	3.44	-17.7
2108	84.6	3.42	-17.69
2109	84.64	3.41	-17.67
2110	84.68	3.41	-17.64
2111	84.72	3.41	-17.64
2112	84.76	3.41	-17.64
2113	84.8	3.4	-17.64
2114	84.84	3.4	-17.67
2115	84.88	3.39	-17.71
2116	84.92	3.38	-17.74
2117	84.96	3.37	-17.8
2118	85	3.38	-17.87
2119	85.04	3.39	-17.93
2120	85.08	3.41	-18
2121	85.12	3.42	-18.05
2122	85.16	3.42	-18.07
2123	85.2	3.42	-18.08
2124	85.24	3.41	-18.12
2125	85.28	3.39	-18.18
2126	85.32	3.35	-18.29
2127	85.36	3.31	-18.44
2128	85.4	3.28	-18.58
2129	85.44	3.25	-18.73
2130	85.48	3.22	-18.83
2131	85.52	3.2	-18.9
2132	85.56	3.19	-18.97
2133	85.6	3.2	-19.03
2134	85.64	3.22	-19.1
2135	85.68	3.23	-19.18
2136	85.72	3.25	-19.28
2137	85.76	3.23	-19.41
2138	85.8	3.21	-19.6
2139	85.84	3.18	-19.78
2140	85.88	3.15	-19.93
2141	85.92	3.16	-20.02
2142	85.96	3.16	-20.05
2143	86	3.17	-20.08
2144	86.04	3.21	-20.11
2145	86.08	3.22	-20.16
2146	86.12	3.25	-20.22
2147	86.16	3.29	-20.28
2148	86.2	3.3	-20.34
2149	86.24	3.32	-20.41
2150	86.28	3.36	-20.47
2151	86.32	3.4	-20.55
2152	86.36	3.42	-20.63
2153	86.4	3.46	-20.68
2154	86.44	3.47	-20.72
2155	86.48	3.48	-20.73
2156	86.52	3.5	-20.73
2157	86.56	3.52	-20.72
2158	86.6	3.53	-20.7
2159	86.64	3.54	-20.68
2160	86.68	3.52	-20.66
2161	86.72	3.5	-20.65
2162	86.76	3.5	-20.65
2163	86.8	3.49	-20.63
2164	86.84	3.46	-20.61
2165	86.88	3.46	-20.59
2166	86.92	3.44	-20.57
2167	86.96	3.44	-20.54
2168	87	3.44	-20.52
2169	87.04	3.43	-20.5
2170	87.08	3.42	-20.47
2171	87.12	3.41	-20.44
2172	87.16	3.4	-20.41
2173	87.2	3.38	-20.37
2174	87.24	3.37	-20.34
2175	87.28	3.36	-20.3
2176	87.32	3.35	-20.27
2177	87.36	3.36	-20.24
2178	87.4	3.37	-20.23
2179	87.44	3.37	-20.2
2180	87.48	3.36	-20.18
2181	87.52	3.38	-20.19
2182	87.56	3.39	-20.2
2183	87.6	3.42	-20.24
2184	87.64	3.44	-20.26
2185	87.68	3.45	-20.28
2186	87.72	3.48	-20.3
2187	87.76	3.49	-20.33
2188	87.8	3.52	-20.38
2189	87.84	3.54	-20.42
2190	87.88	3.56	-20.46
2191	87.92	3.59	-20.5
2192	87.96	3.6	-20.53
2193	88	3.62	-20.56
2194	88.04	3.64	-20.58
2195	88.08	3.65	-20.58
2196	88.12	3.67	-20.59
2197	88.16	3.68	-20.6
2198	88.2	3.71	-20.62
2199	88.24	3.78	-20.66
2200	88.28	3.83	-20.7
2201	88.32	3.9	-20.73
2202	88.36	3.95	-20.76
2203	88.4	3.99	-20.78
2204	88.44	4.05	-20.78
2205	88.48	4.12	-20.79
2206	88.52	4.17	-20.79
2207	88.56	4.2	-20.78
2208	88.6	4.24	-20.78
2209	88.64	4.26	-20.77
2210	88.68	4.31	-20.78
2211	88.72	4.34	-20.79
2212	88.76	4.38	-20.81
2213	88.8	4.42	-20.84
2214	88.84	4.44	-20.85
2215	88.88	4.48	-20.88
2216	88.92	4.52	-20.91
2217	88.96	4.53	-20.93
2218	89	4.54	-20.97
2219	89.04	4.55	-21.01
2220	89.08	4.56	-21.03
2221	89.12	4.58	-21.05
2222	89.16	4.61	-21.08
2223	89.2	4.64	-21.09
2224	89.24	4.66	-21.11
2225	89.28	4.68	-21.12
2226	89.32	4.69	-21.11
2227	89.36	4.69	-21.11
2228	89.4	4.7	-21.08
2229	89.44	4.72	-21.06
2230	89.48	4.74	-21.04
2231	89.52	4.77	-21.03
2232	89.56	4.79	-21.03
2233	89.6	4.8	-21.03
2234	89.64	4.83	-21.04
2235	89.68	4.84	-21.03
2236	89.72	4.88	-21.02
2237	89.76	4.92	-20.98
2238	89.8	4.95	-20.92
2239	89.84	4.99	-20.85
2240	89.88	5	-20.78
2241	89.92	4.99	-20.71
2242	89.96	4.98	-20.64
2243	90	4.97	-20.56
2244	90.04	4.98	-20.47
2245	90.08	5	-20.36
2246	90.12	5.05	-20.26
2247	90.16	5.09	-20.18
2248	90.2	5.15	-20.13
2249	90.24	5.23	-20.1
2250	90.28	5.31	-20.08
2251	90.32	5.39	-20.09
2252	90.36	5.46	-20.07
2253	90.4	5.54	-20.05
2254	90.44	5.63	-20.03
2255	90.48	5.71	-19.97
2256	90.52	5.79	-19.93
2257	90.56	5.84	-19.88
2258	90.6	5.89	-19.82
2259	90.64	5.94	-19.78
2260	90.68	6.01	-19.68
2261	90.72	6.1	-19.61
2262	90.76	6.19	-19.53
2263	90.8	6.29	-19.47
2264	90.84	6.35	-19.46
2265	90.88	6.4	-19.45
2266	90.92	6.44	-19.48
2267	90.96	6.47	-19.48
2268	91	6.49	-19.5
2269	91.04	6.51	-19.54
2270	91.08	6.52	-19.56
2271	91.12	6.53	-19.58
2272	91.16	6.56	-19.6
2273	91.2	6.59	-19.62
2274	91.24	6.62	-19.65
2275	91.28	6.65	-19.69
2276	91.32	6.67	-19.74
2277	91.36	6.69	-19.79
2278	91.4	6.73	-19.81
2279	91.44	6.74	-19.85
2280	91.48	6.78	-19.88
2281	91.52	6.83	-19.89
2282	91.56	6.84	-19.94
2283	91.6	6.86	-19.94
2284	91.64	6.89	-19.93
2285	91.68	6.94	-19.92
2286	91.72	7.04	-19.91
2287	91.76	7.13	-19.92
2288	91.8	7.22	-19.93
2289	91.84	7.25	-20
2290	91.88	7.26	-20
2291	91.92	7.25	-20.01
2292	91.96	7.22	-20.01
2293	92	7.21	-19.98
2294	92.04	7.17	-19.98
2295	92.08	7.14	-19.97
2296	92.12	7.14	-19.93
2297	92.16	7.12	-19.9
2298	92.2	7.12	-19.85
2299	92.24	7.13	-19.79
2300	92.28	7.11	-19.77
2301	92.32	7.11	-19.73
2302	92.36	7.09	-19.72
2303	92.4	7.08	-19.71
2304	92.44	7.07	-19.71
2305	92.48	7.07	-19.69
2306	92.52	7.07	-19.67
2307	92.56	7.09	-19.64
2308	92.6	7.06	-19.64
2309	92.64	7.03	-19.64
2310	92.68	7.01	-19.64
2311	92.72	6.96	-19.66
2312	92.76	6.94	-19.64
2313	92.8	6.93	-19.62
2314	92.84	6.9	-19.62
2315	92.88	6.88	-19.6
2316	92.92	6.85	-19.59
2317	92.96	6.83	-19.59
2318	93	6.78	-19.6
2319	93.04	6.73	-19.59
2320	93.08	6.69	-19.54
2321	93.12	6.64	-19.55
2322	93.16	6.63	-19.52
2323	93.2	6.65	-19.5
2324	93.24	6.65	-19.5
2325	93.28	6.66	-19.42
2326	93.32	6.63	-19.36
2327	93.36	6.56	-19.32
2328	93.4	6.49	-19.27
2329	93.44	6.41	-19.29
2330	93.48	6.34	-19.28
2331	93.52	6.27	-19.28
2332	93.56	6.21	-19.29
2333	93.6	6.15	-19.27
2334	93.64	6.11	-19.29
2335	93.68	6.08	-19.29
2336	93.72	6.07	-19.31
2337	93.76	6.06	-19.31
2338	93.8	6.06	-19.3
2339	93.84	6.06	-19.32
2340	93.88	6.07	-19.32
2341	93.92	6.08	-19.33
2342	93.96	6.09	-19.32
2343	94	6.11	-19.33
2344	94.04	6.12	-19.35
2345	94.08	6.11	-19.36
2346	94.12	6.11	-19.39
2347	94.16	6.09	-19.38
2348	94.2	6.07	-19.36
2349	94.24	6.07	-19.34
2350	94.27	6.05	-19.33
2351	94.32	6.04	-19.31
2352	94.35	6.04	-19.28
2353	94.39	6.01	-19.26
2354	94.43	6	-19.23
2355	94.47	5.99	-19.21
2356	94.51	5.98	-19.2
2357	94.56	5.98	-19.18
2358	94.59	5.99	-19.16
2359	94.63	6	-19.14
2360	94.67	6.01	-19.16
2361	94.71	6.02	-19.17
2362	94.75	6.04	-19.17
2363	94.79	6.04	-19.2
2364	94.83	6.05	-19.2
2365	94.87	6.06	-19.25
2366	94.92	6.07	-19.33
2367	94.95	6.06	-19.41
2368	94.99	6.06	-19.49
2369	95.03	6.06	-19.54
2370	95.07	6.05	-19.58
2371	95.11	6.06	-19.59
2372	95.15	6.08	-19.59
2373	95.19	6.11	-19.59
2374	95.23	6.13	-19.58
2375	95.27	6.16	-19.59
2376	95.31	6.18	-19.6
2377	95.35	6.21	-19.59
2378	95.39	6.24	-19.59
2379	95.43	6.28	-19.58
2380	95.47	6.31	-19.58
2381	95.51	6.35	-19.59
2382	95.55	6.38	-19.59
2383	95.59	6.39	-19.61
2384	95.63	6.39	-19.63
2385	95.67	6.38	-19.66
2386	95.71	6.37	-19.68
2387	95.75	6.37	-19.68
2388	95.79	6.36	-19.69
2389	95.83	6.37	-19.72
2390	95.87	6.38	-19.74
2391	95.91	6.37	-19.79
2392	95.95	6.38	-19.83
2393	95.99	6.39	-19.87
2394	96.03	6.4	-19.92
2395	96.11	6.46	-19.91
2396	96.15	6.5	-19.93
2397	96.19	6.55	-19.92
2398	96.23	6.57	-19.94
2399	96.27	6.57	-19.94
2400	96.31	6.53	-20.01
2401	96.35	6.52	-20.04
2402	96.39	6.48	-20.11
2403	96.43	6.43	-20.19
2404	96.47	6.43	-20.21
2405	96.51	6.36	-20.28
2406	96.55	6.34	-20.33
2407	96.59	6.33	-20.36
2408	96.63	6.3	-20.43
2409	96.67	6.31	-20.5
2410	96.71	6.34	-20.57
2411	96.75	6.38	-20.67
2412	96.79	6.43	-20.77
2413	96.83	6.46	-20.84
2414	96.87	6.48	-20.9
2415	96.91	6.49	-20.94
2416	96.95	6.51	-20.99
2417	96.99	6.55	-21.05
2418	97.03	6.56	-21.13
2419	97.07	6.59	-21.19
2420	97.11	6.61	-21.24
2421	97.15	6.61	-21.3
2422	97.19	6.66	-21.35
2423	97.23	6.7	-21.4
2424	97.27	6.78	-21.44
2425	97.31	6.86	-21.46
2426	97.35	6.93	-21.45
2427	97.39	6.97	-21.42
2428	97.43	6.98	-21.38
2429	97.47	6.98	-21.36
2430	97.51	6.99	-21.35
2431	97.55	6.97	-21.37
2432	97.59	6.98	-21.43
2433	97.63	6.96	-21.5
2434	97.67	6.97	-21.58
2435	97.71	6.99	-21.66
2436	97.75	7	-21.7
2437	97.79	7.06	-21.74
2438	97.83	7.1	-21.76
2439	97.87	7.14	-21.79
2440	97.91	7.19	-21.86
2441	97.95	7.23	-21.95
2442	97.99	7.26	-22.07
2443	98.03	7.28	-22.18
2444	98.07	7.29	-22.26
2445	98.11	7.29	-22.29
2446	98.15	7.29	-22.31
2447	98.19	7.3	-22.33
2448	98.23	7.3	-22.33
2449	98.27	7.31	-22.34
2450	98.31	7.31	-22.33
2451	98.35	7.3	-22.33
2452	98.39	7.29	-22.31
2453	98.43	7.27	-22.29
2454	98.47	7.25	-22.28
2455	98.51	7.22	-22.27
2456	98.55	7.2	-22.27
2457	98.59	7.18	-22.27
2458	98.63	7.17	-22.27
2459	98.67	7.17	-22.27
2460	98.71	7.16	-22.27
2461	98.75	7.16	-22.27
2462	98.79	7.16	-22.28
2463	98.83	7.18	-22.3
2464	98.87	7.2	-22.32
2465	98.91	7.23	-22.33
2466	98.95	7.26	-22.35
2467	98.99	7.28	-22.36
2468	99.03	7.3	-22.37
2469	99.07	7.33	-22.37
2470	99.11	7.34	-22.36
2471	99.15	7.35	-22.34
2472	99.19	7.35	-22.33
2473	99.23	7.36	-22.33
2474	99.27	7.36	-22.34
2475	99.31	7.36	-22.35
2476	99.35	7.37	-22.36
2477	99.39	7.37	-22.37
2478	99.43	7.39	-22.39
2479	99.47	7.42	-22.4
2480	99.51	7.45	-22.42
2481	99.55	7.47	-22.41
2482	99.59	7.49	-22.41
2483	99.63	7.49	-22.39
2484	99.67	7.48	-22.36
2485	99.71	7.51	-22.36
2486	99.75	7.51	-22.33
2487	99.79	7.55	-22.33
2488	99.83	7.58	-22.31
2489	99.87	7.57	-22.27
2490	99.91	7.57	-22.24
2491	99.95	7.56	-22.2
2492	99.99	7.57	-22.17
2493	100.03	7.59	-22.15
2494	100.07	7.6	-22.13
2495	100.11	7.6	-22.11
2496	100.15	7.59	-22.08
2497	100.19	7.58	-22.06
2498	100.23	7.58	-22.03
2499	100.27	7.56	-22.01
2500	100.31	7.56	-21.99
2501	100.35	7.54	-21.96
2502	100.39	7.51	-21.92
2503	100.43	7.51	-21.87
2504	100.47	7.5	-21.82
2505	100.51	7.5	-21.79
2506	100.55	7.51	-21.77
2507	100.59	7.5	-21.76
2508	100.63	7.5	-21.75
2509	100.67	7.52	-21.71
2510	100.71	7.57	-21.65
2511	100.75	7.63	-21.59
2512	100.79	7.68	-21.52
2513	100.83	7.71	-21.44
2514	100.87	7.69	-21.38
2515	100.91	7.67	-21.33
2516	100.95	7.65	-21.27
2517	100.99	7.62	-21.23
2518	101.03	7.6	-21.17
2519	101.07	7.58	-21.12
2520	101.11	7.55	-21.08
2521	101.15	7.54	-21.04
2522	101.19	7.55	-21.01
2523	101.23	7.57	-21
2524	101.27	7.59	-20.99
2525	101.31	7.6	-21
2526	101.35	7.59	-21.01
2527	101.39	7.57	-21.03
2528	101.43	7.59	-21.03
2529	101.47	7.6	-21.04
2530	101.51	7.62	-21.06
2531	101.55	7.64	-21.07
2532	101.59	7.62	-21.1
2533	101.63	7.61	-21.12
2534	101.67	7.6	-21.13
2535	101.71	7.58	-21.15
2536	101.75	7.55	-21.17
2537	101.79	7.53	-21.18
2538	101.83	7.53	-21.19
2539	101.87	7.52	-21.21
2540	101.91	7.52	-21.22
2541	101.95	7.5	-21.23
2542	101.99	7.49	-21.25
2543	102.03	7.47	-21.25
2544	102.07	7.44	-21.27
2545	102.11	7.45	-21.28
2546	102.15	7.46	-21.3
2547	102.19	7.45	-21.32
2548	102.23	7.44	-21.34
2549	102.27	7.4	-21.37
2550	102.31	7.37	-21.4
2551	102.35	7.36	-21.42
2552	102.39	7.35	-21.44
2553	102.43	7.36	-21.46
2554	102.47	7.34	-21.48
2555	102.51	7.34	-21.52
2556	102.55	7.33	-21.55
2557	102.59	7.3	-21.62
2558	102.63	7.28	-21.69
2559	102.67	7.25	-21.76
2560	102.71	7.24	-21.83
2561	102.75	7.25	-21.87
2562	102.79	7.25	-21.9
2563	102.83	7.27	-21.95
2564	102.87	7.27	-22.02
2565	102.91	7.27	-22.1
2566	102.95	7.26	-22.16
2567	102.99	7.25	-22.21
2568	103.03	7.24	-22.23
2569	103.07	7.23	-22.25
2570	103.11	7.23	-22.26
2571	103.15	7.23	-22.26
2572	103.19	7.26	-22.27
2573	103.23	7.29	-22.27
2574	103.27	7.3	-22.27
2575	103.31	7.31	-22.27
2576	103.35	7.31	-22.28
2577	103.39	7.3	-22.28
2578	103.43	7.32	-22.3
2579	103.47	7.32	-22.29
2580	103.51	7.32	-22.28
2581	103.55	7.33	-22.29
2582	103.59	7.33	-22.28
2583	103.63	7.35	-22.29
2584	103.67	7.37	-22.28
2585	103.71	7.37	-22.28
2586	103.75	7.39	-22.29
2587	103.79	7.39	-22.29
2588	103.83	7.41	-22.29
2589	103.87	7.42	-22.28
2590	103.91	7.41	-22.27
2591	103.95	7.41	-22.27
2592	103.99	7.4	-22.27
2593	104.03	7.38	-22.27
2594	104.07	7.36	-22.25
2595	104.11	7.33	-22.23
2596	104.15	7.27	-22.2
2597	104.19	7.22	-22.19
2598	104.23	7.17	-22.17
2599	104.27	7.13	-22.16
2600	104.31	7.09	-22.13
2601	104.35	7.06	-22.1
2602	104.39	7.02	-22.07
2603	104.43	6.99	-22.04
2604	104.47	6.97	-22.02
2605	104.51	6.94	-22
2606	104.55	6.93	-22
2607	104.59	6.9	-21.98
2608	104.63	6.86	-21.98
2609	104.67	6.83	-21.98
2610	104.71	6.79	-21.98
2611	104.75	6.77	-21.97
2612	104.79	6.73	-21.97
2613	104.83	6.67	-21.97
2614	104.87	6.63	-21.98
2615	104.91	6.59	-21.99
2616	104.95	6.54	-21.98
2617	104.99	6.47	-21.95
2618	105.03	6.38	-21.89
2619	105.07	6.28	-21.86
2620	105.11	6.18	-21.82
2621	105.15	6.1	-21.81
2622	105.19	6.05	-21.82
2623	105.23	6.03	-21.84
2624	105.27	6.01	-21.84
2625	105.31	6	-21.83
2626	105.35	5.95	-21.82
2627	105.39	5.88	-21.81
2628	105.43	5.79	-21.83
2629	105.47	5.69	-21.86
2630	105.51	5.62	-21.87
2631	105.55	5.57	-21.84
2632	105.59	5.54	-21.83
2633	105.63	5.53	-21.77
2634	105.67	5.53	-21.73
2635	105.71	5.55	-21.7
2636	105.75	5.58	-21.66
2637	105.79	5.6	-21.66
2638	105.83	5.61	-21.67
2639	105.87	5.6	-21.7
2640	105.91	5.59	-21.73
2641	105.95	5.58	-21.74
2642	105.99	5.57	-21.73
2643	106.03	5.56	-21.73
2644	106.07	5.54	-21.72
2645	106.11	5.52	-21.7
2646	106.15	5.5	-21.69
2647	106.19	5.48	-21.67
2648	106.23	5.46	-21.66
2649	106.27	5.44	-21.66
2650	106.31	5.43	-21.67
2651	106.35	5.41	-21.68
2652	106.39	5.4	-21.67
2653	106.43	5.4	-21.65
2654	106.47	5.39	-21.63
2655	106.51	5.37	-21.62
2656	106.55	5.37	-21.62
2657	106.59	5.35	-21.61
2658	106.63	5.34	-21.57
2659	106.67	5.36	-21.53
2660	106.71	5.37	-21.48
2661	106.75	5.4	-21.46
2662	106.79	5.42	-21.45
2663	106.83	5.44	-21.43
2664	106.87	5.47	-21.43
2665	106.91	5.5	-21.43
2666	106.95	5.53	-21.43
2667	106.99	5.56	-21.45
2668	107.03	5.58	-21.45
2669	107.07	5.6	-21.46
2670	107.11	5.61	-21.46
2671	107.15	5.61	-21.47
2672	107.19	5.61	-21.47
2673	107.23	5.59	-21.44
2674	107.27	5.56	-21.39
2675	107.31	5.54	-21.35
2676	107.35	5.52	-21.28
2677	107.39	5.51	-21.24
2678	107.43	5.53	-21.21
2679	107.47	5.55	-21.16
2680	107.51	5.58	-21.12
2681	107.55	5.61	-21.07
2682	107.59	5.64	-21.03
2683	107.63	5.67	-21.02
2684	107.67	5.68	-21.02
2685	107.71	5.7	-21.03
2686	107.75	5.71	-21.03
2687	107.79	5.73	-21
2688	107.83	5.76	-20.98
2689	107.87	5.78	-20.96
2690	107.91	5.78	-20.92
2691	107.95	5.77	-20.87
2692	107.99	5.76	-20.83
2693	108.03	5.76	-20.78
2694	108.07	5.77	-20.74
2695	108.11	5.79	-20.71
2696	108.15	5.82	-20.66
2697	108.19	5.86	-20.62
2698	108.23	5.89	-20.59
2699	108.27	5.93	-20.57
2700	108.31	5.98	-20.57
2701	108.35	6.01	-20.57
2702	108.39	6.02	-20.57
2703	108.43	6.04	-20.56
2704	108.47	6.05	-20.55
2705	108.51	6.09	-20.55
2706	108.55	6.18	-20.55
2707	108.59	6.28	-20.54
2708	108.63	6.4	-20.53
2709	108.67	6.49	-20.5
2710	108.71	6.54	-20.47
2711	108.75	6.58	-20.44
2712	108.79	6.6	-20.42
2713	108.83	6.64	-20.4
2714	108.87	6.69	-20.41
2715	108.91	6.74	-20.43
2716	108.95	6.76	-20.44
2717	108.99	6.76	-20.46
2718	109.03	6.77	-20.49
2719	109.07	6.75	-20.5
2720	109.11	6.74	-20.51
2721	109.15	6.75	-20.53
2722	109.19	6.74	-20.55
2723	109.23	6.75	-20.58
2724	109.27	6.77	-20.62
2725	109.31	6.77	-20.63
2726	109.35	6.78	-20.65
2727	109.39	6.78	-20.65
2728	109.43	6.76	-20.62
2729	109.47	6.72	-20.59
2730	109.51	6.66	-20.56
2731	109.55	6.61	-20.51
2732	109.59	6.58	-20.48
2733	109.63	6.56	-20.45
2734	109.67	6.52	-20.42
2735	109.71	6.48	-20.4
2736	109.75	6.46	-20.36
2737	109.79	6.45	-20.33
2738	109.83	6.47	-20.29
2739	109.87	6.49	-20.24
2740	109.91	6.51	-20.19
2741	109.95	6.49	-20.14
2742	109.99	6.47	-20.09
2743	110.03	6.44	-20.04
2744	110.07	6.4	-19.99
2745	110.11	6.38	-19.93
2746	110.15	6.37	-19.85
2747	110.19	6.35	-19.77
2748	110.23	6.34	-19.71
2749	110.27	6.34	-19.65
2750	110.31	6.32	-19.62
2751	110.35	6.34	-19.6
2752	110.39	6.37	-19.58
2753	110.43	6.39	-19.52
2754	110.47	6.43	-19.43
2755	110.51	6.46	-19.31
2756	110.55	6.48	-19.19
2757	110.59	6.5	-19.09
2758	110.63	6.5	-19.02
2759	110.67	6.47	-18.98
2760	110.71	6.46	-18.94
2761	110.75	6.45	-18.91
2762	110.79	6.44	-18.88
2763	110.83	6.44	-18.86
2764	110.87	6.44	-18.83
2765	110.91	6.4	-18.82
2766	110.95	6.37	-18.8
2767	110.99	6.36	-18.77
2768	111.03	6.33	-18.75
2769	111.07	6.3	-18.7
2770	111.11	6.28	-18.68
2771	111.15	6.24	-18.66
2772	111.19	6.23	-18.64
2773	111.23	6.24	-18.62
2774	111.27	6.26	-18.57
2775	111.31	6.29	-18.52
2776	111.35	6.27	-18.51
2777	111.39	6.24	-18.51
2778	111.43	6.21	-18.5
2779	111.47	6.18	-18.46
2780	111.51	6.19	-18.34
2781	111.55	6.18	-18.23
2782	111.59	6.18	-18.13
2783	111.63	6.19	-18.04
2784	111.67	6.18	-18.04
2785	111.71	6.18	-18.03
2786	111.75	6.18	-18.05
2787	111.79	6.15	-18.12
2788	111.83	6.13	-18.15
2789	111.87	6.09	-18.19
2790	111.91	6.04	-18.23
2791	111.95	5.99	-18.25
2792	111.99	5.94	-18.25
2793	112.03	5.88	-18.29
2794	112.07	5.82	-18.33
2795	112.11	5.75	-18.39
2796	112.15	5.67	-18.47
2797	112.19	5.62	-18.52
2798	112.23	5.61	-18.51
2799	112.27	5.62	-18.5
2800	112.31	5.63	-18.46
2801	112.35	5.66	-18.42
2802	112.39	5.65	-18.41
2803	112.43	5.66	-18.38
2804	112.47	5.66	-18.39
2805	112.51	5.66	-18.39
2806	112.55	5.67	-18.37
2807	112.59	5.64	-18.38
2808	112.63	5.62	-18.4
2809	112.67	5.58	-18.43
2810	112.71	5.53	-18.5
2811	112.75	5.49	-18.57
2812	112.79	5.47	-18.6
2813	112.83	5.45	-18.64
2814	112.87	5.47	-18.6
2815	112.91	5.45	-18.59
2816	112.95	5.45	-18.58
2817	112.99	5.43	-18.54
2818	113.03	5.4	-18.56
2819	113.07	5.39	-18.52
2820	113.11	5.37	-18.53
2821	113.15	5.34	-18.57
2822	113.19	5.31	-18.65
2823	113.23	5.26	-18.74
2824	113.27	5.22	-18.78
2825	113.31	5.17	-18.77
2826	113.35	5.13	-18.72
2827	113.39	5.1	-18.68
2828	113.43	5.08	-18.63
2829	113.47	5.08	-18.6
2830	113.51	5.1	-18.56
2831	113.55	5.11	-18.54
2832	113.59	5.1	-18.53
2833	113.63	5.07	-18.54
2834	113.67	5.02	-18.54
2835	113.71	4.96	-18.55
2836	113.75	4.92	-18.55
2837	113.79	4.88	-18.55
2838	113.83	4.85	-18.56
2839	113.87	4.82	-18.56
2840	113.91	4.76	-18.56
2841	113.95	4.67	-18.58
2842	113.99	4.57	-18.57
2843	114.03	4.47	-18.6
2844	114.07	4.39	-18.63
2845	114.11	4.31	-18.63
2846	114.15	4.26	-18.66
2847	114.19	4.21	-18.67
2848	114.23	4.18	-18.67
2849	114.27	4.16	-18.68
2850	114.31	4.15	-18.7
2851	114.35	4.14	-18.7
2852	114.39	4.14	-18.71
2853	114.43	4.14	-18.72
2854	114.47	4.15	-18.72
2855	114.51	4.15	-18.74
2856	114.55	4.14	-18.75
2857	114.59	4.11	-18.77
2858	114.63	4.09	-18.8
2859	114.67	4.06	-18.8
2860	114.71	4.03	-18.81
2861	114.75	4.01	-18.8
2862	114.79	3.97	-18.81
2863	114.83	3.95	-18.8
2864	114.87	3.94	-18.81
2865	114.91	3.92	-18.81
2866	114.95	3.92	-18.8
2867	114.99	3.91	-18.78
2868	115.03	3.9	-18.77
2869	115.07	3.91	-18.76
2870	115.11	3.9	-18.76
2871	115.15	3.9	-18.77
2872	115.19	3.9	-18.78
2873	115.23	3.89	-18.79
2874	115.27	3.9	-18.79
2875	115.31	3.91	-18.81
2876	115.35	3.93	-18.82
2877	115.39	3.95	-18.84
2878	115.43	3.97	-18.86
2879	115.47	3.98	-18.87
2880	115.51	3.99	-18.86
2881	115.55	4.03	-18.87
2882	115.59	4.05	-18.87
2883	115.63	4.08	-18.88
2884	115.67	4.1	-18.89
2885	115.71	4.09	-18.89
2886	115.75	4.09	-18.88
2887	115.79	4.07	-18.86
2888	115.83	4.05	-18.85
2889	115.87	4.01	-18.84
2890	115.91	3.98	-18.83
2891	115.95	3.96	-18.81
2892	115.99	3.95	-18.8
2893	116.03	3.96	-18.8
2894	116.07	3.96	-18.77
2895	116.11	3.96	-18.78
2896	116.15	3.97	-18.78
2897	116.19	3.97	-18.8
2898	116.23	3.97	-18.81
2899	116.27	3.98	-18.82
2900	116.31	3.98	-18.81
2901	116.35	3.98	-18.8
2902	116.39	3.99	-18.81
2903	116.43	4	-18.81
2904	116.47	4.02	-18.82
2905	116.51	4.02	-18.83
2906	116.55	4.02	-18.84
2907	116.59	4.01	-18.85
2908	116.63	4	-18.86
2909	116.67	4	-18.85
2910	116.71	3.98	-18.84
2911	116.75	3.98	-18.84
2912	116.79	3.97	-18.83
2913	116.83	3.98	-18.84
2914	116.87	3.98	-18.84
2915	116.91	3.98	-18.84
2916	116.95	3.99	-18.85
2917	116.99	4	-18.84
2918	117.03	4.02	-18.85
2919	117.07	4.03	-18.86
2920	117.11	4.03	-18.86
2921	117.15	4.02	-18.86
2922	117.19	4.01	-18.85
2923	117.23	4	-18.84
2924	117.27	3.99	-18.83
2925	117.31	4.01	-18.85
2926	117.35	4.01	-18.85
2927	117.39	4.02	-18.86
2928	117.43	4.01	-18.86
2929	117.47	4.01	-18.84
2930	117.51	4.01	-18.84
2931	117.55	4	-18.83
2932	117.59	4.02	-18.84
2933	117.63	4.03	-18.87
2934	117.67	4.02	-18.87
2935	117.71	4.03	-18.88
2936	117.75	4.02	-18.87
2937	117.79	3.99	-18.84
2938	117.83	4	-18.85
2939	117.87	4	-18.86
2940	117.91	4	-18.86
2941	117.95	4.01	-18.87
2942	117.99	4.01	-18.86
2943	118.03	4.01	-18.87
2944	118.07	4.03	-18.88
2945	118.11	4.04	-18.89
2946	118.15	4.03	-18.88
2947	118.19	4.02	-18.87
2948	118.23	4.01	-18.87
2949	118.27	4.01	-18.87
2950	118.31	4.01	-18.87
2951	118.35	4.03	-18.88
2952	118.39	4.04	-18.88
2953	118.43	4.05	-18.88
2954	118.47	4.04	-18.88
2955	118.51	4.04	-18.88
2956	118.55	4.03	-18.89
2957	118.59	4.02	-18.89
2958	118.63	4.02	-18.89
2959	118.67	4.03	-18.9
2960	118.71	4.03	-18.91
2961	118.75	4.02	-18.9
2962	118.79	4.03	-18.91
2963	118.83	4.03	-18.91
2964	118.87	4.02	-18.91
2965	118.91	4.02	-18.9
2966	118.95	4.02	-18.9
2967	118.99	4.02	-18.9
2968	119.03	4.03	-18.9
2969	119.07	4.03	-18.91
2970	119.11	4.03	-18.91
2971	119.15	4.04	-18.91
2972	119.19	4.03	-18.9
2973	119.23	4.02	-18.89
2974	119.27	4.03	-18.89
2975	119.31	4.02	-18.88
2976	119.35	4.02	-18.89
2977	119.39	4.02	-18.89
2978	119.43	4.02	-18.89
2979	119.47	4.02	-18.88
2980	119.51	4.02	-18.89
2981	119.55	4.03	-18.89
2982	119.59	4.02	-18.88
2983	119.63	4.03	-18.89
2984	119.67	4.02	-18.88
2985	119.71	4.03	-18.89
2986	119.75	4.05	-18.9
2987	119.79	4.04	-18.91
2988	119.83	4.05	-18.93
2989	119.87	4.05	-18.94
2990	119.91	4.04	-18.93
