1	0.06	-6.78	-0.75
2	0.1	-6.84	-0.71
3	0.14	-6.96	-0.63
4	0.18	-7.06	-0.54
5	0.22	-7.18	-0.43
6	0.26	-7.3	-0.33
7	0.3	-7.41	-0.28
8	0.34	-7.5	-0.23
9	0.38	-7.59	-0.2
10	0.42	-7.69	-0.17
11	0.5	-7.84	-0.12
12	0.54	-8.01	-0.06
13	0.58	-8.18	0.02
14	0.62	-8.35	0.08
15	0.66	-8.49	0.17
16	0.7	-8.67	0.29
17	0.74	-8.93	0.38
18	0.78	-9.17	0.51
19	0.82	-9.36	0.58
20	0.86	-9.47	0.57
21	0.9	-9.47	0.56
22	0.94	-9.46	0.55
23	0.98	-9.5	0.55
24	1.02	-9.53	0.59
25	1.06	-9.56	0.6
26	1.1	-9.59	0.59
27	1.14	-9.6	0.57
28	1.18	-9.63	0.52
29	1.22	-9.66	0.48
30	1.26	-9.69	0.45
31	1.3	-9.72	0.42
32	1.34	-9.74	0.4
33	1.38	-9.75	0.4
34	1.42	-9.76	0.4
35	1.46	-9.76	0.41
36	1.5	-9.74	0.43
37	1.54	-9.73	0.45
38	1.58	-9.74	0.45
39	1.62	-9.71	0.47
40	1.66	-9.71	0.48
41	1.7	-9.68	0.51
42	1.74	-9.65	0.54
43	1.78	-9.63	0.57
44	1.82	-9.59	0.6
45	1.86	-9.55	0.62
46	1.9	-9.51	0.64
47	1.94	-9.47	0.64
48	1.98	-9.46	0.65
49	2.02	-9.43	0.65
50	2.06	-9.36	0.67
51	2.1	-9.28	0.68
52	2.14	-9.21	0.7
53	2.18	-9.14	0.72
54	2.22	-9.11	0.75
55	2.26	-9.05	0.81
56	2.3	-8.96	0.89
57	2.34	-8.86	1.03
58	2.38	-8.73	1.21
59	2.42	-8.61	1.38
60	2.46	-8.48	1.52
61	2.5	-8.36	1.6
62	2.54	-8.3	1.65
63	2.58	-8.29	1.68
64	2.62	-8.32	1.76
65	2.66	-8.4	1.89
66	2.7	-8.48	2.04
67	2.74	-8.57	2.19
68	2.78	-8.67	2.28
69	2.82	-8.71	2.32
70	2.86	-8.7	2.36
71	2.9	-8.63	2.4
72	2.94	-8.56	2.45
73	2.98	-8.52	2.48
74	3.02	-8.51	2.52
75	3.06	-8.51	2.52
76	3.1	-8.52	2.53
77	3.14	-8.52	2.55
78	3.18	-8.5	2.56
79	3.22	-8.48	2.59
80	3.26	-8.44	2.62
81	3.3	-8.38	2.66
82	3.34	-8.31	2.69
83	3.38	-8.2	2.71
84	3.42	-8.11	2.74
85	3.46	-7.92	2.58
86	3.66	-7.76	2.42
87	3.7	-7.63	2.25
88	3.74	-7.54	2.07
89	3.78	-7.57	2.02
90	3.82	-7.6	1.99
91	3.86	-7.63	1.93
92	3.9	-7.64	1.84
93	3.94	-7.66	1.76
94	3.98	-7.65	1.63
95	4.02	-7.63	1.51
96	4.06	-7.6	1.37
97	4.1	-7.53	1.21
98	4.14	-7.42	1.03
99	4.18	-7.29	0.83
100	4.22	-7.15	0.66
101	4.26	-7.04	0.49
102	4.3	-6.99	0.35
103	4.34	-6.97	0.24
104	4.38	-6.93	0.18
105	4.42	-6.87	0.13
106	4.46	-6.77	0.14
107	4.5	-6.64	0.19
108	4.54	-6.53	0.21
109	4.58	-6.45	0.19
110	4.62	-6.43	0.08
111	4.66	-6.43	-0.08
112	4.7	-6.4	-0.23
113	4.74	-6.33	-0.32
114	4.78	-6.23	-0.37
115	4.82	-6.18	-0.43
116	4.86	-6.12	-0.48
117	4.9	-6.05	-0.56
118	4.94	-5.98	-0.65
119	4.98	-5.87	-0.72
120	5.02	-5.79	-0.81
121	5.06	-5.74	-0.91
122	5.1	-5.71	-1.02
123	5.14	-5.67	-1.14
124	5.18	-5.63	-1.24
125	5.22	-5.58	-1.31
126	5.26	-5.5	-1.3
127	5.3	-5.43	-1.27
128	5.34	-5.35	-1.27
129	5.38	-5.3	-1.31
130	5.42	-5.28	-1.39
131	5.46	-5.27	-1.48
132	5.5	-5.26	-1.55
133	5.54	-5.24	-1.6
134	5.58	-5.27	-1.69
135	5.62	-5.32	-1.81
136	5.66	-5.39	-1.93
137	5.7	-5.48	-2.07
138	5.74	-5.55	-2.18
139	5.78	-5.64	-2.24
140	5.82	-5.76	-2.34
141	5.86	-5.88	-2.44
142	5.9	-5.99	-2.53
143	5.94	-6.08	-2.64
144	5.98	-6.19	-2.75
145	6.02	-6.3	-2.85
146	6.06	-6.43	-2.98
147	6.1	-6.55	-3.09
148	6.14	-6.63	-3.17
149	6.18	-6.7	-3.23
150	6.22	-6.74	-3.27
151	6.26	-6.76	-3.34
152	6.3	-6.83	-3.43
153	6.34	-6.9	-3.52
154	6.38	-6.97	-3.6
155	6.42	-7.03	-3.65
156	6.46	-7.04	-3.67
157	6.5	-7.04	-3.7
158	6.54	-7.07	-3.79
159	6.58	-7.16	-3.93
160	6.62	-7.27	-4.08
161	6.66	-7.39	-4.21
162	6.7	-7.5	-4.34
163	6.74	-7.58	-4.46
164	6.78	-7.66	-4.59
165	6.82	-7.73	-4.73
166	6.86	-7.8	-4.8
167	6.9	-7.89	-4.87
168	6.94	-7.96	-4.93
169	6.98	-8.03	-4.99
170	7.02	-8.08	-5.07
171	7.06	-8.11	-5.13
172	7.1	-8.13	-5.19
173	7.14	-8.16	-5.25
174	7.18	-8.24	-5.33
175	7.22	-8.37	-5.4
176	7.26	-8.53	-5.49
177	7.3	-8.7	-5.54
178	7.34	-8.83	-5.56
179	7.38	-8.97	-5.58
180	7.42	-9.11	-5.58
181	7.46	-9.3	-5.65
182	7.5	-9.48	-5.75
183	7.54	-9.67	-5.88
184	7.58	-9.8	-5.97
185	7.62	-9.92	-6.04
186	7.66	-10.03	-6.08
187	7.7	-10.14	-6.11
188	7.74	-10.35	-6.15
189	7.78	-10.63	-6.17
190	7.82	-10.9	-6.2
191	7.86	-11.16	-6.22
192	7.9	-11.39	-6.24
193	7.94	-11.54	-6.27
194	7.98	-11.69	-6.3
195	8.02	-11.84	-6.32
196	8.06	-11.96	-6.36
197	8.1	-12.08	-6.43
198	8.14	-12.22	-6.53
199	8.18	-12.37	-6.65
200	8.22	-12.5	-6.75
201	8.26	-12.64	-6.83
202	8.3	-12.76	-6.88
203	8.34	-12.86	-6.9
204	8.38	-12.98	-6.91
205	8.42	-13.08	-6.94
206	8.46	-13.17	-6.95
207	8.5	-13.29	-6.97
208	8.54	-13.45	-6.97
209	8.58	-13.69	-6.97
210	8.62	-14	-6.96
211	8.66	-14.27	-6.94
212	8.7	-14.52	-6.93
213	8.74	-14.7	-6.93
214	8.78	-14.81	-6.95
215	8.82	-14.93	-6.97
216	8.86	-15.05	-7.03
217	8.9	-15.16	-7.09
218	8.94	-15.29	-7.18
219	8.98	-15.39	-7.27
220	9.02	-15.48	-7.38
221	9.06	-15.59	-7.47
222	9.1	-15.68	-7.53
223	9.14	-15.81	-7.6
224	9.18	-15.94	-7.65
225	9.22	-16.09	-7.71
226	9.26	-16.25	-7.78
227	9.3	-16.35	-7.82
228	9.34	-16.45	-7.85
229	9.38	-16.55	-7.88
230	9.42	-16.64	-7.91
231	9.46	-16.76	-7.91
232	9.5	-16.87	-7.88
233	9.54	-16.99	-7.83
234	9.58	-17.13	-7.77
235	9.62	-17.3	-7.73
236	9.66	-17.51	-7.69
237	9.7	-17.71	-7.67
238	9.74	-17.92	-7.65
239	9.78	-18.14	-7.61
240	9.82	-18.37	-7.61
241	9.86	-18.56	-7.61
242	9.9	-18.73	-7.61
243	9.94	-18.85	-7.63
244	9.98	-18.88	-7.63
245	10.02	-18.94	-7.63
246	10.06	-19	-7.63
247	10.1	-19.17	-7.58
248	10.14	-19.36	-7.47
249	10.18	-19.55	-7.31
250	10.22	-19.7	-7.16
251	10.26	-19.78	-7.04
252	10.3	-19.85	-6.94
253	10.34	-19.91	-6.86
254	10.38	-19.96	-6.78
255	10.42	-20	-6.67
256	10.46	-20.03	-6.57
257	10.5	-20.11	-6.45
258	10.54	-20.22	-6.3
259	10.58	-20.36	-6.16
260	10.62	-20.49	-6.03
261	10.66	-20.59	-5.87
262	10.7	-20.63	-5.69
263	10.74	-20.57	-5.47
264	10.78	-20.49	-5.23
265	10.82	-20.36	-5.02
266	10.86	-20.24	-4.86
267	10.9	-20.15	-4.72
268	10.94	-20.07	-4.58
269	10.98	-20.05	-4.45
270	11.02	-20.05	-4.32
271	11.06	-20.09	-4.19
272	11.1	-20.13	-4.06
273	11.14	-20.15	-3.95
274	11.18	-20.19	-3.83
275	11.22	-20.24	-3.73
276	11.26	-20.32	-3.64
277	11.3	-20.43	-3.54
278	11.34	-20.55	-3.42
279	11.38	-20.66	-3.29
280	11.42	-20.74	-3.16
281	11.46	-20.82	-3.03
282	11.5	-20.9	-2.92
283	11.54	-20.95	-2.82
284	11.58	-20.97	-2.71
285	11.62	-20.98	-2.6
286	11.66	-20.94	-2.52
287	11.7	-20.91	-2.45
288	11.74	-20.89	-2.4
289	11.78	-20.87	-2.36
290	11.82	-20.88	-2.29
291	11.86	-20.91	-2.22
292	11.9	-20.95	-2.14
293	11.94	-21	-2.07
294	11.98	-21.06	-2
295	12.02	-21.12	-1.92
296	12.06	-21.16	-1.88
297	12.1	-21.19	-1.81
298	12.14	-21.2	-1.76
299	12.18	-21.19	-1.72
300	12.22	-21.17	-1.64
301	12.26	-21.12	-1.59
302	12.3	-21.08	-1.53
303	12.34	-21.03	-1.48
304	12.38	-20.99	-1.43
305	12.42	-20.96	-1.42
306	12.46	-20.93	-1.41
307	12.5	-20.93	-1.38
308	12.54	-20.92	-1.38
309	12.58	-20.93	-1.31
310	12.62	-20.94	-1.24
311	12.66	-20.94	-1.2
312	12.7	-20.94	-1.17
313	12.74	-20.92	-1.16
314	12.78	-20.9	-1.17
315	12.82	-20.87	-1.13
316	12.86	-20.82	-1.12
317	12.9	-20.77	-1.08
318	12.94	-20.74	-1.04
319	12.98	-20.72	-1.01
320	13.02	-20.68	-0.95
321	13.06	-20.62	-0.87
322	13.1	-20.51	-0.79
323	13.14	-20.38	-0.72
324	13.18	-20.25	-0.66
325	13.22	-20.15	-0.63
326	13.26	-20.08	-0.63
327	13.3	-20.04	-0.62
328	13.34	-20.03	-0.63
329	13.38	-20.02	-0.65
330	13.42	-20.01	-0.64
331	13.46	-20	-0.63
332	13.5	-19.99	-0.62
333	13.54	-20	-0.62
334	13.58	-20	-0.64
335	13.62	-19.99	-0.64
336	13.66	-19.98	-0.64
337	13.7	-19.97	-0.63
338	13.74	-19.96	-0.62
339	13.78	-19.96	-0.6
340	13.82	-19.96	-0.59
341	13.86	-19.96	-0.58
342	13.9	-19.95	-0.58
343	13.94	-19.95	-0.59
344	13.98	-19.95	-0.58
345	14.02	-19.94	-0.58
346	14.06	-19.95	-0.57
347	14.1	-19.94	-0.56
348	14.14	-19.95	-0.56
349	14.18	-19.95	-0.54
350	14.22	-19.95	-0.54
351	14.26	-19.96	-0.52
352	14.3	-19.97	-0.51
353	14.34	-19.99	-0.5
354	14.38	-20	-0.49
355	14.42	-20.02	-0.49
356	14.46	-20.04	-0.5
357	14.5	-20.05	-0.49
358	14.54	-20.07	-0.51
359	14.58	-20.09	-0.52
360	14.62	-20.11	-0.52
361	14.66	-20.13	-0.54
362	14.7	-20.15	-0.56
363	14.74	-20.17	-0.57
364	14.78	-20.18	-0.58
365	14.82	-20.2	-0.59
366	14.86	-20.2	-0.58
367	14.9	-20.2	-0.56
368	14.94	-20.21	-0.57
369	14.98	-20.22	-0.56
370	15.02	-20.22	-0.57
371	15.06	-20.22	-0.57
372	15.1	-20.22	-0.56
373	15.14	-20.22	-0.55
374	15.18	-20.23	-0.59
375	15.22	-20.26	-0.66
376	15.26	-20.28	-0.73
377	15.3	-20.31	-0.81
378	15.34	-20.33	-0.85
379	15.38	-20.35	-0.87
380	15.42	-20.36	-0.91
381	15.46	-20.37	-0.94
382	15.5	-20.37	-0.99
383	15.54	-20.37	-1.04
384	15.58	-20.37	-1.09
385	15.62	-20.39	-1.16
386	15.66	-20.44	-1.21
387	15.7	-20.5	-1.26
388	15.74	-20.55	-1.3
389	15.78	-20.58	-1.33
390	15.82	-20.58	-1.39
391	15.86	-20.58	-1.48
392	15.9	-20.57	-1.6
393	15.94	-20.54	-1.71
394	15.98	-20.53	-1.81
395	16.02	-20.51	-1.84
396	16.06	-20.53	-1.86
397	16.1	-20.55	-1.88
398	16.14	-20.58	-1.9
399	16.18	-20.62	-1.95
400	16.22	-20.65	-2
401	16.26	-20.69	-2.03
402	16.3	-20.71	-2.06
403	16.34	-20.72	-2.08
404	16.38	-20.74	-2.08
405	16.42	-20.76	-2.1
406	16.46	-20.8	-2.13
407	16.5	-20.84	-2.17
408	16.54	-20.89	-2.19
409	16.58	-20.94	-2.21
410	16.62	-21	-2.2
411	16.66	-21.07	-2.19
412	16.7	-21.13	-2.17
413	16.74	-21.2	-2.13
414	16.78	-21.22	-2.12
415	16.82	-21.23	-2.1
416	16.86	-21.22	-2.08
417	16.9	-21.21	-2.07
418	16.94	-21.22	-2.04
419	16.98	-21.24	-2.01
420	17.02	-21.25	-2
421	17.06	-21.27	-1.99
422	17.1	-21.29	-1.96
423	17.14	-21.29	-1.94
424	17.18	-21.3	-1.89
425	17.22	-21.31	-1.84
426	17.26	-21.32	-1.81
427	17.3	-21.34	-1.76
428	17.34	-21.35	-1.72
429	17.38	-21.38	-1.67
430	17.42	-21.39	-1.63
431	17.46	-21.41	-1.57
432	17.5	-21.42	-1.52
433	17.54	-21.43	-1.47
434	17.58	-21.46	-1.38
435	17.62	-21.51	-1.3
436	17.66	-21.56	-1.21
437	17.7	-21.61	-1.1
438	17.74	-21.65	-1.01
439	17.78	-21.68	-0.94
440	17.82	-21.7	-0.88
441	17.86	-21.72	-0.86
442	17.9	-21.75	-0.84
443	17.94	-21.76	-0.81
444	17.98	-21.79	-0.75
445	18.02	-21.84	-0.63
446	18.06	-21.93	-0.43
447	18.1	-22.01	-0.24
448	18.14	-22.07	-0.08
449	18.18	-22.1	0.05
450	18.21	-22.1	0.1
451	18.25	-22.11	0.19
452	18.29	-22.12	0.27
453	18.33	-22.11	0.4
454	18.37	-22.1	0.52
455	18.41	-22.08	0.62
456	18.45	-22.05	0.72
457	18.49	-22.02	0.79
458	18.53	-21.99	0.88
459	18.58	-21.97	1.01
460	18.61	-21.96	1.14
461	18.65	-21.96	1.25
462	18.69	-21.96	1.35
463	18.73	-21.97	1.43
464	18.77	-21.95	1.5
465	18.81	-21.93	1.57
466	18.85	-21.9	1.63
467	18.89	-21.89	1.72
468	18.93	-21.9	1.83
469	18.97	-21.93	2
470	19.01	-21.96	2.2
471	19.05	-22.01	2.41
472	19.09	-22.04	2.62
473	19.13	-22.04	2.81
474	19.17	-22.03	2.98
475	19.21	-22	3.11
476	19.25	-21.99	3.2
477	19.29	-22.01	3.26
478	19.33	-22.03	3.33
479	19.37	-22.03	3.45
480	19.41	-22.03	3.63
481	19.45	-22	3.83
482	19.49	-21.96	3.99
483	19.53	-21.93	4.1
484	19.57	-21.9	4.19
485	19.61	-21.88	4.27
486	19.65	-21.86	4.37
487	19.69	-21.84	4.54
488	19.73	-21.83	4.73
489	19.77	-21.8	4.95
490	19.81	-21.79	5.18
491	19.85	-21.81	5.37
492	19.89	-21.83	5.56
493	19.93	-21.85	5.77
494	19.97	-21.87	5.96
495	20.01	-21.9	6.18
496	20.05	-21.92	6.4
497	20.09	-21.97	6.6
498	20.13	-22.04	6.84
499	20.17	-22.1	7.06
500	20.21	-22.13	7.26
501	20.25	-22.15	7.48
502	20.29	-22.11	7.65
503	20.33	-22.06	7.79
504	20.37	-22.03	7.9
505	20.41	-21.99	7.94
506	20.45	-21.95	8.02
507	20.49	-21.89	8.16
508	20.53	-21.84	8.34
509	20.57	-21.83	8.55
510	20.61	-21.82	8.69
511	20.65	-21.82	8.8
512	20.69	-21.82	8.87
513	20.73	-21.8	8.93
514	20.77	-21.82	8.99
515	20.81	-21.86	9.01
516	20.85	-21.89	9.02
517	20.89	-21.91	9.04
518	20.93	-21.9	9.11
519	20.97	-21.87	9.2
520	21.01	-21.82	9.29
521	21.05	-21.79	9.38
522	21.09	-21.75	9.46
523	21.13	-21.72	9.54
524	21.17	-21.71	9.65
525	21.21	-21.71	9.79
526	21.25	-21.73	9.95
527	21.29	-21.76	10.12
528	21.33	-21.79	10.23
529	21.37	-21.83	10.32
530	21.41	-21.84	10.39
531	21.45	-21.85	10.43
532	21.49	-21.85	10.54
533	21.53	-21.85	10.68
534	21.57	-21.88	10.89
535	21.61	-21.91	11.15
536	21.65	-21.94	11.4
537	21.69	-22	11.62
538	21.73	-22.07	11.79
539	21.77	-22.11	11.92
540	21.81	-22.14	12.06
541	21.85	-22.13	12.2
542	21.89	-22.07	12.38
543	21.93	-22.03	12.6
544	21.97	-21.99	12.84
545	22.01	-21.95	13.09
546	22.05	-21.91	13.31
547	22.09	-21.88	13.47
548	22.13	-21.87	13.62
549	22.17	-21.87	13.78
550	22.21	-21.88	13.93
551	22.25	-21.88	14.08
552	22.29	-21.88	14.22
553	22.33	-21.88	14.33
554	22.37	-21.88	14.44
555	22.41	-21.9	14.55
556	22.45	-21.95	14.68
557	22.49	-22.02	14.82
558	22.53	-22.08	14.99
559	22.57	-22.13	15.14
560	22.61	-22.14	15.26
561	22.65	-22.14	15.37
562	22.69	-22.12	15.39
563	22.73	-22.1	15.39
564	22.77	-22.09	15.39
565	22.81	-22.2	15.37
566	22.85	-22.21	15.38
567	22.89	-22.35	15.41
568	22.93	-22.37	15.42
569	22.97	-22.38	15.44
570	23.01	-22.38	15.46
571	23.05	-22.26	15.47
572	23.09	-22.26	15.48
573	23.13	-22.15	15.52
574	23.17	-22.16	15.55
575	23.21	-22.17	15.56
576	23.25	-22.17	15.58
577	23.29	-22.18	15.55
578	23.33	-22.19	15.54
579	23.37	-22.2	15.51
580	23.41	-22.22	15.5
581	23.45	-22.23	15.54
582	23.49	-22.24	15.58
583	23.53	-22.34	15.59
584	23.57	-22.32	15.62
585	23.61	-22.29	15.63
586	23.65	-22.27	15.62
587	23.69	-22.13	15.65
588	23.73	-22.24	15.64
589	23.77	-22.22	15.64
590	23.81	-22.2	15.65
591	23.85	-22.17	15.67
592	23.89	-22.03	15.73
593	23.93	-22.01	15.78
594	23.97	-21.99	15.82
595	24.01	-21.99	15.87
596	24.05	-21.99	15.91
597	24.09	-21.99	15.96
598	24.13	-22.01	15.97
599	24.17	-22	16
600	24.21	-21.97	16.04
601	24.25	-21.93	16.09
602	24.29	-21.89	16.18
603	24.33	-21.86	16.23
604	24.37	-21.86	16.26
605	24.41	-21.86	16.29
606	24.45	-21.87	16.3
607	24.49	-21.88	16.28
608	24.53	-21.89	16.26
609	24.57	-21.9	16.26
610	24.61	-21.89	16.26
611	24.65	-21.88	16.27
612	24.69	-21.88	16.3
613	24.73	-21.87	16.31
614	24.77	-21.86	16.29
615	24.81	-21.85	16.3
616	24.85	-21.83	16.28
617	24.89	-21.81	16.25
618	24.93	-21.79	16.23
619	24.97	-21.78	16.2
620	25.01	-21.77	16.2
621	25.05	-21.76	16.21
622	25.09	-21.74	16.21
623	25.13	-21.73	16.21
624	25.17	-21.72	16.21
625	25.21	-21.71	16.22
626	25.25	-21.71	16.22
627	25.29	-21.7	16.25
628	25.33	-21.69	16.26
629	25.37	-21.69	16.25
630	25.41	-21.69	16.24
631	25.45	-21.69	16.23
632	25.49	-21.69	16.22
633	25.53	-21.67	16.23
634	25.57	-21.64	16.25
635	25.61	-21.6	16.27
636	25.65	-21.54	16.27
637	25.69	-21.5	16.3
638	25.73	-21.49	16.31
639	25.77	-21.5	16.3
640	25.81	-21.52	16.3
641	25.85	-21.56	16.26
642	25.89	-21.59	16.22
643	25.93	-21.61	16.19
644	25.97	-21.63	16.16
645	26.01	-21.65	16.12
646	26.05	-21.66	16.08
647	26.09	-21.67	16.05
648	26.13	-21.69	16.03
649	26.17	-21.7	16.01
650	26.21	-21.71	16.01
651	26.25	-21.73	15.99
652	26.29	-21.75	15.96
653	26.33	-21.77	15.95
654	26.37	-21.8	15.91
655	26.41	-21.83	15.89
656	26.45	-21.85	15.84
657	26.49	-21.86	15.79
658	26.53	-21.86	15.78
659	26.57	-21.85	15.76
660	26.61	-21.85	15.76
661	26.65	-21.84	15.75
662	26.69	-21.82	15.7
663	26.73	-21.8	15.65
664	26.77	-21.74	15.6
665	26.81	-21.68	15.53
666	26.85	-21.6	15.48
667	26.89	-21.54	15.43
668	26.93	-21.52	15.37
669	26.97	-21.5	15.31
670	27.01	-21.48	15.24
671	27.05	-21.46	15.15
672	27.09	-21.42	15.02
673	27.13	-21.41	14.9
674	27.17	-21.39	14.78
675	27.21	-21.38	14.68
676	27.25	-21.36	14.6
677	27.29	-21.32	14.53
678	27.33	-21.3	14.49
679	27.37	-21.28	14.45
680	27.41	-21.28	14.42
681	27.45	-21.29	14.4
682	27.49	-21.26	14.37
683	27.53	-21.24	14.33
684	27.57	-21.22	14.31
685	27.61	-21.2	14.26
686	27.65	-21.18	14.23
687	27.69	-21.17	14.2
688	27.73	-21.16	14.17
689	27.77	-21.15	14.15
690	27.81	-21.15	14.12
691	27.85	-21.18	14.11
692	27.89	-21.2	14.1
693	27.93	-21.23	14.12
694	27.97	-21.23	14.13
695	28.01	-21.22	14.13
696	28.05	-21.21	14.12
697	28.09	-21.2	14.08
698	28.13	-21.21	14.05
699	28.17	-21.22	14.02
700	28.21	-21.22	13.99
701	28.25	-21.22	13.99
702	28.29	-21.2	14.01
703	28.33	-21.19	14.04
704	28.37	-21.19	14.08
705	28.41	-21.18	14.11
706	28.45	-21.2	14.14
707	28.49	-21.22	14.17
708	28.53	-21.23	14.19
709	28.57	-21.25	14.21
710	28.61	-21.27	14.22
711	28.65	-21.3	14.2
712	28.69	-21.35	14.21
713	28.73	-21.39	14.2
714	28.77	-21.43	14.25
715	28.81	-21.46	14.33
716	28.85	-21.49	14.41
717	28.89	-21.51	14.55
718	28.93	-21.52	14.69
719	28.97	-21.53	14.86
720	29.01	-21.54	15.06
721	29.05	-21.55	15.23
722	29.09	-21.58	15.39
723	29.13	-21.65	15.55
724	29.17	-21.74	15.69
725	29.21	-21.85	15.82
726	29.25	-21.96	15.96
727	29.29	-22.02	16.08
728	29.33	-22.05	16.19
729	29.37	-22.05	16.32
730	29.41	-22.03	16.44
731	29.45	-22.02	16.55
732	29.49	-22	16.66
733	29.53	-21.98	16.78
734	29.57	-21.98	16.88
735	29.61	-21.97	16.98
736	29.65	-21.95	17.11
737	29.69	-21.95	17.22
738	29.73	-21.94	17.38
739	29.77	-21.95	17.55
740	29.81	-21.96	17.71
741	29.85	-21.97	17.86
742	29.89	-21.98	18.01
743	29.93	-22	18.15
744	29.97	-22.02	18.3
745	30.01	-22.06	18.47
746	30.05	-22.1	18.62
747	30.09	-22.15	18.79
748	30.13	-22.3	18.92
749	30.17	-22.35	19.06
750	30.21	-22.34	19.16
751	30.25	-22.29	19.22
752	30.29	-22.13	19.28
753	30.33	-22.06	19.32
754	30.37	-22.04	19.36
755	30.41	-22.04	19.4
756	30.45	-22.05	19.47
757	30.49	-22.04	19.57
758	30.53	-22.02	19.75
759	30.57	-21.98	19.95
760	30.61	-21.9	20.11
761	30.65	-21.84	20.22
762	30.69	-21.8	20.27
763	30.73	-21.77	20.36
764	30.77	-21.79	20.51
765	30.81	-21.8	20.69
766	30.85	-21.81	20.87
767	30.89	-21.8	20.99
768	30.93	-21.79	21.05
769	30.97	-21.79	21.11
770	31.01	-21.8	21.17
771	31.05	-21.83	21.25
772	31.09	-21.88	21.37
773	31.13	-21.95	21.47
774	31.17	-22.02	21.57
775	31.21	-22.17	21.65
776	31.25	-22.18	21.73
777	31.29	-22.15	21.8
778	31.33	-22.11	21.87
779	31.37	-21.97	21.92
780	31.41	-21.94	21.95
781	31.45	-21.93	21.95
782	31.49	-21.91	21.94
783	31.53	-21.88	21.93
784	31.57	-21.86	21.9
785	31.61	-21.84	21.86
786	31.65	-21.83	21.82
787	31.69	-21.83	21.8
788	31.73	-21.81	21.79
789	31.77	-21.79	21.82
790	31.81	-21.77	21.83
791	31.85	-21.75	21.86
792	31.89	-21.73	21.88
793	31.93	-21.71	21.91
794	31.97	-21.68	21.95
795	32.01	-21.66	21.96
796	32.05	-21.65	21.96
797	32.09	-21.64	21.94
798	32.13	-21.65	21.91
799	32.17	-21.66	21.88
800	32.21	-21.68	21.82
801	32.25	-21.71	21.72
802	32.29	-21.72	21.6
803	32.33	-21.73	21.49
804	32.37	-21.74	21.45
805	32.41	-21.74	21.46
806	32.45	-21.75	21.51
807	32.49	-21.76	21.57
808	32.53	-21.77	21.61
809	32.57	-21.78	21.65
810	32.61	-21.8	21.68
811	32.65	-21.84	21.72
812	32.69	-21.88	21.75
813	32.73	-21.91	21.74
814	32.77	-21.93	21.75
815	32.81	-21.94	21.74
816	32.85	-21.95	21.7
817	32.89	-21.95	21.69
818	32.93	-21.95	21.69
819	32.97	-21.96	21.7
820	33.01	-21.96	21.71
821	33.05	-21.96	21.72
822	33.09	-21.94	21.7
823	33.13	-21.92	21.67
824	33.17	-21.9	21.63
825	33.21	-21.87	21.56
826	33.25	-21.85	21.49
827	33.29	-21.83	21.4
828	33.33	-21.84	21.29
829	33.37	-21.85	21.19
830	33.41	-21.86	21.13
831	33.45	-21.85	21.06
832	33.49	-21.83	21.01
833	33.53	-21.8	20.93
834	33.57	-21.77	20.84
835	33.61	-21.75	20.76
836	33.65	-21.74	20.68
837	33.69	-21.74	20.64
838	33.73	-21.74	20.6
839	33.77	-21.73	20.58
840	33.81	-21.72	20.56
841	33.85	-21.72	20.53
842	33.89	-21.72	20.53
843	33.93	-21.73	20.53
844	33.97	-21.74	20.56
845	34.01	-21.74	20.56
846	34.05	-21.73	20.52
847	34.09	-21.72	20.48
848	34.13	-21.71	20.44
849	34.17	-21.7	20.41
850	34.21	-21.7	20.4
851	34.25	-21.7	20.38
852	34.29	-21.69	20.32
853	34.33	-21.67	20.3
854	34.37	-21.66	20.26
855	34.41	-21.66	20.23
856	34.45	-21.65	20.21
857	34.49	-21.65	20.16
858	34.53	-21.64	20.13
859	34.57	-21.64	20.1
860	34.61	-21.64	20.07
861	34.65	-21.65	20.07
862	34.69	-21.65	20.04
863	34.73	-21.65	19.99
864	34.77	-21.64	19.95
865	34.81	-21.63	19.91
866	34.85	-21.62	19.89
867	34.89	-21.6	19.86
868	34.93	-21.59	19.84
869	34.97	-21.58	19.83
870	35.01	-21.58	19.81
871	35.05	-21.59	19.82
872	35.09	-21.59	19.82
873	35.13	-21.6	19.83
874	35.17	-21.6	19.84
875	35.21	-21.61	19.83
876	35.25	-21.62	19.83
877	35.29	-21.62	19.83
878	35.33	-21.64	19.82
879	35.37	-21.66	19.82
880	35.41	-21.67	19.81
881	35.45	-21.69	19.78
882	35.49	-21.69	19.77
883	35.53	-21.7	19.75
884	35.57	-21.7	19.75
885	35.61	-21.69	19.76
886	35.65	-21.66	19.77
887	35.69	-21.62	19.79
888	35.73	-21.58	19.79
889	35.77	-21.57	19.81
890	35.81	-21.57	19.8
891	35.85	-21.59	19.8
892	35.89	-21.62	19.8
893	35.93	-21.64	19.8
894	35.97	-21.66	19.8
895	36.01	-21.67	19.79
896	36.05	-21.69	19.78
897	36.09	-21.7	19.77
898	36.13	-21.74	19.78
899	36.17	-21.8	19.82
900	36.21	-21.87	19.88
901	36.25	-22.04	20
902	36.29	-22.18	20.11
903	36.33	-22.23	20.22
904	36.37	-22.23	20.29
905	36.41	-22.09	20.31
906	36.45	-21.92	20.32
907	36.49	-21.83	20.33
908	36.53	-21.75	20.36
909	36.57	-21.72	20.41
910	36.61	-21.72	20.49
911	36.65	-21.72	20.58
912	36.69	-21.72	20.69
913	36.73	-21.72	20.76
914	36.77	-21.73	20.83
915	36.81	-21.75	20.89
916	36.85	-21.79	20.94
917	36.89	-21.84	21.04
918	36.93	-21.88	21.14
919	36.97	-21.91	21.25
920	37.01	-21.93	21.37
921	37.05	-21.93	21.45
922	37.09	-21.92	21.49
923	37.13	-21.9	21.51
924	37.17	-21.87	21.49
925	37.21	-21.84	21.46
926	37.25	-21.79	21.38
927	37.29	-21.75	21.3
928	37.33	-21.7	21.24
929	37.37	-21.65	21.22
930	37.41	-21.62	21.24
931	37.45	-21.6	21.27
932	37.49	-21.58	21.31
933	37.53	-21.58	21.32
934	37.57	-21.57	21.31
935	37.61	-21.57	21.28
936	37.65	-21.58	21.23
937	37.69	-21.59	21.17
938	37.73	-21.6	21.09
939	37.77	-21.6	21.01
940	37.81	-21.58	20.92
941	37.85	-21.58	20.85
942	37.89	-21.56	20.82
943	37.93	-21.54	20.78
944	37.97	-21.49	20.73
945	38.01	-21.44	20.66
946	38.05	-21.4	20.53
947	38.09	-21.37	20.44
948	38.13	-21.36	20.39
949	38.17	-21.33	20.35
950	38.21	-21.31	20.35
951	38.25	-21.27	20.3
952	38.29	-21.26	20.21
953	38.33	-21.26	20.13
954	38.37	-21.27	20.07
955	38.41	-21.3	20.03
956	38.45	-21.3	20.01
957	38.49	-21.31	20
958	38.53	-21.29	19.97
959	38.57	-21.26	19.93
960	38.61	-21.22	19.9
961	38.65	-21.2	19.87
962	38.69	-21.18	19.82
963	38.73	-21.17	19.77
964	38.77	-21.19	19.72
965	38.81	-21.23	19.66
966	38.85	-21.26	19.63
967	38.89	-21.3	19.62
968	38.93	-21.31	19.62
969	38.97	-21.33	19.6
970	39.01	-21.37	19.57
971	39.05	-21.48	19.5
972	39.09	-21.5	19.42
973	39.13	-21.6	19.38
974	39.17	-21.56	19.35
975	39.21	-21.44	19.34
976	39.25	-21.38	19.36
977	39.29	-21.22	19.37
978	39.33	-21.18	19.38
979	39.37	-21.11	19.39
980	39.41	-21.07	19.4
981	39.45	-21.01	19.41
982	39.49	-20.95	19.4
983	39.53	-20.92	19.39
984	39.57	-20.89	19.39
985	39.61	-20.9	19.37
986	39.65	-20.9	19.36
987	39.69	-20.92	19.37
988	39.73	-20.93	19.38
989	39.77	-20.94	19.41
990	39.81	-20.97	19.45
991	39.85	-21.01	19.52
992	39.89	-21.05	19.6
993	39.93	-21.07	19.68
994	39.97	-21.09	19.75
995	40.01	-21.11	19.8
996	40.05	-21.12	19.85
997	40.09	-21.13	19.95
998	40.13	-21.14	20.11
999	40.17	-21.14	20.29
1000	40.21	-21.13	20.48
1001	40.25	-21.1	20.64
1002	40.29	-21.07	20.77
1003	40.33	-21.05	20.87
1004	40.37	-21.04	20.95
1005	40.41	-21.07	21.01
1006	40.45	-21.14	21.08
1007	40.49	-21.21	21.17
1008	40.53	-21.27	21.28
1009	40.57	-21.31	21.42
1010	40.61	-21.29	21.52
1011	40.65	-21.26	21.61
1012	40.69	-21.22	21.65
1013	40.73	-21.2	21.66
1014	40.77	-21.18	21.67
1015	40.81	-21.17	21.66
1016	40.85	-21.16	21.65
1017	40.89	-21.15	21.66
1018	40.93	-21.13	21.68
1019	40.97	-21.12	21.73
1020	41.01	-21.09	21.78
1021	41.05	-21.06	21.83
1022	41.09	-21.04	21.88
1023	41.13	-21.01	21.88
1024	41.17	-20.98	21.9
1025	41.21	-20.93	21.9
1026	41.25	-20.86	21.89
1027	41.29	-20.78	21.9
1028	41.33	-20.7	21.93
1029	41.37	-20.61	21.94
1030	41.41	-20.55	21.95
1031	41.45	-20.53	21.94
1032	41.49	-20.51	21.93
1033	41.53	-20.52	21.91
1034	41.57	-20.52	21.88
1035	41.61	-20.55	21.86
1036	41.65	-20.59	21.8
1037	41.69	-20.64	21.74
1038	41.73	-20.7	21.69
1039	41.77	-20.74	21.63
1040	41.81	-20.78	21.61
1041	41.85	-20.79	21.63
1042	41.89	-20.8	21.64
1043	41.93	-20.82	21.65
1044	41.97	-20.82	21.67
1045	42.01	-20.84	21.67
1046	42.05	-20.86	21.7
1047	42.09	-20.89	21.71
1048	42.13	-20.92	21.72
1049	42.17	-20.96	21.73
1050	42.21	-21.01	21.75
1051	42.25	-21.07	21.77
1052	42.29	-21.14	21.8
1053	42.33	-21.2	21.83
1054	42.37	-21.24	21.86
1055	42.41	-21.25	21.88
1056	42.45	-21.26	21.91
1057	42.49	-21.28	21.96
1058	42.53	-21.28	21.99
1059	42.57	-21.29	22.03
1060	42.61	-21.32	22.08
1061	42.65	-21.35	22.12
1062	42.69	-21.39	22.14
1063	42.73	-21.41	22.15
1064	42.77	-21.4	22.15
1065	42.81	-21.38	22.17
1066	42.85	-21.36	22.18
1067	42.89	-21.37	22.2
1068	42.93	-21.39	22.22
1069	42.97	-21.41	22.23
1070	43.01	-21.41	22.24
1071	43.05	-21.39	22.23
1072	43.09	-21.36	22.21
1073	43.13	-21.34	22.19
1074	43.17	-21.34	22.15
1075	43.21	-21.34	22.12
1076	43.25	-21.33	22.07
1077	43.29	-21.33	22.01
1078	43.33	-21.32	21.96
1079	43.37	-21.32	21.92
1080	43.41	-21.34	21.92
1081	43.45	-21.34	21.93
1082	43.49	-21.34	21.94
1083	43.53	-21.33	21.94
1084	43.57	-21.32	21.95
1085	43.61	-21.32	21.94
1086	43.65	-21.33	21.94
1087	43.69	-21.35	21.95
1088	43.73	-21.37	21.96
1089	43.77	-21.38	21.96
1090	43.81	-21.37	21.96
1091	43.85	-21.36	21.93
1092	43.89	-21.34	21.93
1093	43.93	-21.32	21.96
1094	43.97	-21.29	22.01
1095	44.01	-21.24	22.07
1096	44.05	-21.2	22.13
1097	44.09	-21.17	22.16
1098	44.13	-21.14	22.18
1099	44.17	-21.11	22.18
1100	44.21	-21.08	22.19
1101	44.25	-21.05	22.17
1102	44.29	-21.01	22.16
1103	44.33	-20.99	22.13
1104	44.37	-20.96	22.11
1105	44.41	-20.94	22.1
1106	44.45	-20.92	22.11
1107	44.49	-20.9	22.11
1108	44.53	-20.9	22.11
1109	44.57	-20.91	22.1
1110	44.61	-20.93	22.08
1111	44.65	-20.94	22.05
1112	44.69	-20.95	22
1113	44.73	-20.97	21.96
1114	44.77	-20.99	21.94
1115	44.81	-21.02	21.94
1116	44.85	-21.04	21.95
1117	44.89	-21.07	21.96
1118	44.93	-21.1	21.96
1119	44.97	-21.14	21.95
1120	45.01	-21.2	21.95
1121	45.05	-21.25	21.95
1122	45.09	-21.31	21.95
1123	45.13	-21.35	21.95
1124	45.17	-21.38	21.94
1125	45.21	-21.38	21.93
1126	45.25	-21.39	21.93
1127	45.29	-21.39	21.94
1128	45.33	-21.38	21.94
1129	45.37	-21.38	21.97
1130	45.41	-21.36	21.98
1131	45.45	-21.34	22
1132	45.49	-21.35	22.04
1133	45.53	-21.34	22.05
1134	45.57	-21.35	22.08
1135	45.61	-21.34	22.08
1136	45.65	-21.33	22.07
1137	45.69	-21.31	22.05
1138	45.73	-21.3	21.98
1139	45.77	-21.3	21.93
1140	45.81	-21.31	21.87
1141	45.85	-21.32	21.84
1142	45.89	-21.35	21.84
1143	45.93	-21.38	21.87
1144	45.97	-21.4	21.89
1145	46.01	-21.43	21.93
1146	46.05	-21.45	21.98
1147	46.09	-21.45	21.99
1148	46.13	-21.45	22.01
1149	46.17	-21.45	22.01
1150	46.21	-21.44	22.01
1151	46.25	-21.42	22.01
1152	46.29	-21.41	22.02
1153	46.33	-21.39	22.02
1154	46.37	-21.37	22.02
1155	46.41	-21.35	22.02
1156	46.45	-21.33	22.01
1157	46.49	-21.32	22.01
1158	46.53	-21.3	21.99
1159	46.57	-21.28	21.96
1160	46.61	-21.25	21.9
1161	46.65	-21.21	21.83
1162	46.69	-21.16	21.76
1163	46.73	-21.13	21.72
1164	46.77	-21.09	21.66
1165	46.81	-21.06	21.63
1166	46.85	-21.06	21.6
1167	46.89	-21.06	21.57
1168	46.93	-21.08	21.57
1169	46.97	-21.07	21.54
1170	47.01	-21.04	21.51
1171	47.05	-21.01	21.47
1172	47.09	-21.07	21.44
1173	47.13	-21.14	21.4
1174	47.17	-21.12	21.36
1175	47.21	-21.11	21.32
1176	47.25	-21.01	21.28
1177	47.29	-20.91	21.25
1178	47.33	-20.93	21.24
1179	47.37	-20.95	21.23
1180	47.41	-20.97	21.21
1181	47.45	-20.96	21.19
1182	47.49	-20.96	21.17
1183	47.53	-20.95	21.16
1184	47.57	-20.94	21.15
1185	47.61	-20.94	21.15
1186	47.65	-20.93	21.15
1187	47.69	-20.93	21.13
1188	47.73	-20.92	21.11
1189	47.77	-20.92	21.09
1190	47.81	-20.92	21.07
1191	47.85	-20.92	21.04
1192	47.89	-20.9	21.02
1193	47.93	-20.89	20.99
1194	47.97	-20.88	20.97
1195	48.01	-20.88	20.98
1196	48.05	-20.89	20.97
1197	48.09	-20.91	20.98
1198	48.13	-20.93	20.98
1199	48.17	-20.95	20.97
1200	48.21	-20.97	20.99
1201	48.25	-20.99	20.99
1202	48.29	-21.01	20.99
1203	48.33	-21.03	21.01
1204	48.37	-21.06	21.04
1205	48.41	-21.1	21.06
1206	48.45	-21.13	21.1
1207	48.49	-21.15	21.14
1208	48.53	-21.15	21.17
1209	48.57	-21.13	21.24
1210	48.61	-21.13	21.32
1211	48.65	-21.11	21.43
1212	48.69	-21.09	21.54
1213	48.73	-21.09	21.65
1214	48.77	-21.09	21.76
1215	48.81	-21.1	21.85
1216	48.85	-21.11	21.91
1217	48.89	-21.14	21.97
1218	48.93	-21.16	21.99
1219	48.97	-21.2	22.02
1220	49.01	-21.23	22.03
1221	49.05	-21.26	22.04
1222	49.09	-21.29	22.04
1223	49.13	-21.32	22.07
1224	49.17	-21.36	22.13
1225	49.21	-21.37	22.2
1226	49.25	-21.39	22.26
1227	49.29	-21.39	22.29
1228	49.33	-21.37	22.3
1229	49.37	-21.35	22.31
1230	49.41	-21.34	22.34
1231	49.45	-21.33	22.34
1232	49.49	-21.33	22.34
1233	49.53	-21.34	22.35
1234	49.57	-21.34	22.36
1235	49.61	-21.35	22.38
1236	49.65	-21.36	22.39
1237	49.69	-21.36	22.39
1238	49.73	-21.36	22.39
1239	49.77	-21.37	22.4
1240	49.81	-21.37	22.41
1241	49.85	-21.36	22.41
1242	49.89	-21.37	22.41
1243	49.93	-21.36	22.4
1244	49.97	-21.36	22.39
1245	50.01	-21.36	22.37
1246	50.05	-21.35	22.35
1247	50.09	-21.34	22.32
1248	50.13	-21.33	22.31
1249	50.17	-21.32	22.29
1250	50.21	-21.32	22.27
1251	50.25	-21.33	22.27
1252	50.29	-21.33	22.25
1253	50.33	-21.35	22.25
1254	50.37	-21.34	22.24
1255	50.41	-21.34	22.22
1256	50.45	-21.33	22.21
1257	50.49	-21.33	22.2
1258	50.53	-21.34	22.2
1259	50.57	-21.34	22.21
1260	50.61	-21.35	22.22
1261	50.65	-21.35	22.23
1262	50.69	-21.35	22.23
1263	50.73	-21.34	22.24
1264	50.77	-21.33	22.22
1265	50.81	-21.33	22.21
1266	50.85	-21.33	22.19
1267	50.89	-21.33	22.12
1268	50.93	-21.34	22.1
1269	50.97	-21.33	22.08
1270	51.01	-21.33	22.09
1271	51.05	-21.33	22.11
1272	51.09	-21.33	22.16
1273	51.13	-21.35	22.2
1274	51.17	-21.36	22.22
1275	51.21	-21.38	22.27
1276	51.25	-21.39	22.28
1277	51.29	-21.39	22.32
1278	51.33	-21.39	22.37
1279	51.37	-21.4	22.42
1280	51.41	-21.39	22.45
1281	51.45	-21.38	22.47
1282	51.49	-21.36	22.51
1283	51.53	-21.32	22.53
1284	51.57	-21.25	22.56
1285	51.61	-21.19	22.61
1286	51.65	-21.12	22.63
1287	51.69	-21.07	22.66
1288	51.73	-21.03	22.67
1289	51.77	-20.99	22.68
1290	51.81	-20.93	22.72
1291	51.85	-20.84	22.76
1292	51.89	-20.72	22.81
1293	51.93	-20.6	22.86
1294	51.97	-20.5	22.89
1295	52.01	-20.44	22.9
1296	52.05	-20.43	22.89
1297	52.09	-20.42	22.89
1298	52.13	-20.42	22.87
1299	52.17	-20.41	22.86
1300	52.21	-20.39	22.85
1301	52.25	-20.38	22.84
1302	52.29	-20.34	22.85
1303	52.33	-20.31	22.85
1304	52.37	-20.27	22.84
1305	52.41	-20.23	22.81
1306	52.45	-20.19	22.78
1307	52.49	-20.14	22.76
1308	52.53	-20.09	22.76
1309	52.57	-20.02	22.77
1310	52.61	-19.96	22.79
1311	52.65	-19.9	22.8
1312	52.69	-19.85	22.83
1313	52.73	-19.81	22.86
1314	52.77	-19.78	22.89
1315	52.81	-19.75	22.92
1316	52.85	-19.67	22.94
1317	52.89	-19.56	22.94
1318	52.93	-19.39	22.94
1319	52.97	-19.23	22.94
1320	53.01	-19.11	22.98
1321	53.05	-19.05	23.03
1322	53.09	-19.07	23.07
1323	53.13	-19.07	23.13
1324	53.17	-19.08	23.12
1325	53.21	-19.07	23.14
1326	53.25	-19.05	23.14
1327	53.29	-19.04	23.1
1328	53.33	-19.02	23.08
1329	53.37	-19	23.06
1330	53.41	-18.98	23.05
1331	53.45	-18.96	23.05
1332	53.49	-18.95	23.05
1333	53.53	-18.94	23.06
1334	53.57	-18.94	23.07
1335	53.61	-18.91	23.11
1336	53.65	-18.88	23.14
1337	53.69	-18.86	23.15
1338	53.73	-18.84	23.16
1339	53.77	-18.83	23.16
1340	53.81	-18.82	23.15
1341	53.85	-18.81	23.14
1342	53.89	-18.79	23.15
1343	53.93	-18.79	23.15
1344	53.97	-18.77	23.16
1345	54.01	-18.73	23.18
1346	54.05	-18.72	23.18
1347	54.09	-18.68	23.19
1348	54.13	-18.67	23.19
1349	54.17	-18.65	23.19
1350	54.21	-18.63	23.2
1351	54.25	-18.62	23.22
1352	54.29	-18.62	23.23
1353	54.33	-18.61	23.25
1354	54.37	-18.63	23.24
1355	54.41	-18.65	23.23
1356	54.45	-18.66	23.23
1357	54.49	-18.68	23.22
1358	54.53	-18.69	23.21
1359	54.57	-18.71	23.2
1360	54.61	-18.72	23.19
1361	54.65	-18.74	23.18
1362	54.69	-18.75	23.19
1363	54.73	-18.76	23.19
1364	54.77	-18.77	23.2
1365	54.81	-18.79	23.19
1366	54.85	-18.81	23.18
1367	54.89	-18.83	23.16
1368	54.93	-18.85	23.15
1369	54.97	-18.87	23.14
1370	55.01	-18.89	23.14
1371	55.05	-18.91	23.12
1372	55.09	-18.94	23.11
1373	55.13	-18.96	23.11
1374	55.17	-18.96	23.11
1375	55.21	-18.96	23.12
1376	55.25	-18.96	23.12
1377	55.29	-18.97	23.12
1378	55.33	-19.02	23.09
1379	55.37	-19.02	23.08
1380	55.41	-19.01	23.09
1381	55.45	-19	23.09
1382	55.49	-18.98	23.1
1383	55.53	-18.98	23.1
1384	55.57	-18.99	23.09
1385	55.61	-18.98	23.09
1386	55.65	-18.98	23.09
1387	55.69	-18.97	23.09
1388	55.73	-18.97	23.08
1389	55.77	-18.98	23.07
1390	55.81	-18.98	23.07
1391	55.85	-18.98	23.07
1392	55.89	-18.98	23.07
1393	55.93	-18.99	23.05
1394	55.97	-18.98	23.06
1395	56.01	-18.99	23.05
1396	56.04	-19	23.05
1397	56.09	-19	23.05
1398	56.13	-19.01	23.04
1399	56.17	-19	23.04
1400	56.21	-19.01	23.03
1401	56.24	-19	23.03
1402	56.28	-19.01	23.03
1403	56.32	-19	23.03
1404	56.36	-19	23.04
1405	56.4	-19.01	23.03
1406	56.44	-19.01	23.03
1407	56.48	-19.01	23.03
1408	56.53	-19.01	23.03
1409	56.56	-19.01	23.03
1410	56.6	-19.01	23.01
1411	56.64	-19.02	23.01
1412	56.68	-19.04	22.99
1413	56.72	-19.04	22.98
1414	56.76	-19.03	22.98
1415	56.8	-19.03	22.97
1416	56.84	-19.03	22.99
1417	56.88	-19.04	22.97
1418	56.92	-19.05	22.96
1419	56.96	-19.07	22.96
1420	57	-19.07	22.94
1421	57.04	-19.06	22.96
1422	57.08	-19.06	22.96
1423	57.12	-19.04	22.98
1424	57.16	-19.03	22.99
1425	57.2	-19.04	22.98
1426	57.24	-19.04	22.99
1427	57.28	-19.03	22.99
1428	57.32	-19.02	22.98
1429	57.36	-19.03	22.98
1430	57.4	-19.03	22.97
1431	57.44	-19.04	22.97
1432	57.48	-19.06	22.97
1433	57.52	-19.04	22.98
1434	57.56	-19.02	22.99
1435	57.6	-19.01	23
1436	57.64	-19	23
1437	57.68	-19	23
1438	57.72	-19	23
1439	57.76	-19.01	22.99
1440	57.8	-19.01	22.99
1441	57.84	-19.01	22.99
1442	57.88	-19.02	22.98
1443	57.92	-19.03	22.98
1444	57.96	-19.01	22.98
1445	58	-19.06	22.94
1446	58.04	-19.09	22.9
1447	58.08	-19.16	22.85
1448	58.12	-19.25	22.79
1449	58.16	-19.29	22.77
1450	58.2	-19.35	22.76
1451	58.24	-19.35	22.79
1452	58.28	-19.32	22.85
1453	58.32	-19.33	22.87
1454	58.36	-19.33	22.88
1455	58.4	-19.38	22.83
1456	58.44	-19.44	22.76
1457	58.48	-19.48	22.68
1458	58.52	-19.55	22.61
1459	58.56	-19.61	22.56
1460	58.6	-19.69	22.52
1461	58.64	-19.75	22.52
1462	58.68	-19.79	22.5
1463	58.72	-19.82	22.5
1464	58.76	-19.82	22.5
1465	58.8	-19.85	22.51
1466	58.84	-19.89	22.54
1467	58.88	-19.95	22.58
1468	58.92	-20.01	22.59
1469	58.96	-20.07	22.59
1470	59	-20.12	22.57
1471	59.04	-20.18	22.54
1472	59.08	-20.25	22.55
1473	59.12	-20.34	22.56
1474	59.16	-20.46	22.56
1475	59.2	-20.56	22.58
1476	59.24	-20.67	22.54
1477	59.28	-20.75	22.5
1478	59.32	-20.8	22.49
1479	59.36	-20.87	22.48
1480	59.4	-20.94	22.52
1481	59.44	-21.03	22.57
1482	59.48	-21.11	22.61
1483	59.52	-21.17	22.63
1484	59.56	-21.19	22.65
1485	59.6	-21.19	22.66
1486	59.64	-21.19	22.67
1487	59.68	-21.18	22.67
1488	59.72	-21.18	22.69
1489	59.76	-21.2	22.7
1490	59.8	-21.23	22.74
1491	59.84	-21.27	22.8
1492	59.88	-21.31	22.84
1493	59.92	-21.35	22.86
1494	59.96	-21.39	22.85
1495	60	-21.42	22.85
1496	60.04	-21.45	22.84
1497	60.08	-21.49	22.84
1498	60.12	-21.5	22.86
1499	60.16	-21.52	22.87
1500	60.2	-21.54	22.89
1501	60.24	-21.56	22.9
1502	60.28	-21.57	22.91
1503	60.32	-21.59	22.92
1504	60.36	-21.6	22.93
1505	60.4	-21.61	22.94
1506	60.44	-21.62	22.95
1507	60.48	-21.62	22.95
1508	60.52	-21.63	22.94
1509	60.56	-21.63	22.94
1510	60.6	-21.62	22.94
1511	60.64	-21.62	22.94
1512	60.68	-21.63	22.93
1513	60.72	-21.63	22.92
1514	60.76	-21.64	22.92
1515	60.8	-21.64	22.92
1516	60.84	-21.64	22.93
1517	60.88	-21.63	22.91
1518	60.92	-21.63	22.89
1519	60.96	-21.61	22.85
1520	61	-21.61	22.8
1521	61.04	-21.61	22.78
1522	61.08	-21.61	22.77
1523	61.12	-21.62	22.75
1524	61.16	-21.61	22.73
1525	61.2	-21.59	22.7
1526	61.24	-21.58	22.66
1527	61.28	-21.57	22.65
1528	61.32	-21.56	22.64
1529	61.36	-21.55	22.63
1530	61.4	-21.54	22.63
1531	61.44	-21.53	22.64
1532	61.48	-21.53	22.64
1533	61.52	-21.54	22.66
1534	61.56	-21.54	22.69
1535	61.6	-21.53	22.7
1536	61.64	-21.52	22.71
1537	61.68	-21.48	22.72
1538	61.72	-21.44	22.73
1539	61.76	-21.39	22.73
1540	61.8	-21.35	22.74
1541	61.84	-21.29	22.74
1542	61.88	-21.24	22.74
1543	61.92	-21.19	22.73
1544	61.96	-21.16	22.7
1545	62	-21.15	22.69
1546	62.04	-21.16	22.66
1547	62.08	-21.17	22.64
1548	62.12	-21.19	22.64
1549	62.16	-21.23	22.6
1550	62.2	-21.27	22.55
1551	62.24	-21.3	22.49
1552	62.28	-21.32	22.41
1553	62.32	-21.32	22.41
1554	62.36	-21.34	22.4
1555	62.4	-21.36	22.4
1556	62.44	-21.39	22.43
1557	62.48	-21.41	22.44
1558	62.52	-21.44	22.46
1559	62.56	-21.46	22.49
1560	62.6	-21.49	22.5
1561	62.64	-21.53	22.49
1562	62.68	-21.57	22.46
1563	62.72	-21.6	22.44
1564	62.76	-21.62	22.43
1565	62.8	-21.61	22.42
1566	62.84	-21.61	22.45
1567	62.88	-21.58	22.45
1568	62.92	-21.57	22.44
1569	62.96	-21.56	22.43
1570	63	-21.53	22.42
1571	63.04	-21.52	22.41
1572	63.08	-21.51	22.4
1573	63.12	-21.51	22.4
1574	63.16	-21.53	22.41
1575	63.2	-21.55	22.45
1576	63.24	-21.56	22.49
1577	63.28	-21.57	22.51
1578	63.32	-21.57	22.52
1579	63.36	-21.57	22.52
1580	63.4	-21.58	22.52
1581	63.44	-21.57	22.52
1582	63.48	-21.56	22.52
1583	63.52	-21.55	22.52
1584	63.56	-21.54	22.5
1585	63.6	-21.54	22.5
1586	63.64	-21.52	22.49
1587	63.68	-21.5	22.47
1588	63.72	-21.46	22.44
1589	63.76	-21.42	22.37
1590	63.8	-21.38	22.32
1591	63.84	-21.35	22.27
1592	63.88	-21.34	22.22
1593	63.92	-21.34	22.2
1594	63.96	-21.37	22.21
1595	64	-21.39	22.22
1596	64.04	-21.41	22.24
1597	64.08	-21.42	22.24
1598	64.12	-21.42	22.23
1599	64.16	-21.4	22.21
1600	64.2	-21.39	22.21
1601	64.24	-21.38	22.21
1602	64.28	-21.37	22.21
1603	64.32	-21.38	22.21
1604	64.36	-21.39	22.21
1605	64.4	-21.4	22.22
1606	64.44	-21.41	22.25
1607	64.48	-21.41	22.28
1608	64.52	-21.41	22.31
1609	64.56	-21.41	22.33
1610	64.6	-21.42	22.34
1611	64.64	-21.43	22.35
1612	64.68	-21.43	22.36
1613	64.72	-21.44	22.35
1614	64.76	-21.43	22.35
1615	64.8	-21.42	22.33
1616	64.84	-21.42	22.31
1617	64.88	-21.42	22.31
1618	64.92	-21.43	22.31
1619	64.96	-21.44	22.32
1620	65	-21.45	22.33
1621	65.04	-21.45	22.35
1622	65.08	-21.46	22.37
1623	65.12	-21.47	22.37
1624	65.16	-21.46	22.37
1625	65.2	-21.46	22.36
1626	65.24	-21.44	22.34
1627	65.28	-21.41	22.34
1628	65.32	-21.39	22.33
1629	65.36	-21.38	22.33
1630	65.4	-21.38	22.33
1631	65.44	-21.4	22.31
1632	65.48	-21.4	22.29
1633	65.52	-21.4	22.26
1634	65.56	-21.4	22.24
1635	65.6	-21.4	22.24
1636	65.64	-21.4	22.25
1637	65.68	-21.41	22.25
1638	65.72	-21.41	22.26
1639	65.76	-21.41	22.26
1640	65.8	-21.42	22.27
1641	65.84	-21.43	22.28
1642	65.88	-21.44	22.28
1643	65.92	-21.45	22.28
1644	65.96	-21.46	22.28
1645	66	-21.47	22.28
1646	66.04	-21.47	22.27
1647	66.08	-21.45	22.27
1648	66.12	-21.42	22.25
1649	66.16	-21.39	22.22
1650	66.2	-21.37	22.2
1651	66.24	-21.36	22.17
1652	66.28	-21.36	22.14
1653	66.32	-21.35	22.12
1654	66.36	-21.33	22.1
1655	66.4	-21.32	22.08
1656	66.44	-21.31	22.05
1657	66.48	-21.3	22.02
1658	66.52	-21.28	21.97
1659	66.56	-21.28	21.93
1660	66.6	-21.28	21.9
1661	66.64	-21.27	21.85
1662	66.68	-21.28	21.83
1663	66.72	-21.27	21.8
1664	66.76	-21.27	21.78
1665	66.8	-21.26	21.77
1666	66.84	-21.26	21.78
1667	66.88	-21.26	21.8
1668	66.92	-21.27	21.82
1669	66.96	-21.29	21.84
1670	67	-21.29	21.83
1671	67.04	-21.29	21.8
1672	67.08	-21.29	21.78
1673	67.12	-21.31	21.78
1674	67.16	-21.32	21.8
1675	67.2	-21.35	21.82
1676	67.24	-21.37	21.86
1677	67.28	-21.38	21.9
1678	67.32	-21.4	21.92
1679	67.36	-21.4	21.95
1680	67.4	-21.39	21.95
1681	67.44	-21.38	21.94
1682	67.48	-21.36	21.92
1683	67.52	-21.34	21.88
1684	67.56	-21.32	21.84
1685	67.6	-21.3	21.81
1686	67.64	-21.31	21.8
1687	67.68	-21.33	21.85
1688	67.72	-21.35	21.92
1689	67.76	-21.37	22.01
1690	67.8	-21.39	22.08
1691	67.84	-21.4	22.13
1692	67.88	-21.41	22.15
1693	67.92	-21.4	22.14
1694	67.96	-21.39	22.14
1695	68	-21.37	22.14
1696	68.04	-21.35	22.16
1697	68.08	-21.32	22.2
1698	68.12	-21.3	22.22
1699	68.16	-21.26	22.24
1700	68.22	-21.24	22.25
1701	68.24	-21.25	22.25
1702	68.28	-21.29	22.3
1703	68.32	-21.34	22.34
1704	68.36	-21.41	22.4
1705	68.4	-21.46	22.46
1706	68.44	-21.49	22.48
1707	68.48	-21.52	22.51
1708	68.52	-21.53	22.53
1709	68.56	-21.56	22.57
1710	68.6	-21.57	22.6
1711	68.64	-21.57	22.64
1712	68.68	-21.58	22.66
1713	68.72	-21.57	22.67
1714	68.76	-21.57	22.67
1715	68.8	-21.57	22.66
1716	68.84	-21.57	22.64
1717	68.88	-21.57	22.64
1718	68.92	-21.56	22.6
1719	68.96	-21.55	22.57
1720	69	-21.53	22.53
1721	69.04	-21.49	22.48
1722	69.08	-21.44	22.44
1723	69.12	-21.39	22.39
1724	69.16	-21.31	22.29
1725	69.2	-21.23	22.2
1726	69.24	-21.18	22.13
1727	69.28	-21.13	22.08
1728	69.32	-21.15	22.11
1729	69.36	-21.18	22.13
1730	69.4	-21.2	22.15
1731	69.44	-21.23	22.17
1732	69.48	-21.24	22.19
1733	69.52	-21.25	22.23
1734	69.56	-21.27	22.26
1735	69.6	-21.27	22.28
1736	69.64	-21.26	22.28
1737	69.68	-21.25	22.28
1738	69.72	-21.24	22.28
1739	69.76	-21.23	22.27
1740	69.8	-21.22	22.23
1741	69.84	-21.21	22.18
1742	69.88	-21.18	22.13
1743	69.92	-21.14	22.13
1744	69.96	-21.11	22.19
1745	70	-21.05	22.27
1746	70.04	-21	22.34
1747	70.08	-20.95	22.38
1748	70.12	-20.91	22.39
1749	70.16	-20.88	22.4
1750	70.2	-20.85	22.39
1751	70.24	-20.81	22.38
1752	70.28	-20.78	22.36
1753	70.32	-20.77	22.35
1754	70.36	-20.77	22.35
1755	70.4	-20.77	22.35
1756	70.44	-20.78	22.34
1757	70.48	-20.8	22.31
1758	70.52	-20.82	22.28
1759	70.56	-20.85	22.25
1760	70.6	-20.89	22.22
1761	70.64	-20.91	22.2
1762	70.68	-20.94	22.19
1763	70.72	-20.97	22.22
1764	70.76	-21.02	22.25
1765	70.8	-21.09	22.28
1766	70.84	-21.13	22.28
1767	70.88	-21.19	22.25
1768	70.92	-21.21	22.22
1769	70.96	-21.17	22.18
1770	71	-21.12	22.16
1771	71.04	-21.06	22.13
1772	71.08	-20.99	22.06
1773	71.12	-20.98	22.02
1774	71.16	-21	22.02
1775	71.2	-21.02	22.04
1776	71.24	-21.07	22.09
1777	71.28	-21.1	22.14
1778	71.32	-21.12	22.17
1779	71.36	-21.28	22.15
1780	71.4	-21.43	22.14
1781	71.44	-21.54	22.11
1782	71.48	-21.68	22.09
1783	71.52	-21.63	22.07
1784	71.56	-21.59	22.07
1785	71.6	-21.56	22.06
1786	71.64	-21.54	22.05
1787	71.68	-21.46	22.03
1788	71.72	-21.44	21.98
1789	71.76	-21.32	21.94
1790	71.8	-21.17	21.9
1791	71.84	-21.24	21.86
1792	71.88	-21.12	21.82
1793	71.92	-21.11	21.77
1794	71.96	-21.11	21.71
1795	72	-21.02	21.65
1796	72.04	-21.07	21.58
1797	72.08	-21.14	21.51
1798	72.12	-21.19	21.41
1799	72.16	-21.27	21.3
1800	72.2	-21.32	21.22
1801	72.24	-21.36	21.17
1802	72.28	-21.41	21.17
1803	72.32	-21.43	21.2
1804	72.36	-21.56	21.23
1805	72.4	-21.54	21.27
1806	72.44	-21.56	21.3
1807	72.48	-21.58	21.32
1808	72.52	-21.32	21.33
1809	72.56	-21.23	21.3
1810	72.6	-21.05	21.27
1811	72.64	-20.85	21.25
1812	72.68	-20.8	21.21
1813	72.72	-20.74	21.2
1814	72.76	-20.72	21.19
1815	72.8	-20.69	21.2
1816	72.84	-20.65	21.21
1817	72.88	-20.65	21.22
1818	72.92	-20.63	21.25
1819	72.96	-20.61	21.26
1820	73	-20.57	21.27
1821	73.04	-20.51	21.29
1822	73.08	-20.45	21.3
1823	73.12	-20.42	21.33
1824	73.16	-20.44	21.36
1825	73.2	-20.43	21.4
1826	73.24	-20.45	21.45
1827	73.28	-20.45	21.54
1828	73.32	-20.41	21.66
1829	73.36	-20.42	21.81
1830	73.4	-20.4	21.98
1831	73.44	-20.4	22.12
1832	73.48	-20.42	22.25
1833	73.52	-20.42	22.34
1834	73.56	-20.44	22.44
1835	73.6	-20.47	22.55
1836	73.64	-20.49	22.64
1837	73.68	-20.52	22.73
1838	73.72	-20.56	22.79
1839	73.76	-20.58	22.81
1840	73.8	-20.6	22.83
1841	73.84	-20.61	22.83
1842	73.88	-20.61	22.83
1843	73.92	-20.61	22.84
1844	73.96	-20.62	22.84
1845	74	-20.65	22.86
1846	74.04	-20.69	22.88
1847	74.08	-20.72	22.92
1848	74.12	-20.77	22.96
1849	74.16	-20.81	22.97
1850	74.2	-20.84	22.99
1851	74.24	-20.86	23
1852	74.28	-20.86	23
1853	74.32	-20.87	23.03
1854	74.36	-20.87	23.05
1855	74.4	-20.88	23.05
1856	74.44	-20.88	23.06
1857	74.48	-20.88	23.04
1858	74.52	-20.87	23.04
1859	74.56	-20.87	23.04
1860	74.6	-20.86	23.04
1861	74.64	-20.85	23.03
1862	74.68	-20.85	23.02
1863	74.72	-20.82	23.01
1864	74.76	-20.8	23.01
1865	74.8	-20.78	22.99
1866	74.84	-20.78	22.99
1867	74.88	-20.76	22.97
1868	74.92	-20.74	22.95
1869	74.96	-20.72	22.93
1870	75	-20.69	22.9
1871	75.04	-20.68	22.89
1872	75.08	-20.67	22.89
1873	75.12	-20.67	22.89
1874	75.16	-20.66	22.88
1875	75.2	-20.67	22.89
1876	75.24	-20.68	22.89
1877	75.28	-20.69	22.89
1878	75.32	-20.7	22.9
1879	75.36	-20.7	22.89
1880	75.4	-20.69	22.88
1881	75.44	-20.68	22.86
1882	75.48	-20.67	22.83
1883	75.52	-20.64	22.79
1884	75.56	-20.64	22.76
1885	75.6	-20.62	22.71
1886	75.64	-20.61	22.68
1887	75.68	-20.61	22.68
1888	75.72	-20.58	22.69
1889	75.76	-20.58	22.73
1890	75.8	-20.57	22.75
1891	75.84	-20.56	22.75
1892	75.88	-20.56	22.76
1893	75.92	-20.54	22.76
1894	75.96	-20.53	22.77
1895	76	-20.52	22.78
1896	76.04	-20.51	22.78
1897	76.08	-20.51	22.78
1898	76.12	-20.49	22.76
1899	76.16	-20.48	22.75
1900	76.2	-20.45	22.74
1901	76.24	-20.43	22.73
1902	76.28	-20.41	22.74
1903	76.32	-20.37	22.74
1904	76.36	-20.34	22.76
1905	76.4	-20.3	22.76
1906	76.44	-20.27	22.79
1907	76.48	-20.24	22.82
1908	76.52	-20.19	22.85
1909	76.56	-20.15	22.88
1910	76.6	-20.11	22.9
1911	76.64	-20.08	22.93
1912	76.68	-20.06	22.94
1913	76.72	-20.04	22.97
1914	76.76	-19.99	23.01
1915	76.8	-19.95	23.04
1916	76.84	-19.89	23.09
1917	76.88	-19.85	23.11
1918	76.92	-19.84	23.15
1919	76.96	-19.83	23.15
1920	77	-19.82	23.16
1921	77.04	-19.8	23.16
1922	77.08	-19.77	23.13
1923	77.12	-19.75	23.1
1924	77.16	-19.71	23.06
1925	77.2	-19.71	23.02
1926	77.24	-19.71	22.95
1927	77.28	-19.7	22.89
1928	77.32	-19.71	22.85
1929	77.36	-19.69	22.82
1930	77.4	-19.67	22.83
1931	77.44	-19.66	22.82
1932	77.48	-19.64	22.8
1933	77.52	-19.61	22.77
1934	77.56	-19.59	22.75
1935	77.6	-19.56	22.73
1936	77.64	-19.53	22.72
1937	77.68	-19.51	22.7
1938	77.72	-19.48	22.66
1939	77.76	-19.45	22.62
1940	77.8	-19.41	22.56
1941	77.84	-19.35	22.52
1942	77.88	-19.3	22.49
1943	77.92	-19.26	22.47
1944	77.96	-19.23	22.47
1945	78	-19.22	22.47
1946	78.04	-19.22	22.47
1947	78.08	-19.23	22.46
1948	78.12	-19.24	22.46
1949	78.16	-19.24	22.47
1950	78.2	-19.25	22.46
1951	78.24	-19.25	22.47
1952	78.28	-19.26	22.44
1953	78.32	-19.28	22.44
1954	78.36	-19.29	22.45
1955	78.4	-19.31	22.45
1956	78.44	-19.32	22.44
1957	78.48	-19.34	22.42
1958	78.52	-19.36	22.39
1959	78.56	-19.38	22.35
1960	78.6	-19.4	22.3
1961	78.64	-19.44	22.25
1962	78.68	-19.46	22.21
1963	78.72	-19.49	22.18
1964	78.76	-19.51	22.16
1965	78.8	-19.53	22.16
1966	78.84	-19.56	22.13
1967	78.88	-19.58	22.1
1968	78.92	-19.61	22.1
1969	78.96	-19.61	22.07
1970	79	-19.61	22.07
1971	79.04	-19.6	22.06
1972	79.08	-19.59	22.05
1973	79.12	-19.58	22.06
1974	79.16	-19.57	22.08
1975	79.2	-19.55	22.08
1976	79.24	-19.54	22.07
1977	79.28	-19.51	22.04
1978	79.32	-19.47	21.98
1979	79.36	-19.44	21.95
1980	79.4	-19.44	21.92
1981	79.44	-19.46	21.93
1982	79.48	-19.5	21.96
1983	79.52	-19.55	22
1984	79.56	-19.59	22.04
1985	79.6	-19.62	22.08
1986	79.64	-19.64	22.1
1987	79.68	-19.66	22.12
1988	79.72	-19.69	22.12
1989	79.76	-19.72	22.11
1990	79.8	-19.75	22.11
1991	79.84	-19.79	22.09
1992	79.88	-19.87	22.07
1993	79.92	-19.95	22.04
1994	79.96	-20.03	22.01
1995	80	-20.09	21.98
1996	80.04	-20.14	21.97
1997	80.08	-20.17	21.97
1998	80.12	-20.19	21.98
1999	80.16	-20.21	22
2000	80.2	-20.22	22.02
2001	80.24	-20.24	22.06
2002	80.28	-20.29	22.09
2003	80.32	-20.36	22.15
2004	80.36	-20.45	22.21
2005	80.4	-20.53	22.26
2006	80.44	-20.6	22.34
2007	80.48	-20.64	22.38
2008	80.52	-20.68	22.42
2009	80.56	-20.7	22.43
2010	80.6	-20.71	22.42
2011	80.64	-20.72	22.42
2012	80.68	-20.73	22.42
2013	80.72	-20.74	22.42
2014	80.76	-20.75	22.44
2015	80.8	-20.75	22.44
2016	80.84	-20.73	22.45
2017	80.88	-20.73	22.46
2018	80.92	-20.7	22.47
2019	80.96	-20.69	22.47
2020	81	-20.66	22.47
2021	81.04	-20.64	22.46
2022	81.08	-20.64	22.45
2023	81.12	-20.63	22.44
2024	81.16	-20.63	22.42
2025	81.2	-20.63	22.4
2026	81.24	-20.61	22.38
2027	81.28	-20.61	22.37
2028	81.32	-20.6	22.37
2029	81.36	-20.59	22.36
2030	81.4	-20.57	22.36
2031	81.44	-20.55	22.34
2032	81.48	-20.55	22.34
2033	81.52	-20.55	22.33
2034	81.56	-20.56	22.33
2035	81.6	-20.57	22.35
2036	81.64	-20.58	22.37
2037	81.68	-20.59	22.39
2038	81.72	-20.6	22.41
2039	81.76	-20.6	22.42
2040	81.8	-20.61	22.43
2041	81.84	-20.6	22.43
2042	81.88	-20.6	22.44
2043	81.92	-20.6	22.44
2044	81.96	-20.58	22.43
2045	82	-20.58	22.43
2046	82.04	-20.57	22.42
2047	82.08	-20.57	22.43
2048	82.12	-20.6	22.45
2049	82.16	-20.61	22.46
2050	82.2	-20.62	22.46
2051	82.24	-20.6	22.44
2052	82.28	-20.59	22.43
2053	82.32	-20.57	22.41
2054	82.36	-20.55	22.38
2055	82.4	-20.54	22.36
2056	82.44	-20.53	22.35
2057	82.48	-20.52	22.33
2058	82.52	-20.52	22.31
2059	82.56	-20.52	22.31
2060	82.6	-20.53	22.3
2061	82.64	-20.54	22.3
2062	82.68	-20.55	22.31
2063	82.72	-20.56	22.31
2064	82.76	-20.55	22.32
2065	82.8	-20.53	22.32
2066	82.84	-20.49	22.31
2067	82.88	-20.47	22.29
2068	82.92	-20.45	22.29
2069	82.96	-20.45	22.29
2070	83	-20.47	22.3
2071	83.04	-20.47	22.3
2072	83.08	-20.48	22.31
2073	83.12	-20.49	22.31
2074	83.16	-20.49	22.32
2075	83.2	-20.5	22.32
2076	83.24	-20.49	22.32
2077	83.28	-20.48	22.32
2078	83.32	-20.46	22.3
2079	83.36	-20.45	22.31
2080	83.4	-20.45	22.31
2081	83.44	-20.44	22.31
2082	83.48	-20.44	22.32
2083	83.52	-20.44	22.33
2084	83.56	-20.45	22.34
2085	83.6	-20.45	22.34
2086	83.64	-20.45	22.34
2087	83.68	-20.46	22.35
2088	83.72	-20.45	22.34
2089	83.76	-20.46	22.34
2090	83.8	-20.47	22.34
2091	83.84	-20.47	22.35
2092	83.88	-20.48	22.35
2093	83.92	-20.49	22.37
2094	83.96	-20.49	22.37
2095	84	-20.49	22.37
2096	84.04	-20.49	22.37
2097	84.08	-20.47	22.35
2098	84.12	-20.47	22.34
2099	84.16	-20.46	22.34
2100	84.2	-20.44	22.33
2101	84.24	-20.42	22.33
2102	84.28	-20.41	22.34
2103	84.32	-20.39	22.33
2104	84.36	-20.4	22.34
2105	84.4	-20.39	22.34
2106	84.44	-20.39	22.34
2107	84.48	-20.39	22.34
2108	84.52	-20.39	22.33
2109	84.56	-20.39	22.32
2110	84.6	-20.38	22.3
2111	84.64	-20.39	22.3
2112	84.68	-20.39	22.3
2113	84.72	-20.39	22.31
2114	84.76	-20.4	22.31
2115	84.8	-20.4	22.3
2116	84.84	-20.4	22.31
2117	84.88	-20.41	22.3
2118	84.92	-20.41	22.3
2119	84.96	-20.43	22.32
2120	85	-20.43	22.31
2121	85.04	-20.42	22.3
2122	85.08	-20.41	22.29
2123	85.12	-20.4	22.28
2124	85.16	-20.39	22.26
2125	85.2	-20.4	22.24
2126	85.24	-20.41	22.23
2127	85.28	-20.42	22.2
2128	85.32	-20.43	22.18
2129	85.36	-20.45	22.17
2130	85.4	-20.46	22.16
2131	85.44	-20.47	22.16
2132	85.48	-20.47	22.18
2133	85.52	-20.47	22.2
2134	85.56	-20.47	22.22
2135	85.6	-20.46	22.23
2136	85.64	-20.46	22.23
2137	85.68	-20.46	22.22
2138	85.72	-20.47	22.21
2139	85.76	-20.47	22.19
2140	85.8	-20.48	22.19
2141	85.84	-20.49	22.19
2142	85.88	-20.51	22.21
2143	85.92	-20.51	22.21
2144	85.96	-20.52	22.23
2145	86	-20.52	22.23
2146	86.04	-20.52	22.22
2147	86.08	-20.52	22.22
2148	86.12	-20.51	22.2
2149	86.16	-20.5	22.2
2150	86.2	-20.5	22.2
2151	86.24	-20.48	22.19
2152	86.28	-20.48	22.18
2153	86.32	-20.48	22.16
2154	86.36	-20.49	22.13
2155	86.4	-20.52	22.11
2156	86.44	-20.54	22.08
2157	86.48	-20.56	22.06
2158	86.52	-20.58	22.05
2159	86.56	-20.57	22.05
2160	86.6	-20.59	22.05
2161	86.64	-20.59	22.04
2162	86.68	-20.59	22.04
2163	86.72	-20.59	22.03
2164	86.76	-20.58	22.01
2165	86.8	-20.58	21.99
2166	86.84	-20.69	21.95
2167	86.88	-20.82	21.91
2168	86.92	-20.83	21.89
2169	86.96	-20.83	21.87
2170	87	-20.81	21.84
2171	87.04	-20.71	21.83
2172	87.08	-20.72	21.8
2173	87.12	-20.71	21.77
2174	87.16	-20.6	21.75
2175	87.2	-20.58	21.69
2176	87.24	-20.56	21.66
2177	87.28	-20.54	21.62
2178	87.32	-20.54	21.59
2179	87.36	-20.53	21.56
2180	87.4	-20.54	21.51
2181	87.44	-20.57	21.46
2182	87.48	-20.6	21.39
2183	87.52	-20.63	21.33
2184	87.56	-20.63	21.28
2185	87.6	-20.64	21.23
2186	87.64	-20.61	21.17
2187	87.68	-20.59	21.11
2188	87.72	-20.57	21.06
2189	87.76	-20.53	21.02
2190	87.8	-20.54	21.01
2191	87.84	-20.51	21.02
2192	87.88	-20.49	21.04
2193	87.92	-20.46	21.09
2194	87.96	-20.44	21.12
2195	88	-20.44	21.14
2196	88.04	-20.43	21.17
2197	88.08	-20.43	21.2
2198	88.12	-20.41	21.23
2199	88.16	-20.41	21.27
2200	88.2	-20.41	21.31
2201	88.24	-20.41	21.35
2202	88.28	-20.41	21.39
2203	88.32	-20.4	21.43
2204	88.36	-20.42	21.49
2205	88.4	-20.43	21.57
2206	88.44	-20.44	21.68
2207	88.48	-20.45	21.82
2208	88.52	-20.44	21.95
2209	88.56	-20.44	22.07
2210	88.6	-20.43	22.17
2211	88.64	-20.43	22.24
2212	88.68	-20.43	22.28
2213	88.72	-20.45	22.3
2214	88.76	-20.48	22.32
2215	88.8	-20.52	22.35
2216	88.84	-20.56	22.39
2217	88.88	-20.6	22.44
2218	88.92	-20.65	22.5
2219	88.96	-20.65	22.53
2220	89	-20.66	22.55
2221	89.04	-20.65	22.54
2222	89.08	-20.62	22.51
2223	89.12	-20.57	22.46
2224	89.16	-20.53	22.39
2225	89.2	-20.5	22.35
2226	89.24	-20.47	22.31
2227	89.28	-20.47	22.31
2228	89.32	-20.47	22.32
2229	89.36	-20.47	22.34
2230	89.4	-20.48	22.35
2231	89.44	-20.51	22.4
2232	89.48	-20.55	22.44
2233	89.52	-20.58	22.48
2234	89.56	-20.62	22.51
2235	89.6	-20.63	22.52
2236	89.64	-20.62	22.5
2237	89.68	-20.6	22.48
2238	89.72	-20.57	22.47
2239	89.76	-20.57	22.45
2240	89.8	-20.56	22.44
2241	89.84	-20.57	22.44
2242	89.88	-20.58	22.43
2243	89.92	-20.58	22.43
2244	89.96	-20.6	22.43
2245	90	-20.62	22.42
2246	90.04	-20.64	22.43
2247	90.08	-20.66	22.42
2248	90.12	-20.69	22.43
2249	90.16	-20.7	22.42
2250	90.2	-20.71	22.42
2251	90.24	-20.72	22.42
2252	90.28	-20.72	22.41
2253	90.32	-20.72	22.41
2254	90.36	-20.73	22.42
2255	90.4	-20.74	22.42
2256	90.44	-20.76	22.43
2257	90.48	-20.76	22.43
2258	90.52	-20.76	22.42
2259	90.56	-20.76	22.42
2260	90.6	-20.76	22.42
2261	90.64	-20.78	22.44
2262	90.68	-20.78	22.45
2263	90.72	-20.79	22.46
2264	90.76	-20.81	22.47
2265	90.8	-20.81	22.46
2266	90.84	-20.82	22.46
2267	90.88	-20.81	22.45
2268	90.92	-20.8	22.44
2269	90.96	-20.77	22.42
2270	91	-20.74	22.39
2271	91.04	-20.71	22.37
2272	91.08	-20.66	22.33
2273	91.12	-20.62	22.31
2274	91.16	-20.56	22.28
2275	91.2	-20.49	22.26
2276	91.24	-20.44	22.24
2277	91.28	-20.39	22.24
2278	91.32	-20.36	22.25
2279	91.36	-20.34	22.26
2280	91.4	-20.33	22.29
2281	91.44	-20.31	22.33
2282	91.48	-20.27	22.39
2283	91.52	-20.24	22.45
2284	91.56	-20.2	22.48
2285	91.6	-20.17	22.52
2286	91.64	-20.16	22.52
2287	91.68	-20.16	22.54
2288	91.72	-20.16	22.55
2289	91.76	-20.16	22.55
2290	91.8	-20.17	22.57
2291	91.84	-20.18	22.58
2292	91.88	-20.17	22.58
2293	91.92	-20.16	22.58
2294	91.96	-20.14	22.57
2295	92	-20.1	22.58
2296	92.04	-20.06	22.58
2297	92.08	-20.02	22.58
2298	92.12	-19.99	22.58
2299	92.16	-19.98	22.57
2300	92.2	-19.98	22.56
2301	92.24	-19.98	22.55
2302	92.28	-19.98	22.55
2303	92.32	-19.98	22.55
2304	92.36	-19.98	22.55
2305	92.4	-19.97	22.56
2306	92.44	-19.96	22.58
2307	92.48	-19.95	22.58
2308	92.52	-19.93	22.6
2309	92.56	-19.92	22.6
2310	92.6	-19.92	22.6
2311	92.64	-19.92	22.59
2312	92.68	-19.91	22.59
2313	92.72	-19.92	22.6
2314	92.76	-19.92	22.6
2315	92.8	-19.92	22.61
2316	92.84	-19.92	22.6
2317	92.88	-19.92	22.59
2318	92.92	-19.91	22.56
2319	92.96	-19.9	22.56
2320	93	-19.89	22.56
2321	93.04	-19.88	22.56
2322	93.08	-19.87	22.57
2323	93.12	-19.87	22.57
2324	93.16	-19.87	22.56
2325	93.2	-19.87	22.56
2326	93.24	-19.87	22.56
2327	93.28	-19.87	22.55
2328	93.32	-19.87	22.55
2329	93.36	-19.87	22.54
2330	93.4	-19.87	22.54
2331	93.44	-19.87	22.54
2332	93.48	-19.87	22.54
2333	93.52	-19.87	22.53
2334	93.56	-19.87	22.53
2335	93.6	-19.88	22.52
2336	93.64	-19.88	22.52
2337	93.68	-19.89	22.53
2338	93.72	-19.9	22.54
2339	93.76	-19.9	22.53
2340	93.8	-19.9	22.53
2341	93.84	-19.9	22.52
2342	93.88	-19.89	22.51
2343	93.92	-19.88	22.52
2344	93.96	-19.87	22.5
2345	94	-19.85	22.49
2346	94.04	-19.84	22.49
2347	94.08	-19.82	22.49
2348	94.12	-19.81	22.51
2349	94.16	-19.79	22.53
2350	94.2	-19.78	22.56
2351	94.24	-19.77	22.56
2352	94.28	-19.77	22.57
2353	94.32	-19.77	22.55
2354	94.36	-19.78	22.53
2355	94.4	-19.78	22.54
2356	94.43	-19.78	22.53
2357	94.47	-19.77	22.53
2358	94.51	-19.77	22.52
2359	94.55	-19.77	22.51
2360	94.59	-19.77	22.5
2361	94.63	-19.78	22.51
2362	94.67	-19.78	22.51
2363	94.71	-19.78	22.5
2364	94.75	-19.78	22.5
2365	94.8	-19.78	22.5
2366	94.84	-19.77	22.5
2367	94.87	-19.78	22.51
2368	94.91	-19.78	22.5
2369	94.95	-19.78	22.51
2370	94.99	-19.78	22.5
2371	95.03	-19.78	22.51
2372	95.07	-19.79	22.51
2373	95.11	-19.79	22.51
2374	95.15	-19.79	22.49
2375	95.19	-19.79	22.48
2376	95.23	-19.79	22.47
2377	95.27	-19.79	22.47
2378	95.31	-19.79	22.47
2379	95.35	-19.79	22.48
2380	95.39	-19.79	22.47
2381	95.43	-19.79	22.46
2382	95.47	-19.8	22.43
2383	95.51	-19.83	22.38
2384	95.55	-19.86	22.32
2385	95.59	-19.88	22.24
2386	95.63	-19.9	22.17
2387	95.67	-19.89	22.12
2388	95.71	-19.9	22.08
2389	95.75	-19.93	22.08
2390	95.79	-19.96	22.1
2391	95.83	-19.99	22.13
2392	95.87	-20.01	22.17
2393	95.91	-20.03	22.2
2394	95.95	-20.06	22.21
2395	95.99	-20.11	22.22
2396	96.03	-20.16	22.2
2397	96.07	-20.22	22.18
2398	96.11	-20.27	22.17
2399	96.15	-20.31	22.17
2400	96.19	-20.33	22.17
2401	96.23	-20.35	22.17
2402	96.27	-20.36	22.17
2403	96.31	-20.4	22.21
2404	96.35	-20.47	22.26
2405	96.39	-20.55	22.33
2406	96.43	-20.64	22.4
2407	96.47	-20.73	22.44
2408	96.51	-20.78	22.48
2409	96.55	-20.81	22.5
2410	96.59	-20.84	22.51
2411	96.63	-20.83	22.5
2412	96.67	-20.83	22.49
2413	96.71	-20.84	22.48
2414	96.75	-20.85	22.46
2415	96.79	-20.87	22.48
2416	96.83	-20.88	22.48
2417	96.87	-20.89	22.48
2418	96.91	-20.9	22.5
2419	96.95	-20.92	22.49
2420	96.99	-20.93	22.48
2421	97.03	-20.94	22.46
2422	97.07	-20.94	22.42
2423	97.11	-20.94	22.4
2424	97.15	-20.95	22.38
2425	97.19	-20.96	22.34
2426	97.23	-20.96	22.3
2427	97.27	-20.97	22.26
2428	97.31	-20.96	22.23
2429	97.35	-20.96	22.22
2430	97.39	-20.96	22.22
2431	97.43	-20.96	22.22
2432	97.47	-20.96	22.23
2433	97.51	-20.96	22.24
2434	97.55	-20.95	22.24
2435	97.59	-20.95	22.25
2436	97.63	-20.95	22.26
2437	97.67	-20.96	22.27
2438	97.71	-20.98	22.28
2439	97.75	-20.99	22.29
2440	97.79	-21	22.29
2441	97.83	-21.01	22.29
2442	97.87	-21.01	22.29
2443	97.91	-21.02	22.29
2444	97.95	-21.01	22.28
2445	97.99	-21.01	22.28
2446	98.03	-21	22.27
2447	98.07	-20.99	22.27
2448	98.11	-21	22.28
2449	98.15	-21.01	22.28
2450	98.19	-21.01	22.28
2451	98.23	-21.01	22.28
2452	98.27	-21	22.28
2453	98.31	-21.01	22.27
2454	98.35	-21.01	22.28
2455	98.39	-21.01	22.28
2456	98.43	-21.01	22.27
2457	98.47	-21	22.26
2458	98.51	-20.99	22.26
2459	98.55	-20.98	22.26
2460	98.59	-20.98	22.25
2461	98.63	-20.98	22.25
2462	98.67	-20.95	22.23
2463	98.71	-20.91	22.19
2464	98.75	-20.87	22.16
2465	98.79	-20.84	22.11
2466	98.83	-20.82	22.07
2467	98.87	-20.84	22.05
2468	98.91	-20.86	22.04
2469	98.95	-20.86	22.02
2470	98.99	-20.84	22
2471	99.03	-20.8	21.99
2472	99.07	-20.74	21.96
2473	99.11	-20.7	21.96
2474	99.15	-20.65	21.95
2475	99.19	-20.65	21.95
2476	99.23	-20.66	21.96
2477	99.27	-20.66	21.96
2478	99.31	-20.68	21.96
2479	99.35	-20.72	21.93
2480	99.39	-20.76	21.88
2481	99.43	-20.82	21.83
2482	99.47	-20.87	21.79
2483	99.51	-20.87	21.76
2484	99.55	-20.86	21.75
2485	99.59	-20.83	21.74
2486	99.63	-20.81	21.73
2487	99.67	-20.79	21.71
2488	99.71	-20.78	21.69
2489	99.75	-20.79	21.68
2490	99.79	-20.79	21.68
2491	99.83	-20.8	21.67
2492	99.87	-20.8	21.66
2493	99.91	-20.8	21.65
2494	99.95	-20.79	21.64
2495	99.99	-20.77	21.64
2496	100.03	-20.75	21.64
2497	100.07	-20.73	21.64
2498	100.11	-20.71	21.63
2499	100.15	-20.69	21.62
2500	100.19	-20.68	21.6
2501	100.23	-20.69	21.6
2502	100.27	-20.72	21.62
2503	100.31	-20.76	21.66
2504	100.35	-20.79	21.7
2505	100.39	-20.84	21.75
2506	100.43	-20.85	21.78
2507	100.47	-20.86	21.81
2508	100.51	-20.89	21.86
2509	100.55	-20.9	21.9
2510	100.59	-20.93	21.95
2511	100.63	-20.95	22.02
2512	100.67	-20.95	22.07
2513	100.71	-20.94	22.14
2514	100.75	-20.92	22.19
2515	100.79	-20.91	22.23
2516	100.83	-20.92	22.26
2517	100.87	-20.92	22.28
2518	100.91	-20.95	22.32
2519	100.95	-20.98	22.35
2520	100.99	-21.01	22.4
2521	101.03	-21.05	22.46
2522	101.07	-21.05	22.48
2523	101.11	-21.06	22.51
2524	101.15	-21.07	22.53
2525	101.19	-21.07	22.52
2526	101.23	-21.08	22.54
2527	101.27	-21.08	22.53
2528	101.31	-21.07	22.51
2529	101.35	-21.07	22.5
2530	101.39	-21.05	22.45
2531	101.43	-21.05	22.43
2532	101.47	-21.05	22.41
2533	101.51	-21.05	22.4
2534	101.55	-21.05	22.39
2535	101.59	-21.05	22.37
2536	101.63	-21.04	22.36
2537	101.67	-21.03	22.33
2538	101.71	-21.02	22.3
2539	101.75	-21.02	22.28
2540	101.79	-21.01	22.27
2541	101.83	-21.01	22.29
2542	101.87	-20.99	22.3
2543	101.91	-20.97	22.33
2544	101.95	-20.95	22.35
2545	101.99	-20.93	22.36
2546	102.03	-20.92	22.4
2547	102.07	-20.92	22.41
2548	102.11	-20.93	22.43
2549	102.15	-20.93	22.44
2550	102.19	-20.93	22.45
2551	102.23	-20.95	22.47
2552	102.27	-21.01	22.48
2553	102.31	-21.07	22.48
2554	102.35	-21.16	22.48
2555	102.39	-21.23	22.48
2556	102.43	-21.27	22.5
2557	102.47	-21.29	22.51
2558	102.51	-21.28	22.52
2559	102.55	-21.27	22.52
2560	102.59	-21.25	22.5
2561	102.63	-21.23	22.5
2562	102.67	-21.21	22.5
2563	102.71	-21.19	22.49
2564	102.75	-21.17	22.5
2565	102.79	-21.15	22.49
2566	102.83	-21.12	22.48
2567	102.87	-21.08	22.47
2568	102.91	-21.04	22.46
2569	102.95	-21	22.49
2570	102.99	-20.97	22.51
2571	103.03	-20.95	22.51
2572	103.07	-20.94	22.51
2573	103.11	-20.88	22.53
2574	103.15	-20.81	22.54
2575	103.19	-20.73	22.58
2576	103.23	-20.65	22.61
2577	103.27	-20.6	22.61
2578	103.31	-20.58	22.62
2579	103.35	-20.56	22.63
2580	103.39	-20.55	22.65
2581	103.43	-20.53	22.66
2582	103.47	-20.52	22.65
2583	103.51	-20.51	22.64
2584	103.55	-20.51	22.62
2585	103.59	-20.51	22.59
2586	103.63	-20.5	22.58
2587	103.67	-20.5	22.57
2588	103.71	-20.48	22.58
2589	103.75	-20.49	22.56
2590	103.79	-20.5	22.53
2591	103.83	-20.52	22.5
2592	103.87	-20.52	22.48
2593	103.91	-20.52	22.48
2594	103.95	-20.52	22.46
2595	103.99	-20.52	22.43
2596	104.03	-20.54	22.4
2597	104.07	-20.54	22.37
2598	104.11	-20.52	22.33
2599	104.15	-20.51	22.28
2600	104.19	-20.49	22.25
2601	104.23	-20.5	22.21
2602	104.27	-20.53	22.19
2603	104.31	-20.57	22.17
2604	104.35	-20.62	22.14
2605	104.39	-20.66	22.11
2606	104.43	-20.7	22.09
2607	104.47	-20.74	22.08
2608	104.51	-20.76	22.07
2609	104.55	-20.78	22.08
2610	104.59	-20.82	22.09
2611	104.63	-20.87	22.1
2612	104.67	-20.92	22.09
2613	104.71	-20.96	22.06
2614	104.75	-21	22.05
2615	104.79	-21.01	22.04
2616	104.83	-21.02	22.05
2617	104.87	-21.07	22.09
2618	104.91	-21.13	22.12
2619	104.95	-21.21	22.16
2620	104.99	-21.31	22.2
2621	105.03	-21.38	22.22
2622	105.07	-21.44	22.23
2623	105.11	-21.49	22.22
2624	105.15	-21.52	22.18
2625	105.19	-21.55	22.14
2626	105.23	-21.56	22.11
2627	105.27	-21.55	22.1
2628	105.31	-21.54	22.09
2629	105.35	-21.54	22.08
2630	105.39	-21.53	22.08
2631	105.43	-21.52	22.06
2632	105.47	-21.51	22.05
2633	105.51	-21.5	22.05
2634	105.55	-21.49	22.03
2635	105.59	-21.5	22.02
2636	105.63	-21.52	22.01
2637	105.67	-21.53	21.97
2638	105.71	-21.54	21.94
2639	105.75	-21.53	21.9
2640	105.79	-21.53	21.88
2641	105.83	-21.53	21.86
2642	105.87	-21.52	21.87
2643	105.91	-21.52	21.88
2644	105.95	-21.51	21.87
2645	105.99	-21.5	21.85
2646	106.03	-21.49	21.84
2647	106.07	-21.48	21.81
2648	106.11	-21.47	21.8
2649	106.15	-21.46	21.8
2650	106.19	-21.47	21.81
2651	106.23	-21.47	21.83
2652	106.27	-21.47	21.85
2653	106.31	-21.48	21.86
2654	106.35	-21.48	21.88
2655	106.39	-21.49	21.87
2656	106.43	-21.48	21.87
2657	106.47	-21.49	21.88
2658	106.51	-21.49	21.88
2659	106.55	-21.5	21.89
2660	106.59	-21.51	21.92
2661	106.63	-21.51	21.92
2662	106.67	-21.51	21.92
2663	106.71	-21.51	21.94
2664	106.75	-21.52	21.93
2665	106.79	-21.52	21.95
2666	106.83	-21.53	21.96
2667	106.87	-21.54	21.96
2668	106.91	-21.55	21.97
2669	106.95	-21.55	21.97
2670	106.99	-21.56	21.99
2671	107.03	-21.56	22.01
2672	107.07	-21.57	22.03
2673	107.11	-21.57	22.04
2674	107.15	-21.57	22.05
2675	107.19	-21.57	22.04
2676	107.23	-21.57	22.03
2677	107.27	-21.56	22.01
2678	107.31	-21.55	21.99
2679	107.35	-21.54	21.97
2680	107.39	-21.52	21.95
2681	107.43	-21.52	21.91
2682	107.47	-21.51	21.88
2683	107.51	-21.51	21.86
2684	107.55	-21.52	21.85
2685	107.59	-21.53	21.85
2686	107.63	-21.54	21.83
2687	107.67	-21.54	21.82
2688	107.71	-21.55	21.82
2689	107.75	-21.53	21.81
2690	107.79	-21.51	21.82
2691	107.83	-21.49	21.84
2692	107.87	-21.47	21.84
2693	107.91	-21.46	21.87
2694	107.95	-21.45	21.88
2695	107.99	-21.45	21.9
2696	108.03	-21.45	21.91
2697	108.07	-21.45	21.9
2698	108.11	-21.47	21.88
2699	108.15	-21.49	21.84
2700	108.19	-21.52	21.83
2701	108.23	-21.56	21.85
2702	108.27	-21.59	21.89
2703	108.31	-21.61	21.93
2704	108.35	-21.62	21.98
2705	108.39	-21.65	22.03
2706	108.43	-21.68	22.08
2707	108.47	-21.72	22.14
2708	108.51	-21.74	22.17
2709	108.55	-21.74	22.18
2710	108.59	-21.7	22.16
2711	108.63	-21.65	22.17
2712	108.67	-21.6	22.19
2713	108.71	-21.55	22.23
2714	108.75	-21.49	22.29
2715	108.79	-21.42	22.34
2716	108.83	-21.35	22.36
2717	108.87	-21.27	22.38
2718	108.91	-21.18	22.36
2719	108.95	-21.07	22.32
2720	108.99	-20.98	22.28
2721	109.03	-20.9	22.24
2722	109.07	-20.87	22.23
2723	109.11	-20.85	22.23
2724	109.15	-20.83	22.24
2725	109.19	-20.81	22.26
2726	109.23	-20.78	22.27
2727	109.27	-20.75	22.26
2728	109.31	-20.74	22.29
2729	109.35	-20.72	22.33
2730	109.39	-20.7	22.35
2731	109.43	-20.69	22.39
2732	109.47	-20.68	22.38
2733	109.51	-20.68	22.39
2734	109.55	-20.68	22.4
2735	109.59	-20.68	22.42
2736	109.63	-20.69	22.42
2737	109.67	-20.71	22.38
2738	109.71	-20.75	22.33
2739	109.75	-20.8	22.26
2740	109.79	-20.83	22.18
2741	109.83	-20.84	22.12
2742	109.87	-20.86	22.08
2743	109.91	-20.88	22.05
2744	109.95	-20.91	22.04
2745	109.99	-20.95	22
2746	110.03	-20.98	21.98
2747	110.07	-21.02	21.95
2748	110.11	-21.04	21.93
2749	110.15	-21.07	21.92
2750	110.19	-21.1	21.92
2751	110.23	-21.13	21.92
2752	110.27	-21.18	21.93
2753	110.31	-21.23	21.94
2754	110.35	-21.27	21.92
2755	110.39	-21.3	21.91
2756	110.43	-21.32	21.9
2757	110.47	-21.35	21.9
2758	110.51	-21.38	21.9
2759	110.55	-21.41	21.9
2760	110.59	-21.45	21.92
2761	110.63	-21.48	21.93
2762	110.67	-21.5	21.94
2763	110.71	-21.53	21.95
2764	110.75	-21.54	21.95
2765	110.79	-21.55	21.95
2766	110.83	-21.55	21.96
2767	110.87	-21.55	21.97
2768	110.91	-21.54	21.98
2769	110.95	-21.54	21.98
2770	110.99	-21.54	21.97
2771	111.03	-21.53	21.96
2772	111.07	-21.53	21.94
2773	111.11	-21.52	21.9
2774	111.15	-21.5	21.81
2775	111.19	-21.48	21.73
2776	111.23	-21.46	21.66
2777	111.27	-21.44	21.61
2778	111.31	-21.41	21.59
2779	111.35	-21.39	21.57
2780	111.39	-21.36	21.54
2781	111.43	-21.33	21.51
2782	111.47	-21.32	21.48
2783	111.51	-21.34	21.45
2784	111.55	-21.37	21.42
2785	111.59	-21.4	21.41
2786	111.63	-21.43	21.4
2787	111.67	-21.45	21.42
2788	111.71	-21.46	21.46
2789	111.75	-21.47	21.52
2790	111.79	-21.47	21.57
2791	111.83	-21.47	21.6
2792	111.87	-21.48	21.64
2793	111.91	-21.48	21.66
2794	111.95	-21.48	21.68
2795	111.99	-21.47	21.7
2796	112.03	-21.47	21.7
2797	112.07	-21.47	21.72
2798	112.11	-21.47	21.74
2799	112.15	-21.48	21.77
2800	112.19	-21.49	21.82
2801	112.23	-21.51	21.89
2802	112.27	-21.53	21.94
2803	112.31	-21.57	22
2804	112.35	-21.59	22.04
2805	112.39	-21.6	22.06
2806	112.43	-21.61	22.07
2807	112.47	-21.59	22.04
2808	112.51	-21.58	22.02
2809	112.55	-21.58	21.99
2810	112.59	-21.58	22
2811	112.63	-21.58	22.01
2812	112.67	-21.59	22.03
2813	112.71	-21.59	22.04
2814	112.75	-21.6	22.03
2815	112.79	-21.6	22.05
2816	112.83	-21.61	22.06
2817	112.87	-21.61	22.07
2818	112.91	-21.62	22.08
2819	112.95	-21.63	22.08
2820	112.99	-21.64	22.08
2821	113.03	-21.64	22.05
2822	113.07	-21.62	22.04
2823	113.11	-21.61	22.01
2824	113.15	-21.59	21.99
2825	113.19	-21.57	21.98
2826	113.23	-21.56	21.97
2827	113.27	-21.56	21.96
2828	113.31	-21.55	21.95
2829	113.35	-21.56	21.96
2830	113.39	-21.56	21.97
2831	113.43	-21.55	21.96
2832	113.47	-21.56	21.98
2833	113.51	-21.55	21.97
2834	113.55	-21.53	21.92
2835	113.59	-21.52	21.89
2836	113.63	-21.49	21.84
2837	113.67	-21.45	21.77
2838	113.71	-21.43	21.72
2839	113.75	-21.4	21.67
2840	113.79	-21.38	21.61
2841	113.83	-21.38	21.56
2842	113.87	-21.38	21.53
2843	113.91	-21.37	21.5
2844	113.95	-21.34	21.44
2845	113.99	-21.31	21.38
2846	114.03	-21.27	21.3
2847	114.07	-21.22	21.24
2848	114.11	-21.19	21.22
2849	114.15	-21.15	21.2
2850	114.19	-21.12	21.21
2851	114.23	-21.08	21.2
2852	114.27	-21.05	21.22
2853	114.31	-21.04	21.22
2854	114.35	-21.06	21.2
2855	114.39	-21.09	21.18
2856	114.43	-21.13	21.15
2857	114.47	-21.15	21.12
2858	114.51	-21.15	21.12
2859	114.55	-21.13	21.14
2860	114.59	-21.09	21.14
2861	114.63	-21.05	21.14
2862	114.67	-20.99	21.12
2863	114.71	-20.95	21.08
2864	114.75	-20.95	21.1
2865	114.79	-20.92	21.14
2866	114.83	-20.89	21.21
2867	114.87	-20.82	21.29
2868	114.91	-20.71	21.36
2869	114.95	-20.67	21.4
2870	114.99	-20.68	21.39
2871	115.03	-20.73	21.37
2872	115.07	-20.82	21.35
2873	115.11	-20.86	21.32
2874	115.15	-20.85	21.34
2875	115.19	-20.85	21.34
2876	115.23	-20.84	21.33
2877	115.27	-20.85	21.32
2878	115.31	-20.86	21.31
2879	115.35	-20.85	21.29
2880	115.39	-20.85	21.28
2881	115.43	-20.84	21.27
2882	115.47	-20.82	21.25
2883	115.51	-20.81	21.25
2884	115.55	-20.8	21.23
2885	115.59	-20.81	21.2
2886	115.63	-20.83	21.18
2887	115.67	-20.86	21.16
2888	115.71	-20.86	21.15
2889	115.75	-20.85	21.15
2890	115.79	-20.84	21.14
2891	115.83	-20.83	21.12
2892	115.87	-20.83	21.1
2893	115.91	-20.84	21.09
2894	115.95	-20.86	21.07
2895	115.99	-20.87	21.05
2896	116.03	-20.88	21.02
2897	116.07	-20.88	20.98
2898	116.11	-20.87	20.95
2899	116.15	-20.86	20.92
2900	116.19	-20.84	20.9
2901	116.23	-20.82	20.88
2902	116.27	-20.81	20.86
2903	116.31	-20.81	20.86
2904	116.35	-20.81	20.85
2905	116.39	-20.82	20.84
2906	116.43	-20.82	20.83
2907	116.47	-20.8	20.81
2908	116.51	-20.79	20.81
2909	116.55	-20.76	20.81
2910	116.59	-20.75	20.82
2911	116.63	-20.75	20.82
2912	116.67	-20.74	20.84
2913	116.71	-20.74	20.85
2914	116.75	-20.72	20.88
2915	116.79	-20.72	20.9
2916	116.83	-20.72	20.91
2917	116.87	-20.7	20.91
2918	116.91	-20.69	20.91
2919	116.95	-20.68	20.91
2920	116.99	-20.66	20.92
2921	117.03	-20.67	20.92
2922	117.07	-20.65	20.92
2923	117.11	-20.64	20.93
2924	117.15	-20.64	20.91
2925	117.19	-20.64	20.89
2926	117.23	-20.67	20.88
2927	117.27	-20.67	20.86
2928	117.31	-20.7	20.86
2929	117.35	-20.72	20.85
2930	117.39	-20.72	20.84
2931	117.43	-20.73	20.81
2932	117.47	-20.74	20.78
2933	117.51	-20.75	20.77
2934	117.55	-20.77	20.75
2935	117.59	-20.77	20.74
2936	117.63	-20.77	20.73
2937	117.67	-20.76	20.72
2938	117.71	-20.76	20.71
2939	117.75	-20.76	20.7
2940	117.79	-20.75	20.69
2941	117.83	-20.74	20.68
2942	117.87	-20.72	20.68
2943	117.91	-20.71	20.7
2944	117.95	-20.7	20.73
2945	117.99	-20.68	20.77
2946	118.03	-20.67	20.82
2947	118.07	-20.66	20.87
2948	118.11	-20.64	20.92
2949	118.15	-20.61	20.98
2950	118.19	-20.59	21.02
2951	118.23	-20.59	21.05
2952	118.27	-20.59	21.06
2953	118.31	-20.6	21.07
2954	118.35	-20.61	21.08
2955	118.39	-20.61	21.09
2956	118.43	-20.62	21.11
2957	118.47	-20.61	21.13
2958	118.51	-20.61	21.15
2959	118.55	-20.61	21.17
2960	118.59	-20.59	21.17
2961	118.63	-20.59	21.18
2962	118.67	-20.58	21.18
2963	118.71	-20.57	21.16
2964	118.75	-20.58	21.17
2965	118.79	-20.58	21.18
2966	118.83	-20.59	21.17
2967	118.87	-20.58	21.17
2968	118.91	-20.58	21.16
2969	118.95	-20.57	21.15
2970	118.99	-20.57	21.15
2971	119.03	-20.56	21.14
2972	119.07	-20.55	21.14
2973	119.11	-20.54	21.14
2974	119.15	-20.53	21.14
2975	119.19	-20.5	21.14
2976	119.23	-20.47	21.13
2977	119.27	-20.44	21.13
2978	119.31	-20.42	21.13
2979	119.35	-20.4	21.14
2980	119.39	-20.38	21.14
2981	119.43	-20.36	21.15
2982	119.47	-20.35	21.15
2983	119.51	-20.35	21.14
2984	119.55	-20.37	21.13
2985	119.59	-20.37	21.12
2986	119.63	-20.38	21.1
2987	119.67	-20.39	21.09
2988	119.71	-20.4	21.08
2989	119.75	-20.4	21.06
2990	119.79	-20.42	21.06
2991	119.83	-20.43	21.05
2992	119.87	-20.43	21.04
2993	119.91	-20.46	21.05
