1	0.06	-6.48	2.93
2	0.1	-6.49	2.92
3	0.14	-6.51	2.89
4	0.18	-6.54	2.87
5	0.22	-6.56	2.83
6	0.26	-6.59	2.78
7	0.3	-6.63	2.73
8	0.34	-6.74	2.71
9	0.38	-6.91	2.7
10	0.42	-7.09	2.67
11	0.51	-7.27	2.63
12	0.54	-7.38	2.48
13	0.58	-7.41	2.29
14	0.62	-7.42	2.11
15	0.66	-7.44	1.95
16	0.7	-7.48	1.86
17	0.74	-7.55	1.79
18	0.78	-7.64	1.72
19	0.82	-7.71	1.59
20	0.86	-7.76	1.4
21	0.9	-7.82	1.23
22	0.94	-7.91	1.08
23	0.98	-8.02	0.94
24	1.02	-8.15	0.83
25	1.06	-8.28	0.71
26	1.1	-8.38	0.52
27	1.14	-8.5	0.32
28	1.18	-8.62	0.1
29	1.22	-8.74	-0.12
30	1.26	-8.9	-0.31
31	1.3	-9.05	-0.5
32	1.34	-9.19	-0.72
33	1.38	-9.36	-0.93
34	1.42	-9.47	-1.13
35	1.46	-9.51	-1.29
36	1.5	-9.51	-1.42
37	1.54	-9.49	-1.53
38	1.58	-9.47	-1.64
39	1.62	-9.48	-1.74
40	1.66	-9.51	-1.83
41	1.7	-9.58	-1.96
42	1.74	-9.71	-2.15
43	1.78	-9.85	-2.38
44	1.82	-9.97	-2.59
45	1.86	-10.05	-2.77
46	1.9	-10.09	-2.86
47	1.94	-10.1	-2.89
48	1.98	-10.11	-2.91
49	2.02	-10.11	-2.93
50	2.06	-10.13	-2.94
51	2.1	-10.15	-2.96
52	2.14	-10.17	-2.98
53	2.18	-10.18	-3
54	2.22	-10.2	-3.03
55	2.26	-10.23	-3.06
56	2.3	-10.25	-3.09
57	2.34	-10.3	-3.13
58	2.38	-10.34	-3.16
59	2.42	-10.37	-3.18
60	2.46	-10.39	-3.19
61	2.5	-10.42	-3.18
62	2.54	-10.43	-3.16
63	2.58	-10.45	-3.16
64	2.62	-10.47	-3.15
65	2.66	-10.48	-3.17
66	2.7	-10.49	-3.18
67	2.74	-10.51	-3.21
68	2.78	-10.55	-3.24
69	2.82	-10.58	-3.28
70	2.86	-10.63	-3.36
71	2.9	-10.65	-3.46
72	2.94	-10.66	-3.55
73	2.98	-10.66	-3.62
74	3.02	-10.67	-3.66
75	3.06	-10.69	-3.68
76	3.1	-10.72	-3.7
77	3.14	-10.74	-3.73
78	3.18	-10.76	-3.76
79	3.22	-10.79	-3.78
80	3.26	-10.82	-3.83
81	3.3	-10.86	-3.92
82	3.34	-10.89	-4.04
83	3.38	-10.93	-4.16
84	3.42	-10.94	-4.26
85	3.46	-10.91	-4.34
86	3.66	-10.9	-4.42
87	3.7	-10.88	-4.48
88	3.74	-10.87	-4.54
89	3.78	-10.87	-4.57
90	3.82	-10.86	-4.58
91	3.86	-10.87	-4.6
92	3.9	-10.86	-4.62
93	3.94	-10.87	-4.64
94	3.98	-10.86	-4.65
95	4.02	-10.86	-4.67
96	4.06	-10.86	-4.67
97	4.1	-10.87	-4.69
98	4.14	-10.89	-4.71
99	4.18	-10.9	-4.71
100	4.22	-10.92	-4.74
101	4.26	-10.93	-4.74
102	4.3	-10.93	-4.75
103	4.34	-10.94	-4.75
104	4.38	-10.92	-4.74
105	4.42	-10.91	-4.73
106	4.46	-10.89	-4.71
107	4.5	-10.86	-4.7
108	4.54	-10.84	-4.67
109	4.58	-10.82	-4.64
110	4.62	-10.81	-4.61
111	4.66	-10.81	-4.6
112	4.7	-10.82	-4.59
113	4.74	-10.83	-4.59
114	4.78	-10.84	-4.59
115	4.82	-10.85	-4.59
116	4.86	-10.85	-4.59
117	4.9	-10.85	-4.58
118	4.94	-10.86	-4.57
119	4.98	-10.87	-4.57
120	5.02	-10.89	-4.57
121	5.06	-10.9	-4.58
122	5.1	-10.92	-4.59
123	5.14	-10.93	-4.59
124	5.18	-10.93	-4.59
125	5.22	-10.93	-4.61
126	5.26	-10.93	-4.61
127	5.3	-10.93	-4.61
128	5.34	-10.93	-4.62
129	5.38	-10.93	-4.62
130	5.42	-10.93	-4.64
131	5.46	-10.94	-4.65
132	5.5	-10.94	-4.65
133	5.54	-10.93	-4.65
134	5.58	-10.92	-4.64
135	5.62	-10.91	-4.64
136	5.66	-10.9	-4.64
137	5.7	-10.9	-4.64
138	5.74	-10.9	-4.64
139	5.78	-10.88	-4.63
140	5.82	-10.88	-4.63
141	5.86	-10.88	-4.63
142	5.9	-10.88	-4.63
143	5.94	-10.88	-4.64
144	5.98	-10.89	-4.64
145	6.02	-10.89	-4.65
146	6.06	-10.88	-4.64
147	6.1	-10.87	-4.64
148	6.14	-10.87	-4.64
149	6.18	-10.86	-4.65
150	6.22	-10.86	-4.65
151	6.26	-10.86	-4.66
152	6.3	-10.85	-4.65
153	6.34	-10.85	-4.65
154	6.38	-10.85	-4.66
155	6.42	-10.86	-4.67
156	6.46	-10.86	-4.66
157	6.5	-10.86	-4.67
158	6.54	-10.86	-4.67
159	6.58	-10.86	-4.67
160	6.62	-10.86	-4.67
161	6.66	-10.86	-4.67
162	6.7	-10.85	-4.67
163	6.74	-10.85	-4.67
164	6.78	-10.84	-4.67
165	6.82	-10.83	-4.67
166	6.86	-10.84	-4.68
167	6.9	-10.84	-4.68
168	6.94	-10.84	-4.68
169	6.98	-10.85	-4.69
170	7.02	-10.84	-4.69
171	7.06	-10.83	-4.69
172	7.1	-10.83	-4.7
173	7.14	-10.83	-4.72
174	7.18	-10.84	-4.73
175	7.22	-10.85	-4.76
176	7.26	-10.87	-4.78
177	7.3	-10.88	-4.8
178	7.34	-10.89	-4.82
179	7.38	-10.89	-4.83
180	7.42	-10.89	-4.84
181	7.46	-10.88	-4.85
182	7.5	-10.89	-4.86
183	7.54	-10.91	-4.86
184	7.58	-10.92	-4.87
185	7.62	-10.95	-4.89
186	7.66	-10.97	-4.9
187	7.7	-10.99	-4.91
188	7.74	-11.02	-4.93
189	7.78	-11.05	-4.93
190	7.82	-11.07	-4.92
191	7.86	-11.07	-4.9
192	7.9	-11.07	-4.87
193	7.94	-11.04	-4.81
194	7.98	-11.03	-4.77
195	8.02	-11.03	-4.75
196	8.06	-10.99	-4.7
197	8.1	-10.98	-4.69
198	8.14	-10.98	-4.67
199	8.18	-10.96	-4.64
200	8.22	-10.97	-4.62
201	8.26	-10.96	-4.59
202	8.3	-10.96	-4.54
203	8.34	-10.95	-4.5
204	8.38	-10.95	-4.47
205	8.42	-10.95	-4.45
206	8.46	-10.95	-4.43
207	8.5	-10.96	-4.42
208	8.54	-10.95	-4.4
209	8.58	-10.95	-4.39
210	8.62	-10.95	-4.39
211	8.66	-10.93	-4.38
212	8.7	-10.93	-4.37
213	8.74	-10.94	-4.38
214	8.78	-10.94	-4.39
215	8.82	-10.96	-4.4
216	8.86	-10.97	-4.42
217	8.9	-10.97	-4.43
218	8.94	-10.98	-4.44
219	8.98	-10.98	-4.46
220	9.02	-10.99	-4.49
221	9.06	-11	-4.52
222	9.1	-11	-4.55
223	9.14	-11.01	-4.6
224	9.18	-10.99	-4.63
225	9.22	-10.98	-4.66
226	9.26	-10.97	-4.68
227	9.3	-10.94	-4.7
228	9.34	-10.93	-4.72
229	9.38	-10.89	-4.72
230	9.42	-10.86	-4.73
231	9.46	-10.85	-4.75
232	9.5	-10.82	-4.75
233	9.54	-10.79	-4.74
234	9.58	-10.75	-4.72
235	9.62	-10.72	-4.69
236	9.66	-10.69	-4.69
237	9.7	-10.69	-4.72
238	9.74	-10.69	-4.76
239	9.78	-10.7	-4.81
240	9.82	-10.71	-4.86
241	9.86	-10.68	-4.9
242	9.9	-10.66	-4.95
243	9.94	-10.63	-5
244	9.98	-10.6	-5.05
245	10.02	-10.6	-5.11
246	10.06	-10.6	-5.17
247	10.1	-10.61	-5.23
248	10.14	-10.62	-5.33
249	10.18	-10.61	-5.4
250	10.22	-10.59	-5.49
251	10.26	-10.58	-5.6
252	10.3	-10.56	-5.69
253	10.34	-10.56	-5.78
254	10.38	-10.56	-5.85
255	10.42	-10.55	-5.96
256	10.46	-10.55	-6.13
257	10.5	-10.53	-6.32
258	10.54	-10.51	-6.56
259	10.58	-10.48	-6.74
260	10.62	-10.44	-6.88
261	10.66	-10.41	-6.99
262	10.7	-10.38	-7.07
263	10.74	-10.34	-7.14
264	10.78	-10.32	-7.18
265	10.82	-10.31	-7.24
266	10.86	-10.31	-7.29
267	10.9	-10.31	-7.36
268	10.94	-10.31	-7.46
269	10.98	-10.32	-7.57
270	11.02	-10.34	-7.7
271	11.06	-10.38	-7.83
272	11.1	-10.4	-7.95
273	11.14	-10.41	-8.05
274	11.18	-10.42	-8.12
275	11.22	-10.42	-8.17
276	11.26	-10.41	-8.23
277	11.3	-10.42	-8.27
278	11.34	-10.41	-8.34
279	11.38	-10.4	-8.36
280	11.42	-10.41	-8.4
281	11.46	-10.42	-8.4
282	11.5	-10.42	-8.38
283	11.54	-10.43	-8.39
284	11.58	-10.44	-8.39
285	11.62	-10.46	-8.4
286	11.66	-10.48	-8.4
287	11.7	-10.49	-8.42
288	11.74	-10.5	-8.42
289	11.78	-10.49	-8.45
290	11.82	-10.47	-8.48
291	11.86	-10.46	-8.48
292	11.9	-10.45	-8.48
293	11.94	-10.43	-8.48
294	11.98	-10.43	-8.5
295	12.02	-10.41	-8.53
296	12.06	-10.38	-8.59
297	12.1	-10.33	-8.68
298	12.14	-10.27	-8.8
299	12.18	-10.2	-8.89
300	12.22	-10.15	-8.95
301	12.26	-10.11	-8.98
302	12.3	-10.09	-8.98
303	12.34	-10.08	-8.99
304	12.38	-10.08	-9.01
305	12.42	-10.06	-9.02
306	12.46	-10.05	-9.06
307	12.5	-10.04	-9.08
308	12.54	-10.03	-9.11
309	12.58	-10.04	-9.13
310	12.62	-10.04	-9.13
311	12.66	-10.06	-9.15
312	12.7	-10.07	-9.17
313	12.74	-10.08	-9.21
314	12.78	-10.09	-9.24
315	12.82	-10.1	-9.25
316	12.86	-10.11	-9.26
317	12.9	-10.12	-9.24
318	12.94	-10.13	-9.23
319	12.98	-10.15	-9.22
320	13.02	-10.17	-9.21
321	13.06	-10.19	-9.19
322	13.1	-10.22	-9.19
323	13.14	-10.25	-9.18
324	13.18	-10.27	-9.18
325	13.22	-10.28	-9.18
326	13.26	-10.3	-9.18
327	13.3	-10.31	-9.16
328	13.34	-10.32	-9.15
329	13.38	-10.35	-9.15
330	13.42	-10.37	-9.14
331	13.46	-10.38	-9.13
332	13.5	-10.4	-9.12
333	13.54	-10.42	-9.1
334	13.58	-10.44	-9.09
335	13.62	-10.46	-9.05
336	13.66	-10.49	-9.03
337	13.7	-10.51	-9.02
338	13.74	-10.53	-9.01
339	13.78	-10.56	-9.03
340	13.82	-10.58	-9.03
341	13.86	-10.6	-9.03
342	13.9	-10.62	-9.05
343	13.94	-10.64	-9.05
344	13.98	-10.67	-9.06
345	14.02	-10.69	-9.09
346	14.06	-10.72	-9.09
347	14.1	-10.73	-9.13
348	14.14	-10.73	-9.13
349	14.18	-10.74	-9.15
350	14.22	-10.74	-9.17
351	14.26	-10.73	-9.17
352	14.3	-10.73	-9.19
353	14.34	-10.72	-9.19
354	14.38	-10.71	-9.2
355	14.42	-10.71	-9.21
356	14.46	-10.7	-9.22
357	14.5	-10.69	-9.23
358	14.54	-10.68	-9.22
359	14.58	-10.68	-9.2
360	14.62	-10.67	-9.2
361	14.66	-10.67	-9.2
362	14.7	-10.66	-9.2
363	14.74	-10.65	-9.2
364	14.78	-10.64	-9.19
365	14.82	-10.63	-9.17
366	14.86	-10.62	-9.16
367	14.9	-10.6	-9.14
368	14.94	-10.58	-9.12
369	14.98	-10.56	-9.11
370	15.02	-10.55	-9.1
371	15.06	-10.53	-9.1
372	15.1	-10.51	-9.09
373	15.14	-10.48	-9.07
374	15.18	-10.46	-9.08
375	15.22	-10.44	-9.09
376	15.26	-10.43	-9.1
377	15.3	-10.43	-9.1
378	15.34	-10.42	-9.09
379	15.38	-10.41	-9.08
380	15.42	-10.41	-9.09
381	15.46	-10.4	-9.09
382	15.5	-10.4	-9.11
383	15.54	-10.39	-9.11
384	15.58	-10.38	-9.11
385	15.62	-10.37	-9.1
386	15.66	-10.34	-9.08
387	15.7	-10.34	-9.08
388	15.74	-10.32	-9.07
389	15.78	-10.32	-9.08
390	15.82	-10.32	-9.1
391	15.86	-10.32	-9.1
392	15.9	-10.31	-9.1
393	15.94	-10.31	-9.11
394	15.98	-10.3	-9.11
395	16.02	-10.29	-9.11
396	16.06	-10.29	-9.12
397	16.1	-10.29	-9.12
398	16.14	-10.28	-9.12
399	16.18	-10.28	-9.13
400	16.22	-10.29	-9.13
401	16.26	-10.29	-9.13
402	16.3	-10.29	-9.14
403	16.34	-10.3	-9.15
404	16.38	-10.3	-9.15
405	16.42	-10.29	-9.14
406	16.46	-10.29	-9.15
407	16.5	-10.28	-9.15
408	16.54	-10.27	-9.16
409	16.58	-10.27	-9.17
410	16.62	-10.26	-9.16
411	16.66	-10.25	-9.14
412	16.7	-10.25	-9.15
413	16.74	-10.25	-9.15
414	16.78	-10.25	-9.16
415	16.82	-10.25	-9.18
416	16.86	-10.25	-9.17
417	16.9	-10.24	-9.17
418	16.94	-10.24	-9.17
419	16.98	-10.23	-9.16
420	17.02	-10.22	-9.16
421	17.06	-10.22	-9.16
422	17.1	-10.22	-9.15
423	17.14	-10.22	-9.14
424	17.18	-10.23	-9.15
425	17.22	-10.22	-9.14
426	17.26	-10.22	-9.14
427	17.3	-10.2	-9.13
428	17.34	-10.18	-9.11
429	17.38	-10.16	-9.09
430	17.42	-10.16	-9.09
431	17.46	-10.16	-9.08
432	17.5	-10.15	-9.07
433	17.54	-10.15	-9.06
434	17.58	-10.14	-9.05
435	17.62	-10.13	-9.03
436	17.66	-10.12	-9
437	17.7	-10.09	-8.97
438	17.74	-10.06	-8.92
439	17.78	-10.03	-8.88
440	17.82	-10	-8.85
441	17.86	-9.97	-8.83
442	17.89	-9.95	-8.81
443	17.94	-9.92	-8.8
444	17.98	-9.91	-8.81
445	18.02	-9.9	-8.81
446	18.06	-9.88	-8.81
447	18.1	-9.87	-8.81
448	18.14	-9.87	-8.8
449	18.18	-9.86	-8.81
450	18.22	-9.86	-8.81
451	18.26	-9.85	-8.82
452	18.3	-9.83	-8.8
453	18.33	-9.82	-8.79
454	18.38	-9.81	-8.73
455	18.41	-9.81	-8.67
456	18.46	-9.78	-8.64
457	18.49	-9.74	-8.61
458	18.53	-9.68	-8.6
459	18.57	-9.59	-8.59
460	18.61	-9.53	-8.56
461	18.65	-9.48	-8.52
462	18.7	-9.43	-8.47
463	18.73	-9.37	-8.41
464	18.77	-9.29	-8.36
465	18.82	-9.21	-8.31
466	18.85	-9.11	-8.29
467	18.89	-9.01	-8.26
468	18.93	-8.91	-8.22
469	18.97	-8.81	-8.18
470	19.01	-8.7	-8.15
471	19.05	-8.57	-8.14
472	19.09	-8.4	-8.15
473	19.13	-8.25	-8.15
474	19.17	-8.14	-8.14
475	19.21	-8.07	-8.12
476	19.26	-8.04	-8.1
477	19.29	-7.99	-8.08
478	19.33	-7.95	-8.07
479	19.37	-7.92	-8.07
480	19.41	-7.9	-8.06
481	19.45	-7.88	-8.04
482	19.49	-7.87	-8.01
483	19.53	-7.84	-7.97
484	19.57	-7.82	-7.92
485	19.61	-7.81	-7.87
486	19.65	-7.77	-7.82
487	19.69	-7.75	-7.76
488	19.73	-7.71	-7.69
489	19.77	-7.67	-7.63
490	19.81	-7.62	-7.58
491	19.85	-7.55	-7.53
492	19.89	-7.48	-7.47
493	19.93	-7.4	-7.4
494	19.97	-7.3	-7.33
495	20.01	-7.18	-7.28
496	20.05	-7.06	-7.23
497	20.09	-6.97	-7.23
498	20.13	-6.92	-7.22
499	20.17	-6.9	-7.2
500	20.21	-6.87	-7.17
501	20.25	-6.86	-7.14
502	20.29	-6.83	-7.11
503	20.33	-6.83	-7.1
504	20.37	-6.83	-7.1
505	20.41	-6.84	-7.13
506	20.45	-6.87	-7.15
507	20.49	-6.87	-7.19
508	20.53	-6.87	-7.22
509	20.57	-6.85	-7.24
510	20.61	-6.81	-7.25
511	20.65	-6.8	-7.24
512	20.69	-6.78	-7.23
513	20.73	-6.77	-7.21
514	20.77	-6.77	-7.19
515	20.81	-6.74	-7.17
516	20.85	-6.73	-7.15
517	20.89	-6.69	-7.14
518	20.93	-6.64	-7.12
519	20.97	-6.58	-7.08
520	21.01	-6.53	-7.04
521	21.05	-6.49	-7
522	21.09	-6.43	-6.95
523	21.13	-6.34	-6.86
524	21.17	-6.23	-6.75
525	21.21	-6.1	-6.62
526	21.25	-6	-6.51
527	21.29	-5.95	-6.44
528	21.33	-5.92	-6.41
529	21.37	-5.89	-6.38
530	21.41	-5.88	-6.37
531	21.45	-5.85	-6.34
532	21.49	-5.84	-6.31
533	21.53	-5.83	-6.29
534	21.57	-5.83	-6.25
535	21.61	-5.84	-6.23
536	21.65	-5.83	-6.21
537	21.69	-5.84	-6.2
538	21.73	-5.84	-6.2
539	21.77	-5.84	-6.19
540	21.81	-5.86	-6.18
541	21.85	-5.86	-6.17
542	21.89	-5.89	-6.17
543	21.93	-5.91	-6.17
544	21.97	-5.91	-6.17
545	22.01	-5.93	-6.18
546	22.05	-5.9	-6.16
547	22.09	-5.89	-6.15
548	22.13	-5.89	-6.14
549	22.17	-5.89	-6.15
550	22.21	-5.92	-6.16
551	22.25	-5.94	-6.17
552	22.29	-5.97	-6.18
553	22.33	-5.99	-6.18
554	22.37	-6	-6.18
555	22.41	-5.99	-6.15
556	22.45	-6	-6.15
557	22.49	-5.99	-6.14
558	22.53	-6	-6.14
559	22.57	-6.01	-6.15
560	22.61	-6.01	-6.15
561	22.65	-6	-6.14
562	22.69	-5.98	-6.13
563	22.73	-5.98	-6.13
564	22.77	-5.98	-6.13
565	22.81	-5.98	-6.13
566	22.85	-5.97	-6.13
567	22.89	-5.96	-6.13
568	22.93	-5.95	-6.12
569	22.97	-5.95	-6.13
570	23.01	-5.95	-6.12
571	23.05	-5.95	-6.12
572	23.09	-5.94	-6.12
573	23.13	-5.94	-6.12
574	23.17	-5.94	-6.12
575	23.21	-5.93	-6.12
576	23.25	-5.94	-6.11
577	23.29	-5.93	-6.11
578	23.33	-5.93	-6.11
579	23.37	-5.93	-6.11
580	23.41	-5.93	-6.11
581	23.45	-5.94	-6.11
582	23.49	-5.94	-6.11
583	23.53	-5.94	-6.12
584	23.57	-5.95	-6.12
585	23.61	-5.95	-6.12
586	23.65	-5.95	-6.12
587	23.69	-5.96	-6.12
588	23.73	-5.99	-6.14
589	23.77	-5.99	-6.14
590	23.81	-6	-6.14
591	23.85	-6.01	-6.15
592	23.89	-6.01	-6.15
593	23.93	-6	-6.15
594	23.97	-6.05	-6.18
595	24.01	-6.08	-6.21
596	24.05	-6.11	-6.23
597	24.09	-6.12	-6.25
598	24.13	-6.11	-6.26
599	24.17	-6.11	-6.26
600	24.21	-6.09	-6.26
601	24.25	-6.12	-6.28
602	24.29	-6.1	-6.27
603	24.33	-6.12	-6.29
604	24.37	-6.13	-6.3
605	24.41	-6.14	-6.31
606	24.45	-6.16	-6.32
607	24.49	-6.17	-6.34
608	24.53	-6.19	-6.38
609	24.57	-6.2	-6.41
610	24.61	-6.18	-6.46
611	24.65	-6.16	-6.49
612	24.69	-6.14	-6.52
613	24.73	-6.11	-6.56
614	24.77	-6.13	-6.59
615	24.81	-6.13	-6.61
616	24.85	-6.11	-6.63
617	24.89	-6.11	-6.63
618	24.93	-6.11	-6.66
619	24.97	-6.11	-6.69
620	25.01	-6.11	-6.72
621	25.05	-6.12	-6.76
622	25.09	-6.12	-6.79
623	25.13	-6.1	-6.84
624	25.17	-6.11	-6.88
625	25.21	-6.08	-6.9
626	25.25	-6.06	-6.93
627	25.29	-6.07	-6.94
628	25.33	-6.05	-6.95
629	25.37	-6.05	-6.97
630	25.41	-6.06	-6.99
631	25.45	-6.07	-7
632	25.49	-6.08	-7.01
633	25.53	-6.08	-7.01
634	25.57	-6.08	-7.01
635	25.61	-6.09	-7.01
636	25.65	-6.09	-7.02
637	25.69	-6.07	-7.02
638	25.73	-6.06	-7.02
639	25.77	-6.03	-7.01
640	25.81	-6.01	-7.01
641	25.85	-6.01	-7.01
642	25.89	-5.99	-7.01
643	25.93	-6	-7.01
644	25.97	-5.98	-7.01
645	26.01	-5.99	-7.01
646	26.05	-6.01	-7
647	26.09	-5.99	-6.99
648	26.13	-5.99	-6.98
649	26.17	-5.98	-6.98
650	26.21	-5.97	-6.98
651	26.25	-5.96	-6.99
652	26.29	-5.94	-6.99
653	26.33	-5.9	-6.98
654	26.37	-5.86	-6.99
655	26.41	-5.81	-6.98
656	26.45	-5.75	-6.97
657	26.49	-5.75	-6.98
658	26.53	-5.7	-6.98
659	26.57	-5.72	-6.99
660	26.61	-5.71	-6.99
661	26.65	-5.7	-6.99
662	26.69	-5.69	-6.99
663	26.73	-5.69	-6.99
664	26.77	-5.69	-6.99
665	26.81	-5.68	-7
666	26.85	-5.68	-7.01
667	26.89	-5.67	-7.01
668	26.93	-5.66	-7.02
669	26.97	-5.66	-7.02
670	27.01	-5.66	-7.02
671	27.05	-5.67	-7.01
672	27.09	-5.72	-7.01
673	27.13	-5.8	-7.02
674	27.17	-5.86	-7.03
675	27.21	-5.93	-7.05
676	27.25	-5.95	-7.06
677	27.29	-5.97	-7.07
678	27.33	-6.02	-7.09
679	27.37	-6.03	-7.09
680	27.41	-6.06	-7.1
681	27.45	-6.08	-7.1
682	27.49	-6.09	-7.09
683	27.53	-6.13	-7.09
684	27.57	-6.18	-7.09
685	27.61	-6.2	-7.1
686	27.65	-6.24	-7.11
687	27.69	-6.25	-7.12
688	27.73	-6.29	-7.14
689	27.77	-6.29	-7.14
690	27.81	-6.28	-7.15
691	27.85	-6.28	-7.16
692	27.89	-6.26	-7.16
693	27.93	-6.25	-7.16
694	27.97	-6.24	-7.17
695	28.01	-6.24	-7.18
696	28.05	-6.24	-7.19
697	28.09	-6.24	-7.22
698	28.13	-6.23	-7.23
699	28.17	-6.24	-7.24
700	28.21	-6.24	-7.27
701	28.25	-6.26	-7.29
702	28.29	-6.28	-7.3
703	28.33	-6.29	-7.33
704	28.37	-6.29	-7.35
705	28.41	-6.3	-7.36
706	28.45	-6.29	-7.39
707	28.49	-6.3	-7.4
708	28.53	-6.32	-7.42
709	28.57	-6.34	-7.43
710	28.61	-6.36	-7.42
711	28.65	-6.36	-7.41
712	28.69	-6.35	-7.39
713	28.73	-6.33	-7.37
714	28.77	-6.33	-7.37
715	28.81	-6.34	-7.36
716	28.85	-6.36	-7.35
717	28.89	-6.37	-7.36
718	28.93	-6.41	-7.36
719	28.97	-6.44	-7.36
720	29.01	-6.45	-7.36
721	29.05	-6.44	-7.34
722	29.09	-6.4	-7.34
723	29.13	-6.38	-7.34
724	29.17	-6.38	-7.35
725	29.21	-6.4	-7.37
726	29.25	-6.39	-7.38
727	29.29	-6.38	-7.4
728	29.33	-6.37	-7.43
729	29.37	-6.36	-7.44
730	29.41	-6.36	-7.45
731	29.45	-6.36	-7.45
732	29.49	-6.34	-7.44
733	29.53	-6.32	-7.45
734	29.57	-6.31	-7.46
735	29.61	-6.3	-7.47
736	29.65	-6.29	-7.47
737	29.69	-6.28	-7.48
738	29.73	-6.28	-7.48
739	29.77	-6.26	-7.49
740	29.81	-6.27	-7.49
741	29.85	-6.25	-7.5
742	29.89	-6.27	-7.51
743	29.93	-6.27	-7.51
744	29.97	-6.28	-7.52
745	30.01	-6.26	-7.52
746	30.05	-6.23	-7.51
747	30.09	-6.22	-7.49
748	30.13	-6.19	-7.47
749	30.17	-6.19	-7.47
750	30.21	-6.2	-7.46
751	30.25	-6.2	-7.46
752	30.29	-6.2	-7.46
753	30.33	-6.2	-7.45
754	30.37	-6.19	-7.45
755	30.41	-6.18	-7.44
756	30.45	-6.17	-7.43
757	30.49	-6.16	-7.43
758	30.53	-6.16	-7.43
759	30.57	-6.18	-7.42
760	30.61	-6.18	-7.41
761	30.65	-6.19	-7.4
762	30.69	-6.19	-7.39
763	30.73	-6.19	-7.38
764	30.77	-6.18	-7.38
765	30.81	-6.18	-7.38
766	30.85	-6.18	-7.38
767	30.89	-6.17	-7.38
768	30.93	-6.18	-7.38
769	30.97	-6.17	-7.38
770	31.01	-6.16	-7.38
771	31.05	-6.18	-7.38
772	31.09	-6.18	-7.37
773	31.13	-6.17	-7.37
774	31.17	-6.17	-7.36
775	31.21	-6.15	-7.36
776	31.25	-6.14	-7.36
777	31.29	-6.14	-7.36
778	31.33	-6.13	-7.36
779	31.37	-6.14	-7.36
780	31.41	-6.13	-7.36
781	31.45	-6.14	-7.36
782	31.49	-6.16	-7.36
783	31.53	-6.17	-7.36
784	31.57	-6.17	-7.35
785	31.61	-6.16	-7.35
786	31.65	-6.16	-7.35
787	31.69	-6.16	-7.35
788	31.73	-6.18	-7.35
789	31.77	-6.17	-7.35
790	31.81	-6.13	-7.34
791	31.85	-6.13	-7.34
792	31.89	-6.1	-7.33
793	31.93	-6.1	-7.33
794	31.97	-6.09	-7.33
795	32.01	-6.1	-7.33
796	32.05	-6.1	-7.34
797	32.09	-6.12	-7.34
798	32.13	-6.14	-7.35
799	32.17	-6.14	-7.35
800	32.21	-6.13	-7.34
801	32.25	-6.13	-7.34
802	32.29	-6.11	-7.34
803	32.33	-6.1	-7.34
804	32.37	-6.11	-7.34
805	32.41	-6.09	-7.33
806	32.45	-6.1	-7.33
807	32.49	-6.09	-7.32
808	32.53	-6.12	-7.31
809	32.57	-6.14	-7.31
810	32.61	-6.14	-7.3
811	32.65	-6.15	-7.29
812	32.69	-6.13	-7.28
813	32.73	-6.12	-7.28
814	32.77	-6.13	-7.28
815	32.81	-6.13	-7.28
816	32.85	-6.13	-7.27
817	32.89	-6.13	-7.25
818	32.93	-6.12	-7.24
819	32.97	-6.11	-7.22
820	33.01	-6.13	-7.21
821	33.05	-6.13	-7.2
822	33.09	-6.11	-7.18
823	33.13	-6.12	-7.16
824	33.17	-6.11	-7.15
825	33.21	-6.11	-7.14
826	33.25	-6.11	-7.13
827	33.29	-6.1	-7.12
828	33.33	-6.08	-7.1
829	33.37	-6.1	-7.09
830	33.41	-6.1	-7.09
831	33.45	-6.1	-7.08
832	33.49	-6.12	-7.09
833	33.53	-6.1	-7.09
834	33.57	-6.09	-7.09
835	33.61	-6.1	-7.09
836	33.65	-6.11	-7.09
837	33.69	-6.12	-7.09
838	33.73	-6.14	-7.1
839	33.77	-6.13	-7.09
840	33.81	-6.1	-7.09
841	33.85	-6.09	-7.08
842	33.89	-6.06	-7.08
843	33.93	-6.07	-7.09
844	33.97	-6.07	-7.09
845	34.01	-6.07	-7.09
846	34.05	-6.08	-7.08
847	34.09	-6.07	-7.07
848	34.13	-6.07	-7.06
849	34.17	-6.07	-7.05
850	34.21	-6.07	-7.06
851	34.25	-6.07	-7.06
852	34.29	-6.08	-7.07
853	34.33	-6.08	-7.07
854	34.37	-6.09	-7.06
855	34.41	-6.09	-7.06
856	34.45	-6.09	-7.05
857	34.49	-6.09	-7.06
858	34.53	-6.09	-7.06
859	34.57	-6.09	-7.07
860	34.61	-6.08	-7.07
861	34.65	-6.07	-7.08
862	34.69	-6.07	-7.08
863	34.73	-6.06	-7.08
864	34.77	-6.07	-7.08
865	34.81	-6.08	-7.08
866	34.85	-6.08	-7.08
867	34.89	-6.09	-7.08
868	34.93	-6.09	-7.08
869	34.97	-6.1	-7.08
870	35.01	-6.09	-7.07
871	35.05	-6.1	-7.07
872	35.09	-6.1	-7.08
873	35.13	-6.1	-7.08
874	35.17	-6.1	-7.08
875	35.21	-6.09	-7.09
876	35.25	-6.09	-7.09
877	35.29	-6.09	-7.09
878	35.33	-6.09	-7.09
879	35.37	-6.09	-7.09
880	35.41	-6.08	-7.09
881	35.45	-6.08	-7.1
882	35.49	-6.09	-7.1
883	35.53	-6.1	-7.11
884	35.57	-6.11	-7.11
885	35.61	-6.11	-7.11
886	35.65	-6.09	-7.11
887	35.69	-6.09	-7.11
888	35.73	-6.09	-7.11
889	35.77	-6.09	-7.12
890	35.81	-6.1	-7.12
891	35.85	-6.1	-7.12
892	35.89	-6.09	-7.12
893	35.93	-6.09	-7.12
894	35.97	-6.08	-7.13
895	36.01	-6.08	-7.13
896	36.05	-6.08	-7.12
897	36.09	-6.08	-7.13
898	36.13	-6.09	-7.13
899	36.17	-6.07	-7.13
900	36.21	-6.07	-7.13
901	36.25	-6.07	-7.13
902	36.29	-6.08	-7.13
903	36.33	-6.09	-7.13
904	36.37	-6.09	-7.13
905	36.41	-6.09	-7.13
906	36.45	-6.08	-7.13
907	36.49	-6.07	-7.13
908	36.53	-6.06	-7.13
909	36.57	-6.06	-7.13
910	36.61	-6.06	-7.13
911	36.65	-6.07	-7.12
912	36.69	-6.06	-7.12
913	36.73	-6.06	-7.12
914	36.77	-6.05	-7.12
915	36.81	-6.03	-7.12
916	36.85	-6.02	-7.12
917	36.89	-6.01	-7.13
918	36.93	-6.02	-7.13
919	36.97	-6.03	-7.12
920	37.01	-6.03	-7.12
921	37.05	-6.03	-7.12
922	37.09	-6.02	-7.12
923	37.13	-6.01	-7.12
924	37.17	-6.02	-7.12
925	37.21	-6.03	-7.13
926	37.25	-6.02	-7.12
927	37.29	-6.02	-7.12
928	37.33	-6.01	-7.12
929	37.37	-6	-7.12
930	37.41	-6.01	-7.12
931	37.45	-6.01	-7.12
932	37.49	-6.01	-7.13
933	37.53	-6.01	-7.13
934	37.57	-6.01	-7.13
935	37.61	-6.01	-7.13
936	37.65	-6.01	-7.12
937	37.69	-6.02	-7.13
938	37.73	-6.02	-7.13
939	37.77	-6.02	-7.13
940	37.81	-6.02	-7.13
941	37.85	-6	-7.13
942	37.89	-6	-7.13
943	37.93	-5.99	-7.13
944	37.97	-6	-7.13
945	38.01	-6.01	-7.14
946	38.05	-6.01	-7.14
947	38.09	-6.02	-7.14
948	38.13	-6.02	-7.14
949	38.17	-6.01	-7.14
950	38.21	-6.01	-7.14
951	38.25	-6.02	-7.14
952	38.29	-6.02	-7.14
953	38.33	-6.03	-7.14
954	38.37	-6.03	-7.14
955	38.41	-6.03	-7.14
956	38.45	-6.02	-7.14
957	38.49	-6.01	-7.14
958	38.53	-6.01	-7.14
959	38.57	-6.01	-7.14
960	38.61	-6.01	-7.14
961	38.65	-6.02	-7.14
962	38.69	-6.03	-7.13
963	38.73	-6.04	-7.13
964	38.77	-6.03	-7.13
965	38.81	-6.03	-7.13
966	38.85	-6.02	-7.13
967	38.89	-6.02	-7.13
968	38.93	-6.02	-7.14
969	38.97	-6.03	-7.14
970	39.01	-6.03	-7.14
971	39.05	-6.03	-7.14
972	39.09	-6.03	-7.14
973	39.13	-6.03	-7.14
974	39.17	-6.03	-7.14
975	39.21	-6.02	-7.14
976	39.25	-6.02	-7.14
977	39.29	-6.02	-7.14
978	39.33	-6.02	-7.14
979	39.37	-6.03	-7.14
980	39.41	-6.03	-7.14
981	39.45	-6.03	-7.14
982	39.49	-6.02	-7.14
983	39.53	-6.02	-7.14
984	39.57	-6.01	-7.14
985	39.61	-6.02	-7.12
986	39.65	-6.03	-7.09
987	39.69	-6.04	-7.05
988	39.73	-6.07	-7.02
989	39.77	-6.06	-6.99
990	39.81	-6.02	-6.97
991	39.85	-6.02	-6.96
992	39.89	-6	-6.95
993	39.93	-5.99	-6.94
994	39.97	-6	-6.94
995	40.01	-6.02	-6.94
996	40.05	-6.02	-6.94
997	40.09	-6.05	-6.95
998	40.13	-6.04	-6.95
999	40.17	-6.02	-6.93
1000	40.21	-6.02	-6.93
1001	40.25	-6.01	-6.92
1002	40.29	-6.02	-6.91
1003	40.33	-6.01	-6.9
1004	40.37	-6.02	-6.89
1005	40.41	-6.03	-6.88
1006	40.45	-6.06	-6.87
1007	40.49	-6.13	-6.87
1008	40.53	-6.17	-6.87
1009	40.57	-6.18	-6.86
1010	40.61	-6.2	-6.86
1011	40.65	-6.2	-6.85
1012	40.69	-6.2	-6.84
1013	40.73	-6.21	-6.84
1014	40.77	-6.21	-6.83
1015	40.81	-6.2	-6.81
1016	40.85	-6.2	-6.81
1017	40.89	-6.19	-6.79
1018	40.93	-6.19	-6.79
1019	40.97	-6.18	-6.77
1020	41.01	-6.18	-6.77
1021	41.05	-6.2	-6.76
1022	41.09	-6.22	-6.75
1023	41.13	-6.23	-6.72
1024	41.17	-6.24	-6.69
1025	41.21	-6.21	-6.64
1026	41.25	-6.19	-6.59
1027	41.29	-6.18	-6.56
1028	41.33	-6.18	-6.53
1029	41.37	-6.18	-6.51
1030	41.41	-6.2	-6.48
1031	41.45	-6.22	-6.46
1032	41.49	-6.23	-6.43
1033	41.53	-6.23	-6.39
1034	41.57	-6.21	-6.35
1035	41.61	-6.16	-6.3
1036	41.65	-6.13	-6.25
1037	41.69	-6.09	-6.21
1038	41.73	-6.05	-6.16
1039	41.77	-6.02	-6.13
1040	41.81	-5.98	-6.1
1041	41.85	-5.96	-6.07
1042	41.89	-5.95	-6.06
1043	41.93	-5.96	-6.05
1044	41.97	-5.97	-6.05
1045	42.01	-5.99	-6.06
1046	42.05	-6	-6.06
1047	42.09	-6.02	-6.06
1048	42.13	-6.03	-6.06
1049	42.17	-6.03	-6.06
1050	42.21	-6.05	-6.07
1051	42.25	-6.07	-6.09
1052	42.29	-6.09	-6.1
1053	42.33	-6.12	-6.12
1054	42.37	-6.14	-6.13
1055	42.41	-6.18	-6.15
1056	42.45	-6.2	-6.16
1057	42.49	-6.23	-6.17
1058	42.53	-6.24	-6.18
1059	42.57	-6.24	-6.18
1060	42.61	-6.24	-6.18
1061	42.65	-6.25	-6.19
1062	42.69	-6.26	-6.22
1063	42.73	-6.25	-6.24
1064	42.77	-6.24	-6.27
1065	42.81	-6.22	-6.28
1066	42.85	-6.2	-6.28
1067	42.89	-6.21	-6.3
1068	42.93	-6.21	-6.31
1069	42.97	-6.22	-6.33
1070	43.01	-6.21	-6.34
1071	43.05	-6.2	-6.35
1072	43.09	-6.2	-6.36
1073	43.13	-6.21	-6.38
1074	43.17	-6.2	-6.42
1075	43.21	-6.2	-6.46
1076	43.25	-6.2	-6.5
1077	43.29	-6.18	-6.54
1078	43.33	-6.21	-6.57
1079	43.37	-6.24	-6.6
1080	43.41	-6.28	-6.62
1081	43.45	-6.32	-6.64
1082	43.49	-6.33	-6.67
1083	43.53	-6.34	-6.68
1084	43.57	-6.35	-6.71
1085	43.61	-6.36	-6.74
1086	43.65	-6.38	-6.77
1087	43.69	-6.39	-6.79
1088	43.73	-6.4	-6.81
1089	43.77	-6.38	-6.82
1090	43.81	-6.38	-6.83
1091	43.85	-6.36	-6.84
1092	43.89	-6.36	-6.86
1093	43.93	-6.35	-6.89
1094	43.97	-6.35	-6.93
1095	44.01	-6.35	-6.97
1096	44.05	-6.34	-7.01
1097	44.09	-6.35	-7.05
1098	44.13	-6.36	-7.09
1099	44.17	-6.36	-7.14
1100	44.21	-6.35	-7.18
1101	44.25	-6.36	-7.22
1102	44.29	-6.35	-7.26
1103	44.33	-6.35	-7.27
1104	44.37	-6.34	-7.29
1105	44.41	-6.32	-7.3
1106	44.45	-6.31	-7.32
1107	44.49	-6.28	-7.35
1108	44.53	-6.29	-7.4
1109	44.57	-6.27	-7.46
1110	44.61	-6.28	-7.52
1111	44.65	-6.28	-7.58
1112	44.69	-6.27	-7.63
1113	44.73	-6.25	-7.68
1114	44.77	-6.23	-7.73
1115	44.81	-6.23	-7.79
1116	44.85	-6.22	-7.84
1117	44.89	-6.24	-7.88
1118	44.93	-6.29	-7.94
1119	44.97	-6.31	-7.99
1120	45.01	-6.36	-8.03
1121	45.05	-6.4	-8.07
1122	45.09	-6.4	-8.09
1123	45.13	-6.4	-8.12
1124	45.17	-6.4	-8.14
1125	45.21	-6.41	-8.18
1126	45.25	-6.4	-8.23
1127	45.29	-6.44	-8.27
1128	45.33	-6.45	-8.33
1129	45.37	-6.44	-8.39
1130	45.41	-6.44	-8.45
1131	45.45	-6.39	-8.49
1132	45.49	-6.33	-8.54
1133	45.53	-6.26	-8.6
1134	45.57	-6.19	-8.68
1135	45.61	-6.14	-8.76
1136	45.65	-6.13	-8.82
1137	45.69	-6.12	-8.85
1138	45.73	-6.14	-8.85
1139	45.77	-6.15	-8.86
1140	45.81	-6.14	-8.88
1141	45.85	-6.15	-8.89
1142	45.89	-6.15	-8.9
1143	45.93	-6.18	-8.9
1144	45.97	-6.21	-8.9
1145	46.01	-6.26	-8.89
1146	46.05	-6.29	-8.9
1147	46.09	-6.32	-8.9
1148	46.13	-6.32	-8.91
1149	46.17	-6.3	-8.9
1150	46.21	-6.3	-8.9
1151	46.25	-6.27	-8.89
1152	46.29	-6.27	-8.9
1153	46.33	-6.25	-8.92
1154	46.37	-6.24	-8.94
1155	46.41	-6.23	-8.97
1156	46.45	-6.24	-8.98
1157	46.49	-6.25	-8.99
1158	46.53	-6.26	-9.01
1159	46.57	-6.3	-9.01
1160	46.61	-6.32	-9.02
1161	46.65	-6.36	-9.02
1162	46.69	-6.41	-9.04
1163	46.73	-6.44	-9.06
1164	46.77	-6.46	-9.09
1165	46.81	-6.46	-9.12
1166	46.85	-6.48	-9.15
1167	46.89	-6.51	-9.19
1168	46.93	-6.54	-9.22
1169	46.97	-6.56	-9.29
1170	47.01	-6.57	-9.37
1171	47.05	-6.57	-9.45
1172	47.09	-6.58	-9.51
1173	47.13	-6.61	-9.57
1174	47.17	-6.64	-9.64
1175	47.21	-6.66	-9.72
1176	47.25	-6.69	-9.81
1177	47.29	-6.71	-9.88
1178	47.33	-6.74	-9.92
1179	47.37	-6.76	-9.95
1180	47.41	-6.79	-9.98
1181	47.45	-6.83	-10.01
1182	47.49	-6.85	-10.07
1183	47.53	-6.89	-10.11
1184	47.57	-6.94	-10.14
1185	47.61	-6.98	-10.16
1186	47.65	-7.02	-10.18
1187	47.69	-7.05	-10.18
1188	47.73	-7.04	-10.22
1189	47.77	-7.04	-10.26
1190	47.81	-7.03	-10.31
1191	47.89	-7.04	-10.37
1192	47.93	-7.04	-10.39
1193	47.97	-7	-10.49
1194	48.01	-6.98	-10.59
1195	48.05	-6.94	-10.71
1196	48.09	-6.92	-10.83
1197	48.13	-6.92	-10.89
1198	48.17	-6.93	-10.94
1199	48.21	-6.94	-10.98
1200	48.25	-6.95	-11.03
1201	48.29	-6.97	-11.07
1202	48.33	-6.97	-11.12
1203	48.37	-6.97	-11.19
1204	48.41	-6.97	-11.25
1205	48.45	-6.95	-11.3
1206	48.49	-6.95	-11.33
1207	48.53	-6.94	-11.35
1208	48.57	-6.93	-11.39
1209	48.61	-6.92	-11.44
1210	48.65	-6.9	-11.51
1211	48.69	-6.89	-11.58
1212	48.73	-6.9	-11.64
1213	48.77	-6.91	-11.69
1214	48.81	-6.94	-11.75
1215	48.85	-6.98	-11.79
1216	48.89	-7.03	-11.87
1217	48.93	-7.06	-11.93
1218	48.97	-7.07	-11.99
1219	49.01	-7.07	-12.08
1220	49.05	-7.07	-12.2
1221	49.09	-7.08	-12.32
1222	49.13	-7.11	-12.42
1223	49.17	-7.12	-12.5
1224	49.21	-7.13	-12.54
1225	49.25	-7.14	-12.57
1226	49.29	-7.15	-12.61
1227	49.33	-7.16	-12.66
1228	49.37	-7.15	-12.71
1229	49.41	-7.15	-12.78
1230	49.45	-7.16	-12.85
1231	49.49	-7.16	-12.92
1232	49.53	-7.18	-12.97
1233	49.57	-7.18	-13.02
1234	49.61	-7.16	-13.07
1235	49.65	-7.13	-13.11
1236	49.69	-7.1	-13.17
1237	49.73	-7.08	-13.21
1238	49.77	-7.08	-13.24
1239	49.81	-7.07	-13.29
1240	49.85	-7.06	-13.31
1241	49.89	-7.04	-13.35
1242	49.93	-7.01	-13.42
1243	49.97	-6.98	-13.47
1244	50.01	-6.96	-13.54
1245	50.05	-6.94	-13.65
1246	50.09	-6.94	-13.77
1247	50.13	-6.95	-13.87
1248	50.17	-6.98	-13.97
1249	50.21	-7	-14.06
1250	50.25	-7.02	-14.13
1251	50.3	-7.03	-14.2
1252	50.36	-7.04	-14.28
1253	50.41	-7.04	-14.33
1254	50.45	-7.04	-14.39
1255	50.49	-7.05	-14.42
1256	50.53	-7.06	-14.46
1257	50.57	-7.08	-14.49
1258	50.61	-7.1	-14.51
1259	50.65	-7.11	-14.54
1260	50.69	-7.11	-14.58
1261	50.73	-7.1	-14.65
1262	50.77	-7.11	-14.71
1263	50.81	-7.14	-14.76
1264	50.85	-7.17	-14.79
1265	50.89	-7.19	-14.83
1266	50.93	-7.2	-14.87
1267	50.97	-7.18	-14.91
1268	51.01	-7.17	-14.94
1269	51.05	-7.16	-14.95
1270	51.09	-7.15	-14.96
1271	51.13	-7.13	-14.96
1272	51.17	-7.11	-14.99
1273	51.21	-7.09	-15.01
1274	51.25	-7.08	-15.03
1275	51.29	-7.07	-15.05
1276	51.33	-7.05	-15.08
1277	51.37	-7.04	-15.14
1278	51.41	-7.03	-15.18
1279	51.45	-7.02	-15.27
1280	51.49	-7.03	-15.34
1281	51.53	-7.05	-15.41
1282	51.57	-7.06	-15.49
1283	51.61	-7.07	-15.55
1284	51.65	-7.09	-15.61
1285	51.69	-7.09	-15.67
1286	51.73	-7.11	-15.71
1287	51.77	-7.14	-15.76
1288	51.81	-7.18	-15.8
1289	51.85	-7.23	-15.81
1290	51.89	-7.28	-15.81
1291	51.93	-7.32	-15.8
1292	51.97	-7.36	-15.79
1293	52.01	-7.39	-15.79
1294	52.05	-7.42	-15.78
1295	52.09	-7.47	-15.75
1296	52.13	-7.53	-15.72
1297	52.17	-7.57	-15.68
1298	52.21	-7.62	-15.66
1299	52.25	-7.65	-15.65
1300	52.29	-7.69	-15.62
1301	52.33	-7.74	-15.6
1302	52.37	-7.8	-15.58
1303	52.41	-7.85	-15.55
1304	52.45	-7.86	-15.55
1305	52.49	-7.9	-15.56
1306	52.53	-7.92	-15.59
1307	52.57	-7.98	-15.62
1308	52.61	-8.1	-15.65
1309	52.65	-8.21	-15.67
1310	52.69	-8.3	-15.66
1311	52.73	-8.38	-15.66
1312	52.77	-8.44	-15.64
1313	52.81	-8.49	-15.63
1314	52.85	-8.55	-15.65
1315	52.89	-8.59	-15.64
1316	52.93	-8.63	-15.65
1317	52.97	-8.68	-15.66
1318	53.01	-8.73	-15.67
1319	53.05	-8.77	-15.69
1320	53.09	-8.81	-15.7
1321	53.13	-8.84	-15.72
1322	53.17	-8.87	-15.75
1323	53.21	-8.9	-15.78
1324	53.25	-8.93	-15.82
1325	53.29	-8.95	-15.85
1326	53.33	-8.97	-15.88
1327	53.37	-8.99	-15.91
1328	53.41	-9.01	-15.93
1329	53.45	-9.02	-15.95
1330	53.49	-9.03	-15.96
1331	53.53	-9.03	-15.97
1332	53.57	-9.02	-15.98
1333	53.61	-9	-15.99
1334	53.65	-8.99	-16.01
1335	53.69	-8.97	-16.01
1336	53.73	-8.95	-16.01
1337	53.77	-8.94	-16.02
1338	53.81	-8.93	-16.02
1339	53.85	-8.92	-16.04
1340	53.89	-8.92	-16.08
1341	53.93	-8.92	-16.12
1342	53.97	-8.93	-16.15
1343	54.01	-8.94	-16.17
1344	54.05	-8.94	-16.2
1345	54.09	-8.95	-16.23
1346	54.13	-8.96	-16.23
1347	54.17	-8.96	-16.27
1348	54.21	-8.95	-16.25
1349	54.25	-8.95	-16.25
1350	54.29	-8.95	-16.28
1351	54.33	-8.96	-16.29
1352	54.37	-8.96	-16.31
1353	54.41	-8.96	-16.3
1354	54.45	-8.97	-16.28
1355	54.49	-8.99	-16.25
1356	54.53	-9	-16.23
1357	54.57	-9.02	-16.19
1358	54.61	-9.03	-16.17
1359	54.65	-9.04	-16.15
1360	54.69	-9.04	-16.1
1361	54.73	-9.05	-16.04
1362	54.77	-9.05	-15.96
1363	54.81	-9.05	-15.87
1364	54.85	-9.05	-15.81
1365	54.89	-9.05	-15.74
1366	54.93	-9.08	-15.67
1367	54.97	-9.11	-15.6
1368	55.01	-9.15	-15.52
1369	55.05	-9.21	-15.47
1370	55.09	-9.26	-15.44
1371	55.13	-9.34	-15.42
1372	55.25	-9.49	-15.39
1373	55.29	-9.64	-15.36
1374	55.33	-9.78	-15.32
1375	55.37	-9.91	-15.29
1376	55.41	-9.96	-15.27
1377	55.45	-10.03	-15.27
1378	55.49	-10.08	-15.26
1379	55.53	-10.12	-15.27
1380	55.57	-10.14	-15.28
1381	55.61	-10.14	-15.29
1382	55.65	-10.13	-15.29
1383	55.69	-10.12	-15.29
1384	55.73	-10.11	-15.28
1385	55.77	-10.11	-15.28
1386	55.81	-10.12	-15.29
1387	55.85	-10.15	-15.29
1388	55.89	-10.2	-15.27
1389	55.93	-10.27	-15.22
1390	55.97	-10.32	-15.14
1391	56.01	-10.38	-15.07
1392	56.05	-10.44	-15.01
1393	56.09	-10.51	-14.96
1394	56.13	-10.62	-14.9
1395	56.17	-10.78	-14.83
1396	56.21	-10.9	-14.76
1397	56.25	-11.01	-14.7
1398	56.29	-11.09	-14.67
1399	56.32	-11.12	-14.64
1400	56.37	-11.14	-14.61
1401	56.41	-11.15	-14.57
1402	56.45	-11.17	-14.51
1403	56.49	-11.16	-14.41
1404	56.53	-11.17	-14.31
1405	56.57	-11.18	-14.23
1406	56.61	-11.21	-14.16
1407	56.64	-11.25	-14.11
1408	56.68	-11.33	-14.04
1409	56.72	-11.45	-13.93
1410	56.76	-11.53	-13.82
1411	56.8	-11.59	-13.76
1412	56.84	-11.61	-13.72
1413	56.88	-11.62	-13.71
1414	56.92	-11.64	-13.71
1415	56.96	-11.68	-13.69
1416	57	-11.71	-13.66
1417	57.04	-11.73	-13.61
1418	57.08	-11.73	-13.57
1419	57.12	-11.75	-13.54
1420	57.16	-11.77	-13.52
1421	57.2	-11.79	-13.5
1422	57.24	-11.83	-13.49
1423	57.28	-11.87	-13.47
1424	57.32	-11.91	-13.46
1425	57.36	-11.93	-13.44
1426	57.4	-11.94	-13.43
1427	57.44	-11.93	-13.42
1428	57.48	-11.94	-13.42
1429	57.52	-11.95	-13.44
1430	57.56	-11.97	-13.44
1431	57.6	-11.99	-13.45
1432	57.64	-12	-13.45
1433	57.68	-12.01	-13.45
1434	57.72	-12.01	-13.45
1435	57.76	-12.03	-13.45
1436	57.8	-12.02	-13.46
1437	57.84	-12.02	-13.46
1438	57.88	-12.01	-13.46
1439	57.92	-12	-13.47
1440	57.96	-12	-13.47
1441	58	-11.99	-13.48
1442	58.04	-11.97	-13.48
1443	58.08	-11.96	-13.48
1444	58.12	-11.93	-13.48
1445	58.16	-11.93	-13.47
1446	58.2	-11.92	-13.47
1447	58.24	-11.91	-13.47
1448	58.28	-11.91	-13.48
1449	58.32	-11.91	-13.48
1450	58.36	-11.92	-13.49
1451	58.4	-11.94	-13.49
1452	58.44	-11.96	-13.49
1453	58.48	-11.97	-13.49
1454	58.52	-11.98	-13.49
1455	58.56	-11.97	-13.49
1456	58.6	-11.96	-13.49
1457	58.64	-11.95	-13.49
1458	58.68	-11.95	-13.48
1459	58.72	-11.94	-13.48
1460	58.76	-11.93	-13.47
1461	58.8	-11.93	-13.46
1462	58.84	-11.93	-13.45
1463	58.88	-11.93	-13.45
1464	58.92	-11.95	-13.44
1465	58.96	-11.93	-13.45
1466	59	-11.93	-13.45
1467	59.04	-11.91	-13.45
1468	59.08	-11.88	-13.46
1469	59.12	-11.88	-13.47
1470	59.16	-11.87	-13.47
1471	59.2	-11.87	-13.47
1472	59.24	-11.88	-13.47
1473	59.28	-11.88	-13.46
1474	59.32	-11.89	-13.47
1475	59.36	-11.9	-13.47
1476	59.4	-11.91	-13.47
1477	59.44	-11.9	-13.47
1478	59.48	-11.92	-13.47
1479	59.52	-11.91	-13.47
1480	59.56	-11.92	-13.47
1481	59.6	-11.92	-13.47
1482	59.64	-11.91	-13.47
1483	59.68	-11.91	-13.47
1484	59.72	-11.9	-13.48
1485	59.76	-11.9	-13.49
1486	59.8	-11.91	-13.5
1487	59.84	-11.91	-13.52
1488	59.88	-11.92	-13.55
1489	59.92	-11.91	-13.57
1490	59.96	-11.93	-13.6
1491	60	-11.93	-13.62
1492	60.04	-11.93	-13.63
1493	60.08	-11.95	-13.64
1494	60.12	-11.92	-13.65
1495	60.16	-11.91	-13.66
1496	60.2	-11.91	-13.69
1497	60.24	-11.9	-13.73
1498	60.28	-11.9	-13.75
1499	60.32	-11.9	-13.77
1500	60.36	-11.9	-13.77
1501	60.4	-11.9	-13.78
1502	60.44	-11.91	-13.79
1503	60.48	-11.9	-13.81
1504	60.52	-11.89	-13.83
1505	60.56	-11.89	-13.86
1506	60.6	-11.89	-13.88
1507	60.64	-11.9	-13.92
1508	60.68	-11.9	-13.95
1509	60.72	-11.89	-13.99
1510	60.76	-11.88	-14.02
1511	60.8	-11.86	-14.05
1512	60.84	-11.86	-14.08
1513	60.88	-11.87	-14.1
1514	60.92	-11.88	-14.12
1515	60.96	-11.89	-14.15
1516	61	-11.91	-14.17
1517	61.04	-11.9	-14.18
1518	61.08	-11.9	-14.19
1519	61.12	-11.89	-14.21
1520	61.16	-11.89	-14.24
1521	61.2	-11.88	-14.27
1522	61.24	-11.87	-14.31
1523	61.28	-11.86	-14.37
1524	61.32	-11.85	-14.43
1525	61.36	-11.87	-14.51
1526	61.4	-11.89	-14.56
1527	61.44	-11.92	-14.61
1528	61.48	-11.97	-14.7
1529	61.52	-12.01	-14.81
1530	61.56	-12.04	-14.95
1531	61.6	-12.07	-15.08
1532	61.64	-12.06	-15.18
1533	61.68	-12.05	-15.26
1534	61.72	-12.06	-15.34
1535	61.76	-12.05	-15.4
1536	61.8	-12.03	-15.46
1537	61.84	-11.99	-15.5
1538	61.88	-11.95	-15.53
1539	61.92	-11.9	-15.56
1540	61.96	-11.87	-15.6
1541	62	-11.84	-15.64
1542	62.04	-11.8	-15.68
1543	62.08	-11.78	-15.74
1544	62.12	-11.77	-15.8
1545	62.16	-11.77	-15.85
1546	62.2	-11.76	-15.93
1547	62.24	-11.73	-16.04
1548	62.28	-11.68	-16.2
1549	62.32	-11.62	-16.38
1550	62.36	-11.56	-16.53
1551	62.4	-11.49	-16.65
1552	62.44	-11.44	-16.73
1553	62.48	-11.4	-16.81
1554	62.52	-11.39	-16.9
1555	62.56	-11.39	-16.96
1556	62.6	-11.39	-17
1557	62.64	-11.4	-17.01
1558	62.68	-11.42	-17.04
1559	62.72	-11.44	-17.08
1560	62.76	-11.46	-17.15
1561	62.8	-11.48	-17.25
1562	62.84	-11.48	-17.34
1563	62.88	-11.47	-17.4
1564	62.92	-11.48	-17.46
1565	62.96	-11.49	-17.53
1566	63	-11.49	-17.63
1567	63.04	-11.45	-17.77
1568	63.08	-11.38	-17.97
1569	63.12	-11.27	-18.16
1570	63.16	-11.18	-18.3
1571	63.2	-11.11	-18.41
1572	63.24	-11.08	-18.5
1573	63.28	-11.04	-18.57
1574	63.32	-11.02	-18.66
1575	63.36	-11.01	-18.73
1576	63.4	-11	-18.81
1577	63.44	-11	-18.88
1578	63.48	-10.99	-18.96
1579	63.52	-10.99	-19.06
1580	63.56	-11.01	-19.16
1581	63.6	-11.03	-19.27
1582	63.64	-11.04	-19.37
1583	63.68	-11.05	-19.46
1584	63.72	-11.03	-19.51
1585	63.76	-11.02	-19.56
1586	63.8	-11.03	-19.61
1587	63.84	-11.03	-19.67
1588	63.88	-11.05	-19.75
1589	63.92	-11.08	-19.83
1590	63.96	-11.1	-19.91
1591	64	-11.13	-20.03
1592	64.04	-11.13	-20.16
1593	64.08	-11.1	-20.31
1594	64.12	-11.04	-20.46
1595	64.16	-10.98	-20.57
1596	64.2	-10.92	-20.69
1597	64.24	-10.87	-20.78
1598	64.28	-10.85	-20.88
1599	64.32	-10.84	-20.96
1600	64.36	-10.84	-21.01
1601	64.4	-10.84	-21.07
1602	64.44	-10.83	-21.1
1603	64.48	-10.83	-21.16
1604	64.52	-10.83	-21.22
1605	64.56	-10.82	-21.27
1606	64.6	-10.81	-21.34
1607	64.64	-10.8	-21.39
1608	64.68	-10.8	-21.44
1609	64.72	-10.8	-21.48
1610	64.76	-10.82	-21.52
1611	64.8	-10.83	-21.57
1612	64.84	-10.85	-21.63
1613	64.88	-10.87	-21.69
1614	64.92	-10.86	-21.73
1615	64.96	-10.85	-21.75
1616	65	-10.81	-21.74
1617	65.04	-10.76	-21.74
1618	65.08	-10.73	-21.74
1619	65.12	-10.7	-21.73
1620	65.16	-10.69	-21.71
1621	65.2	-10.67	-21.69
1622	65.24	-10.65	-21.69
1623	65.28	-10.63	-21.69
1624	65.32	-10.61	-21.72
1625	65.36	-10.58	-21.75
1626	65.4	-10.56	-21.79
1627	65.44	-10.54	-21.86
1628	65.48	-10.5	-21.94
1629	65.52	-10.45	-22.07
1630	65.56	-10.34	-22.22
1631	65.6	-10.24	-22.35
1632	65.64	-10.15	-22.44
1633	65.68	-10.1	-22.48
1634	65.72	-10.09	-22.48
1635	65.76	-10.08	-22.5
1636	65.8	-10.07	-22.54
1637	65.84	-10.06	-22.58
1638	65.88	-10.06	-22.61
1639	65.92	-10.05	-22.62
1640	65.96	-10.04	-22.61
1641	66	-10.02	-22.6
1642	66.04	-10	-22.58
1643	66.08	-9.98	-22.6
1644	66.12	-9.97	-22.63
1645	66.16	-9.96	-22.63
1646	66.2	-9.95	-22.65
1647	66.24	-9.94	-22.65
1648	66.28	-9.94	-22.64
1649	66.32	-9.94	-22.63
1650	66.36	-9.95	-22.64
1651	66.4	-9.95	-22.64
1652	66.44	-9.96	-22.63
1653	66.48	-9.96	-22.63
1654	66.52	-9.96	-22.62
1655	66.56	-9.97	-22.62
1656	66.6	-9.96	-22.64
1657	66.64	-9.95	-22.64
1658	66.68	-9.95	-22.64
1659	66.72	-9.96	-22.64
1660	66.76	-9.97	-22.63
1661	66.8	-10	-22.63
1662	66.84	-10.02	-22.64
1663	66.88	-10.04	-22.65
1664	66.92	-10.07	-22.66
1665	66.96	-10.1	-22.67
1666	67	-10.14	-22.66
1667	67.04	-10.19	-22.65
1668	67.08	-10.24	-22.64
1669	67.12	-10.29	-22.64
1670	67.16	-10.36	-22.63
1671	67.2	-10.43	-22.62
1672	67.24	-10.49	-22.61
1673	67.28	-10.55	-22.6
1674	67.32	-10.59	-22.62
1675	67.36	-10.63	-22.62
1676	67.4	-10.66	-22.62
1677	67.44	-10.69	-22.63
1678	67.48	-10.73	-22.61
1679	67.52	-10.77	-22.6
1680	67.56	-10.81	-22.6
1681	67.6	-10.84	-22.59
1682	67.64	-10.88	-22.59
1683	67.68	-10.91	-22.6
1684	67.72	-10.93	-22.61
1685	67.76	-10.96	-22.63
1686	67.8	-10.98	-22.64
1687	67.84	-11.01	-22.64
1688	67.88	-11.03	-22.65
1689	67.92	-11.05	-22.64
1690	67.96	-11.07	-22.64
1691	68	-11.09	-22.63
1692	68.04	-11.1	-22.61
1693	68.08	-11.13	-22.61
1694	68.12	-11.17	-22.59
1695	68.16	-11.24	-22.58
1696	68.2	-11.31	-22.56
1697	68.24	-11.37	-22.55
1698	68.28	-11.44	-22.56
1699	68.32	-11.52	-22.6
1700	68.36	-11.65	-22.68
1701	68.45	-11.83	-22.76
1702	68.48	-12.01	-22.8
1703	68.52	-12.16	-22.84
1704	68.56	-12.26	-22.83
1705	68.6	-12.31	-22.84
1706	68.64	-12.35	-22.85
1707	68.68	-12.4	-22.82
1708	68.72	-12.47	-22.84
1709	68.76	-12.53	-22.85
1710	68.8	-12.61	-22.89
1711	68.84	-12.67	-22.96
1712	68.88	-12.69	-22.98
1713	68.92	-12.71	-23
1714	68.96	-12.72	-23.01
1715	69	-12.72	-23.04
1716	69.04	-12.74	-23.05
1717	69.08	-12.77	-23.07
1718	69.12	-12.81	-23.1
1719	69.16	-12.87	-23.12
1720	69.2	-12.95	-23.14
1721	69.24	-13.01	-23.12
1722	69.28	-13.06	-23.09
1723	69.32	-13.09	-23.07
1724	69.36	-13.1	-23.07
1725	69.4	-13.09	-23.08
1726	69.44	-13.09	-23.09
1727	69.48	-13.08	-23.09
1728	69.52	-13.09	-23.1
1729	69.56	-13.11	-23.11
1730	69.6	-13.14	-23.11
1731	69.64	-13.16	-23.12
1732	69.68	-13.16	-23.11
1733	69.72	-13.17	-23.12
1734	69.76	-13.18	-23.14
1735	69.8	-13.19	-23.15
1736	69.84	-13.21	-23.16
1737	69.88	-13.24	-23.16
1738	69.92	-13.25	-23.16
1739	69.96	-13.27	-23.16
1740	70	-13.29	-23.15
1741	70.04	-13.31	-23.14
1742	70.08	-13.34	-23.15
1743	70.12	-13.36	-23.19
1744	70.16	-13.38	-23.23
1745	70.2	-13.4	-23.29
1746	70.24	-13.41	-23.32
1747	70.28	-13.45	-23.37
1748	70.32	-13.48	-23.44
1749	70.36	-13.53	-23.48
1750	70.4	-13.6	-23.54
1751	70.44	-13.67	-23.58
1752	70.48	-13.76	-23.6
1753	70.56	-13.85	-23.59
1754	70.6	-13.94	-23.61
1755	70.64	-14.02	-23.6
1756	70.68	-14.08	-23.59
1757	70.72	-14.13	-23.59
1758	70.76	-14.16	-23.58
1759	70.8	-14.2	-23.58
1760	70.84	-14.27	-23.64
1761	70.88	-14.33	-23.69
1762	70.92	-14.39	-23.75
1763	70.96	-14.4	-23.78
1764	71	-14.39	-23.78
1765	71.04	-14.39	-23.8
1766	71.08	-14.4	-23.83
1767	71.12	-14.43	-23.87
1768	71.16	-14.49	-23.9
1769	71.2	-14.56	-23.91
1770	71.24	-14.63	-23.95
1771	71.28	-14.7	-24
1772	71.32	-14.75	-24.05
1773	71.36	-14.77	-24.09
1774	71.4	-14.79	-24.12
1775	71.44	-14.8	-24.13
1776	71.48	-14.8	-24.15
1777	71.52	-14.81	-24.17
1778	71.56	-14.81	-24.17
1779	71.6	-14.81	-24.18
1780	71.64	-14.82	-24.21
1781	71.68	-14.85	-24.23
1782	71.72	-14.87	-24.26
1783	71.76	-14.89	-24.28
1784	71.8	-14.9	-24.3
1785	71.84	-14.89	-24.29
1786	71.88	-14.89	-24.28
1787	71.92	-14.9	-24.29
1788	71.96	-14.91	-24.27
1789	72	-14.93	-24.29
1790	72.04	-14.95	-24.3
1791	72.08	-14.96	-24.31
1792	72.12	-14.95	-24.3
1793	72.16	-14.94	-24.29
1794	72.2	-14.92	-24.27
1795	72.24	-14.9	-24.25
1796	72.28	-14.91	-24.24
1797	72.32	-14.93	-24.24
1798	72.36	-14.95	-24.24
1799	72.4	-14.97	-24.24
1800	72.44	-14.98	-24.24
1801	72.48	-14.98	-24.24
1802	72.52	-15	-24.26
1803	72.56	-15.03	-24.27
1804	72.6	-15.1	-24.29
1805	72.64	-15.19	-24.29
1806	72.68	-15.28	-24.29
1807	72.72	-15.33	-24.27
1808	72.76	-15.37	-24.27
1809	72.8	-15.4	-24.27
1810	72.84	-15.42	-24.28
1811	72.88	-15.48	-24.31
1812	72.92	-15.51	-24.32
1813	72.96	-15.52	-24.33
1814	73	-15.53	-24.33
1815	73.04	-15.52	-24.31
1816	73.08	-15.52	-24.31
1817	73.12	-15.53	-24.31
1818	73.16	-15.55	-24.3
1819	73.2	-15.59	-24.33
1820	73.24	-15.61	-24.35
1821	73.28	-15.63	-24.37
1822	73.32	-15.63	-24.38
1823	73.36	-15.64	-24.38
1824	73.4	-15.67	-24.38
1825	73.44	-15.7	-24.38
1826	73.48	-15.74	-24.38
1827	73.52	-15.76	-24.38
1828	73.56	-15.78	-24.39
1829	73.6	-15.8	-24.39
1830	73.64	-15.83	-24.41
1831	73.68	-15.86	-24.42
1832	73.72	-15.87	-24.43
1833	73.76	-15.87	-24.44
1834	73.8	-15.89	-24.47
1835	73.84	-15.92	-24.48
1836	73.88	-15.96	-24.5
1837	73.92	-16	-24.51
1838	73.96	-15.99	-24.51
1839	74	-16	-24.49
1840	74.04	-15.99	-24.48
1841	74.08	-15.99	-24.48
1842	74.12	-16	-24.48
1843	74.16	-16	-24.48
1844	74.2	-16.01	-24.49
1845	74.24	-16.02	-24.49
1846	74.28	-16.02	-24.49
1847	74.32	-16.03	-24.5
1848	74.36	-16.03	-24.5
1849	74.4	-16.03	-24.5
1850	74.44	-16.02	-24.49
1851	74.48	-16.02	-24.48
1852	74.52	-15.99	-24.46
1853	74.56	-15.98	-24.45
1854	74.6	-15.97	-24.44
1855	74.64	-15.96	-24.42
1856	74.68	-15.95	-24.42
1857	74.72	-15.94	-24.41
1858	74.76	-15.94	-24.41
1859	74.8	-15.93	-24.4
1860	74.84	-15.93	-24.4
1861	74.88	-15.93	-24.4
1862	74.92	-15.94	-24.42
1863	74.96	-15.94	-24.43
1864	75	-15.95	-24.45
1865	75.04	-15.96	-24.47
1866	75.08	-15.95	-24.47
1867	75.12	-15.95	-24.47
1868	75.16	-15.95	-24.47
1869	75.2	-15.95	-24.47
1870	75.24	-15.96	-24.47
1871	75.28	-15.96	-24.46
1872	75.32	-15.97	-24.47
1873	75.36	-15.98	-24.47
1874	75.4	-15.98	-24.47
1875	75.44	-15.97	-24.47
1876	75.48	-15.97	-24.47
1877	75.52	-15.96	-24.47
1878	75.56	-15.96	-24.47
1879	75.6	-15.95	-24.48
1880	75.64	-15.94	-24.46
1881	75.68	-15.92	-24.44
1882	75.72	-15.85	-24.37
1883	75.76	-15.79	-24.28
1884	75.8	-15.72	-24.2
1885	75.84	-15.67	-24.13
1886	75.88	-15.67	-24.1
1887	75.92	-15.69	-24.1
1888	75.96	-15.67	-24.09
1889	76	-15.66	-24.09
1890	76.14	-15.64	-24.09
1891	76.16	-15.61	-24.08
1892	76.2	-15.6	-24.08
1893	76.24	-15.59	-24.08
1894	76.28	-15.58	-24.08
1895	76.32	-15.59	-24.08
1896	76.36	-15.59	-24.07
1897	76.4	-15.6	-24.06
1898	76.44	-15.59	-24.02
1899	76.48	-15.57	-23.97
1900	76.52	-15.55	-23.95
1901	76.56	-15.51	-23.92
1902	76.6	-15.48	-23.91
1903	76.64	-15.47	-23.92
1904	76.68	-15.45	-23.91
1905	76.72	-15.41	-23.86
1906	76.76	-15.37	-23.84
1907	76.8	-15.3	-23.8
1908	76.84	-15.23	-23.78
1909	76.88	-15.16	-23.8
1910	76.92	-15.08	-23.81
1911	76.96	-15	-23.82
1912	77	-14.93	-23.82
1913	77.04	-14.87	-23.8
1914	77.08	-14.81	-23.79
1915	77.12	-14.74	-23.79
1916	77.16	-14.66	-23.79
1917	77.2	-14.59	-23.81
1918	77.24	-14.54	-23.81
1919	77.28	-14.51	-23.82
1920	77.32	-14.48	-23.82
1921	77.36	-14.44	-23.81
1922	77.4	-14.37	-23.79
1923	77.44	-14.29	-23.75
1924	77.48	-14.2	-23.68
1925	77.52	-14.1	-23.57
1926	77.56	-14	-23.47
1927	77.6	-13.92	-23.41
1928	77.64	-13.87	-23.37
1929	77.68	-13.83	-23.35
1930	77.72	-13.78	-23.31
1931	77.76	-13.73	-23.25
1932	77.8	-13.66	-23.18
1933	77.84	-13.61	-23.13
1934	77.88	-13.57	-23.1
1935	77.92	-13.52	-23.08
1936	77.96	-13.45	-23.06
1937	78	-13.36	-23.05
1938	78.04	-13.26	-23.04
1939	78.08	-13.19	-23.05
1940	78.12	-13.14	-23.07
1941	78.16	-13.1	-23.09
1942	78.2	-13.08	-23.11
1943	78.24	-13.05	-23.15
1944	78.28	-13	-23.16
1945	78.32	-12.95	-23.2
1946	78.36	-12.9	-23.26
1947	78.4	-12.87	-23.3
1948	78.44	-12.86	-23.37
1949	78.48	-12.88	-23.44
1950	78.52	-12.91	-23.49
1951	78.56	-12.94	-23.53
1952	78.6	-12.95	-23.56
1953	78.64	-12.96	-23.56
1954	78.68	-12.96	-23.55
1955	78.72	-12.94	-23.56
1956	78.76	-12.9	-23.57
1957	78.8	-12.82	-23.61
1958	78.84	-12.73	-23.66
1959	78.88	-12.64	-23.7
1960	78.92	-12.57	-23.73
1961	78.96	-12.54	-23.74
1962	79	-12.52	-23.73
1963	79.04	-12.49	-23.72
1964	79.08	-12.45	-23.71
1965	79.12	-12.4	-23.71
1966	79.16	-12.36	-23.7
1967	79.2	-12.31	-23.7
1968	79.24	-12.26	-23.71
1969	79.28	-12.21	-23.72
1970	79.32	-12.15	-23.74
1971	79.36	-12.09	-23.79
1972	79.4	-12.07	-23.85
1973	79.44	-12.11	-23.9
1974	79.48	-12.16	-23.98
1975	79.52	-12.23	-24.03
1976	79.56	-12.25	-24.05
1977	79.6	-12.19	-24.09
1978	79.64	-12.08	-24.1
1979	79.68	-11.92	-24.11
1980	79.72	-11.74	-24.12
1981	79.76	-11.58	-24.12
1982	79.8	-11.47	-24.14
1983	79.84	-11.4	-24.17
1984	79.88	-11.37	-24.19
1985	79.92	-11.35	-24.19
1986	79.96	-11.33	-24.18
1987	80	-11.33	-24.17
1988	80.04	-11.33	-24.15
1989	80.08	-11.32	-24.15
1990	80.12	-11.3	-24.15
1991	80.16	-11.26	-24.14
1992	80.2	-11.19	-24.12
1993	80.24	-11.1	-24.09
1994	80.28	-11.01	-24.06
1995	80.32	-10.91	-24.05
1996	80.36	-10.74	-24.04
1997	80.4	-10.54	-24
1998	80.44	-10.33	-23.94
1999	80.48	-10.16	-23.86
2000	80.52	-10.07	-23.8
2001	80.56	-10.04	-23.77
2002	80.6	-10.04	-23.78
2003	80.64	-10.04	-23.77
2004	80.68	-10.04	-23.76
2005	80.72	-10.04	-23.75
2006	80.76	-10.04	-23.75
2007	80.8	-10.01	-23.76
2008	80.84	-9.98	-23.77
2009	80.88	-9.94	-23.78
2010	80.92	-9.9	-23.78
2011	80.96	-9.88	-23.78
2012	81	-9.86	-23.8
2013	81.04	-9.86	-23.81
2014	81.08	-9.86	-23.83
2015	81.12	-9.85	-23.86
2016	81.16	-9.83	-23.88
2017	81.2	-9.81	-23.92
2018	81.24	-9.79	-23.96
2019	81.28	-9.74	-24
2020	81.32	-9.68	-24.01
2021	81.36	-9.62	-23.99
2022	81.4	-9.57	-23.94
2023	81.44	-9.53	-23.91
2024	81.48	-9.52	-23.89
2025	81.52	-9.52	-23.89
2026	81.56	-9.52	-23.89
2027	81.6	-9.53	-23.87
2028	81.64	-9.52	-23.87
2029	81.68	-9.52	-23.86
2030	81.72	-9.52	-23.85
2031	81.76	-9.51	-23.85
2032	81.8	-9.52	-23.84
2033	81.84	-9.5	-23.82
2034	81.88	-9.49	-23.81
2035	81.92	-9.51	-23.79
2036	81.96	-9.51	-23.76
2037	82	-9.52	-23.74
2038	82.04	-9.51	-23.72
2039	82.08	-9.49	-23.73
2040	82.12	-9.47	-23.73
2041	82.16	-9.47	-23.73
2042	82.2	-9.44	-23.74
2043	82.24	-9.41	-23.75
2044	82.28	-9.38	-23.77
2045	82.32	-9.37	-23.78
2046	82.36	-9.38	-23.79
2047	82.4	-9.39	-23.81
2048	82.44	-9.41	-23.82
2049	82.48	-9.42	-23.84
2050	82.52	-9.42	-23.85
2051	82.56	-9.45	-23.84
2052	82.6	-9.46	-23.84
2053	82.64	-9.47	-23.83
2054	82.68	-9.48	-23.81
2055	82.72	-9.47	-23.81
2056	82.76	-9.48	-23.8
2057	82.8	-9.48	-23.79
2058	82.84	-9.48	-23.81
2059	82.88	-9.48	-23.82
2060	82.92	-9.48	-23.84
2061	82.96	-9.49	-23.86
2062	83	-9.5	-23.87
2063	83.04	-9.53	-23.87
2064	83.08	-9.54	-23.88
2065	83.12	-9.54	-23.88
2066	83.16	-9.52	-23.88
2067	83.2	-9.5	-23.89
2068	83.24	-9.49	-23.89
2069	83.28	-9.48	-23.89
2070	83.32	-9.47	-23.9
2071	83.36	-9.46	-23.9
2072	83.4	-9.44	-23.91
2073	83.44	-9.42	-23.92
2074	83.48	-9.42	-23.94
2075	83.52	-9.39	-23.96
2076	83.56	-9.4	-23.96
2077	83.6	-9.4	-23.96
2078	83.64	-9.41	-23.94
2079	83.68	-9.45	-23.91
2080	83.72	-9.45	-23.91
2081	83.76	-9.44	-23.9
2082	83.8	-9.44	-23.9
2083	83.84	-9.43	-23.91
2084	83.88	-9.42	-23.9
2085	83.92	-9.42	-23.89
2086	83.96	-9.44	-23.87
2087	84	-9.46	-23.83
2088	84.04	-9.47	-23.79
2089	84.08	-9.5	-23.74
2090	84.12	-9.51	-23.7
2091	84.16	-9.53	-23.66
2092	84.2	-9.54	-23.64
2093	84.24	-9.55	-23.61
2094	84.28	-9.54	-23.59
2095	84.32	-9.51	-23.58
2096	84.36	-9.5	-23.56
2097	84.4	-9.48	-23.55
2098	84.44	-9.46	-23.56
2099	84.48	-9.42	-23.59
2100	84.52	-9.4	-23.61
2101	84.56	-9.36	-23.64
2102	84.6	-9.3	-23.63
2103	84.64	-9.23	-23.62
2104	84.68	-9.13	-23.6
2105	84.72	-9.06	-23.58
2106	84.76	-9	-23.59
2107	84.8	-8.98	-23.57
2108	84.84	-8.95	-23.57
2109	84.88	-8.93	-23.56
2110	84.92	-8.93	-23.55
2111	84.96	-8.91	-23.54
2112	85	-8.92	-23.54
2113	85.04	-8.92	-23.54
2114	85.08	-8.93	-23.53
2115	85.12	-8.93	-23.53
2116	85.16	-8.94	-23.52
2117	85.2	-8.95	-23.52
2118	85.24	-8.95	-23.53
2119	85.28	-8.96	-23.52
2120	85.32	-8.97	-23.52
2121	85.36	-8.97	-23.51
2122	85.4	-8.98	-23.5
2123	85.44	-8.99	-23.5
2124	85.48	-9.01	-23.51
2125	85.52	-9.02	-23.5
2126	85.56	-9.03	-23.49
2127	85.6	-9.02	-23.48
2128	85.64	-9.02	-23.47
2129	85.68	-9.01	-23.47
2130	85.72	-9.03	-23.46
2131	85.76	-9.01	-23.47
2132	85.8	-9.01	-23.47
2133	85.84	-9	-23.47
2134	85.88	-8.99	-23.47
2135	85.92	-9	-23.46
2136	85.96	-8.99	-23.46
2137	86	-9	-23.46
2138	86.04	-8.99	-23.47
2139	86.08	-8.98	-23.47
2140	86.12	-8.97	-23.47
2141	86.16	-8.97	-23.46
2142	86.2	-8.98	-23.45
2143	86.24	-9.02	-23.45
2144	86.28	-9.08	-23.43
2145	86.32	-9.1	-23.43
2146	86.36	-9.14	-23.41
2147	86.4	-9.14	-23.37
2148	86.44	-9.12	-23.33
2149	86.48	-9.12	-23.27
2150	86.52	-9.11	-23.23
2151	86.56	-9.14	-23.21
2152	86.6	-9.15	-23.22
2153	86.64	-9.17	-23.23
2154	86.68	-9.18	-23.25
2155	86.72	-9.16	-23.27
2156	86.76	-9.14	-23.27
2157	86.8	-9.12	-23.28
2158	86.84	-9.09	-23.27
2159	86.88	-9.08	-23.25
2160	86.92	-9.08	-23.25
2161	86.96	-9.09	-23.23
2162	87	-9.1	-23.22
2163	87.04	-9.11	-23.2
2164	87.08	-9.12	-23.19
2165	87.12	-9.1	-23.17
2166	87.16	-9.11	-23.16
2167	87.2	-9.09	-23.15
2168	87.24	-9.09	-23.15
2169	87.28	-9.11	-23.15
2170	87.32	-9.11	-23.14
2171	87.36	-9.14	-23.13
2172	87.4	-9.18	-23.1
2173	87.44	-9.21	-23.08
2174	87.48	-9.25	-23.05
2175	87.52	-9.29	-23.01
2176	87.56	-9.33	-22.97
2177	87.6	-9.35	-22.96
2178	87.64	-9.39	-22.95
2179	87.68	-9.43	-22.95
2180	87.72	-9.49	-22.97
2181	87.76	-9.55	-23
2182	87.8	-9.62	-23.02
2183	87.84	-9.65	-23.02
2184	87.88	-9.67	-23.02
2185	87.92	-9.68	-22.99
2186	87.96	-9.69	-22.98
2187	88	-9.71	-22.98
2188	88.04	-9.74	-23
2189	88.08	-9.76	-23.05
2190	88.12	-9.78	-23.14
2191	88.16	-9.82	-23.24
2192	88.2	-9.85	-23.35
2193	88.24	-9.86	-23.44
2194	88.28	-9.85	-23.48
2195	88.32	-9.84	-23.49
2196	88.36	-9.82	-23.49
2197	88.4	-9.81	-23.49
2198	88.44	-9.83	-23.49
2199	88.48	-9.84	-23.5
2200	88.52	-9.86	-23.5
2201	88.56	-9.9	-23.47
2202	88.6	-9.94	-23.43
2203	88.64	-9.98	-23.4
2204	88.68	-10.04	-23.38
2205	88.72	-10.11	-23.39
2206	88.76	-10.19	-23.43
2207	88.8	-10.29	-23.49
2208	88.84	-10.37	-23.57
2209	88.88	-10.42	-23.64
2210	88.92	-10.48	-23.67
2211	88.96	-10.55	-23.71
2212	89	-10.67	-23.73
2213	89.04	-10.8	-23.72
2214	89.08	-10.91	-23.73
2215	89.12	-11	-23.74
2216	89.16	-11.06	-23.74
2217	89.2	-11.13	-23.77
2218	89.24	-11.19	-23.78
2219	89.28	-11.25	-23.78
2220	89.32	-11.3	-23.8
2221	89.36	-11.33	-23.85
2222	89.4	-11.33	-23.89
2223	89.44	-11.34	-23.94
2224	89.48	-11.36	-23.97
2225	89.52	-11.4	-23.97
2226	89.56	-11.48	-23.98
2227	89.6	-11.58	-23.99
2228	89.64	-11.7	-24.02
2229	89.68	-11.88	-24.06
2230	89.72	-12.1	-24.12
2231	89.76	-12.29	-24.16
2232	89.8	-12.42	-24.19
2233	89.84	-12.44	-24.18
2234	89.88	-12.41	-24.15
2235	89.92	-12.36	-24.1
2236	89.96	-12.33	-24.04
2237	90	-12.33	-24
2238	90.04	-12.32	-23.98
2239	90.08	-12.32	-23.97
2240	90.12	-12.32	-23.95
2241	90.16	-12.31	-23.92
2242	90.2	-12.29	-23.89
2243	90.24	-12.26	-23.86
2244	90.28	-12.25	-23.83
2245	90.32	-12.26	-23.8
2246	90.36	-12.31	-23.77
2247	90.4	-12.36	-23.77
2248	90.44	-12.41	-23.78
2249	90.48	-12.41	-23.8
2250	90.52	-12.4	-23.81
2251	90.56	-12.38	-23.76
2252	90.6	-12.36	-23.7
2253	90.64	-12.34	-23.63
2254	90.68	-12.3	-23.55
2255	90.72	-12.27	-23.49
2256	90.76	-12.25	-23.42
2257	90.8	-12.23	-23.33
2258	90.84	-12.21	-23.25
2259	90.88	-12.19	-23.16
2260	90.92	-12.18	-23.09
2261	90.96	-12.17	-23.03
2262	91	-12.16	-22.98
2263	91.04	-12.14	-22.92
2264	91.08	-12.13	-22.89
2265	91.12	-12.12	-22.85
2266	91.16	-12.12	-22.85
2267	91.2	-12.13	-22.86
2268	91.24	-12.13	-22.88
2269	91.28	-12.13	-22.92
2270	91.32	-12.11	-22.96
2271	91.36	-12.1	-22.99
2272	91.4	-12.07	-22.98
2273	91.44	-12.06	-22.96
2274	91.48	-12.06	-22.94
2275	91.52	-12.06	-22.9
2276	91.56	-12.07	-22.85
2277	91.6	-12.09	-22.8
2278	91.64	-12.11	-22.75
2279	91.68	-12.12	-22.73
2280	91.72	-12.12	-22.74
2281	91.76	-12.11	-22.76
2282	91.8	-12.1	-22.78
2283	91.84	-12.08	-22.8
2284	91.88	-12.07	-22.78
2285	91.92	-12.06	-22.76
2286	91.96	-12.05	-22.72
2287	92	-12.05	-22.68
2288	92.04	-12.04	-22.69
2289	92.08	-12.04	-22.7
2290	92.12	-12.03	-22.73
2291	92.16	-12.02	-22.75
2292	92.2	-12.03	-22.79
2293	92.24	-12.05	-22.82
2294	92.28	-12.08	-22.86
2295	92.32	-12.12	-22.89
2296	92.36	-12.16	-22.93
2297	92.4	-12.21	-22.97
2298	92.44	-12.26	-23.01
2299	92.48	-12.3	-23.04
2300	92.52	-12.34	-23.06
2301	92.56	-12.38	-23.08
2302	92.6	-12.43	-23.12
2303	92.64	-12.49	-23.18
2304	92.68	-12.55	-23.23
2305	92.72	-12.61	-23.29
2306	92.76	-12.67	-23.36
2307	92.8	-12.72	-23.42
2308	92.84	-12.78	-23.47
2309	92.88	-12.81	-23.5
2310	92.92	-12.85	-23.53
2311	92.96	-12.88	-23.55
2312	93	-12.9	-23.57
2313	93.04	-12.95	-23.59
2314	93.08	-13.05	-23.58
2315	93.12	-13.21	-23.6
2316	93.16	-13.39	-23.64
2317	93.2	-13.56	-23.71
2318	93.24	-13.66	-23.76
2319	93.28	-13.7	-23.79
2320	93.32	-13.7	-23.8
2321	93.36	-13.7	-23.78
2322	93.4	-13.7	-23.77
2323	93.44	-13.7	-23.75
2324	93.48	-13.72	-23.74
2325	93.52	-13.75	-23.74
2326	93.56	-13.79	-23.79
2327	93.6	-13.82	-23.88
2328	93.64	-13.84	-23.96
2329	93.68	-13.86	-24.01
2330	93.72	-13.86	-24.02
2331	93.76	-13.88	-24
2332	93.8	-13.9	-24.01
2333	93.84	-13.94	-24.04
2334	93.88	-14.04	-24.08
2335	93.92	-14.2	-24.13
2336	93.96	-14.38	-24.15
2337	94	-14.55	-24.2
2338	94.04	-14.66	-24.25
2339	94.08	-14.72	-24.31
2340	94.12	-14.76	-24.37
2341	94.16	-14.78	-24.41
2342	94.2	-14.79	-24.42
2343	94.24	-14.8	-24.43
2344	94.28	-14.8	-24.44
2345	94.32	-14.81	-24.45
2346	94.36	-14.85	-24.5
2347	94.4	-14.91	-24.5
2348	94.44	-15	-24.49
2349	94.48	-15.1	-24.47
2350	94.52	-15.19	-24.41
2351	94.56	-15.26	-24.38
2352	94.59	-15.29	-24.37
2353	94.63	-15.3	-24.36
2354	94.68	-15.3	-24.35
2355	94.71	-15.3	-24.35
2356	94.75	-15.29	-24.32
2357	94.79	-15.28	-24.29
2358	94.83	-15.26	-24.25
2359	94.87	-15.25	-24.21
2360	94.91	-15.24	-24.18
2361	94.95	-15.23	-24.16
2362	94.99	-15.24	-24.15
2363	95.03	-15.25	-24.13
2364	95.07	-15.26	-24.1
2365	95.11	-15.28	-24.07
2366	95.15	-15.32	-24.02
2367	95.19	-15.38	-23.99
2368	95.23	-15.44	-23.95
2369	95.27	-15.51	-23.91
2370	95.31	-15.57	-23.86
2371	95.35	-15.62	-23.8
2372	95.39	-15.68	-23.77
2373	95.43	-15.74	-23.73
2374	95.47	-15.81	-23.72
2375	95.51	-15.86	-23.71
2376	95.55	-15.9	-23.71
2377	95.59	-15.95	-23.72
2378	95.63	-15.97	-23.72
2379	95.67	-16.01	-23.75
2380	95.71	-16.04	-23.78
2381	95.75	-16.04	-23.81
2382	95.79	-16.05	-23.84
2383	95.83	-16.05	-23.87
2384	95.87	-16.05	-23.88
2385	95.91	-16.07	-23.89
2386	95.95	-16.1	-23.9
2387	95.99	-16.16	-23.91
2388	96.03	-16.23	-23.94
2389	96.07	-16.3	-23.95
2390	96.11	-16.35	-23.97
2391	96.15	-16.37	-23.97
2392	96.19	-16.38	-23.96
2393	96.23	-16.38	-23.95
2394	96.27	-16.41	-23.95
2395	96.31	-16.45	-23.98
2396	96.35	-16.49	-24.02
2397	96.39	-16.54	-24.08
2398	96.43	-16.56	-24.12
2399	96.47	-16.56	-24.15
2400	96.51	-16.56	-24.17
2401	96.55	-16.56	-24.19
2402	96.59	-16.56	-24.22
2403	96.63	-16.57	-24.26
2404	96.67	-16.57	-24.29
2405	96.71	-16.56	-24.32
2406	96.75	-16.59	-24.35
2407	96.79	-16.59	-24.35
2408	96.83	-16.62	-24.36
2409	96.87	-16.65	-24.37
2410	96.91	-16.64	-24.38
2411	96.95	-16.63	-24.39
2412	96.99	-16.62	-24.42
2413	97.03	-16.62	-24.45
2414	97.07	-16.61	-24.47
2415	97.11	-16.64	-24.49
2416	97.15	-16.68	-24.52
2417	97.19	-16.72	-24.54
2418	97.23	-16.76	-24.55
2419	97.27	-16.78	-24.56
2420	97.31	-16.8	-24.57
2421	97.35	-16.83	-24.58
2422	97.39	-16.86	-24.58
2423	97.43	-16.9	-24.61
2424	97.47	-16.93	-24.63
2425	97.51	-16.94	-24.64
2426	97.55	-16.98	-24.68
2427	97.59	-17.01	-24.7
2428	97.63	-17.12	-24.73
2429	97.67	-17.21	-24.76
2430	97.71	-17.29	-24.78
2431	97.75	-17.31	-24.79
2432	97.79	-17.27	-24.77
2433	97.83	-17.24	-24.74
2434	97.87	-17.19	-24.67
2435	97.91	-17.16	-24.64
2436	97.95	-17.12	-24.61
2437	97.99	-17.06	-24.59
2438	98.03	-17.01	-24.58
2439	98.07	-16.95	-24.57
2440	98.11	-16.89	-24.55
2441	98.15	-16.83	-24.51
2442	98.19	-16.81	-24.45
2443	98.23	-16.78	-24.41
2444	98.27	-16.74	-24.37
2445	98.31	-16.72	-24.36
2446	98.35	-16.68	-24.37
2447	98.39	-16.63	-24.37
2448	98.43	-16.61	-24.37
2449	98.47	-16.6	-24.35
2450	98.51	-16.56	-24.35
2451	98.55	-16.52	-24.34
2452	98.59	-16.47	-24.33
2453	98.63	-16.41	-24.31
2454	98.67	-16.38	-24.29
2455	98.71	-16.37	-24.27
2456	98.75	-16.36	-24.25
2457	98.79	-16.36	-24.23
2458	98.83	-16.36	-24.2
2459	98.87	-16.37	-24.17
2460	98.91	-16.39	-24.15
2461	98.95	-16.39	-24.14
2462	98.99	-16.36	-24.15
2463	99.03	-16.34	-24.16
2464	99.07	-16.35	-24.18
2465	99.11	-16.35	-24.2
2466	99.15	-16.36	-24.21
2467	99.19	-16.38	-24.23
2468	99.23	-16.38	-24.24
2469	99.27	-16.37	-24.24
2470	99.31	-16.4	-24.25
2471	99.35	-16.41	-24.25
2472	99.39	-16.44	-24.24
2473	99.43	-16.45	-24.22
2474	99.47	-16.43	-24.21
2475	99.51	-16.41	-24.19
2476	99.55	-16.38	-24.18
2477	99.59	-16.38	-24.19
2478	99.63	-16.36	-24.19
2479	99.67	-16.36	-24.19
2480	99.71	-16.35	-24.19
2481	99.75	-16.34	-24.19
2482	99.79	-16.33	-24.19
2483	99.83	-16.32	-24.2
2484	99.87	-16.33	-24.2
2485	99.91	-16.32	-24.2
2486	99.95	-16.32	-24.21
2487	99.99	-16.3	-24.21
2488	100.03	-16.28	-24.22
2489	100.07	-16.28	-24.21
2490	100.11	-16.29	-24.2
2491	100.15	-16.29	-24.19
2492	100.19	-16.31	-24.17
2493	100.23	-16.31	-24.16
2494	100.27	-16.33	-24.15
2495	100.31	-16.32	-24.14
2496	100.35	-16.31	-24.13
2497	100.39	-16.29	-24.13
2498	100.43	-16.27	-24.12
2499	100.47	-16.26	-24.13
2500	100.51	-16.26	-24.13
2501	100.55	-16.23	-24.13
2502	100.59	-16.21	-24.15
2503	100.63	-16.2	-24.16
2504	100.67	-16.18	-24.17
2505	100.71	-16.2	-24.15
2506	100.75	-16.21	-24.1
2507	100.79	-16.23	-24.05
2508	100.83	-16.24	-24
2509	100.87	-16.24	-23.99
2510	100.91	-16.22	-24.01
2511	100.95	-16.19	-24.03
2512	100.99	-16.17	-24.06
2513	101.03	-16.15	-24.1
2514	101.07	-16.13	-24.12
2515	101.11	-16.11	-24.15
2516	101.15	-16.08	-24.17
2517	101.19	-16.08	-24.18
2518	101.23	-16.09	-24.19
2519	101.27	-16.08	-24.2
2520	101.31	-16.08	-24.2
2521	101.35	-16.04	-24.2
2522	101.39	-16	-24.2
2523	101.43	-15.99	-24.2
2524	101.47	-15.96	-24.22
2525	101.51	-15.98	-24.26
2526	101.55	-15.97	-24.3
2527	101.59	-15.96	-24.32
2528	101.63	-15.96	-24.35
2529	101.67	-15.96	-24.37
2530	101.71	-15.99	-24.38
2531	101.75	-16.01	-24.41
2532	101.79	-16.03	-24.44
2533	101.83	-16.05	-24.48
2534	101.87	-16.05	-24.52
2535	101.91	-16.08	-24.56
2536	101.95	-16.09	-24.58
2537	101.99	-16.11	-24.6
2538	102.03	-16.14	-24.63
2539	102.07	-16.17	-24.65
2540	102.11	-16.2	-24.68
2541	102.15	-16.24	-24.69
2542	102.19	-16.29	-24.71
2543	102.23	-16.32	-24.71
2544	102.27	-16.36	-24.71
2545	102.31	-16.39	-24.72
2546	102.35	-16.41	-24.72
2547	102.39	-16.41	-24.72
2548	102.43	-16.42	-24.73
2549	102.47	-16.41	-24.74
2550	102.51	-16.42	-24.74
2551	102.55	-16.45	-24.74
2552	102.59	-16.47	-24.73
2553	102.63	-16.5	-24.73
2554	102.67	-16.5	-24.73
2555	102.71	-16.51	-24.73
2556	102.75	-16.52	-24.74
2557	102.79	-16.54	-24.76
2558	102.83	-16.55	-24.79
2559	102.87	-16.57	-24.86
2560	102.91	-16.6	-24.96
2561	102.95	-16.63	-25.03
2562	102.99	-16.65	-25.09
2563	103.03	-16.67	-25.11
2564	103.07	-16.66	-25.1
2565	103.11	-16.66	-25.09
2566	103.15	-16.7	-25.08
2567	103.19	-16.7	-25.07
2568	103.23	-16.73	-25.07
2569	103.27	-16.75	-25.08
2570	103.31	-16.77	-25.09
2571	103.35	-16.79	-25.1
2572	103.39	-16.82	-25.11
2573	103.43	-16.85	-25.11
2574	103.47	-16.88	-25.11
2575	103.51	-16.94	-25.11
2576	103.55	-17	-25.1
2577	103.59	-17.03	-25.1
2578	103.63	-17.06	-25.1
2579	103.67	-17.09	-25.11
2580	103.71	-17.11	-25.12
2581	103.75	-17.14	-25.12
2582	103.79	-17.12	-25.11
2583	103.83	-17.09	-25.11
2584	103.87	-17.06	-25.1
2585	103.91	-17.07	-25.09
2586	103.95	-17.1	-25.09
2587	103.99	-17.11	-25.08
2588	104.03	-17.08	-25.06
2589	104.07	-17.06	-25.04
2590	104.11	-17	-25.02
2591	104.15	-16.96	-24.99
2592	104.19	-16.94	-24.98
2593	104.23	-16.86	-24.96
2594	104.27	-16.8	-24.95
2595	104.31	-16.73	-24.94
2596	104.35	-16.72	-24.93
2597	104.39	-16.71	-24.92
2598	104.43	-16.74	-24.89
2599	104.47	-16.82	-24.85
2600	104.51	-16.91	-24.79
2601	104.55	-17.02	-24.73
2602	104.59	-17.14	-24.69
2603	104.63	-17.21	-24.67
2604	104.67	-17.23	-24.68
2605	104.71	-17.24	-24.69
2606	104.75	-17.22	-24.7
2607	104.79	-17.19	-24.69
2608	104.83	-17.2	-24.67
2609	104.87	-17.2	-24.64
2610	104.91	-17.21	-24.62
2611	104.95	-17.23	-24.59
2612	104.99	-17.24	-24.57
2613	105.03	-17.25	-24.55
2614	105.07	-17.26	-24.54
2615	105.11	-17.25	-24.53
2616	105.15	-17.26	-24.54
2617	105.19	-17.26	-24.54
2618	105.23	-17.26	-24.53
2619	105.27	-17.27	-24.53
2620	105.31	-17.28	-24.52
2621	105.35	-17.28	-24.51
2622	105.39	-17.28	-24.51
2623	105.43	-17.29	-24.51
2624	105.47	-17.28	-24.51
2625	105.51	-17.28	-24.5
2626	105.55	-17.29	-24.5
2627	105.59	-17.28	-24.5
2628	105.63	-17.27	-24.51
2629	105.67	-17.26	-24.52
2630	105.71	-17.23	-24.53
2631	105.75	-17.21	-24.55
2632	105.79	-17.2	-24.55
2633	105.83	-17.2	-24.55
2634	105.87	-17.21	-24.54
2635	105.91	-17.21	-24.54
2636	105.95	-17.19	-24.55
2637	105.99	-17.17	-24.56
2638	106.03	-17.17	-24.58
2639	106.07	-17.16	-24.57
2640	106.11	-17.15	-24.58
2641	106.15	-17.14	-24.59
2642	106.19	-17.12	-24.59
2643	106.23	-17.12	-24.6
2644	106.27	-17.13	-24.59
2645	106.31	-17.12	-24.58
2646	106.35	-17.13	-24.56
2647	106.39	-17.12	-24.54
2648	106.43	-17.11	-24.54
2649	106.47	-17.11	-24.52
2650	106.51	-17.09	-24.52
2651	106.55	-17.11	-24.52
2652	106.59	-17.1	-24.52
2653	106.63	-17.11	-24.51
2654	106.67	-17.12	-24.51
2655	106.71	-17.12	-24.5
2656	106.75	-17.13	-24.49
2657	106.79	-17.12	-24.49
2658	106.83	-17.11	-24.48
2659	106.87	-17.12	-24.48
2660	106.91	-17.12	-24.47
2661	106.95	-17.12	-24.47
2662	106.99	-17.12	-24.46
2663	107.03	-17.12	-24.47
2664	107.07	-17.11	-24.47
2665	107.11	-17.1	-24.47
2666	107.15	-17.1	-24.47
2667	107.19	-17.1	-24.47
2668	107.23	-17.11	-24.46
2669	107.27	-17.13	-24.46
2670	107.31	-17.13	-24.46
2671	107.35	-17.14	-24.45
2672	107.39	-17.13	-24.46
2673	107.43	-17.14	-24.46
2674	107.47	-17.16	-24.45
2675	107.51	-17.15	-24.46
2676	107.55	-17.17	-24.45
2677	107.59	-17.16	-24.44
2678	107.63	-17.17	-24.45
2679	107.67	-17.16	-24.45
2680	107.71	-17.16	-24.45
2681	107.75	-17.16	-24.45
2682	107.79	-17.15	-24.44
2683	107.83	-17.15	-24.44
2684	107.87	-17.15	-24.44
2685	107.91	-17.15	-24.44
2686	107.95	-17.14	-24.44
2687	107.99	-17.16	-24.44
2688	108.03	-17.17	-24.44
2689	108.07	-17.16	-24.44
2690	108.11	-17.15	-24.44
2691	108.15	-17.12	-24.44
2692	108.19	-17.06	-24.45
2693	108.23	-17.01	-24.45
2694	108.27	-16.98	-24.44
2695	108.31	-16.93	-24.44
2696	108.35	-16.94	-24.43
2697	108.39	-16.92	-24.44
2698	108.43	-16.91	-24.45
2699	108.47	-16.9	-24.47
2700	108.51	-16.88	-24.5
2701	108.55	-16.89	-24.5
2702	108.59	-16.87	-24.53
2703	108.63	-16.84	-24.56
2704	108.67	-16.8	-24.57
2705	108.71	-16.77	-24.57
2706	108.75	-16.75	-24.55
2707	108.79	-16.76	-24.49
2708	108.83	-16.77	-24.44
2709	108.87	-16.73	-24.41
2710	108.91	-16.72	-24.39
2711	108.95	-16.71	-24.37
2712	108.99	-16.69	-24.37
2713	109.03	-16.7	-24.36
2714	109.07	-16.71	-24.36
2715	109.11	-16.73	-24.35
2716	109.15	-16.75	-24.33
2717	109.19	-16.76	-24.3
2718	109.23	-16.74	-24.28
2719	109.27	-16.71	-24.24
2720	109.31	-16.68	-24.22
2721	109.35	-16.67	-24.21
2722	109.39	-16.67	-24.19
2723	109.43	-16.68	-24.19
2724	109.47	-16.68	-24.18
2725	109.51	-16.69	-24.18
2726	109.55	-16.67	-24.18
2727	109.59	-16.67	-24.17
2728	109.63	-16.67	-24.17
2729	109.67	-16.66	-24.16
2730	109.71	-16.65	-24.16
2731	109.75	-16.63	-24.18
2732	109.79	-16.61	-24.18
2733	109.83	-16.61	-24.2
2734	109.87	-16.61	-24.2
2735	109.91	-16.63	-24.2
2736	109.95	-16.64	-24.18
2737	109.99	-16.63	-24.17
2738	110.03	-16.64	-24.16
2739	110.07	-16.63	-24.15
2740	110.11	-16.63	-24.16
2741	110.15	-16.63	-24.17
2742	110.19	-16.62	-24.18
2743	110.23	-16.61	-24.19
2744	110.27	-16.6	-24.2
2745	110.31	-16.59	-24.21
2746	110.35	-16.58	-24.23
2747	110.39	-16.57	-24.23
2748	110.43	-16.58	-24.23
2749	110.47	-16.6	-24.24
2750	110.51	-16.62	-24.22
2751	110.55	-16.63	-24.22
2752	110.59	-16.63	-24.21
2753	110.63	-16.61	-24.2
2754	110.67	-16.6	-24.19
2755	110.71	-16.59	-24.17
2756	110.75	-16.56	-24.15
2757	110.79	-16.53	-24.13
2758	110.83	-16.48	-24.12
2759	110.87	-16.44	-24.11
2760	110.91	-16.42	-24.09
2761	110.95	-16.39	-24.07
2762	110.99	-16.38	-24.06
2763	111.03	-16.36	-24.04
2764	111.07	-16.35	-24.04
2765	111.11	-16.33	-24.03
2766	111.15	-16.3	-24.02
2767	111.19	-16.27	-24
2768	111.23	-16.23	-23.98
2769	111.27	-16.2	-23.95
2770	111.31	-16.17	-23.93
2771	111.35	-16.16	-23.92
2772	111.39	-16.14	-23.9
2773	111.43	-16.11	-23.87
2774	111.47	-16.07	-23.84
2775	111.51	-16.03	-23.8
2776	111.55	-15.99	-23.77
2777	111.59	-15.96	-23.74
2778	111.63	-15.94	-23.71
2779	111.67	-15.91	-23.7
2780	111.71	-15.9	-23.68
2781	111.75	-15.89	-23.67
2782	111.79	-15.88	-23.67
2783	111.83	-15.89	-23.66
2784	111.87	-15.89	-23.65
2785	111.91	-15.89	-23.66
2786	111.95	-15.91	-23.64
2787	111.99	-15.91	-23.66
2788	112.03	-15.92	-23.66
2789	112.07	-15.93	-23.66
2790	112.11	-15.94	-23.67
2791	112.15	-15.94	-23.66
2792	112.19	-15.93	-23.67
2793	112.23	-15.94	-23.66
2794	112.27	-15.94	-23.66
2795	112.31	-15.94	-23.66
2796	112.35	-15.96	-23.65
2797	112.39	-15.95	-23.66
2798	112.43	-15.96	-23.65
2799	112.47	-15.97	-23.65
2800	112.51	-15.98	-23.65
2801	112.55	-16	-23.65
2802	112.59	-16.01	-23.65
2803	112.63	-16.01	-23.64
2804	112.67	-16.03	-23.62
2805	112.71	-16.04	-23.6
2806	112.75	-16.05	-23.59
2807	112.79	-16.06	-23.56
2808	112.83	-16.06	-23.56
2809	112.87	-16.05	-23.54
2810	112.91	-16.05	-23.54
2811	112.95	-16.04	-23.54
2812	112.99	-16.04	-23.54
2813	113.03	-16.04	-23.54
2814	113.07	-16.05	-23.53
2815	113.11	-16.06	-23.52
2816	113.15	-16.06	-23.53
2817	113.19	-16.06	-23.53
2818	113.23	-16.04	-23.53
2819	113.27	-16.03	-23.55
2820	113.31	-16.01	-23.57
2821	113.35	-16	-23.59
2822	113.39	-15.99	-23.62
2823	113.43	-15.98	-23.65
2824	113.47	-15.96	-23.72
2825	113.51	-15.92	-23.81
2826	113.55	-15.89	-23.88
2827	113.59	-15.86	-23.95
2828	113.63	-15.85	-23.98
2829	113.67	-15.83	-24
2830	113.71	-15.81	-24.03
2831	113.75	-15.78	-24.06
2832	113.79	-15.76	-24.08
2833	113.83	-15.73	-24.09
2834	113.87	-15.69	-24.1
2835	113.91	-15.65	-24.11
2836	113.95	-15.62	-24.12
2837	113.99	-15.59	-24.14
2838	114.03	-15.57	-24.14
2839	114.07	-15.53	-24.14
2840	114.11	-15.5	-24.13
2841	114.15	-15.46	-24.11
2842	114.19	-15.42	-24.11
2843	114.23	-15.39	-24.1
2844	114.27	-15.36	-24.13
2845	114.31	-15.33	-24.16
2846	114.35	-15.33	-24.2
2847	114.39	-15.31	-24.23
2848	114.43	-15.3	-24.26
2849	114.47	-15.29	-24.29
2850	114.51	-15.26	-24.31
2851	114.55	-15.23	-24.32
2852	114.59	-15.22	-24.32
2853	114.63	-15.22	-24.3
2854	114.67	-15.22	-24.28
2855	114.71	-15.22	-24.26
2856	114.75	-15.19	-24.23
2857	114.79	-15.17	-24.22
2858	114.83	-15.16	-24.22
2859	114.87	-15.15	-24.23
2860	114.91	-15.17	-24.24
2861	114.95	-15.17	-24.23
2862	114.99	-15.17	-24.22
2863	115.03	-15.14	-24.2
2864	115.07	-15.08	-24.18
2865	115.11	-15.01	-24.18
2866	115.15	-14.95	-24.18
2867	115.19	-14.93	-24.18
2868	115.23	-14.93	-24.17
2869	115.27	-14.94	-24.16
2870	115.31	-14.93	-24.14
2871	115.35	-14.91	-24.12
2872	115.39	-14.86	-24.1
2873	115.43	-14.83	-24.07
2874	115.47	-14.81	-24.05
2875	115.51	-14.81	-24.03
2876	115.55	-14.82	-24.03
2877	115.59	-14.82	-24.02
2878	115.63	-14.81	-24.04
2879	115.67	-14.8	-24.03
2880	115.71	-14.79	-24.04
2881	115.75	-14.82	-24.05
2882	115.79	-14.84	-24.05
2883	115.83	-14.88	-24.07
2884	115.87	-14.9	-24.09
2885	115.91	-14.9	-24.11
2886	115.95	-14.89	-24.12
2887	115.99	-14.87	-24.12
2888	116.03	-14.86	-24.13
2889	116.07	-14.85	-24.14
2890	116.11	-14.83	-24.16
2891	116.15	-14.8	-24.19
2892	116.19	-14.75	-24.21
2893	116.23	-14.7	-24.25
2894	116.27	-14.65	-24.29
2895	116.31	-14.63	-24.31
2896	116.35	-14.62	-24.34
2897	116.39	-14.62	-24.35
2898	116.43	-14.63	-24.35
2899	116.47	-14.63	-24.36
2900	116.51	-14.63	-24.35
2901	116.55	-14.65	-24.35
2902	116.59	-14.67	-24.33
2903	116.63	-14.7	-24.32
2904	116.67	-14.73	-24.3
2905	116.71	-14.74	-24.28
2906	116.75	-14.74	-24.28
2907	116.79	-14.74	-24.27
2908	116.83	-14.73	-24.27
2909	116.87	-14.73	-24.26
2910	116.91	-14.71	-24.27
2911	116.95	-14.69	-24.27
2912	116.99	-14.66	-24.28
2913	117.03	-14.64	-24.27
2914	117.07	-14.61	-24.27
2915	117.11	-14.59	-24.26
2916	117.15	-14.59	-24.26
2917	117.19	-14.59	-24.24
2918	117.23	-14.58	-24.21
2919	117.27	-14.56	-24.15
2920	117.31	-14.54	-24.1
2921	117.35	-14.52	-24.05
2922	117.39	-14.51	-24.04
2923	117.43	-14.5	-24.03
2924	117.47	-14.5	-24.02
2925	117.51	-14.52	-24.05
2926	117.55	-14.53	-24.04
2927	117.59	-14.53	-24.04
2928	117.63	-14.51	-24.04
2929	117.67	-14.47	-23.99
2930	117.71	-14.42	-23.96
2931	117.75	-14.39	-23.95
2932	117.79	-14.38	-23.95
2933	117.83	-14.36	-23.97
2934	117.87	-14.35	-23.98
2935	117.91	-14.35	-23.97
2936	117.95	-14.35	-23.96
2937	117.99	-14.35	-23.95
2938	118.03	-14.35	-23.94
2939	118.07	-14.35	-23.95
2940	118.11	-14.35	-23.95
2941	118.15	-14.34	-23.95
2942	118.19	-14.34	-23.95
2943	118.23	-14.34	-23.95
2944	118.27	-14.34	-23.95
2945	118.31	-14.34	-23.95
2946	118.35	-14.34	-23.95
2947	118.39	-14.34	-23.96
2948	118.43	-14.34	-23.96
2949	118.47	-14.34	-23.96
2950	118.51	-14.34	-23.95
2951	118.55	-14.34	-23.95
2952	118.59	-14.34	-23.94
2953	118.63	-14.34	-23.94
2954	118.67	-14.34	-23.94
2955	118.71	-14.33	-23.95
2956	118.75	-14.33	-23.96
2957	118.79	-14.34	-23.96
2958	118.83	-14.34	-23.96
2959	118.87	-14.34	-23.96
2960	118.91	-14.34	-23.95
2961	118.95	-14.34	-23.95
2962	118.99	-14.34	-23.94
2963	119.03	-14.35	-23.94
2964	119.07	-14.35	-23.94
2965	119.11	-14.35	-23.94
2966	119.15	-14.36	-23.94
2967	119.19	-14.36	-23.95
2968	119.23	-14.37	-23.96
2969	119.27	-14.38	-24
2970	119.31	-14.43	-24.05
2971	119.35	-14.49	-24.11
2972	119.39	-14.56	-24.16
2973	119.43	-14.61	-24.18
2974	119.47	-14.64	-24.18
2975	119.51	-14.65	-24.16
2976	119.55	-14.65	-24.16
2977	119.59	-14.66	-24.15
2978	119.63	-14.66	-24.15
2979	119.67	-14.65	-24.16
2980	119.71	-14.64	-24.16
2981	119.75	-14.64	-24.17
2982	119.79	-14.63	-24.17
2983	119.83	-14.63	-24.16
2984	119.87	-14.63	-24.16
2985	119.91	-14.63	-24.15
