1	0.06	-3.36	-5.57
2	0.1	-3.33	-5.61
3	0.14	-3.32	-5.63
4	0.18	-3.3	-5.66
5	0.22	-3.3	-5.66
6	0.26	-3.29	-5.67
7	0.3	-3.28	-5.67
8	0.34	-3.28	-5.68
9	0.38	-3.28	-5.67
10	0.42	-3.28	-5.68
11	0.51	-3.27	-5.7
12	0.54	-3.27	-5.72
13	0.58	-3.26	-5.76
14	0.62	-3.26	-5.78
15	0.66	-3.26	-5.79
16	0.7	-3.26	-5.79
17	0.74	-3.27	-5.77
18	0.78	-3.27	-5.75
19	0.82	-3.26	-5.74
20	0.86	-3.26	-5.71
21	0.9	-3.27	-5.67
22	0.94	-3.28	-5.63
23	0.98	-3.31	-5.57
24	1.02	-3.33	-5.52
25	1.06	-3.35	-5.46
26	1.1	-3.37	-5.41
27	1.14	-3.4	-5.36
28	1.18	-3.45	-5.31
29	1.22	-3.5	-5.26
30	1.26	-3.56	-5.2
31	1.3	-3.56	-5.17
32	1.34	-3.51	-5.15
33	1.38	-3.42	-5.14
34	1.42	-3.32	-5.13
35	1.46	-3.27	-5.09
36	1.5	-3.24	-5.08
37	1.54	-3.21	-5.09
38	1.58	-3.17	-5.11
39	1.62	-3.14	-5.14
40	1.66	-3.1	-5.18
41	1.7	-3.08	-5.2
42	1.74	-3.09	-5.23
43	1.78	-3.11	-5.24
44	1.82	-3.17	-5.25
45	1.86	-3.23	-5.25
46	1.9	-3.27	-5.24
47	1.94	-3.28	-5.23
48	1.98	-3.28	-5.21
49	2.02	-3.28	-5.2
50	2.06	-3.29	-5.21
51	2.1	-3.3	-5.24
52	2.14	-3.27	-5.29
53	2.18	-3.29	-5.34
54	2.22	-3.28	-5.38
55	2.26	-3.29	-5.41
56	2.3	-3.3	-5.42
57	2.34	-3.32	-5.44
58	2.38	-3.34	-5.44
59	2.42	-3.36	-5.44
60	2.46	-3.4	-5.43
61	2.5	-3.43	-5.43
62	2.54	-3.45	-5.43
63	2.58	-3.48	-5.43
64	2.62	-3.49	-5.44
65	2.66	-3.5	-5.43
66	2.7	-3.48	-5.42
67	2.74	-3.46	-5.43
68	2.78	-3.45	-5.43
69	2.82	-3.45	-5.47
70	2.86	-3.46	-5.5
71	2.9	-3.47	-5.54
72	2.94	-3.48	-5.57
73	2.98	-3.48	-5.6
74	3.02	-3.52	-5.63
75	3.06	-3.57	-5.63
76	3.1	-3.65	-5.6
77	3.14	-3.73	-5.54
78	3.18	-3.8	-5.46
79	3.22	-3.87	-5.38
80	3.26	-3.93	-5.31
81	3.3	-3.99	-5.25
82	3.34	-4.01	-5.18
83	3.38	-4	-5.13
84	3.42	-3.98	-5.09
85	3.46	-3.98	-5
86	3.66	-4.03	-4.92
87	3.7	-4.15	-4.81
88	3.74	-4.32	-4.67
89	3.78	-4.51	-4.59
90	3.82	-4.7	-4.47
91	3.86	-4.87	-4.37
92	3.9	-4.99	-4.31
93	3.94	-5.1	-4.25
94	3.98	-5.21	-4.21
95	4.02	-5.32	-4.16
96	4.06	-5.43	-4.1
97	4.1	-5.52	-4.04
98	4.14	-5.59	-4
99	4.18	-5.65	-3.97
100	4.22	-5.74	-3.88
101	4.26	-5.87	-3.75
102	4.3	-6.04	-3.61
103	4.34	-6.2	-3.47
104	4.38	-6.34	-3.37
105	4.42	-6.43	-3.3
106	4.46	-6.49	-3.25
107	4.5	-6.56	-3.18
108	4.54	-6.61	-3.13
109	4.58	-6.66	-3.09
110	4.62	-6.69	-3.05
111	4.66	-6.72	-3.03
112	4.7	-6.74	-3.01
113	4.74	-6.77	-2.99
114	4.78	-6.78	-2.99
115	4.82	-6.8	-2.99
116	4.86	-6.82	-3.01
117	4.9	-6.84	-3.05
118	4.94	-6.86	-3.06
119	4.98	-6.86	-3.09
120	5.02	-6.85	-3.09
121	5.06	-6.83	-3.1
122	5.1	-6.8	-3.11
123	5.14	-6.76	-3.12
124	5.18	-6.72	-3.12
125	5.22	-6.68	-3.12
126	5.26	-6.64	-3.13
127	5.3	-6.6	-3.14
128	5.34	-6.55	-3.17
129	5.38	-6.51	-3.19
130	5.42	-6.46	-3.23
131	5.46	-6.42	-3.25
132	5.5	-6.38	-3.28
133	5.54	-6.36	-3.33
134	5.58	-6.35	-3.36
135	5.62	-6.34	-3.37
136	5.66	-6.34	-3.38
137	5.7	-6.3	-3.37
138	5.74	-6.26	-3.38
139	5.78	-6.2	-3.4
140	5.82	-6.15	-3.4
141	5.86	-6.11	-3.41
142	5.9	-6.06	-3.42
143	5.94	-6.01	-3.38
144	5.98	-5.96	-3.34
145	6.02	-5.9	-3.3
146	6.06	-5.84	-3.24
147	6.1	-5.8	-3.17
148	6.14	-5.74	-3.07
149	6.18	-5.67	-2.94
150	6.22	-5.61	-2.85
151	6.26	-5.54	-2.79
152	6.3	-5.51	-2.76
153	6.34	-5.48	-2.74
154	6.38	-5.45	-2.75
155	6.42	-5.42	-2.76
156	6.46	-5.38	-2.82
157	6.5	-5.36	-2.88
158	6.54	-5.34	-2.91
159	6.58	-5.32	-2.95
160	6.62	-5.3	-2.96
161	6.66	-5.28	-2.97
162	6.7	-5.27	-3.01
163	6.74	-5.26	-3.03
164	6.78	-5.24	-3.05
165	6.82	-5.23	-3.07
166	6.86	-5.22	-3.11
167	6.9	-5.22	-3.15
168	6.94	-5.23	-3.21
169	6.98	-5.23	-3.23
170	7.02	-5.2	-3.28
171	7.06	-5.17	-3.32
172	7.1	-5.16	-3.35
173	7.14	-5.12	-3.39
174	7.18	-5.09	-3.42
175	7.22	-5.04	-3.48
176	7.26	-4.97	-3.57
177	7.3	-4.9	-3.68
178	7.34	-4.85	-3.78
179	7.38	-4.78	-3.87
180	7.42	-4.71	-3.94
181	7.46	-4.64	-3.98
182	7.5	-4.53	-3.96
183	7.54	-4.43	-3.9
184	7.58	-4.34	-3.82
185	7.62	-4.25	-3.77
186	7.66	-4.18	-3.78
187	7.7	-4.08	-3.85
188	7.74	-3.95	-3.93
189	7.78	-3.78	-4.02
190	7.82	-3.59	-4.11
191	7.86	-3.41	-4.2
192	7.9	-3.23	-4.3
193	7.94	-3.04	-4.41
194	7.98	-2.87	-4.51
195	8.02	-2.74	-4.61
196	8.06	-2.61	-4.67
197	8.1	-2.56	-4.73
198	8.14	-2.53	-4.77
199	8.18	-2.49	-4.8
200	8.22	-2.49	-4.86
201	8.26	-2.47	-4.91
202	8.3	-2.46	-4.98
203	8.34	-2.44	-5.04
204	8.38	-2.41	-5.1
205	8.42	-2.36	-5.19
206	8.46	-2.32	-5.26
207	8.5	-2.27	-5.34
208	8.54	-2.21	-5.43
209	8.58	-2.14	-5.52
210	8.62	-2.07	-5.65
211	8.66	-2.02	-5.79
212	8.7	-1.98	-5.95
213	8.74	-1.98	-6.12
214	8.78	-1.97	-6.29
215	8.82	-1.93	-6.49
216	8.86	-1.88	-6.68
217	8.9	-1.82	-6.82
218	8.94	-1.77	-6.9
219	8.98	-1.76	-6.93
220	9.02	-1.76	-6.93
221	9.06	-1.75	-6.94
222	9.1	-1.77	-6.92
223	9.14	-1.78	-6.92
224	9.18	-1.76	-6.93
225	9.22	-1.76	-6.95
226	9.26	-1.73	-7.04
227	9.3	-1.72	-7.13
228	9.34	-1.71	-7.26
229	9.38	-1.71	-7.4
230	9.42	-1.72	-7.53
231	9.46	-1.74	-7.68
232	9.5	-1.77	-7.79
233	9.54	-1.8	-7.89
234	9.58	-1.8	-7.98
235	9.62	-1.8	-8.05
236	9.66	-1.77	-8.12
237	9.7	-1.75	-8.17
238	9.74	-1.71	-8.21
239	9.78	-1.65	-8.28
240	9.82	-1.64	-8.31
241	9.86	-1.61	-8.36
242	9.9	-1.61	-8.42
243	9.94	-1.64	-8.53
244	9.98	-1.66	-8.68
245	10.02	-1.7	-8.8
246	10.06	-1.72	-8.91
247	10.1	-1.71	-8.98
248	10.14	-1.7	-9.06
249	10.18	-1.66	-9.2
250	10.22	-1.65	-9.33
251	10.26	-1.64	-9.45
252	10.3	-1.61	-9.6
253	10.34	-1.61	-9.72
254	10.38	-1.59	-9.87
255	10.42	-1.58	-10
256	10.46	-1.59	-10.04
257	10.5	-1.61	-10.07
258	10.54	-1.64	-10.1
259	10.58	-1.65	-10.13
260	10.62	-1.67	-10.22
261	10.66	-1.67	-10.36
262	10.7	-1.68	-10.51
263	10.74	-1.71	-10.67
264	10.78	-1.74	-10.77
265	10.82	-1.79	-10.87
266	10.86	-1.84	-10.95
267	10.9	-1.89	-11.06
268	10.94	-1.93	-11.18
269	10.98	-1.95	-11.27
270	11.02	-1.98	-11.39
271	11.06	-2.03	-11.52
272	11.1	-2.07	-11.66
273	11.14	-2.13	-11.82
274	11.18	-2.18	-11.94
275	11.22	-2.21	-12.04
276	11.26	-2.26	-12.15
277	11.3	-2.3	-12.27
278	11.34	-2.31	-12.34
279	11.38	-2.29	-12.41
280	11.42	-2.26	-12.46
281	11.46	-2.24	-12.52
282	11.5	-2.24	-12.62
283	11.54	-2.26	-12.71
284	11.58	-2.3	-12.79
285	11.62	-2.33	-12.87
286	11.66	-2.38	-12.98
287	11.7	-2.43	-13.11
288	11.74	-2.49	-13.25
289	11.78	-2.54	-13.35
290	11.82	-2.58	-13.42
291	11.86	-2.64	-13.48
292	11.9	-2.68	-13.57
293	11.94	-2.71	-13.67
294	11.98	-2.74	-13.77
295	12.02	-2.74	-13.87
296	12.06	-2.75	-13.99
297	12.1	-2.76	-14.08
298	12.14	-2.78	-14.19
299	12.18	-2.79	-14.32
300	12.22	-2.78	-14.44
301	12.26	-2.76	-14.57
302	12.3	-2.73	-14.68
303	12.34	-2.72	-14.76
304	12.38	-2.71	-14.83
305	12.42	-2.7	-14.88
306	12.46	-2.71	-14.96
307	12.5	-2.73	-15.01
308	12.54	-2.76	-15.08
309	12.58	-2.81	-15.2
310	12.62	-2.87	-15.31
311	12.66	-2.94	-15.45
312	12.7	-3.02	-15.61
313	12.74	-3.1	-15.73
314	12.78	-3.16	-15.83
315	12.82	-3.2	-15.91
316	12.86	-3.22	-15.98
317	12.9	-3.24	-16.07
318	12.94	-3.26	-16.16
319	12.98	-3.26	-16.29
320	13.02	-3.27	-16.4
321	13.06	-3.27	-16.51
322	13.1	-3.27	-16.61
323	13.14	-3.27	-16.66
324	13.18	-3.3	-16.72
325	13.22	-3.34	-16.84
326	13.26	-3.39	-16.95
327	13.3	-3.44	-17.08
328	13.34	-3.47	-17.2
329	13.38	-3.49	-17.27
330	13.42	-3.5	-17.36
331	13.46	-3.53	-17.43
332	13.5	-3.58	-17.49
333	13.54	-3.65	-17.56
334	13.58	-3.72	-17.6
335	13.62	-3.79	-17.65
336	13.66	-3.89	-17.72
337	13.7	-4.03	-17.8
338	13.74	-4.2	-17.86
339	13.78	-4.33	-17.88
340	13.82	-4.44	-17.87
341	13.86	-4.51	-17.84
342	13.9	-4.57	-17.84
343	13.94	-4.66	-17.87
344	13.98	-4.73	-17.91
345	14.02	-4.78	-17.97
346	14.06	-4.82	-18.05
347	14.1	-4.84	-18.14
348	14.14	-4.87	-18.23
349	14.18	-4.92	-18.31
350	14.22	-4.95	-18.38
351	14.26	-4.99	-18.47
352	14.3	-5.03	-18.54
353	14.34	-5.08	-18.63
354	14.38	-5.12	-18.69
355	14.42	-5.14	-18.75
356	14.46	-5.17	-18.82
357	14.5	-5.22	-18.9
358	14.54	-5.32	-18.99
359	14.58	-5.44	-19.07
360	14.62	-5.57	-19.15
361	14.66	-5.66	-19.19
362	14.7	-5.71	-19.22
363	14.74	-5.75	-19.24
364	14.78	-5.78	-19.26
365	14.82	-5.81	-19.28
366	14.86	-5.82	-19.27
367	14.9	-5.82	-19.25
368	14.94	-5.87	-19.27
369	14.98	-5.91	-19.28
370	15.02	-5.98	-19.32
371	15.06	-6.07	-19.38
372	15.1	-6.1	-19.36
373	15.14	-6.13	-19.33
374	15.18	-6.15	-19.29
375	15.22	-6.14	-19.24
376	15.26	-6.17	-19.21
377	15.3	-6.18	-19.16
378	15.34	-6.2	-19.11
379	15.38	-6.21	-19.05
380	15.42	-6.2	-18.99
381	15.46	-6.2	-18.94
382	15.5	-6.2	-18.9
383	15.54	-6.21	-18.85
384	15.58	-6.22	-18.82
385	15.62	-6.22	-18.78
386	15.66	-6.22	-18.73
387	15.7	-6.22	-18.68
388	15.74	-6.22	-18.65
389	15.78	-6.23	-18.62
390	15.82	-6.24	-18.6
391	15.86	-6.26	-18.59
392	15.9	-6.25	-18.56
393	15.94	-6.25	-18.52
394	15.98	-6.25	-18.47
395	16.02	-6.24	-18.4
396	16.06	-6.21	-18.32
397	16.1	-6.17	-18.26
398	16.14	-6.15	-18.21
399	16.18	-6.15	-18.16
400	16.22	-6.17	-18.08
401	16.26	-6.17	-17.99
402	16.3	-6.14	-17.88
403	16.34	-6.11	-17.79
404	16.38	-6.06	-17.7
405	16.42	-6.04	-17.63
406	16.46	-6.03	-17.58
407	16.5	-6.04	-17.55
408	16.54	-6.04	-17.54
409	16.58	-6.05	-17.54
410	16.62	-6.05	-17.55
411	16.66	-6.03	-17.57
412	16.7	-6.03	-17.61
413	16.74	-6.02	-17.65
414	16.78	-6.01	-17.7
415	16.82	-6	-17.74
416	16.86	-5.99	-17.79
417	16.9	-5.99	-17.87
418	16.94	-5.98	-17.92
419	16.98	-5.97	-17.97
420	17.02	-5.96	-18
421	17.06	-5.94	-18.02
422	17.1	-5.94	-18.05
423	17.14	-5.96	-18.1
424	17.18	-5.98	-18.16
425	17.22	-6.01	-18.22
426	17.26	-6.03	-18.29
427	17.3	-6.03	-18.33
428	17.34	-6.05	-18.39
429	17.38	-6.07	-18.45
430	17.42	-6.1	-18.51
431	17.46	-6.13	-18.56
432	17.5	-6.15	-18.59
433	17.54	-6.16	-18.6
434	17.58	-6.16	-18.6
435	17.62	-6.16	-18.61
436	17.66	-6.16	-18.61
437	17.7	-6.16	-18.63
438	17.74	-6.17	-18.64
439	17.78	-6.18	-18.65
440	17.82	-6.18	-18.65
441	17.86	-6.17	-18.63
442	17.9	-6.17	-18.62
443	17.94	-6.16	-18.6
444	17.98	-6.16	-18.58
445	18.02	-6.17	-18.58
446	18.06	-6.16	-18.57
447	18.1	-6.16	-18.57
448	18.14	-6.16	-18.56
449	18.18	-6.13	-18.55
450	18.22	-6.11	-18.52
451	18.26	-6.07	-18.49
452	18.3	-6.01	-18.44
453	18.34	-5.95	-18.39
454	18.38	-5.91	-18.34
455	18.42	-5.88	-18.29
456	18.46	-5.85	-18.25
457	18.5	-5.82	-18.22
458	18.54	-5.78	-18.18
459	18.58	-5.7	-18.13
460	18.62	-5.63	-18.08
461	18.66	-5.58	-18.03
462	18.7	-5.52	-17.99
463	18.74	-5.48	-17.95
464	18.78	-5.46	-17.92
465	18.82	-5.44	-17.89
466	18.86	-5.42	-17.87
467	18.9	-5.41	-17.85
468	18.94	-5.4	-17.84
469	18.98	-5.4	-17.84
470	19.02	-5.45	-17.86
471	19.06	-5.49	-17.89
472	19.1	-5.58	-17.87
473	19.14	-5.64	-17.86
474	19.18	-5.72	-17.88
475	19.22	-5.81	-17.92
476	19.26	-5.83	-18.01
477	19.3	-5.91	-18.08
478	19.34	-5.92	-18.12
479	19.38	-5.92	-18.14
480	19.42	-5.91	-18.15
481	19.46	-5.89	-18.14
482	19.5	-5.89	-18.12
483	19.54	-5.88	-18.06
484	19.58	-5.87	-17.98
485	19.62	-5.83	-17.9
486	19.66	-5.78	-17.82
487	19.7	-5.73	-17.73
488	19.74	-5.67	-17.65
489	19.78	-5.61	-17.56
490	19.82	-5.54	-17.5
491	19.86	-5.48	-17.46
492	19.9	-5.41	-17.43
493	19.94	-5.31	-17.4
494	19.98	-5.22	-17.34
495	20.02	-5.16	-17.27
496	20.06	-5.1	-17.2
497	20.1	-5.06	-17.12
498	20.14	-5	-17.02
499	20.18	-4.92	-16.94
500	20.22	-4.82	-16.86
501	20.26	-4.73	-16.8
502	20.3	-4.64	-16.78
503	20.34	-4.56	-16.75
504	20.38	-4.5	-16.72
505	20.42	-4.48	-16.67
506	20.46	-4.49	-16.56
507	20.5	-4.53	-16.42
508	20.54	-4.55	-16.29
509	20.58	-4.55	-16.18
510	20.62	-4.53	-16.13
511	20.66	-4.49	-16.1
512	20.7	-4.45	-16.09
513	20.74	-4.38	-16.06
514	20.78	-4.29	-16.01
515	20.82	-4.18	-15.98
516	20.86	-4.05	-15.95
517	20.9	-3.94	-15.92
518	20.94	-3.85	-15.92
519	20.98	-3.77	-15.9
520	21.02	-3.69	-15.87
521	21.06	-3.61	-15.87
522	21.1	-3.52	-15.88
523	21.14	-3.47	-15.93
524	21.18	-3.44	-16
525	21.22	-3.43	-16.05
526	21.26	-3.42	-16.09
527	21.3	-3.4	-16.12
528	21.34	-3.4	-16.15
529	21.38	-3.39	-16.16
530	21.42	-3.39	-16.18
531	21.46	-3.36	-16.19
532	21.5	-3.33	-16.2
533	21.54	-3.26	-16.2
534	21.58	-3.16	-16.18
535	21.62	-3.09	-16.18
536	21.66	-3.02	-16.21
537	21.7	-2.96	-16.29
538	21.74	-2.89	-16.44
539	21.78	-2.8	-16.64
540	21.82	-2.7	-16.86
541	21.86	-2.58	-17.06
542	21.9	-2.51	-17.25
543	21.94	-2.45	-17.39
544	21.98	-2.4	-17.49
545	22.02	-2.38	-17.59
546	22.06	-2.34	-17.66
547	22.1	-2.32	-17.75
548	22.14	-2.31	-17.85
549	22.18	-2.3	-17.94
550	22.22	-2.24	-18.03
551	22.26	-2.15	-18.15
552	22.3	-2.03	-18.26
553	22.34	-1.91	-18.37
554	22.38	-1.8	-18.5
555	22.42	-1.72	-18.63
556	22.46	-1.64	-18.81
557	22.5	-1.54	-18.99
558	22.54	-1.43	-19.17
559	22.58	-1.33	-19.31
560	22.62	-1.27	-19.38
561	22.66	-1.19	-19.45
562	22.7	-1.11	-19.51
563	22.74	-1.07	-19.56
564	22.78	-0.99	-19.64
565	22.82	-0.95	-19.71
566	22.86	-0.85	-19.82
567	22.9	-0.7	-19.98
568	22.94	-0.58	-20.13
569	22.98	-0.47	-20.28
570	23.02	-0.44	-20.4
571	23.06	-0.46	-20.47
572	23.1	-0.46	-20.56
573	23.14	-0.44	-20.64
574	23.18	-0.42	-20.71
575	23.22	-0.37	-20.81
576	23.26	-0.31	-20.92
577	23.3	-0.28	-21.04
578	23.34	-0.27	-21.15
579	23.38	-0.28	-21.24
580	23.42	-0.29	-21.33
581	23.46	-0.3	-21.39
582	23.5	-0.31	-21.45
583	23.54	-0.32	-21.49
584	23.58	-0.32	-21.51
585	23.62	-0.3	-21.55
586	23.66	-0.28	-21.57
587	23.7	-0.26	-21.59
588	23.74	-0.25	-21.6
589	23.78	-0.23	-21.62
590	23.82	-0.21	-21.61
591	23.86	-0.19	-21.61
592	23.9	-0.17	-21.61
593	23.94	-0.16	-21.6
594	23.98	-0.16	-21.6
595	24.02	-0.16	-21.6
596	24.06	-0.16	-21.58
597	24.1	-0.15	-21.56
598	24.14	-0.13	-21.53
599	24.18	-0.11	-21.5
600	24.22	-0.09	-21.47
601	24.26	-0.07	-21.45
602	24.3	-0.04	-21.44
603	24.34	-0.01	-21.44
604	24.38	0.03	-21.43
605	24.42	0.07	-21.42
606	24.46	0.1	-21.4
607	24.5	0.13	-21.38
608	24.54	0.16	-21.36
609	24.58	0.18	-21.33
610	24.62	0.2	-21.31
611	24.66	0.21	-21.29
612	24.7	0.22	-21.27
613	24.74	0.22	-21.26
614	24.78	0.23	-21.24
615	24.82	0.24	-21.21
616	24.86	0.25	-21.19
617	24.9	0.27	-21.18
618	24.94	0.3	-21.18
619	24.98	0.33	-21.19
620	25.02	0.38	-21.2
621	25.06	0.42	-21.2
622	25.1	0.45	-21.2
623	25.14	0.48	-21.22
624	25.18	0.5	-21.23
625	25.22	0.52	-21.25
626	25.26	0.54	-21.29
627	25.3	0.56	-21.32
628	25.34	0.58	-21.35
629	25.38	0.59	-21.39
630	25.42	0.59	-21.41
631	25.46	0.58	-21.44
632	25.5	0.58	-21.47
633	25.54	0.56	-21.51
634	25.58	0.55	-21.54
635	25.62	0.52	-21.55
636	25.66	0.49	-21.56
637	25.7	0.46	-21.57
638	25.74	0.41	-21.59
639	25.78	0.38	-21.59
640	25.82	0.33	-21.6
641	25.86	0.3	-21.59
642	25.9	0.26	-21.57
643	25.94	0.2	-21.52
644	25.98	0.14	-21.47
645	26.02	0.06	-21.42
646	26.06	-0.03	-21.38
647	26.1	-0.13	-21.35
648	26.14	-0.22	-21.33
649	26.18	-0.31	-21.33
650	26.22	-0.38	-21.32
651	26.26	-0.43	-21.34
652	26.3	-0.48	-21.33
653	26.34	-0.53	-21.33
654	26.38	-0.59	-21.3
655	26.42	-0.65	-21.25
656	26.46	-0.71	-21.2
657	26.5	-0.78	-21.14
658	26.54	-0.83	-21.1
659	26.58	-0.89	-21.06
660	26.62	-0.95	-21.03
661	26.66	-0.99	-20.99
662	26.7	-1.04	-20.95
663	26.74	-1.07	-20.94
664	26.78	-1.1	-20.93
665	26.82	-1.16	-20.93
666	26.86	-1.25	-20.95
667	26.9	-1.35	-20.98
668	26.94	-1.44	-21.01
669	26.98	-1.52	-21.05
670	27.02	-1.61	-21.09
671	27.06	-1.72	-21.1
672	27.1	-1.84	-21.13
673	27.14	-1.98	-21.18
674	27.18	-2.09	-21.2
675	27.22	-2.2	-21.25
676	27.26	-2.31	-21.29
677	27.3	-2.41	-21.31
678	27.34	-2.49	-21.33
679	27.38	-2.56	-21.36
680	27.42	-2.62	-21.43
681	27.46	-2.65	-21.49
682	27.5	-2.68	-21.55
683	27.54	-2.7	-21.58
684	27.58	-2.75	-21.57
685	27.62	-2.83	-21.57
686	27.66	-2.93	-21.56
687	27.7	-3.02	-21.57
688	27.74	-3.1	-21.57
689	27.78	-3.19	-21.6
690	27.82	-3.28	-21.65
691	27.86	-3.38	-21.7
692	27.9	-3.5	-21.77
693	27.94	-3.6	-21.82
694	27.98	-3.68	-21.87
695	28.02	-3.75	-21.92
696	28.06	-3.79	-21.94
697	28.1	-3.83	-21.94
698	28.14	-3.88	-21.94
699	28.18	-3.93	-21.95
700	28.22	-3.97	-21.95
701	28.26	-4	-21.94
702	28.3	-4.02	-21.94
703	28.34	-4.03	-21.91
704	28.38	-4.03	-21.91
705	28.42	-4.03	-21.9
706	28.46	-4.03	-21.91
707	28.5	-4.04	-21.93
708	28.54	-4.04	-21.93
709	28.58	-4.03	-21.93
710	28.62	-4.02	-21.93
711	28.66	-4	-21.92
712	28.7	-3.99	-21.92
713	28.74	-3.98	-21.9
714	28.78	-3.94	-21.86
715	28.82	-3.91	-21.81
716	28.86	-3.87	-21.77
717	28.9	-3.84	-21.76
718	28.94	-3.83	-21.76
719	28.98	-3.81	-21.76
720	29.02	-3.8	-21.76
721	29.06	-3.77	-21.74
722	29.1	-3.76	-21.73
723	29.14	-3.75	-21.71
724	29.18	-3.75	-21.69
725	29.22	-3.75	-21.68
726	29.26	-3.7	-21.65
727	29.3	-3.63	-21.6
728	29.34	-3.54	-21.54
729	29.38	-3.45	-21.49
730	29.42	-3.42	-21.47
731	29.46	-3.38	-21.44
732	29.5	-3.35	-21.43
733	29.54	-3.34	-21.43
734	29.58	-3.32	-21.41
735	29.62	-3.31	-21.39
736	29.66	-3.31	-21.38
737	29.7	-3.3	-21.36
738	29.74	-3.28	-21.32
739	29.78	-3.26	-21.27
740	29.82	-3.25	-21.22
741	29.86	-3.22	-21.15
742	29.9	-3.21	-21.12
743	29.94	-3.2	-21.11
744	29.98	-3.15	-21.12
745	30.02	-3.07	-21.15
746	30.06	-3	-21.19
747	30.1	-2.94	-21.2
748	30.14	-2.92	-21.21
749	30.18	-2.89	-21.27
750	30.22	-2.86	-21.38
751	30.26	-2.82	-21.55
752	30.3	-2.78	-21.7
753	30.34	-2.79	-21.78
754	30.38	-2.8	-21.82
755	30.42	-2.82	-21.8
756	30.46	-2.83	-21.79
757	30.5	-2.84	-21.77
758	30.54	-2.83	-21.75
759	30.58	-2.82	-21.72
760	30.62	-2.82	-21.66
761	30.66	-2.8	-21.61
762	30.7	-2.81	-21.55
763	30.74	-2.82	-21.5
764	30.78	-2.84	-21.43
765	30.82	-2.87	-21.35
766	30.86	-2.88	-21.26
767	30.9	-2.89	-21.15
768	30.94	-2.88	-21.06
769	30.98	-2.87	-20.99
770	31.02	-2.86	-20.92
771	31.06	-2.86	-20.85
772	31.1	-2.87	-20.78
773	31.14	-2.9	-20.69
774	31.18	-2.92	-20.63
775	31.22	-2.92	-20.57
776	31.26	-2.93	-20.53
777	31.3	-2.93	-20.5
778	31.34	-2.94	-20.45
779	31.38	-2.96	-20.4
780	31.42	-2.94	-20.39
781	31.46	-2.91	-20.4
782	31.5	-2.89	-20.41
783	31.54	-2.86	-20.43
784	31.58	-2.82	-20.46
785	31.62	-2.76	-20.51
786	31.66	-2.7	-20.55
787	31.7	-2.62	-20.6
788	31.74	-2.6	-20.61
789	31.78	-2.58	-20.62
790	31.82	-2.55	-20.64
791	31.86	-2.51	-20.66
792	31.9	-2.48	-20.69
793	31.94	-2.44	-20.72
794	31.98	-2.43	-20.74
795	32.02	-2.44	-20.74
796	32.06	-2.42	-20.75
797	32.1	-2.45	-20.74
798	32.14	-2.44	-20.74
799	32.18	-2.44	-20.75
800	32.22	-2.47	-20.72
801	32.26	-2.46	-20.73
802	32.3	-2.47	-20.72
803	32.34	-2.47	-20.71
804	32.38	-2.44	-20.71
805	32.42	-2.43	-20.69
806	32.46	-2.42	-20.66
807	32.5	-2.41	-20.62
808	32.54	-2.42	-20.59
809	32.58	-2.44	-20.55
810	32.62	-2.48	-20.52
811	32.66	-2.54	-20.49
812	32.7	-2.6	-20.47
813	32.74	-2.68	-20.46
814	32.78	-2.72	-20.46
815	32.82	-2.76	-20.46
816	32.86	-2.76	-20.45
817	32.9	-2.75	-20.44
818	32.94	-2.75	-20.42
819	32.98	-2.73	-20.4
820	33.02	-2.74	-20.39
821	33.06	-2.77	-20.37
822	33.1	-2.84	-20.35
823	33.14	-2.88	-20.34
824	33.18	-2.93	-20.32
825	33.22	-2.94	-20.32
826	33.26	-2.94	-20.32
827	33.3	-2.95	-20.31
828	33.34	-2.95	-20.28
829	33.38	-2.92	-20.22
830	33.42	-2.89	-20.15
831	33.46	-2.86	-20.1
832	33.5	-2.83	-20.1
833	33.54	-2.88	-20.15
834	33.58	-2.96	-20.24
835	33.62	-3.03	-20.29
836	33.66	-3.08	-20.26
837	33.7	-3.1	-20.17
838	33.74	-3.09	-20.08
839	33.78	-3.09	-20.01
840	33.82	-3.1	-19.98
841	33.86	-3.12	-19.98
842	33.9	-3.15	-19.96
843	33.94	-3.16	-19.91
844	33.98	-3.17	-19.89
845	34.02	-3.17	-19.85
846	34.06	-3.17	-19.81
847	34.1	-3.16	-19.77
848	34.14	-3.17	-19.71
849	34.18	-3.2	-19.66
850	34.22	-3.21	-19.62
851	34.26	-3.23	-19.58
852	34.3	-3.24	-19.53
853	34.34	-3.24	-19.48
854	34.38	-3.23	-19.43
855	34.42	-3.23	-19.39
856	34.46	-3.23	-19.36
857	34.5	-3.22	-19.33
858	34.54	-3.2	-19.3
859	34.58	-3.17	-19.26
860	34.62	-3.14	-19.22
861	34.66	-3.09	-19.19
862	34.7	-3.06	-19.17
863	34.74	-3.04	-19.14
864	34.78	-3.04	-19.08
865	34.82	-3.09	-19.02
866	34.86	-3.17	-18.97
867	34.9	-3.25	-18.94
868	34.94	-3.32	-18.93
869	34.98	-3.38	-18.95
870	35.02	-3.42	-18.93
871	35.06	-3.45	-18.92
872	35.1	-3.47	-18.93
873	35.14	-3.47	-18.91
874	35.18	-3.47	-18.92
875	35.22	-3.47	-18.92
876	35.26	-3.45	-18.93
877	35.3	-3.45	-18.96
878	35.34	-3.43	-19
879	35.38	-3.42	-19.07
880	35.42	-3.43	-19.14
881	35.46	-3.44	-19.17
882	35.5	-3.44	-19.24
883	35.54	-3.44	-19.28
884	35.58	-3.42	-19.31
885	35.62	-3.4	-19.37
886	35.66	-3.37	-19.4
887	35.7	-3.33	-19.43
888	35.74	-3.29	-19.47
889	35.78	-3.26	-19.49
890	35.82	-3.24	-19.52
891	35.86	-3.23	-19.57
892	35.9	-3.22	-19.63
893	35.94	-3.21	-19.68
894	35.98	-3.2	-19.72
895	36.02	-3.19	-19.72
896	36.06	-3.18	-19.74
897	36.1	-3.18	-19.76
898	36.14	-3.18	-19.77
899	36.18	-3.17	-19.77
900	36.22	-3.18	-19.71
901	36.26	-3.2	-19.64
902	36.3	-3.21	-19.58
903	36.34	-3.22	-19.55
904	36.38	-3.22	-19.53
905	36.42	-3.22	-19.49
906	36.46	-3.23	-19.44
907	36.5	-3.25	-19.38
908	36.54	-3.27	-19.32
909	36.58	-3.28	-19.29
910	36.62	-3.3	-19.25
911	36.66	-3.31	-19.19
912	36.7	-3.31	-19.14
913	36.74	-3.31	-19.09
914	36.78	-3.29	-19.05
915	36.82	-3.26	-19.01
916	36.86	-3.27	-18.96
917	36.9	-3.28	-18.91
918	36.94	-3.29	-18.87
919	36.98	-3.27	-18.86
920	37.02	-3.22	-18.89
921	37.06	-3.18	-18.98
922	37.1	-3.19	-19.07
923	37.14	-3.27	-19.16
924	37.18	-3.36	-19.24
925	37.22	-3.44	-19.25
926	37.26	-3.47	-19.28
927	37.3	-3.45	-19.29
928	37.34	-3.43	-19.29
929	37.38	-3.38	-19.29
930	37.42	-3.34	-19.27
931	37.46	-3.31	-19.25
932	37.5	-3.28	-19.24
933	37.54	-3.22	-19.23
934	37.58	-3.14	-19.21
935	37.62	-2.98	-19.18
936	37.66	-2.82	-19.14
937	37.7	-2.66	-19.09
938	37.74	-2.51	-19.05
939	37.78	-2.4	-19
940	37.82	-2.28	-18.95
941	37.86	-2.21	-18.87
942	37.9	-2.14	-18.8
943	37.94	-2.1	-18.74
944	37.98	-2.05	-18.71
945	38.02	-2.01	-18.71
946	38.06	-1.98	-18.71
947	38.1	-1.95	-18.71
948	38.14	-1.92	-18.7
949	38.18	-1.88	-18.69
950	38.22	-1.85	-18.67
951	38.26	-1.83	-18.65
952	38.3	-1.82	-18.64
953	38.34	-1.86	-18.61
954	38.38	-1.9	-18.59
955	38.42	-1.94	-18.58
956	38.46	-2	-18.57
957	38.5	-2.07	-18.56
958	38.54	-2.14	-18.55
959	38.58	-2.19	-18.54
960	38.62	-2.26	-18.53
961	38.66	-2.31	-18.52
962	38.7	-2.35	-18.53
963	38.74	-2.39	-18.53
964	38.78	-2.42	-18.54
965	38.82	-2.48	-18.54
966	38.86	-2.57	-18.53
967	38.9	-2.66	-18.53
968	38.94	-2.76	-18.51
969	38.98	-2.8	-18.52
970	39.02	-2.84	-18.55
971	39.06	-2.89	-18.58
972	39.1	-2.94	-18.61
973	39.14	-2.97	-18.64
974	39.18	-2.93	-18.64
975	39.22	-2.9	-18.63
976	39.26	-2.87	-18.61
977	39.3	-2.87	-18.59
978	39.34	-2.93	-18.59
979	39.38	-2.93	-18.59
980	39.42	-2.92	-18.57
981	39.46	-2.89	-18.56
982	39.5	-2.86	-18.5
983	39.54	-2.88	-18.41
984	39.58	-2.92	-18.29
985	39.62	-2.97	-18.14
986	39.66	-3.01	-18.02
987	39.7	-3.02	-17.91
988	39.74	-3.01	-17.84
989	39.78	-2.98	-17.78
990	39.82	-2.95	-17.72
991	39.86	-2.93	-17.63
992	39.9	-2.91	-17.52
993	39.94	-2.9	-17.4
994	39.98	-2.9	-17.29
995	40.02	-2.89	-17.19
996	40.06	-2.88	-17.09
997	40.1	-2.87	-17
998	40.14	-2.86	-16.9
999	40.18	-2.86	-16.81
1000	40.22	-2.87	-16.75
1001	40.26	-2.86	-16.69
1002	40.3	-2.86	-16.66
1003	40.34	-2.83	-16.63
1004	40.38	-2.82	-16.61
1005	40.42	-2.82	-16.6
1006	40.46	-2.81	-16.59
1007	40.5	-2.82	-16.61
1008	40.54	-2.83	-16.62
1009	40.58	-2.85	-16.65
1010	40.62	-2.87	-16.67
1011	40.66	-2.88	-16.69
1012	40.7	-2.91	-16.73
1013	40.74	-2.93	-16.76
1014	40.78	-2.95	-16.8
1015	40.82	-2.96	-16.84
1016	40.86	-2.95	-16.87
1017	40.9	-2.94	-16.89
1018	40.94	-2.91	-16.92
1019	40.98	-2.88	-16.93
1020	41.02	-2.85	-16.95
1021	41.06	-2.79	-16.95
1022	41.1	-2.74	-16.96
1023	41.14	-2.69	-16.98
1024	41.18	-2.64	-17.01
1025	41.22	-2.63	-17.05
1026	41.26	-2.6	-17.08
1027	41.3	-2.56	-17.13
1028	41.34	-2.48	-17.2
1029	41.38	-2.37	-17.27
1030	41.42	-2.27	-17.34
1031	41.46	-2.2	-17.4
1032	41.5	-2.15	-17.43
1033	41.54	-2.11	-17.45
1034	41.58	-2.05	-17.47
1035	41.62	-1.96	-17.5
1036	41.66	-1.86	-17.54
1037	41.7	-1.78	-17.58
1038	41.74	-1.73	-17.63
1039	41.78	-1.68	-17.68
1040	41.82	-1.63	-17.75
1041	41.86	-1.55	-17.87
1042	41.9	-1.41	-17.99
1043	41.94	-1.26	-18.13
1044	41.98	-1.1	-18.26
1045	42.02	-0.98	-18.37
1046	42.06	-0.91	-18.51
1047	42.1	-0.83	-18.66
1048	42.14	-0.74	-18.79
1049	42.18	-0.69	-18.89
1050	42.22	-0.63	-18.95
1051	42.26	-0.61	-18.98
1052	42.3	-0.64	-19
1053	42.34	-0.6	-19.04
1054	42.38	-0.57	-19.06
1055	42.42	-0.53	-19.07
1056	42.46	-0.42	-19.1
1057	42.5	-0.35	-19.11
1058	42.54	-0.26	-19.16
1059	42.58	-0.16	-19.19
1060	42.62	-0.05	-19.23
1061	42.66	0.07	-19.29
1062	42.7	0.18	-19.33
1063	42.74	0.28	-19.39
1064	42.78	0.35	-19.42
1065	42.82	0.41	-19.43
1066	42.86	0.5	-19.47
1067	42.9	0.61	-19.52
1068	42.94	0.71	-19.58
1069	42.98	0.82	-19.66
1070	43.02	0.92	-19.75
1071	43.06	1.03	-19.91
1072	43.1	1.12	-20.08
1073	43.14	1.21	-20.24
1074	43.18	1.31	-20.39
1075	43.22	1.38	-20.52
1076	43.26	1.48	-20.65
1077	43.3	1.56	-20.77
1078	43.34	1.62	-20.9
1079	43.38	1.64	-20.97
1080	43.42	1.64	-21.01
1081	43.46	1.67	-21.04
1082	43.5	1.72	-21.07
1083	43.54	1.78	-21.11
1084	43.58	1.82	-21.18
1085	43.62	1.84	-21.27
1086	43.66	1.84	-21.36
1087	43.7	1.83	-21.44
1088	43.74	1.85	-21.5
1089	43.78	1.85	-21.54
1090	43.82	1.85	-21.54
1091	43.86	1.87	-21.58
1092	43.9	1.88	-21.6
1093	43.94	1.88	-21.6
1094	43.98	1.88	-21.6
1095	44.02	1.88	-21.59
1096	44.06	1.92	-21.61
1097	44.1	1.97	-21.64
1098	44.14	2.02	-21.67
1099	44.18	2.1	-21.68
1100	44.22	2.14	-21.66
1101	44.26	2.2	-21.64
1102	44.3	2.26	-21.62
1103	44.34	2.3	-21.6
1104	44.38	2.33	-21.6
1105	44.42	2.39	-21.62
1106	44.46	2.41	-21.62
1107	44.5	2.46	-21.64
1108	44.54	2.5	-21.67
1109	44.58	2.48	-21.67
1110	44.62	2.5	-21.71
1111	44.66	2.5	-21.72
1112	44.7	2.5	-21.75
1113	44.74	2.55	-21.79
1114	44.78	2.61	-21.85
1115	44.82	2.65	-21.91
1116	44.86	2.72	-21.98
1117	44.9	2.82	-22.03
1118	44.94	2.92	-22.07
1119	44.98	3.01	-22.08
1120	45.02	3.07	-22.09
1121	45.06	3.11	-22.11
1122	45.1	3.14	-22.12
1123	45.14	3.18	-22.15
1124	45.18	3.25	-22.21
1125	45.22	3.31	-22.25
1126	45.26	3.35	-22.28
1127	45.3	3.37	-22.3
1128	45.34	3.37	-22.29
1129	45.38	3.35	-22.27
1130	45.42	3.34	-22.25
1131	45.46	3.35	-22.24
1132	45.5	3.36	-22.22
1133	45.54	3.35	-22.2
1134	45.58	3.37	-22.17
1135	45.62	3.36	-22.13
1136	45.66	3.37	-22.09
1137	45.7	3.4	-22.06
1138	45.74	3.41	-22.03
1139	45.78	3.42	-22
1140	45.82	3.44	-21.99
1141	45.86	3.45	-21.97
1142	45.9	3.48	-21.96
1143	45.94	3.54	-21.96
1144	45.98	3.57	-21.94
1145	46.02	3.67	-21.96
1146	46.06	3.76	-21.96
1147	46.1	3.84	-21.96
1148	46.14	3.9	-21.96
1149	46.18	3.91	-21.95
1150	46.22	3.9	-21.94
1151	46.26	3.83	-21.92
1152	46.3	3.76	-21.88
1153	46.34	3.72	-21.86
1154	46.38	3.66	-21.81
1155	46.42	3.63	-21.77
1156	46.46	3.63	-21.76
1157	46.5	3.62	-21.72
1158	46.54	3.62	-21.71
1159	46.58	3.59	-21.69
1160	46.62	3.59	-21.69
1161	46.66	3.5	-21.69
1162	46.7	3.46	-21.68
1163	46.74	3.45	-21.7
1164	46.78	3.39	-21.69
1165	46.82	3.37	-21.69
1166	46.86	3.25	-21.69
1167	46.9	3.15	-21.7
1168	46.94	3.03	-21.69
1169	46.98	2.91	-21.7
1170	47.02	2.85	-21.71
1171	47.06	2.81	-21.73
1172	47.1	2.76	-21.73
1173	47.14	2.75	-21.73
1174	47.18	2.79	-21.74
1175	47.22	2.79	-21.71
1176	47.26	2.8	-21.71
1177	47.3	2.79	-21.72
1178	47.34	2.71	-21.73
1179	47.38	2.7	-21.77
1180	47.42	2.72	-21.8
1181	47.46	2.73	-21.82
1182	47.5	2.77	-21.86
1183	47.54	2.77	-21.87
1184	47.58	2.76	-21.87
1185	47.62	2.73	-21.88
1186	47.66	2.68	-21.89
1187	47.7	2.67	-21.9
1188	47.74	2.64	-21.9
1189	47.78	2.64	-21.9
1190	47.82	2.63	-21.87
1191	47.86	2.59	-21.86
1192	47.9	2.56	-21.86
1193	47.94	2.51	-21.86
1194	47.98	2.47	-21.87
1195	48.02	2.46	-21.87
1196	48.06	2.46	-21.87
1197	48.1	2.48	-21.89
1198	48.14	2.49	-21.91
1199	48.18	2.48	-21.92
1200	48.22	2.49	-21.94
1201	48.26	2.48	-21.95
1202	48.3	2.49	-21.96
1203	48.34	2.5	-21.98
1204	48.38	2.5	-21.99
1205	48.42	2.5	-22.01
1206	48.46	2.49	-22.02
1207	48.5	2.47	-22.02
1208	48.54	2.47	-22.05
1209	48.58	2.46	-22.08
1210	48.62	2.44	-22.11
1211	48.66	2.43	-22.14
1212	48.7	2.41	-22.14
1213	48.74	2.4	-22.16
1214	48.78	2.39	-22.16
1215	48.82	2.38	-22.16
1216	48.86	2.35	-22.17
1217	48.9	2.33	-22.16
1218	48.94	2.31	-22.16
1219	48.98	2.3	-22.16
1220	49.02	2.3	-22.16
1221	49.06	2.29	-22.15
1222	49.1	2.27	-22.13
1223	49.14	2.22	-22.08
1224	49.18	2.13	-22.01
1225	49.22	2	-21.92
1226	49.26	1.91	-21.85
1227	49.3	1.84	-21.82
1228	49.34	1.82	-21.82
1229	49.38	1.78	-21.81
1230	49.42	1.74	-21.79
1231	49.46	1.71	-21.76
1232	49.5	1.65	-21.73
1233	49.54	1.64	-21.71
1234	49.58	1.63	-21.71
1235	49.62	1.62	-21.7
1236	49.66	1.61	-21.71
1237	49.7	1.59	-21.72
1238	49.74	1.57	-21.73
1239	49.78	1.54	-21.74
1240	49.82	1.54	-21.76
1241	49.86	1.54	-21.79
1242	49.9	1.56	-21.85
1243	49.94	1.6	-21.93
1244	49.98	1.65	-22.01
1245	50.02	1.69	-22.06
1246	50.06	1.76	-22.09
1247	50.1	1.83	-22.1
1248	50.14	1.9	-22.12
1249	50.18	2	-22.16
1250	50.22	2.07	-22.21
1251	50.26	2.1	-22.25
1252	50.3	2.12	-22.29
1253	50.34	2.11	-22.33
1254	50.38	2.1	-22.38
1255	50.42	2.11	-22.42
1256	50.46	2.11	-22.47
1257	50.5	2.13	-22.51
1258	50.54	2.17	-22.56
1259	50.58	2.2	-22.59
1260	50.62	2.25	-22.62
1261	50.66	2.31	-22.66
1262	50.7	2.35	-22.69
1263	50.74	2.38	-22.72
1264	50.78	2.38	-22.75
1265	50.82	2.37	-22.74
1266	50.86	2.36	-22.75
1267	50.9	2.35	-22.74
1268	50.94	2.36	-22.72
1269	50.98	2.36	-22.7
1270	51.02	2.36	-22.66
1271	51.06	2.4	-22.61
1272	51.1	2.46	-22.56
1273	51.14	2.51	-22.52
1274	51.18	2.58	-22.49
1275	51.22	2.62	-22.46
1276	51.26	2.64	-22.41
1277	51.3	2.65	-22.32
1278	51.34	2.62	-22.21
1279	51.38	2.61	-22.09
1280	51.42	2.58	-21.99
1281	51.46	2.53	-21.91
1282	51.5	2.47	-21.85
1283	51.54	2.42	-21.8
1284	51.58	2.36	-21.75
1285	51.62	2.3	-21.68
1286	51.66	2.26	-21.61
1287	51.7	2.23	-21.57
1288	51.74	2.22	-21.52
1289	51.78	2.21	-21.49
1290	51.82	2.21	-21.45
1291	51.86	2.18	-21.43
1292	51.9	2.14	-21.41
1293	51.94	2.1	-21.4
1294	51.98	2.07	-21.39
1295	52.02	2.03	-21.37
1296	52.06	2.01	-21.36
1297	52.1	1.98	-21.34
1298	52.14	1.94	-21.32
1299	52.18	1.91	-21.32
1300	52.22	1.88	-21.32
1301	52.26	1.85	-21.33
1302	52.3	1.84	-21.34
1303	52.34	1.83	-21.34
1304	52.38	1.82	-21.33
1305	52.42	1.82	-21.33
1306	52.46	1.82	-21.35
1307	52.5	1.82	-21.38
1308	52.54	1.81	-21.42
1309	52.58	1.81	-21.45
1310	52.62	1.81	-21.47
1311	52.66	1.82	-21.47
1312	52.7	1.84	-21.5
1313	52.74	1.86	-21.53
1314	52.78	1.87	-21.56
1315	52.82	1.89	-21.58
1316	52.86	1.91	-21.6
1317	52.9	1.92	-21.63
1318	52.94	1.93	-21.66
1319	52.98	1.95	-21.69
1320	53.02	1.96	-21.71
1321	53.06	1.97	-21.74
1322	53.1	1.99	-21.76
1323	53.14	2.01	-21.78
1324	53.18	2.02	-21.8
1325	53.22	2.05	-21.8
1326	53.26	2.07	-21.81
1327	53.3	2.1	-21.82
1328	53.34	2.13	-21.83
1329	53.38	2.18	-21.84
1330	53.42	2.2	-21.87
1331	53.46	2.22	-21.89
1332	53.5	2.25	-21.93
1333	53.54	2.26	-21.98
1334	53.58	2.31	-22.01
1335	53.62	2.39	-22.06
1336	53.66	2.48	-22.1
1337	53.7	2.59	-22.13
1338	53.74	2.7	-22.18
1339	53.78	2.81	-22.21
1340	53.82	2.94	-22.26
1341	53.86	3.06	-22.32
1342	53.9	3.17	-22.37
1343	53.94	3.21	-22.45
1344	53.98	3.25	-22.54
1345	54.02	3.27	-22.63
1346	54.06	3.32	-22.73
1347	54.1	3.4	-22.8
1348	54.14	3.46	-22.86
1349	54.18	3.53	-22.9
1350	54.22	3.6	-22.93
1351	54.26	3.67	-22.96
1352	54.3	3.75	-22.98
1353	54.34	3.85	-23.03
1354	54.38	3.96	-23.08
1355	54.42	4.08	-23.15
1356	54.46	4.2	-23.21
1357	54.5	4.32	-23.26
1358	54.54	4.41	-23.3
1359	54.58	4.48	-23.34
1360	54.62	4.54	-23.4
1361	54.66	4.6	-23.46
1362	54.7	4.71	-23.52
1363	54.74	4.85	-23.55
1364	54.78	5.01	-23.58
1365	54.82	5.15	-23.58
1366	54.86	5.26	-23.58
1367	54.9	5.38	-23.6
1368	54.94	5.49	-23.61
1369	54.98	5.62	-23.63
1370	55.02	5.74	-23.65
1371	55.06	5.83	-23.66
1372	55.1	5.96	-23.65
1373	55.14	6.1	-23.66
1374	55.18	6.22	-23.68
1375	55.22	6.36	-23.74
1376	55.26	6.43	-23.8
1377	55.3	6.51	-23.84
1378	55.34	6.59	-23.86
1379	55.38	6.65	-23.83
1380	55.42	6.72	-23.8
1381	55.46	6.8	-23.76
1382	55.5	6.88	-23.73
1383	55.54	7	-23.72
1384	55.58	7.12	-23.73
1385	55.62	7.27	-23.74
1386	55.66	7.4	-23.77
1387	55.7	7.51	-23.81
1388	55.74	7.59	-23.85
1389	55.78	7.61	-23.87
1390	55.82	7.71	-23.86
1391	55.86	7.74	-23.8
1392	55.9	7.79	-23.75
1393	55.94	7.88	-23.73
1394	55.98	7.95	-23.72
1395	56.02	8.14	-23.72
1396	56.06	8.25	-23.69
1397	56.1	8.44	-23.64
1398	56.14	8.56	-23.58
1399	56.18	8.64	-23.51
1400	56.22	8.76	-23.47
1401	56.26	8.84	-23.46
1402	56.3	8.92	-23.45
1403	56.34	9.02	-23.47
1404	56.38	9.12	-23.5
1405	56.42	9.22	-23.52
1406	56.46	9.34	-23.56
1407	56.5	9.46	-23.63
1408	56.54	9.58	-23.7
1409	56.58	9.7	-23.79
1410	56.62	9.76	-23.85
1411	56.66	9.79	-23.88
1412	56.7	9.84	-23.87
1413	56.74	9.9	-23.84
1414	56.78	10.01	-23.81
1415	56.82	10.09	-23.8
1416	56.86	10.18	-23.8
1417	56.9	10.2	-23.81
1418	56.94	10.21	-23.82
1419	56.98	10.25	-23.82
1420	57.02	10.35	-23.81
1421	57.06	10.5	-23.76
1422	57.1	10.68	-23.72
1423	57.14	10.87	-23.69
1424	57.18	11.01	-23.68
1425	57.22	11.14	-23.69
1426	57.26	11.23	-23.71
1427	57.3	11.29	-23.7
1428	57.34	11.33	-23.69
1429	57.38	11.37	-23.68
1430	57.42	11.41	-23.67
1431	57.46	11.46	-23.65
1432	57.5	11.51	-23.65
1433	57.54	11.57	-23.65
1434	57.58	11.62	-23.66
1435	57.62	11.67	-23.69
1436	57.66	11.74	-23.72
1437	57.7	11.78	-23.74
1438	57.74	11.83	-23.77
1439	57.78	11.84	-23.77
1440	57.82	11.86	-23.77
1441	57.86	11.89	-23.75
1442	57.9	11.87	-23.72
1443	57.94	11.88	-23.68
1444	57.98	11.87	-23.65
1445	58.02	11.86	-23.64
1446	58.06	11.88	-23.61
1447	58.1	11.87	-23.59
1448	58.14	11.87	-23.56
1449	58.18	11.88	-23.53
1450	58.22	11.87	-23.51
1451	58.26	11.87	-23.49
1452	58.3	11.88	-23.5
1453	58.34	11.89	-23.49
1454	58.38	11.89	-23.5
1455	58.42	11.89	-23.5
1456	58.46	11.86	-23.51
1457	58.5	11.81	-23.52
1458	58.54	11.76	-23.54
1459	58.58	11.74	-23.56
1460	58.62	11.73	-23.58
1461	58.66	11.72	-23.59
1462	58.7	11.7	-23.62
1463	58.74	11.62	-23.65
1464	58.78	11.53	-23.68
1465	58.82	11.46	-23.72
1466	58.86	11.42	-23.74
1467	58.9	11.39	-23.76
1468	58.94	11.38	-23.78
1469	58.98	11.37	-23.79
1470	59.02	11.35	-23.8
1471	59.06	11.34	-23.8
1472	59.1	11.28	-23.77
1473	59.14	11.24	-23.74
1474	59.18	11.19	-23.71
1475	59.22	11.14	-23.68
1476	59.26	11.13	-23.69
1477	59.3	11.1	-23.68
1478	59.34	11.08	-23.68
1479	59.38	11.08	-23.68
1480	59.42	11.06	-23.67
1481	59.46	11.04	-23.65
1482	59.5	10.98	-23.62
1483	59.54	10.92	-23.57
1484	59.58	10.86	-23.53
1485	59.62	10.79	-23.5
1486	59.66	10.73	-23.48
1487	59.7	10.68	-23.46
1488	59.74	10.64	-23.44
1489	59.78	10.62	-23.43
1490	59.82	10.61	-23.43
1491	59.86	10.59	-23.43
1492	59.9	10.6	-23.44
1493	59.94	10.6	-23.44
1494	59.98	10.6	-23.45
1495	60.02	10.61	-23.46
1496	60.06	10.62	-23.47
1497	60.1	10.65	-23.48
1498	60.14	10.69	-23.5
1499	60.18	10.74	-23.51
1500	60.22	10.78	-23.51
1501	60.26	10.81	-23.51
1502	60.3	10.83	-23.52
1503	60.34	10.85	-23.53
1504	60.38	10.84	-23.53
1505	60.42	10.83	-23.53
1506	60.46	10.81	-23.52
1507	60.5	10.78	-23.49
1508	60.54	10.75	-23.47
1509	60.58	10.69	-23.44
1510	60.62	10.61	-23.4
1511	60.66	10.51	-23.39
1512	60.7	10.42	-23.39
1513	60.74	10.37	-23.44
1514	60.78	10.36	-23.51
1515	60.82	10.37	-23.57
1516	60.86	10.39	-23.6
1517	60.9	10.41	-23.58
1518	60.94	10.4	-23.53
1519	60.98	10.42	-23.48
1520	61.02	10.41	-23.45
1521	61.06	10.4	-23.44
1522	61.1	10.39	-23.44
1523	61.14	10.38	-23.44
1524	61.18	10.36	-23.44
1525	61.22	10.36	-23.45
1526	61.26	10.35	-23.45
1527	61.3	10.35	-23.43
1528	61.34	10.33	-23.41
1529	61.38	10.26	-23.36
1530	61.42	10.16	-23.32
1531	61.46	10.04	-23.28
1532	61.5	9.94	-23.24
1533	61.54	9.85	-23.2
1534	61.58	9.8	-23.17
1535	61.62	9.75	-23.13
1536	61.66	9.71	-23.09
1537	61.7	9.68	-23.05
1538	61.74	9.65	-23.03
1539	61.78	9.64	-23.01
1540	61.82	9.62	-23.02
1541	61.86	9.61	-23.02
1542	61.9	9.58	-23.03
1543	61.94	9.55	-23.04
1544	61.98	9.52	-23.03
1545	62.02	9.5	-23.01
1546	62.06	9.48	-23
1547	62.1	9.48	-22.98
1548	62.14	9.48	-22.97
1549	62.18	9.49	-22.96
1550	62.22	9.52	-22.93
1551	62.26	9.55	-22.9
1552	62.3	9.59	-22.87
1553	62.34	9.62	-22.85
1554	62.38	9.64	-22.82
1555	62.42	9.68	-22.81
1556	62.46	9.7	-22.79
1557	62.5	9.72	-22.77
1558	62.54	9.74	-22.74
1559	62.58	9.76	-22.72
1560	62.62	9.78	-22.7
1561	62.66	9.82	-22.69
1562	62.7	9.88	-22.7
1563	62.74	9.91	-22.7
1564	62.78	9.94	-22.71
1565	62.82	9.94	-22.71
1566	62.86	9.92	-22.71
1567	62.9	9.87	-22.73
1568	62.94	9.83	-22.74
1569	62.98	9.78	-22.76
1570	63.02	9.73	-22.79
1571	63.06	9.71	-22.79
1572	63.1	9.68	-22.8
1573	63.14	9.66	-22.8
1574	63.18	9.65	-22.8
1575	63.22	9.64	-22.8
1576	63.26	9.63	-22.8
1577	63.3	9.62	-22.8
1578	63.34	9.6	-22.81
1579	63.38	9.6	-22.82
1580	63.42	9.6	-22.82
1581	63.46	9.6	-22.82
1582	63.5	9.59	-22.81
1583	63.54	9.58	-22.8
1584	63.58	9.57	-22.79
1585	63.62	9.56	-22.78
1586	63.66	9.56	-22.79
1587	63.7	9.58	-22.8
1588	63.74	9.57	-22.79
1589	63.78	9.57	-22.79
1590	63.82	9.6	-22.77
1591	63.86	9.64	-22.73
1592	63.9	9.71	-22.7
1593	63.94	9.82	-22.66
1594	63.98	9.96	-22.65
1595	64.02	10.12	-22.67
1596	64.06	10.3	-22.71
1597	64.1	10.44	-22.77
1598	64.14	10.54	-22.83
1599	64.18	10.6	-22.87
1600	64.22	10.61	-22.91
1601	64.26	10.61	-22.93
1602	64.3	10.6	-22.95
1603	64.34	10.61	-22.97
1604	64.38	10.62	-23
1605	64.42	10.65	-23.03
1606	64.46	10.71	-23.06
1607	64.5	10.8	-23.09
1608	64.54	10.89	-23.12
1609	64.58	11	-23.16
1610	64.62	11.07	-23.17
1611	64.66	11.12	-23.18
1612	64.7	11.19	-23.18
1613	64.74	11.26	-23.18
1614	64.78	11.38	-23.21
1615	64.82	11.5	-23.27
1616	64.86	11.58	-23.34
1617	64.9	11.65	-23.42
1618	64.94	11.69	-23.48
1619	64.98	11.74	-23.54
1620	65.02	11.79	-23.59
1621	65.06	11.85	-23.62
1622	65.1	11.94	-23.66
1623	65.14	12.06	-23.72
1624	65.18	12.17	-23.75
1625	65.22	12.29	-23.8
1626	65.26	12.38	-23.83
1627	65.3	12.46	-23.82
1628	65.34	12.61	-23.8
1629	65.38	12.82	-23.78
1630	65.42	13.05	-23.76
1631	65.46	13.22	-23.73
1632	65.5	13.34	-23.72
1633	65.54	13.39	-23.72
1634	65.58	13.47	-23.74
1635	65.62	13.57	-23.76
1636	65.66	13.73	-23.78
1637	65.7	13.9	-23.81
1638	65.74	14.03	-23.83
1639	65.78	14.2	-23.88
1640	65.82	14.34	-23.92
1641	65.86	14.49	-23.96
1642	65.9	14.62	-24.03
1643	65.94	14.75	-24.09
1644	65.98	14.85	-24.14
1645	66.02	14.9	-24.13
1646	66.06	14.98	-24.08
1647	66.1	15.01	-24.01
1648	66.14	15.09	-23.95
1649	66.18	15.17	-23.93
1650	66.22	15.23	-23.94
1651	66.26	15.3	-23.95
1652	66.3	15.38	-23.96
1653	66.34	15.52	-23.97
1654	66.38	15.64	-23.93
1655	66.42	15.76	-23.88
1656	66.46	15.85	-23.82
1657	66.5	15.89	-23.76
1658	66.54	15.95	-23.73
1659	66.58	16.01	-23.7
1660	66.62	16.07	-23.68
1661	66.66	16.16	-23.65
1662	66.7	16.24	-23.64
1663	66.74	16.33	-23.64
1664	66.78	16.44	-23.67
1665	66.82	16.53	-23.68
1666	66.86	16.63	-23.7
1667	66.9	16.77	-23.71
1668	66.94	16.87	-23.73
1669	66.98	17.02	-23.78
1670	67.02	17.15	-23.84
1671	67.06	17.27	-23.92
1672	67.1	17.38	-23.99
1673	67.14	17.49	-24.05
1674	67.18	17.57	-24.09
1675	67.22	17.64	-24.07
1676	67.26	17.7	-24.05
1677	67.3	17.77	-24.02
1678	67.34	17.85	-24
1679	67.38	17.93	-24.01
1680	67.42	18.03	-24.03
1681	67.46	18.17	-24.04
1682	67.5	18.35	-24.03
1683	67.54	18.53	-24.01
1684	67.58	18.71	-23.96
1685	67.62	18.78	-23.92
1686	67.66	18.82	-23.88
1687	67.7	18.83	-23.84
1688	67.74	18.83	-23.8
1689	67.78	18.84	-23.78
1690	67.82	18.84	-23.76
1691	67.86	18.82	-23.74
1692	67.9	18.8	-23.72
1693	67.94	18.78	-23.71
1694	67.98	18.78	-23.68
1695	68.02	18.77	-23.67
1696	68.06	18.74	-23.67
1697	68.1	18.72	-23.66
1698	68.14	18.64	-23.66
1699	68.18	18.58	-23.64
1700	68.22	18.53	-23.62
1701	68.26	18.46	-23.58
1702	68.3	18.45	-23.54
1703	68.34	18.47	-23.5
1704	68.38	18.47	-23.48
1705	68.42	18.53	-23.43
1706	68.46	18.58	-23.38
1707	68.5	18.61	-23.33
1708	68.54	18.65	-23.29
1709	68.58	18.67	-23.28
1710	68.62	18.67	-23.28
1711	68.66	18.7	-23.3
1712	68.7	18.76	-23.3
1713	68.74	18.81	-23.3
1714	68.78	18.85	-23.3
1715	68.82	18.89	-23.28
1716	68.86	18.93	-23.26
1717	68.9	18.97	-23.24
1718	68.94	19.02	-23.22
1719	68.98	19.05	-23.21
1720	69.02	19.08	-23.2
1721	69.06	19.09	-23.19
1722	69.1	19.11	-23.14
1723	69.14	19.15	-23.07
1724	69.18	19.21	-22.95
1725	69.22	19.29	-22.79
1726	69.26	19.33	-22.64
1727	69.3	19.36	-22.51
1728	69.34	19.34	-22.44
1729	69.38	19.34	-22.37
1730	69.42	19.33	-22.32
1731	69.46	19.33	-22.27
1732	69.5	19.35	-22.19
1733	69.54	19.37	-22.1
1734	69.58	19.39	-22.01
1735	69.62	19.42	-21.91
1736	69.66	19.46	-21.82
1737	69.7	19.46	-21.78
1738	69.74	19.51	-21.71
1739	69.78	19.58	-21.61
1740	69.82	19.63	-21.47
1741	69.86	19.67	-21.32
1742	69.9	19.69	-21.17
1743	69.94	19.67	-21.09
1744	69.98	19.67	-21.03
1745	70.02	19.69	-20.96
1746	70.06	19.7	-20.91
1747	70.1	19.72	-20.84
1748	70.14	19.73	-20.79
1749	70.18	19.72	-20.75
1750	70.22	19.72	-20.72
1751	70.26	19.71	-20.69
1752	70.3	19.71	-20.66
1753	70.34	19.72	-20.61
1754	70.38	19.75	-20.55
1755	70.42	19.78	-20.49
1756	70.46	19.81	-20.43
1757	70.5	19.83	-20.37
1758	70.54	19.86	-20.31
1759	70.58	19.88	-20.24
1760	70.62	19.91	-20.15
1761	70.66	19.93	-20.01
1762	70.7	19.97	-19.84
1763	70.74	20.04	-19.65
1764	70.78	20.09	-19.52
1765	70.82	20.17	-19.39
1766	70.86	20.25	-19.28
1767	70.9	20.28	-19.2
1768	70.94	20.32	-19.1
1769	70.98	20.35	-19.04
1770	71.02	20.36	-18.99
1771	71.06	20.38	-18.93
1772	71.1	20.44	-18.84
1773	71.14	20.5	-18.76
1774	71.18	20.55	-18.69
1775	71.22	20.61	-18.6
1776	71.26	20.64	-18.54
1777	71.3	20.66	-18.47
1778	71.34	20.69	-18.36
1779	71.38	20.71	-18.23
1780	71.42	20.72	-18.05
1781	71.46	20.72	-17.84
1782	71.5	20.71	-17.62
1783	71.54	20.68	-17.43
1784	71.58	20.65	-17.28
1785	71.62	20.65	-17.15
1786	71.66	20.66	-17.05
1787	71.7	20.69	-16.94
1788	71.74	20.74	-16.81
1789	71.78	20.79	-16.7
1790	71.82	20.86	-16.56
1791	71.86	20.91	-16.45
1792	71.9	20.97	-16.36
1793	71.94	21.01	-16.29
1794	71.98	21.05	-16.24
1795	72.02	21.08	-16.21
1796	72.06	21.12	-16.19
1797	72.1	21.15	-16.16
1798	72.14	21.15	-16.14
1799	72.18	21.17	-16.14
1800	72.22	21.19	-16.09
1801	72.26	21.23	-15.99
1802	72.3	21.28	-15.88
1803	72.34	21.32	-15.74
1804	72.38	21.35	-15.62
1805	72.42	21.35	-15.53
1806	72.46	21.35	-15.4
1807	72.5	21.33	-15.22
1808	72.54	21.3	-15
1809	72.58	21.26	-14.77
1810	72.62	21.22	-14.58
1811	72.66	21.19	-14.46
1812	72.7	21.17	-14.41
1813	72.74	21.18	-14.35
1814	72.78	21.19	-14.27
1815	72.82	21.21	-14.19
1816	72.86	21.23	-14.09
1817	72.9	21.24	-14.02
1818	72.94	21.26	-13.97
1819	72.98	21.28	-13.92
1820	73.02	21.32	-13.83
1821	73.06	21.38	-13.75
1822	73.1	21.44	-13.67
1823	73.14	21.51	-13.61
1824	73.18	21.56	-13.56
1825	73.22	21.59	-13.55
1826	73.26	21.61	-13.53
1827	73.3	21.63	-13.5
1828	73.34	21.64	-13.46
1829	73.38	21.66	-13.42
1830	73.42	21.68	-13.39
1831	73.46	21.67	-13.39
1832	73.5	21.67	-13.39
1833	73.54	21.67	-13.34
1834	73.59	21.66	-13.28
1835	73.62	21.68	-13.2
1836	73.66	21.68	-13.13
1837	73.7	21.69	-13.07
1838	73.74	21.7	-13.03
1839	73.78	21.72	-12.98
1840	73.82	21.73	-12.93
1841	73.86	21.73	-12.9
1842	73.9	21.75	-12.84
1843	73.94	21.77	-12.76
1844	73.98	21.78	-12.65
1845	74.02	21.77	-12.54
1846	74.06	21.74	-12.44
1847	74.1	21.69	-12.38
1848	74.14	21.64	-12.35
1849	74.18	21.6	-12.34
1850	74.22	21.56	-12.32
1851	74.26	21.53	-12.32
1852	74.3	21.5	-12.31
1853	74.34	21.46	-12.33
1854	74.38	21.43	-12.35
1855	74.42	21.4	-12.35
1856	74.46	21.37	-12.36
1857	74.5	21.35	-12.35
1858	74.54	21.34	-12.34
1859	74.58	21.33	-12.32
1860	74.62	21.34	-12.29
1861	74.66	21.34	-12.25
1862	74.7	21.34	-12.22
1863	74.74	21.35	-12.18
1864	74.78	21.37	-12.14
1865	74.82	21.4	-12.12
1866	74.86	21.42	-12.12
1867	74.9	21.43	-12.16
1868	74.94	21.44	-12.25
1869	74.98	21.43	-12.37
1870	75.02	21.44	-12.5
1871	75.06	21.44	-12.59
1872	75.1	21.43	-12.67
1873	75.14	21.44	-12.75
1874	75.18	21.42	-12.86
1875	75.22	21.41	-12.99
1876	75.26	21.4	-13.1
1877	75.3	21.39	-13.2
1878	75.34	21.38	-13.29
1879	75.38	21.37	-13.39
1880	75.42	21.37	-13.48
1881	75.46	21.38	-13.58
1882	75.5	21.41	-13.68
1883	75.54	21.45	-13.77
1884	75.58	21.48	-13.86
1885	75.62	21.48	-13.92
1886	75.66	21.48	-13.96
1887	75.7	21.46	-13.93
1888	75.74	21.45	-13.88
1889	75.78	21.45	-13.83
1890	75.82	21.46	-13.76
1891	75.86	21.47	-13.73
1892	75.9	21.47	-13.71
1893	75.94	21.46	-13.72
1894	75.98	21.45	-13.77
1895	76.02	21.4	-13.84
1896	76.06	21.37	-13.91
1897	76.1	21.31	-13.97
1898	76.14	21.26	-13.99
1899	76.18	21.24	-13.98
1900	76.22	21.2	-14
1901	76.26	21.15	-14.04
1902	76.3	21.09	-14.11
1903	76.34	21.04	-14.23
1904	76.38	21	-14.34
1905	76.42	20.95	-14.44
1906	76.46	20.92	-14.55
1907	76.5	20.85	-14.67
1908	76.54	20.77	-14.8
1909	76.58	20.71	-14.93
1910	76.62	20.64	-15.07
1911	76.66	20.58	-15.2
1912	76.7	20.53	-15.32
1913	76.74	20.48	-15.43
1914	76.78	20.42	-15.55
1915	76.82	20.39	-15.65
1916	76.86	20.38	-15.74
1917	76.9	20.37	-15.83
1918	76.94	20.37	-15.88
1919	76.98	20.34	-15.92
1920	77.02	20.31	-15.97
1921	77.06	20.29	-16.01
1922	77.1	20.27	-16.05
1923	77.14	20.27	-16.08
1924	77.18	20.27	-16.13
1925	77.22	20.27	-16.2
1926	77.26	20.25	-16.3
1927	77.3	20.24	-16.42
1928	77.34	20.25	-16.52
1929	77.38	20.25	-16.6
1930	77.42	20.27	-16.67
1931	77.46	20.27	-16.73
1932	77.5	20.25	-16.8
1933	77.54	20.22	-16.87
1934	77.58	20.17	-16.95
1935	77.62	20.1	-17
1936	77.66	20.04	-17.05
1937	77.7	20.01	-17.08
1938	77.74	19.99	-17.09
1939	77.78	19.98	-17.11
1940	77.82	19.95	-17.11
1941	77.86	19.89	-17.11
1942	77.9	19.85	-17.12
1943	77.94	19.81	-17.14
1944	77.98	19.8	-17.18
1945	78.02	19.8	-17.22
1946	78.06	19.79	-17.26
1947	78.1	19.76	-17.29
1948	78.14	19.72	-17.33
1949	78.18	19.68	-17.39
1950	78.22	19.63	-17.47
1951	78.26	19.6	-17.53
1952	78.3	19.57	-17.59
1953	78.34	19.53	-17.63
1954	78.38	19.5	-17.66
1955	78.42	19.46	-17.69
1956	78.46	19.43	-17.73
1957	78.5	19.4	-17.78
1958	78.54	19.37	-17.84
1959	78.58	19.35	-17.89
1960	78.62	19.31	-17.94
1961	78.66	19.29	-17.96
1962	78.7	19.26	-17.97
1963	78.74	19.24	-17.98
1964	78.78	19.22	-17.98
1965	78.82	19.21	-17.98
1966	78.86	19.2	-17.98
1967	78.9	19.19	-17.97
1968	78.94	19.2	-17.94
1969	78.98	19.21	-17.92
1970	79.02	19.22	-17.89
1971	79.06	19.24	-17.85
1972	79.1	19.24	-17.83
1973	79.14	19.25	-17.79
1974	79.18	19.25	-17.77
1975	79.22	19.24	-17.75
1976	79.26	19.25	-17.72
1977	79.3	19.23	-17.7
1978	79.34	19.23	-17.67
1979	79.38	19.24	-17.64
1980	79.42	19.23	-17.6
1981	79.46	19.23	-17.58
1982	79.5	19.21	-17.54
1983	79.54	19.22	-17.51
1984	79.58	19.24	-17.48
1985	79.62	19.24	-17.46
1986	79.66	19.25	-17.44
1987	79.7	19.24	-17.43
1988	79.74	19.23	-17.41
1989	79.78	19.23	-17.38
1990	79.82	19.22	-17.37
1991	79.86	19.2	-17.35
1992	79.9	19.18	-17.32
1993	79.94	19.16	-17.31
1994	79.98	19.15	-17.29
1995	80.02	19.14	-17.3
1996	80.06	19.13	-17.33
1997	80.1	19.13	-17.35
1998	80.14	19.12	-17.36
1999	80.18	19.11	-17.35
2000	80.22	19.11	-17.34
2001	80.26	19.1	-17.33
2002	80.3	19.09	-17.33
2003	80.34	19.07	-17.33
2004	80.38	19.07	-17.33
2005	80.42	19.05	-17.34
2006	80.46	19.03	-17.35
2007	80.5	19.02	-17.37
2008	80.54	18.99	-17.39
2009	80.58	18.97	-17.4
2010	80.62	18.95	-17.41
2011	80.66	18.92	-17.42
2012	80.7	18.88	-17.44
2013	80.74	18.86	-17.46
2014	80.78	18.87	-17.47
2015	80.82	18.9	-17.48
2016	80.86	18.98	-17.47
2017	80.9	19.06	-17.47
2018	80.94	19.13	-17.46
2019	80.98	19.22	-17.45
2020	81.02	19.3	-17.44
2021	81.06	19.37	-17.44
2022	81.1	19.42	-17.45
2023	81.14	19.47	-17.47
2024	81.18	19.52	-17.49
2025	81.22	19.58	-17.54
2026	81.26	19.64	-17.61
2027	81.3	19.7	-17.66
2028	81.34	19.76	-17.73
2029	81.38	19.78	-17.78
2030	81.42	19.8	-17.8
2031	81.46	19.84	-17.8
2032	81.5	19.89	-17.81
2033	81.54	19.96	-17.83
2034	81.58	20.05	-17.86
2035	81.62	20.12	-17.91
2036	81.66	20.2	-17.95
2037	81.7	20.26	-17.97
2038	81.74	20.3	-17.98
2039	81.78	20.33	-17.96
2040	81.82	20.35	-17.95
2041	81.86	20.36	-17.91
2042	81.9	20.39	-17.87
2043	81.94	20.42	-17.85
2044	81.98	20.46	-17.82
2045	82.02	20.49	-17.81
2046	82.06	20.52	-17.8
2047	82.1	20.56	-17.76
2048	82.14	20.64	-17.72
2049	82.18	20.74	-17.7
2050	82.22	20.84	-17.66
2051	82.26	20.91	-17.62
2052	82.3	20.93	-17.57
2053	82.34	20.92	-17.51
2054	82.38	20.91	-17.46
2055	82.42	20.91	-17.41
2056	82.46	20.91	-17.35
2057	82.5	20.91	-17.28
2058	82.54	20.92	-17.2
2059	82.58	20.95	-17.13
2060	82.62	20.98	-17.09
2061	82.66	21.02	-17.05
2062	82.7	21.04	-17
2063	82.74	21.06	-16.96
2064	82.78	21.07	-16.92
2065	82.82	21.07	-16.91
2066	82.86	21.08	-16.9
2067	82.9	21.06	-16.87
2068	82.94	21.06	-16.88
2069	82.98	21.05	-16.84
2070	83.02	21.03	-16.82
2071	83.06	21.03	-16.82
2072	83.1	21.03	-16.78
2073	83.14	21.03	-16.77
2074	83.18	21.03	-16.74
2075	83.22	21.02	-16.73
2076	83.26	21.03	-16.73
2077	83.3	21.02	-16.73
2078	83.34	21.04	-16.76
2079	83.38	21.07	-16.79
2080	83.42	21.07	-16.87
2081	83.46	21.08	-16.95
2082	83.5	21.07	-17.04
2083	83.54	21.06	-17.13
2084	83.58	21.06	-17.18
2085	83.62	21.06	-17.21
2086	83.66	21.06	-17.23
2087	83.7	21.05	-17.22
2088	83.74	21.04	-17.19
2089	83.78	21.03	-17.17
2090	83.82	21.02	-17.11
2091	83.86	21.01	-17.06
2092	83.9	21	-17.02
2093	83.94	21	-16.99
2094	83.98	20.99	-16.96
2095	84.02	20.98	-16.93
2096	84.06	20.98	-16.88
2097	84.1	20.99	-16.84
2098	84.14	21	-16.79
2099	84.18	21.03	-16.75
2100	84.22	21.04	-16.74
2101	84.26	21.05	-16.74
2102	84.3	21.06	-16.75
2103	84.34	21.07	-16.77
2104	84.38	21.08	-16.8
2105	84.42	21.09	-16.8
2106	84.46	21.1	-16.81
2107	84.5	21.1	-16.82
2108	84.54	21.09	-16.81
2109	84.58	21.08	-16.82
2110	84.62	21.07	-16.8
2111	84.66	21.07	-16.79
2112	84.7	21.06	-16.79
2113	84.74	21.06	-16.78
2114	84.78	21.06	-16.78
2115	84.82	21.05	-16.78
2116	84.86	21.04	-16.78
2117	84.9	21.02	-16.77
2118	84.94	21.01	-16.76
2119	84.98	21	-16.74
2120	85.02	21	-16.73
2121	85.06	21	-16.72
2122	85.1	21	-16.7
2123	85.14	20.99	-16.7
2124	85.18	20.98	-16.7
2125	85.22	20.99	-16.72
2126	85.26	21	-16.73
2127	85.3	21.02	-16.76
2128	85.34	21.03	-16.79
2129	85.38	21.04	-16.82
2130	85.42	21.03	-16.86
2131	85.46	21.03	-16.91
2132	85.5	21.03	-16.96
2133	85.54	21.03	-17.05
2134	85.58	21.02	-17.15
2135	85.62	21.01	-17.27
2136	85.66	21	-17.4
2137	85.7	21.01	-17.5
2138	85.74	21.04	-17.6
2139	85.78	21.07	-17.69
2140	85.82	21.13	-17.79
2141	85.86	21.17	-17.86
2142	85.9	21.21	-17.92
2143	85.94	21.24	-17.97
2144	85.98	21.25	-18.02
2145	86.02	21.26	-18.07
2146	86.06	21.27	-18.12
2147	86.1	21.29	-18.17
2148	86.14	21.3	-18.22
2149	86.18	21.31	-18.24
2150	86.22	21.32	-18.29
2151	86.26	21.33	-18.32
2152	86.3	21.33	-18.35
2153	86.34	21.33	-18.38
2154	86.38	21.34	-18.42
2155	86.42	21.34	-18.45
2156	86.46	21.34	-18.47
2157	86.5	21.34	-18.5
2158	86.54	21.33	-18.51
2159	86.58	21.32	-18.51
2160	86.62	21.31	-18.53
2161	86.66	21.29	-18.55
2162	86.7	21.29	-18.58
2163	86.74	21.29	-18.6
2164	86.78	21.28	-18.6
2165	86.82	21.28	-18.61
2166	86.86	21.27	-18.61
2167	86.9	21.26	-18.63
2168	86.94	21.25	-18.65
2169	86.98	21.25	-18.67
2170	87.02	21.25	-18.68
2171	87.06	21.24	-18.71
2172	87.1	21.24	-18.74
2173	87.14	21.23	-18.77
2174	87.18	21.22	-18.78
2175	87.22	21.2	-18.77
2176	87.26	21.17	-18.76
2177	87.3	21.15	-18.72
2178	87.34	21.13	-18.71
2179	87.38	21.12	-18.69
2180	87.42	21.11	-18.68
2181	87.46	21.11	-18.68
2182	87.5	21.11	-18.66
2183	87.54	21.11	-18.67
2184	87.58	21.12	-18.66
2185	87.62	21.12	-18.63
2186	87.66	21.13	-18.6
2187	87.7	21.14	-18.56
2188	87.74	21.15	-18.51
2189	87.78	21.17	-18.48
2190	87.82	21.19	-18.47
2191	87.86	21.21	-18.44
2192	87.9	21.23	-18.42
2193	87.94	21.24	-18.4
2194	87.98	21.25	-18.39
2195	88.02	21.27	-18.39
2196	88.06	21.28	-18.39
2197	88.1	21.29	-18.38
2198	88.14	21.29	-18.38
2199	88.18	21.28	-18.37
2200	88.22	21.27	-18.36
2201	88.26	21.26	-18.36
2202	88.3	21.25	-18.35
2203	88.34	21.23	-18.3
2204	88.38	21.19	-18.2
2205	88.42	21.15	-18.08
2206	88.46	21.11	-17.94
2207	88.5	21.06	-17.83
2208	88.54	21.02	-17.73
2209	88.58	20.98	-17.65
2210	88.62	20.96	-17.56
2211	88.66	20.96	-17.49
2212	88.7	20.98	-17.42
2213	88.74	20.98	-17.37
2214	88.78	20.98	-17.34
2215	88.82	20.96	-17.33
2216	88.86	20.95	-17.33
2217	88.9	20.94	-17.34
2218	88.94	20.94	-17.32
2219	88.98	20.94	-17.28
2220	89.02	20.92	-17.25
2221	89.06	20.89	-17.22
2222	89.1	20.86	-17.23
2223	89.14	20.83	-17.3
2224	89.18	20.78	-17.38
2225	89.22	20.73	-17.47
2226	89.26	20.67	-17.52
2227	89.3	20.6	-17.54
2228	89.34	20.55	-17.52
2229	89.38	20.51	-17.5
2230	89.42	20.49	-17.5
2231	89.46	20.49	-17.5
2232	89.5	20.49	-17.51
2233	89.54	20.49	-17.52
2234	89.58	20.47	-17.49
2235	89.62	20.44	-17.46
2236	89.66	20.41	-17.42
2237	89.7	20.37	-17.37
2238	89.74	20.33	-17.34
2239	89.78	20.29	-17.32
2240	89.82	20.27	-17.31
2241	89.86	20.25	-17.33
2242	89.9	20.27	-17.35
2243	89.94	20.3	-17.37
2244	89.98	20.31	-17.38
2245	90.02	20.35	-17.35
2246	90.06	20.4	-17.33
2247	90.1	20.44	-17.3
2248	90.14	20.49	-17.28
2249	90.18	20.52	-17.26
2250	90.22	20.5	-17.17
2251	90.26	20.48	-17.06
2252	90.3	20.47	-16.94
2253	90.34	20.46	-16.81
2254	90.38	20.46	-16.74
2255	90.42	20.46	-16.67
2256	90.46	20.43	-16.61
2257	90.5	20.4	-16.53
2258	90.54	20.39	-16.46
2259	90.58	20.4	-16.4
2260	90.62	20.43	-16.34
2261	90.66	20.46	-16.29
2262	90.7	20.49	-16.21
2263	90.74	20.52	-16.1
2264	90.78	20.54	-15.98
2265	90.82	20.56	-15.89
2266	90.86	20.57	-15.83
2267	90.9	20.57	-15.82
2268	90.94	20.56	-15.81
2269	90.98	20.55	-15.81
2270	91.02	20.54	-15.81
2271	91.06	20.53	-15.81
2272	91.1	20.52	-15.83
2273	91.14	20.52	-15.84
2274	91.18	20.52	-15.86
2275	91.22	20.52	-15.88
2276	91.26	20.51	-15.9
2277	91.3	20.51	-15.92
2278	91.34	20.48	-15.97
2279	91.38	20.45	-16.02
2280	91.42	20.42	-16.08
2281	91.46	20.39	-16.15
2282	91.5	20.37	-16.21
2283	91.54	20.36	-16.25
2284	91.58	20.36	-16.27
2285	91.62	20.37	-16.3
2286	91.66	20.4	-16.33
2287	91.7	20.4	-16.35
2288	91.74	20.42	-16.35
2289	91.78	20.4	-16.34
2290	91.82	20.39	-16.31
2291	91.86	20.39	-16.26
2292	91.9	20.37	-16.24
2293	91.94	20.36	-16.21
2294	91.98	20.35	-16.19
2295	92.02	20.33	-16.17
2296	92.06	20.34	-16.13
2297	92.1	20.36	-16.05
2298	92.14	20.41	-15.97
2299	92.18	20.48	-15.88
2300	92.22	20.54	-15.8
2301	92.26	20.6	-15.74
2302	92.3	20.63	-15.68
2303	92.34	20.65	-15.64
2304	92.38	20.67	-15.59
2305	92.42	20.67	-15.55
2306	92.46	20.69	-15.51
2307	92.5	20.7	-15.48
2308	92.54	20.72	-15.45
2309	92.58	20.74	-15.42
2310	92.62	20.77	-15.38
2311	92.66	20.79	-15.34
2312	92.7	20.82	-15.29
2313	92.74	20.85	-15.26
2314	92.78	20.88	-15.24
2315	92.82	20.9	-15.22
2316	92.86	20.93	-15.21
2317	92.9	20.94	-15.2
2318	92.94	20.96	-15.19
2319	92.98	20.98	-15.18
2320	93.02	20.98	-15.18
2321	93.06	20.98	-15.19
2322	93.1	20.98	-15.19
2323	93.14	20.97	-15.2
2324	93.18	20.95	-15.21
2325	93.22	20.94	-15.23
2326	93.26	20.92	-15.25
2327	93.3	20.91	-15.26
2328	93.34	20.89	-15.28
2329	93.38	20.87	-15.29
2330	93.42	20.86	-15.31
2331	93.46	20.86	-15.32
2332	93.5	20.85	-15.35
2333	93.54	20.84	-15.38
2334	93.58	20.82	-15.4
2335	93.62	20.81	-15.42
2336	93.66	20.79	-15.41
2337	93.7	20.79	-15.38
2338	93.74	20.8	-15.35
2339	93.78	20.81	-15.33
2340	93.82	20.82	-15.3
2341	93.86	20.83	-15.27
2342	93.9	20.84	-15.25
2343	93.94	20.86	-15.22
2344	93.98	20.88	-15.22
2345	94.02	20.89	-15.24
2346	94.06	20.91	-15.25
2347	94.1	20.92	-15.27
2348	94.14	20.93	-15.28
2349	94.18	20.94	-15.29
2350	94.22	20.93	-15.31
2351	94.26	20.93	-15.33
2352	94.3	20.92	-15.33
2353	94.34	20.92	-15.35
2354	94.38	20.9	-15.35
2355	94.42	20.89	-15.35
2356	94.46	20.87	-15.37
2357	94.5	20.86	-15.36
2358	94.54	20.84	-15.36
2359	94.58	20.82	-15.38
2360	94.62	20.79	-15.39
2361	94.66	20.77	-15.41
2362	94.7	20.74	-15.42
2363	94.74	20.73	-15.41
2364	94.78	20.71	-15.41
2365	94.82	20.7	-15.4
2366	94.86	20.67	-15.41
2367	94.9	20.65	-15.43
2368	94.94	20.63	-15.46
2369	94.98	20.61	-15.48
2370	95.02	20.59	-15.49
2371	95.06	20.58	-15.49
2372	95.1	20.56	-15.51
2373	95.14	20.54	-15.53
2374	95.18	20.52	-15.56
2375	95.22	20.49	-15.59
2376	95.26	20.46	-15.6
2377	95.3	20.45	-15.63
2378	95.34	20.43	-15.64
2379	95.38	20.43	-15.67
2380	95.42	20.41	-15.68
2381	95.46	20.38	-15.69
2382	95.5	20.36	-15.69
2383	95.54	20.33	-15.68
2384	95.58	20.31	-15.68
2385	95.62	20.29	-15.67
2386	95.66	20.28	-15.68
2387	95.7	20.25	-15.7
2388	95.74	20.23	-15.75
2389	95.78	20.19	-15.83
2390	95.82	20.14	-15.91
2391	95.86	20.09	-15.96
2392	95.9	20.05	-15.99
2393	95.94	20.05	-15.97
2394	95.98	20.07	-15.96
2395	96.02	20.09	-15.95
2396	96.06	20.12	-15.97
2397	96.1	20.13	-16.01
2398	96.14	20.15	-16.05
2399	96.18	20.15	-16.13
2400	96.22	20.15	-16.21
2401	96.26	20.16	-16.3
2402	96.3	20.16	-16.38
2403	96.34	20.15	-16.45
2404	96.38	20.12	-16.51
2405	96.42	20.07	-16.55
2406	96.46	20.01	-16.59
2407	96.5	19.98	-16.63
2408	96.54	19.97	-16.65
2409	96.58	19.96	-16.67
2410	96.62	19.95	-16.69
2411	96.66	19.93	-16.69
2412	96.7	19.91	-16.69
2413	96.74	19.88	-16.72
2414	96.78	19.84	-16.77
2415	96.82	19.81	-16.83
2416	96.86	19.79	-16.91
2417	96.9	19.76	-16.95
2418	96.94	19.75	-16.98
2419	96.98	19.72	-17.01
2420	97.02	19.67	-17.06
2421	97.06	19.63	-17.13
2422	97.1	19.59	-17.2
2423	97.14	19.58	-17.29
2424	97.18	19.58	-17.36
2425	97.22	19.58	-17.43
2426	97.26	19.55	-17.5
2427	97.3	19.52	-17.59
2428	97.34	19.47	-17.66
2429	97.38	19.43	-17.72
2430	97.42	19.43	-17.77
2431	97.46	19.42	-17.81
2432	97.5	19.42	-17.84
2433	97.54	19.41	-17.9
2434	97.58	19.4	-17.95
2435	97.62	19.39	-17.99
2436	97.66	19.41	-18.04
2437	97.7	19.44	-18.11
2438	97.74	19.48	-18.19
2439	97.78	19.54	-18.28
2440	97.82	19.61	-18.36
2441	97.86	19.66	-18.43
2442	97.9	19.7	-18.47
2443	97.94	19.76	-18.51
2444	97.98	19.79	-18.55
2445	98.02	19.83	-18.59
2446	98.06	19.84	-18.66
2447	98.1	19.85	-18.71
2448	98.14	19.86	-18.76
2449	98.18	19.86	-18.78
2450	98.22	19.86	-18.76
2451	98.26	19.86	-18.74
2452	98.3	19.85	-18.7
2453	98.34	19.86	-18.68
2454	98.38	19.86	-18.66
2455	98.42	19.87	-18.65
2456	98.46	19.87	-18.66
2457	98.5	19.89	-18.66
2458	98.54	19.9	-18.67
2459	98.58	19.92	-18.69
2460	98.62	19.93	-18.7
2461	98.66	19.93	-18.73
2462	98.7	19.93	-18.75
2463	98.74	19.93	-18.77
2464	98.78	19.92	-18.8
2465	98.82	19.92	-18.81
2466	98.86	19.92	-18.83
2467	98.9	19.93	-18.84
2468	98.94	19.94	-18.85
2469	98.98	19.96	-18.85
2470	99.02	19.98	-18.84
2471	99.06	20	-18.83
2472	99.1	20.02	-18.81
2473	99.14	20.04	-18.78
2474	99.18	20.06	-18.75
2475	99.22	20.07	-18.71
2476	99.26	20.06	-18.68
2477	99.3	20.03	-18.65
2478	99.34	19.98	-18.63
2479	99.38	19.91	-18.61
2480	99.42	19.83	-18.57
2481	99.46	19.75	-18.52
2482	99.5	19.7	-18.47
2483	99.54	19.66	-18.44
2484	99.58	19.63	-18.41
2485	99.62	19.61	-18.4
2486	99.66	19.59	-18.4
2487	99.7	19.56	-18.39
2488	99.74	19.54	-18.39
2489	99.78	19.53	-18.38
2490	99.82	19.52	-18.35
2491	99.86	19.52	-18.32
2492	99.9	19.52	-18.29
2493	99.94	19.53	-18.26
2494	99.98	19.54	-18.24
2495	100.02	19.54	-18.21
2496	100.06	19.57	-18.19
2497	100.1	19.57	-18.16
2498	100.14	19.59	-18.14
2499	100.18	19.6	-18.12
2500	100.22	19.59	-18.11
2501	100.26	19.6	-18.1
2502	100.3	19.58	-18.09
2503	100.34	19.56	-18.08
2504	100.38	19.54	-18.06
2505	100.42	19.52	-18.04
2506	100.46	19.51	-18.01
2507	100.5	19.48	-17.97
2508	100.54	19.44	-17.93
2509	100.58	19.41	-17.89
2510	100.62	19.38	-17.87
2511	100.66	19.38	-17.85
2512	100.7	19.39	-17.85
2513	100.74	19.38	-17.85
2514	100.78	19.38	-17.83
2515	100.82	19.37	-17.81
2516	100.86	19.38	-17.78
2517	100.9	19.4	-17.76
2518	100.94	19.41	-17.75
2519	100.98	19.43	-17.73
2520	101.02	19.44	-17.71
2521	101.06	19.45	-17.69
2522	101.1	19.47	-17.65
2523	101.14	19.5	-17.63
2524	101.18	19.54	-17.61
2525	101.22	19.59	-17.58
2526	101.26	19.64	-17.56
2527	101.3	19.67	-17.53
2528	101.34	19.7	-17.49
2529	101.38	19.73	-17.46
2530	101.42	19.74	-17.43
2531	101.46	19.76	-17.4
2532	101.5	19.78	-17.37
2533	101.54	19.79	-17.35
2534	101.58	19.8	-17.33
2535	101.62	19.81	-17.3
2536	101.66	19.83	-17.25
2537	101.7	19.84	-17.17
2538	101.74	19.85	-17.1
2539	101.78	19.87	-17.04
2540	101.82	19.88	-17.02
2541	101.86	19.88	-17.01
2542	101.9	19.89	-17.01
2543	101.94	19.91	-17.02
2544	101.98	19.94	-17.03
2545	102.02	19.97	-17.05
2546	102.06	20	-17.07
2547	102.1	20.02	-17.08
2548	102.14	20.04	-17.1
2549	102.18	20.05	-17.1
2550	102.22	20.07	-17.1
2551	102.26	20.09	-17.11
2552	102.3	20.1	-17.12
2553	102.34	20.12	-17.12
2554	102.38	20.14	-17.14
2555	102.42	20.14	-17.14
2556	102.46	20.14	-17.13
2557	102.5	20.13	-17.13
2558	102.54	20.11	-17.12
2559	102.58	20.1	-17.12
2560	102.62	20.08	-17.12
2561	102.66	20.06	-17.12
2562	102.7	20.04	-17.12
2563	102.74	20.03	-17.12
2564	102.78	20.01	-17.14
2565	102.82	20	-17.17
2566	102.86	19.98	-17.21
2567	102.9	19.95	-17.25
2568	102.94	19.94	-17.28
2569	102.98	19.94	-17.32
2570	103.02	19.95	-17.34
2571	103.06	19.96	-17.37
2572	103.1	19.96	-17.41
2573	103.14	19.95	-17.47
2574	103.18	19.95	-17.54
2575	103.22	19.94	-17.6
2576	103.26	19.94	-17.66
2577	103.3	19.91	-17.69
2578	103.34	19.89	-17.72
2579	103.38	19.87	-17.74
2580	103.42	19.85	-17.77
2581	103.46	19.84	-17.81
2582	103.5	19.85	-17.85
2583	103.54	19.84	-17.88
2584	103.58	19.83	-17.93
2585	103.62	19.81	-17.97
2586	103.66	19.77	-18.02
2587	103.7	19.73	-18.05
2588	103.74	19.69	-18.08
2589	103.78	19.67	-18.14
2590	103.82	19.66	-18.21
2591	103.86	19.64	-18.31
2592	103.9	19.62	-18.41
2593	103.94	19.62	-18.51
2594	103.98	19.61	-18.6
2595	104.02	19.63	-18.67
2596	104.06	19.63	-18.73
2597	104.1	19.64	-18.78
2598	104.14	19.64	-18.83
2599	104.18	19.64	-18.87
2600	104.22	19.63	-18.91
2601	104.26	19.63	-18.95
2602	104.3	19.63	-19.01
2603	104.34	19.63	-19.06
2604	104.38	19.65	-19.11
2605	104.42	19.68	-19.18
2606	104.46	19.71	-19.26
2607	104.5	19.74	-19.33
2608	104.54	19.75	-19.4
2609	104.58	19.76	-19.45
2610	104.62	19.76	-19.49
2611	104.66	19.75	-19.52
2612	104.7	19.74	-19.55
2613	104.74	19.73	-19.59
2614	104.78	19.77	-19.62
2615	104.82	19.83	-19.66
2616	104.86	19.91	-19.7
2617	104.9	19.98	-19.74
2618	104.94	20.03	-19.78
2619	104.98	20.07	-19.81
2620	105.02	20.13	-19.83
2621	105.06	20.21	-19.87
2622	105.1	20.28	-19.9
2623	105.14	20.34	-19.96
2624	105.18	20.38	-20.01
2625	105.22	20.41	-20.06
2626	105.26	20.41	-20.14
2627	105.3	20.41	-20.22
2628	105.34	20.37	-20.31
2629	105.38	20.31	-20.4
2630	105.42	20.28	-20.47
2631	105.46	20.28	-20.5
2632	105.5	20.33	-20.55
2633	105.54	20.4	-20.59
2634	105.58	20.45	-20.63
2635	105.62	20.47	-20.68
2636	105.66	20.46	-20.69
2637	105.7	20.44	-20.69
2638	105.74	20.42	-20.67
2639	105.78	20.39	-20.65
2640	105.82	20.36	-20.64
2641	105.86	20.36	-20.62
2642	105.9	20.34	-20.64
2643	105.94	20.33	-20.65
2644	105.98	20.33	-20.67
2645	106.02	20.35	-20.68
2646	106.06	20.36	-20.7
2647	106.1	20.39	-20.71
2648	106.14	20.42	-20.69
2649	106.18	20.46	-20.66
2650	106.22	20.5	-20.63
2651	106.26	20.54	-20.59
2652	106.3	20.59	-20.56
2653	106.34	20.63	-20.53
2654	106.38	20.69	-20.48
2655	106.42	20.74	-20.46
2656	106.46	20.79	-20.45
2657	106.5	20.83	-20.45
2658	106.54	20.86	-20.45
2659	106.58	20.9	-20.45
2660	106.62	20.95	-20.46
2661	106.66	21	-20.47
2662	106.7	21.08	-20.47
2663	106.74	21.16	-20.47
2664	106.78	21.27	-20.46
2665	106.82	21.37	-20.44
2666	106.86	21.45	-20.44
2667	106.9	21.51	-20.46
2668	106.94	21.53	-20.47
2669	106.98	21.54	-20.48
2670	107.02	21.55	-20.5
2671	107.06	21.55	-20.51
2672	107.1	21.56	-20.53
2673	107.14	21.56	-20.56
2674	107.18	21.56	-20.58
2675	107.22	21.56	-20.61
2676	107.26	21.55	-20.62
2677	107.3	21.55	-20.64
2678	107.34	21.55	-20.64
2679	107.38	21.54	-20.63
2680	107.42	21.53	-20.63
2681	107.46	21.52	-20.62
2682	107.5	21.53	-20.63
2683	107.54	21.54	-20.63
2684	107.58	21.54	-20.66
2685	107.62	21.55	-20.65
2686	107.66	21.56	-20.65
2687	107.7	21.56	-20.66
2688	107.74	21.57	-20.65
2689	107.78	21.57	-20.67
2690	107.82	21.58	-20.67
2691	107.86	21.58	-20.67
2692	107.9	21.58	-20.67
2693	107.94	21.58	-20.68
2694	107.98	21.57	-20.7
2695	108.02	21.56	-20.72
2696	108.06	21.55	-20.75
2697	108.1	21.54	-20.78
2698	108.14	21.53	-20.81
2699	108.18	21.52	-20.84
2700	108.22	21.51	-20.87
2701	108.26	21.5	-20.88
2702	108.3	21.49	-20.89
2703	108.34	21.48	-20.9
2704	108.38	21.48	-20.9
2705	108.42	21.47	-20.91
2706	108.46	21.47	-20.9
2707	108.5	21.46	-20.9
2708	108.54	21.46	-20.9
2709	108.58	21.45	-20.9
2710	108.62	21.45	-20.91
2711	108.66	21.45	-20.92
2712	108.7	21.45	-20.94
2713	108.74	21.45	-20.98
2714	108.78	21.45	-21.04
2715	108.82	21.44	-21.08
2716	108.86	21.44	-21.13
2717	108.9	21.43	-21.15
2718	108.94	21.43	-21.17
2719	108.98	21.44	-21.17
2720	109.02	21.43	-21.18
2721	109.06	21.43	-21.18
2722	109.1	21.43	-21.16
2723	109.14	21.43	-21.15
2724	109.18	21.43	-21.15
2725	109.22	21.43	-21.14
2726	109.26	21.44	-21.14
2727	109.3	21.44	-21.15
2728	109.34	21.44	-21.15
2729	109.38	21.46	-21.18
2730	109.42	21.47	-21.21
2731	109.46	21.5	-21.24
2732	109.5	21.52	-21.28
2733	109.54	21.54	-21.3
2734	109.58	21.55	-21.33
2735	109.62	21.56	-21.34
2736	109.66	21.57	-21.35
2737	109.7	21.57	-21.36
2738	109.74	21.57	-21.34
2739	109.78	21.56	-21.34
2740	109.82	21.55	-21.31
2741	109.86	21.54	-21.28
2742	109.9	21.52	-21.24
2743	109.94	21.49	-21.18
2744	109.98	21.45	-21.11
2745	110.02	21.41	-21.01
2746	110.06	21.38	-20.9
2747	110.1	21.36	-20.8
2748	110.14	21.36	-20.71
2749	110.18	21.35	-20.64
2750	110.22	21.34	-20.61
2751	110.26	21.34	-20.59
2752	110.3	21.35	-20.56
2753	110.34	21.35	-20.56
2754	110.38	21.35	-20.55
2755	110.42	21.35	-20.55
2756	110.46	21.35	-20.56
2757	110.5	21.35	-20.56
2758	110.54	21.35	-20.56
2759	110.58	21.34	-20.57
2760	110.62	21.35	-20.59
2761	110.66	21.36	-20.6
2762	110.7	21.38	-20.6
2763	110.74	21.4	-20.61
2764	110.78	21.41	-20.59
2765	110.82	21.41	-20.58
2766	110.86	21.4	-20.56
2767	110.9	21.4	-20.52
2768	110.94	21.41	-20.48
2769	110.98	21.41	-20.44
2770	111.02	21.42	-20.39
2771	111.06	21.42	-20.34
2772	111.1	21.43	-20.3
2773	111.14	21.43	-20.23
2774	111.18	21.42	-20.18
2775	111.22	21.41	-20.12
2776	111.26	21.39	-20.09
2777	111.3	21.38	-20.06
2778	111.34	21.37	-20.05
2779	111.38	21.37	-20.03
2780	111.42	21.36	-19.98
2781	111.46	21.34	-19.94
2782	111.5	21.33	-19.91
2783	111.54	21.32	-19.89
2784	111.58	21.32	-19.89
2785	111.62	21.31	-19.89
2786	111.66	21.31	-19.89
2787	111.7	21.31	-19.89
2788	111.74	21.32	-19.89
2789	111.78	21.32	-19.9
2790	111.82	21.31	-19.91
2791	111.86	21.29	-19.93
2792	111.9	21.27	-19.94
2793	111.94	21.26	-19.93
2794	111.98	21.25	-19.92
2795	112.02	21.24	-19.9
2796	112.06	21.23	-19.88
2797	112.1	21.21	-19.87
2798	112.14	21.18	-19.86
2799	112.18	21.14	-19.86
2800	112.22	21.1	-19.86
2801	112.26	21.07	-19.87
2802	112.3	21.06	-19.89
2803	112.34	21.07	-19.92
2804	112.38	21.08	-19.94
2805	112.42	21.1	-19.95
2806	112.46	21.13	-19.94
2807	112.5	21.15	-19.94
2808	112.54	21.17	-19.93
2809	112.58	21.18	-19.92
2810	112.62	21.2	-19.92
2811	112.66	21.21	-19.92
2812	112.7	21.23	-19.93
2813	112.74	21.25	-19.95
2814	112.78	21.27	-19.97
2815	112.82	21.28	-20
2816	112.86	21.29	-20.04
2817	112.9	21.3	-20.06
2818	112.94	21.31	-20.1
2819	112.98	21.31	-20.13
2820	113.02	21.32	-20.16
2821	113.06	21.32	-20.21
2822	113.1	21.3	-20.24
2823	113.14	21.29	-20.28
2824	113.18	21.29	-20.32
2825	113.22	21.31	-20.33
2826	113.26	21.34	-20.34
2827	113.3	21.36	-20.33
2828	113.34	21.37	-20.31
2829	113.38	21.37	-20.31
2830	113.42	21.37	-20.3
2831	113.46	21.37	-20.28
2832	113.5	21.36	-20.25
2833	113.54	21.36	-20.2
2834	113.58	21.36	-20.17
2835	113.62	21.37	-20.16
2836	113.66	21.38	-20.18
2837	113.7	21.4	-20.24
2838	113.74	21.41	-20.29
2839	113.78	21.42	-20.32
2840	113.82	21.43	-20.33
2841	113.86	21.44	-20.34
2842	113.9	21.45	-20.35
2843	113.94	21.47	-20.37
2844	113.98	21.48	-20.38
2845	114.02	21.5	-20.38
2846	114.06	21.51	-20.37
2847	114.1	21.52	-20.35
2848	114.14	21.51	-20.34
2849	114.18	21.49	-20.32
2850	114.22	21.47	-20.28
2851	114.26	21.45	-20.21
2852	114.3	21.43	-20.13
2853	114.34	21.4	-20.06
2854	114.38	21.38	-19.98
2855	114.42	21.35	-19.93
2856	114.46	21.34	-19.91
2857	114.5	21.33	-19.87
2858	114.54	21.32	-19.85
2859	114.58	21.32	-19.84
2860	114.62	21.32	-19.83
2861	114.66	21.35	-19.87
2862	114.7	21.38	-19.92
2863	114.74	21.41	-19.98
2864	114.78	21.44	-20.03
2865	114.82	21.45	-20.07
2866	114.86	21.45	-20.1
2867	114.9	21.45	-20.13
2868	114.94	21.45	-20.16
2869	114.98	21.44	-20.19
2870	115.02	21.44	-20.22
2871	115.06	21.44	-20.23
2872	115.1	21.44	-20.25
2873	115.14	21.45	-20.28
2874	115.18	21.46	-20.32
2875	115.22	21.47	-20.36
2876	115.26	21.46	-20.4
2877	115.3	21.46	-20.43
2878	115.34	21.44	-20.46
2879	115.38	21.42	-20.47
2880	115.42	21.41	-20.48
2881	115.46	21.39	-20.49
2882	115.5	21.38	-20.49
2883	115.54	21.37	-20.5
2884	115.58	21.35	-20.51
2885	115.62	21.34	-20.51
2886	115.66	21.34	-20.52
2887	115.7	21.35	-20.52
2888	115.74	21.35	-20.52
2889	115.78	21.35	-20.52
2890	115.82	21.35	-20.51
2891	115.86	21.35	-20.5
2892	115.9	21.34	-20.49
2893	115.94	21.33	-20.46
2894	115.98	21.31	-20.41
2895	116.02	21.28	-20.36
2896	116.06	21.26	-20.31
2897	116.1	21.25	-20.26
2898	116.14	21.25	-20.21
2899	116.18	21.26	-20.17
2900	116.22	21.27	-20.12
2901	116.26	21.28	-20.07
2902	116.3	21.28	-20.03
2903	116.34	21.26	-19.98
2904	116.38	21.23	-19.93
2905	116.42	21.2	-19.89
2906	116.46	21.22	-19.89
2907	116.5	21.25	-19.94
2908	116.54	21.29	-20
2909	116.58	21.34	-20.07
2910	116.62	21.34	-20.12
2911	116.66	21.33	-20.15
2912	116.7	21.32	-20.17
2913	116.74	21.3	-20.19
2914	116.78	21.28	-20.2
2915	116.82	21.25	-20.23
2916	116.86	21.23	-20.28
2917	116.9	21.21	-20.33
2918	116.94	21.2	-20.37
2919	116.98	21.21	-20.39
2920	117.02	21.22	-20.38
2921	117.06	21.24	-20.37
2922	117.1	21.27	-20.36
2923	117.14	21.33	-20.38
2924	117.18	21.38	-20.41
2925	117.22	21.41	-20.47
2926	117.26	21.43	-20.54
2927	117.3	21.42	-20.61
2928	117.34	21.44	-20.71
2929	117.38	21.49	-20.86
2930	117.42	21.55	-21.01
2931	117.46	21.62	-21.14
2932	117.5	21.65	-21.25
2933	117.54	21.65	-21.3
2934	117.58	21.63	-21.37
2935	117.62	21.6	-21.47
2936	117.66	21.57	-21.55
2937	117.7	21.56	-21.62
2938	117.74	21.54	-21.67
2939	117.78	21.54	-21.71
2940	117.82	21.55	-21.77
2941	117.86	21.57	-21.81
2942	117.9	21.59	-21.83
2943	117.94	21.6	-21.8
2944	117.98	21.6	-21.75
2945	118.02	21.58	-21.73
2946	118.06	21.56	-21.71
2947	118.1	21.55	-21.73
2948	118.14	21.55	-21.77
2949	118.18	21.55	-21.78
2950	118.22	21.56	-21.8
2951	118.26	21.56	-21.82
2952	118.3	21.56	-21.84
2953	118.34	21.56	-21.86
2954	118.38	21.55	-21.91
2955	118.42	21.54	-21.95
2956	118.46	21.53	-21.98
2957	118.5	21.52	-22
2958	118.54	21.52	-22.01
2959	118.58	21.53	-22.03
2960	118.62	21.53	-22.04
2961	118.66	21.53	-22.05
2962	118.7	21.53	-22.07
2963	118.74	21.52	-22.09
2964	118.78	21.52	-22.11
2965	118.82	21.51	-22.12
2966	118.86	21.51	-22.11
2967	118.9	21.51	-22.07
2968	118.94	21.5	-22.01
2969	118.98	21.51	-21.97
2970	119.02	21.51	-21.96
2971	119.06	21.53	-21.95
2972	119.1	21.54	-21.97
2973	119.14	21.53	-21.96
2974	119.18	21.52	-21.93
2975	119.22	21.49	-21.9
2976	119.26	21.45	-21.87
2977	119.3	21.41	-21.85
2978	119.34	21.38	-21.86
2979	119.38	21.33	-21.92
2980	119.42	21.3	-22
2981	119.46	21.28	-22.09
2982	119.5	21.26	-22.17
2983	119.54	21.26	-22.21
2984	119.58	21.27	-22.23
2985	119.62	21.27	-22.24
2986	119.66	21.27	-22.23
2987	119.7	21.27	-22.22
2988	119.74	21.26	-22.22
2989	119.78	21.26	-22.22
2990	119.82	21.27	-22.26
2991	119.86	21.26	-22.29
2992	119.9	21.28	-22.32
