1	0.06	-5.81	-0.25
2	0.1	-5.83	-0.31
3	0.14	-5.89	-0.28
4	0.18	-5.95	-0.3
5	0.22	-6.02	-0.33
6	0.26	-6.1	-0.37
7	0.3	-6.17	-0.38
8	0.34	-6.25	-0.37
9	0.38	-6.31	-0.36
10	0.42	-6.41	-0.36
11	0.5	-6.58	-0.41
12	0.54	-6.74	-0.48
13	0.58	-6.88	-0.57
14	0.62	-6.97	-0.69
15	0.66	-6.99	-0.79
16	0.7	-7.01	-0.92
17	0.74	-7.04	-1.03
18	0.78	-7.09	-1.12
19	0.82	-7.16	-1.21
20	0.86	-7.23	-1.26
21	0.9	-7.32	-1.29
22	0.94	-7.43	-1.31
23	0.98	-7.55	-1.35
24	1.02	-7.67	-1.4
25	1.06	-7.76	-1.48
26	1.1	-7.81	-1.57
27	1.14	-7.84	-1.68
28	1.18	-7.85	-1.81
29	1.22	-7.9	-1.93
30	1.26	-7.94	-2.08
31	1.3	-8.01	-2.19
32	1.34	-8.1	-2.31
33	1.38	-8.22	-2.45
34	1.42	-8.35	-2.59
35	1.46	-8.44	-2.76
36	1.5	-8.51	-2.92
37	1.54	-8.56	-3.04
38	1.58	-8.59	-3.16
39	1.62	-8.66	-3.26
40	1.66	-8.7	-3.39
41	1.7	-8.73	-3.61
42	1.74	-8.76	-3.87
43	1.78	-8.72	-4.14
44	1.82	-8.71	-4.36
45	1.86	-8.65	-4.47
46	1.9	-8.57	-4.52
47	1.94	-8.55	-4.57
48	1.98	-8.51	-4.61
49	2.02	-8.5	-4.67
50	2.06	-8.48	-4.74
51	2.1	-8.45	-4.8
52	2.14	-8.42	-4.88
53	2.18	-8.36	-4.95
54	2.22	-8.32	-5.01
55	2.26	-8.3	-5.06
56	2.3	-8.29	-5.1
57	2.34	-8.3	-5.15
58	2.38	-8.32	-5.24
59	2.42	-8.32	-5.4
60	2.46	-8.29	-5.59
61	2.5	-8.24	-5.78
62	2.54	-8.14	-5.93
63	2.58	-8.04	-6.02
64	2.62	-7.94	-6.06
65	2.66	-7.84	-6.08
66	2.7	-7.77	-6.09
67	2.74	-7.73	-6.07
68	2.78	-7.72	-6.09
69	2.82	-7.7	-6.11
70	2.86	-7.69	-6.16
71	2.9	-7.68	-6.24
72	2.94	-7.62	-6.36
73	2.98	-7.53	-6.51
74	3.02	-7.4	-6.66
75	3.06	-7.24	-6.78
76	3.1	-7.08	-6.86
77	3.14	-6.94	-6.89
78	3.18	-6.83	-6.92
79	3.22	-6.75	-6.92
80	3.26	-6.7	-6.95
81	3.3	-6.68	-7.02
82	3.34	-6.67	-7.08
83	3.38	-6.68	-7.2
84	3.42	-6.66	-7.31
85	3.62	-6.62	-7.42
86	3.66	-6.54	-7.55
87	3.7	-6.4	-7.64
88	3.74	-6.29	-7.74
89	3.78	-6.16	-7.81
90	3.82	-6.05	-7.87
91	3.86	-5.98	-7.94
92	3.9	-5.92	-8
93	3.94	-5.89	-8.05
94	3.98	-5.87	-8.13
95	4.02	-5.87	-8.18
96	4.06	-5.86	-8.24
97	4.1	-5.85	-8.29
98	4.14	-5.85	-8.29
99	4.18	-5.86	-8.31
100	4.22	-5.87	-8.32
101	4.26	-5.88	-8.34
102	4.3	-5.89	-8.35
103	4.34	-5.89	-8.35
104	4.38	-5.89	-8.33
105	4.42	-5.88	-8.3
106	4.46	-5.86	-8.27
107	4.5	-5.85	-8.24
108	4.54	-5.82	-8.19
109	4.58	-5.79	-8.11
110	4.62	-5.77	-8.02
111	4.66	-5.74	-7.89
112	4.7	-5.73	-7.78
113	4.74	-5.7	-7.71
114	4.78	-5.66	-7.69
115	4.82	-5.61	-7.69
116	4.86	-5.57	-7.7
117	4.9	-5.53	-7.69
118	4.94	-5.5	-7.66
119	4.98	-5.48	-7.64
120	5.02	-5.45	-7.65
121	5.06	-5.43	-7.65
122	5.1	-5.39	-7.66
123	5.14	-5.32	-7.67
124	5.18	-5.23	-7.66
125	5.22	-5.15	-7.65
126	5.26	-5.07	-7.65
127	5.3	-4.99	-7.66
128	5.34	-4.88	-7.65
129	5.38	-4.74	-7.61
130	5.42	-4.55	-7.56
131	5.46	-4.4	-7.49
132	5.5	-4.3	-7.41
133	5.54	-4.22	-7.37
134	5.58	-4.16	-7.33
135	5.62	-4.07	-7.3
136	5.66	-3.98	-7.27
137	5.7	-3.85	-7.27
138	5.74	-3.79	-7.25
139	5.78	-3.71	-7.24
140	5.82	-3.62	-7.24
141	5.86	-3.57	-7.23
142	5.9	-3.42	-7.22
143	5.94	-3.27	-7.19
144	5.98	-3.14	-7.16
145	6.02	-3	-7.13
146	6.06	-2.96	-7.1
147	6.1	-2.95	-7.07
148	6.14	-2.96	-7.03
149	6.18	-2.99	-6.99
150	6.22	-3.03	-6.94
151	6.26	-3.08	-6.91
152	6.3	-3.14	-6.87
153	6.34	-3.17	-6.82
154	6.38	-3.23	-6.77
155	6.42	-3.29	-6.7
156	6.46	-3.35	-6.65
157	6.5	-3.45	-6.61
158	6.54	-3.52	-6.56
159	6.58	-3.56	-6.51
160	6.62	-3.57	-6.46
161	6.66	-3.55	-6.42
162	6.7	-3.52	-6.39
163	6.74	-3.48	-6.37
164	6.78	-3.47	-6.35
165	6.82	-3.45	-6.31
166	6.86	-3.45	-6.24
167	6.9	-3.49	-6.15
168	6.94	-3.53	-6.04
169	6.98	-3.58	-5.93
170	7.02	-3.66	-5.8
171	7.06	-3.79	-5.66
172	7.1	-3.94	-5.52
173	7.14	-4.11	-5.38
174	7.18	-4.27	-5.29
175	7.22	-4.42	-5.26
176	7.26	-4.56	-5.25
177	7.3	-4.71	-5.26
178	7.34	-4.83	-5.27
179	7.38	-4.94	-5.23
180	7.42	-5.01	-5.19
181	7.46	-5.09	-5.14
182	7.5	-5.2	-5.08
183	7.54	-5.37	-5.05
184	7.58	-5.57	-5
185	7.62	-5.76	-5
186	7.66	-5.92	-5.04
187	7.7	-6.03	-5.09
188	7.74	-6.09	-5.16
189	7.78	-6.14	-5.23
190	7.82	-6.2	-5.27
191	7.86	-6.24	-5.31
192	7.9	-6.29	-5.38
193	7.94	-6.35	-5.41
194	7.98	-6.43	-5.47
195	8.02	-6.51	-5.57
196	8.06	-6.61	-5.59
197	8.1	-6.73	-5.64
198	8.14	-6.86	-5.73
199	8.18	-7.02	-5.83
200	8.22	-7.14	-5.98
201	8.26	-7.24	-6.13
202	8.3	-7.29	-6.25
203	8.34	-7.3	-6.34
204	8.38	-7.35	-6.45
205	8.42	-7.37	-6.57
206	8.46	-7.42	-6.66
207	8.5	-7.47	-6.74
208	8.54	-7.53	-6.8
209	8.58	-7.6	-6.89
210	8.62	-7.68	-7.06
211	8.66	-7.74	-7.28
212	8.7	-7.78	-7.52
213	8.74	-7.79	-7.74
214	8.78	-7.74	-7.88
215	8.82	-7.71	-8.01
216	8.86	-7.69	-8.14
217	8.9	-7.68	-8.27
218	8.94	-7.66	-8.42
219	8.98	-7.59	-8.55
220	9.02	-7.53	-8.76
221	9.06	-7.41	-9.02
222	9.1	-7.33	-9.33
223	9.14	-7.27	-9.61
224	9.18	-7.2	-9.81
225	9.22	-7.15	-9.91
226	9.26	-7.07	-9.93
227	9.3	-7	-9.95
228	9.34	-6.94	-9.99
229	9.38	-6.91	-10.03
230	9.42	-6.91	-10.09
231	9.46	-6.93	-10.18
232	9.5	-6.94	-10.27
233	9.54	-6.96	-10.42
234	9.58	-7	-10.58
235	9.62	-7.03	-10.75
236	9.66	-7.05	-10.89
237	9.7	-7.06	-11.04
238	9.74	-7.05	-11.19
239	9.78	-7.05	-11.33
240	9.82	-7.05	-11.45
241	9.86	-7.04	-11.56
242	9.9	-7.02	-11.64
243	9.94	-6.98	-11.72
244	9.98	-6.94	-11.8
245	10.02	-6.9	-11.86
246	10.06	-6.84	-11.96
247	10.1	-6.77	-12.13
248	10.14	-6.67	-12.31
249	10.18	-6.53	-12.53
250	10.22	-6.4	-12.76
251	10.26	-6.28	-12.94
252	10.3	-6.19	-13.1
253	10.34	-6.14	-13.22
254	10.38	-6.12	-13.29
255	10.42	-6.12	-13.35
256	10.46	-6.13	-13.42
257	10.5	-6.15	-13.48
258	10.54	-6.19	-13.56
259	10.58	-6.24	-13.6
260	10.62	-6.31	-13.72
261	10.66	-6.36	-13.82
262	10.7	-6.39	-13.93
263	10.74	-6.41	-14.07
264	10.78	-6.42	-14.16
265	10.82	-6.44	-14.29
266	10.86	-6.44	-14.45
267	10.9	-6.43	-14.64
268	10.94	-6.38	-14.85
269	10.98	-6.32	-15.05
270	11.02	-6.25	-15.23
271	11.06	-6.19	-15.37
272	11.1	-6.14	-15.52
273	11.14	-6.11	-15.68
274	11.18	-6.08	-15.82
275	11.22	-6.06	-15.92
276	11.26	-6.06	-16.01
277	11.3	-6.07	-16.03
278	11.34	-6.11	-16.1
279	11.38	-6.17	-16.21
280	11.42	-6.22	-16.33
281	11.46	-6.28	-16.48
282	11.5	-6.37	-16.62
283	11.54	-6.46	-16.72
284	11.58	-6.56	-16.82
285	11.62	-6.68	-16.92
286	11.66	-6.77	-17
287	11.7	-6.83	-17.08
288	11.74	-6.88	-17.15
289	11.78	-6.91	-17.24
290	11.82	-6.92	-17.3
291	11.86	-6.93	-17.35
292	11.9	-6.94	-17.4
293	11.94	-6.95	-17.45
294	11.98	-6.96	-17.53
295	12.02	-6.96	-17.59
296	12.06	-6.97	-17.68
297	12.1	-6.96	-17.75
298	12.14	-6.97	-17.81
299	12.18	-6.98	-17.89
300	12.22	-7	-17.99
301	12.26	-7.04	-18.11
302	12.3	-7.09	-18.24
303	12.34	-7.14	-18.39
304	12.38	-7.19	-18.52
305	12.42	-7.27	-18.65
306	12.46	-7.34	-18.75
307	12.5	-7.45	-18.85
308	12.54	-7.61	-18.97
309	12.58	-7.82	-19.12
310	12.62	-8.06	-19.28
311	12.66	-8.3	-19.42
312	12.7	-8.49	-19.54
313	12.74	-8.61	-19.61
314	12.78	-8.69	-19.7
315	12.82	-8.76	-19.8
316	12.86	-8.82	-19.91
317	12.9	-8.85	-19.98
318	12.94	-8.89	-20.05
319	12.98	-8.9	-20.11
320	13.02	-8.92	-20.19
321	13.06	-8.93	-20.3
322	13.1	-8.91	-20.39
323	13.14	-8.88	-20.49
324	13.18	-8.84	-20.57
325	13.22	-8.81	-20.64
326	13.26	-8.8	-20.71
327	13.3	-8.79	-20.78
328	13.34	-8.79	-20.85
329	13.38	-8.79	-20.93
330	13.42	-8.79	-20.98
331	13.46	-8.81	-21.03
332	13.5	-8.84	-21.07
333	13.54	-8.88	-21.08
334	13.58	-8.92	-21.11
335	13.62	-8.96	-21.13
336	13.66	-8.98	-21.14
337	13.7	-8.99	-21.16
338	13.74	-8.99	-21.19
339	13.78	-9.01	-21.24
340	13.82	-9.03	-21.29
341	13.86	-9.06	-21.34
342	13.9	-9.08	-21.38
343	13.94	-9.1	-21.44
344	13.98	-9.12	-21.48
345	14.02	-9.12	-21.52
346	14.06	-9.13	-21.57
347	14.1	-9.13	-21.6
348	14.14	-9.12	-21.63
349	14.18	-9.11	-21.64
350	14.22	-9.11	-21.67
351	14.26	-9.1	-21.68
352	14.3	-9.11	-21.69
353	14.34	-9.11	-21.71
354	14.38	-9.11	-21.72
355	14.42	-9.12	-21.73
356	14.46	-9.12	-21.73
357	14.5	-9.11	-21.72
358	14.54	-9.11	-21.71
359	14.58	-9.09	-21.68
360	14.62	-9.07	-21.66
361	14.66	-9.05	-21.62
362	14.7	-9.03	-21.58
363	14.74	-9.01	-21.54
364	14.78	-9	-21.5
365	14.82	-8.99	-21.48
366	14.86	-8.98	-21.47
367	14.9	-8.95	-21.47
368	14.94	-8.94	-21.45
369	14.98	-8.93	-21.44
370	15.02	-8.92	-21.43
371	15.06	-8.92	-21.43
372	15.1	-8.91	-21.43
373	15.14	-8.91	-21.43
374	15.18	-8.92	-21.43
375	15.22	-8.93	-21.44
376	15.26	-8.95	-21.45
377	15.3	-8.97	-21.48
378	15.34	-8.99	-21.5
379	15.38	-9.01	-21.52
380	15.42	-9.03	-21.53
381	15.46	-9.05	-21.54
382	15.5	-9.07	-21.56
383	15.54	-9.09	-21.59
384	15.58	-9.11	-21.64
385	15.62	-9.12	-21.66
386	15.66	-9.14	-21.69
387	15.7	-9.18	-21.72
388	15.74	-9.21	-21.75
389	15.78	-9.25	-21.79
390	15.82	-9.28	-21.8
391	15.86	-9.3	-21.8
392	15.9	-9.31	-21.78
393	15.94	-9.33	-21.78
394	15.98	-9.35	-21.78
395	16.02	-9.36	-21.79
396	16.06	-9.38	-21.8
397	16.1	-9.4	-21.82
398	16.14	-9.41	-21.84
399	16.18	-9.44	-21.89
400	16.22	-9.45	-21.93
401	16.26	-9.45	-21.94
402	16.3	-9.46	-21.97
403	16.34	-9.45	-21.97
404	16.38	-9.45	-21.98
405	16.42	-9.46	-22.01
406	16.46	-9.46	-22
407	16.5	-9.45	-21.99
408	16.54	-9.45	-21.99
409	16.58	-9.45	-21.98
410	16.62	-9.44	-21.93
411	16.66	-9.43	-21.9
412	16.7	-9.42	-21.88
413	16.74	-9.41	-21.85
414	16.78	-9.39	-21.84
415	16.82	-9.37	-21.83
416	16.86	-9.35	-21.81
417	16.9	-9.34	-21.8
418	16.94	-9.32	-21.81
419	16.98	-9.31	-21.8
420	17.02	-9.31	-21.78
421	17.06	-9.31	-21.77
422	17.1	-9.31	-21.75
423	17.14	-9.33	-21.76
424	17.18	-9.34	-21.77
425	17.22	-9.35	-21.78
426	17.26	-9.36	-21.78
427	17.3	-9.37	-21.77
428	17.34	-9.38	-21.78
429	17.38	-9.4	-21.8
430	17.42	-9.43	-21.82
431	17.46	-9.45	-21.83
432	17.5	-9.47	-21.84
433	17.54	-9.5	-21.82
434	17.58	-9.51	-21.8
435	17.62	-9.53	-21.77
436	17.66	-9.54	-21.72
437	17.7	-9.55	-21.69
438	17.74	-9.55	-21.64
439	17.78	-9.56	-21.59
440	17.82	-9.57	-21.55
441	17.86	-9.58	-21.52
442	17.9	-9.6	-21.49
443	17.94	-9.61	-21.48
444	17.98	-9.64	-21.47
445	18.02	-9.64	-21.41
446	18.06	-9.66	-21.38
447	18.1	-9.67	-21.33
448	18.14	-9.69	-21.3
449	18.18	-9.76	-21.31
450	18.22	-9.83	-21.3
451	18.26	-9.92	-21.3
452	18.3	-10.01	-21.3
453	18.34	-10.06	-21.26
454	18.38	-10.1	-21.23
455	18.42	-10.13	-21.19
456	18.46	-10.14	-21.14
457	18.5	-10.16	-21.12
458	18.54	-10.18	-21.11
459	18.58	-10.22	-21.13
460	18.62	-10.25	-21.15
461	18.66	-10.27	-21.15
462	18.7	-10.29	-21.16
463	18.74	-10.29	-21.15
464	18.78	-10.31	-21.15
465	18.82	-10.33	-21.17
466	18.86	-10.35	-21.19
467	18.9	-10.36	-21.2
468	18.94	-10.37	-21.2
469	18.98	-10.37	-21.19
470	19.02	-10.36	-21.16
471	19.06	-10.35	-21.16
472	19.1	-10.33	-21.15
473	19.14	-10.33	-21.14
474	19.18	-10.32	-21.14
475	19.22	-10.3	-21.11
476	19.26	-10.27	-21.08
477	19.3	-10.24	-21.04
478	19.33	-10.22	-21
479	19.38	-10.21	-20.95
480	19.42	-10.21	-20.93
481	19.46	-10.2	-20.91
482	19.49	-10.19	-20.91
483	19.53	-10.17	-20.92
484	19.57	-10.15	-20.93
485	19.61	-10.14	-20.92
486	19.66	-10.12	-20.91
487	19.7	-10.11	-20.87
488	19.74	-10.09	-20.84
489	19.77	-10.08	-20.82
490	19.81	-10.07	-20.81
491	19.85	-10.08	-20.82
492	19.89	-10.09	-20.86
493	19.93	-10.11	-20.9
494	19.97	-10.13	-20.94
495	20.01	-10.14	-20.96
496	20.05	-10.16	-20.97
497	20.09	-10.17	-21.02
498	20.13	-10.18	-21.07
499	20.17	-10.21	-21.17
500	20.21	-10.22	-21.24
501	20.25	-10.23	-21.31
502	20.29	-10.24	-21.37
503	20.33	-10.24	-21.38
504	20.37	-10.25	-21.39
505	20.41	-10.27	-21.38
506	20.45	-10.29	-21.36
507	20.49	-10.31	-21.34
508	20.53	-10.34	-21.31
509	20.57	-10.36	-21.24
510	20.61	-10.38	-21.16
511	20.65	-10.42	-21.1
512	20.69	-10.45	-21.07
513	20.73	-10.47	-21.06
514	20.77	-10.48	-21.09
515	20.81	-10.49	-21.14
516	20.85	-10.5	-21.19
517	20.89	-10.53	-21.23
518	20.93	-10.57	-21.26
519	20.97	-10.59	-21.25
520	21.01	-10.63	-21.21
521	21.05	-10.67	-21.16
522	21.09	-10.69	-21.08
523	21.13	-10.71	-20.99
524	21.17	-10.65	-20.88
525	21.21	-10.59	-20.76
526	21.25	-10.55	-20.66
527	21.29	-10.51	-20.56
528	21.33	-10.52	-20.49
529	21.37	-10.53	-20.45
530	21.41	-10.51	-20.39
531	21.45	-10.48	-20.37
532	21.49	-10.42	-20.37
533	21.53	-10.33	-20.4
534	21.57	-10.26	-20.44
535	21.61	-10.16	-20.48
536	21.65	-10.08	-20.53
537	21.69	-10	-20.53
538	21.73	-9.9	-20.52
539	21.77	-9.81	-20.48
540	21.81	-9.71	-20.41
541	21.85	-9.63	-20.36
542	21.89	-9.59	-20.31
543	21.93	-9.55	-20.27
544	21.97	-9.53	-20.23
545	22.01	-9.52	-20.2
546	22.05	-9.5	-20.18
547	22.09	-9.49	-20.16
548	22.13	-9.49	-20.16
549	22.17	-9.47	-20.17
550	22.21	-9.45	-20.18
551	22.25	-9.44	-20.19
552	22.29	-9.44	-20.23
553	22.33	-9.45	-20.28
554	22.37	-9.47	-20.34
555	22.41	-9.48	-20.39
556	22.45	-9.5	-20.41
557	22.49	-9.51	-20.41
558	22.53	-9.53	-20.41
559	22.57	-9.54	-20.4
560	22.61	-9.54	-20.39
561	22.65	-9.53	-20.37
562	22.69	-9.53	-20.35
563	22.73	-9.52	-20.32
564	22.77	-9.52	-20.3
565	22.81	-9.54	-20.29
566	22.85	-9.56	-20.26
567	22.89	-9.59	-20.21
568	22.93	-9.59	-20.15
569	22.97	-9.59	-20.07
570	23.01	-9.55	-20
571	23.05	-9.5	-19.94
572	23.09	-9.5	-19.87
573	23.13	-9.5	-19.77
574	23.17	-9.54	-19.64
575	23.21	-9.61	-19.54
576	23.25	-9.66	-19.46
577	23.29	-9.72	-19.42
578	23.33	-9.77	-19.41
579	23.37	-9.83	-19.39
580	23.41	-9.87	-19.37
581	23.45	-9.91	-19.33
582	23.49	-9.95	-19.3
583	23.53	-9.97	-19.24
584	23.57	-9.99	-19.18
585	23.61	-10.03	-19.13
586	23.65	-10.06	-19.05
587	23.69	-10.1	-18.99
588	23.73	-10.12	-18.91
589	23.77	-10.11	-18.8
590	23.81	-10.11	-18.71
591	23.85	-10.11	-18.59
592	23.89	-10.13	-18.5
593	23.93	-10.17	-18.41
594	23.97	-10.23	-18.34
595	24.01	-10.28	-18.26
596	24.05	-10.33	-18.19
597	24.09	-10.41	-18.14
598	24.13	-10.51	-18.09
599	24.17	-10.61	-18.08
600	24.21	-10.73	-18.05
601	24.25	-10.84	-18.06
602	24.29	-10.92	-18.07
603	24.33	-10.99	-18.06
604	24.37	-11.04	-18.06
605	24.41	-11.08	-18.04
606	24.49	-11.12	-17.99
607	24.53	-11.15	-17.92
608	24.57	-11.19	-17.87
609	24.61	-11.25	-17.84
610	24.65	-11.27	-17.88
611	24.69	-11.3	-17.93
612	24.73	-11.34	-17.94
613	24.77	-11.39	-17.96
614	24.81	-11.49	-17.96
615	24.85	-11.61	-17.98
616	24.89	-11.71	-18.03
617	24.93	-11.77	-18.08
618	24.97	-11.81	-18.12
619	25.01	-11.84	-18.16
620	25.05	-11.89	-18.19
621	25.09	-11.92	-18.19
622	25.13	-11.99	-18.19
623	25.17	-12.02	-18.18
624	25.21	-12.03	-18.16
625	25.25	-12.08	-18.13
626	25.29	-12.1	-18.1
627	25.33	-12.12	-18.08
628	25.37	-12.15	-18.07
629	25.41	-12.16	-18.07
630	25.45	-12.18	-18.06
631	25.49	-12.19	-18.06
632	25.53	-12.21	-18.07
633	25.57	-12.23	-18.08
634	25.61	-12.24	-18.1
635	25.65	-12.26	-18.14
636	25.69	-12.27	-18.18
637	25.73	-12.28	-18.23
638	25.77	-12.3	-18.26
639	25.81	-12.31	-18.28
640	25.85	-12.3	-18.3
641	25.89	-12.33	-18.32
642	25.93	-12.34	-18.35
643	25.97	-12.35	-18.38
644	26.01	-12.38	-18.42
645	26.05	-12.38	-18.44
646	26.09	-12.38	-18.45
647	26.13	-12.4	-18.46
648	26.17	-12.39	-18.45
649	26.21	-12.39	-18.44
650	26.25	-12.42	-18.43
651	26.29	-12.45	-18.43
652	26.33	-12.5	-18.46
653	26.37	-12.56	-18.5
654	26.41	-12.6	-18.54
655	26.45	-12.61	-18.56
656	26.49	-12.6	-18.58
657	26.53	-12.6	-18.6
658	26.57	-12.57	-18.61
659	26.61	-12.55	-18.62
660	26.65	-12.51	-18.61
661	26.69	-12.46	-18.61
662	26.73	-12.44	-18.63
663	26.77	-12.4	-18.67
664	26.81	-12.39	-18.73
665	26.85	-12.39	-18.79
666	26.89	-12.41	-18.85
667	26.93	-12.43	-18.89
668	26.97	-12.46	-18.94
669	27.01	-12.49	-19.04
670	27.05	-12.49	-19.18
671	27.09	-12.49	-19.35
672	27.13	-12.47	-19.52
673	27.17	-12.43	-19.66
674	27.21	-12.39	-19.76
675	27.25	-12.37	-19.87
676	27.29	-12.34	-19.93
677	27.33	-12.33	-20.01
678	27.37	-12.33	-20.08
679	27.41	-12.36	-20.13
680	27.45	-12.4	-20.17
681	27.49	-12.42	-20.16
682	27.53	-12.46	-20.18
683	27.57	-12.49	-20.19
684	27.61	-12.5	-20.22
685	27.65	-12.52	-20.25
686	27.69	-12.53	-20.27
687	27.73	-12.53	-20.3
688	27.77	-12.53	-20.34
689	27.81	-12.53	-20.4
690	27.85	-12.53	-20.47
691	27.89	-12.52	-20.55
692	27.93	-12.49	-20.66
693	27.97	-12.42	-20.78
694	28.01	-12.31	-20.95
695	28.05	-12.19	-21.14
696	28.09	-12.05	-21.29
697	28.13	-11.94	-21.42
698	28.17	-11.85	-21.51
699	28.21	-11.77	-21.58
700	28.25	-11.72	-21.64
701	28.29	-11.67	-21.72
702	28.33	-11.64	-21.8
703	28.37	-11.61	-21.86
704	28.41	-11.59	-21.94
705	28.45	-11.58	-22
706	28.49	-11.58	-22.08
707	28.53	-11.59	-22.2
708	28.57	-11.61	-22.31
709	28.61	-11.63	-22.41
710	28.65	-11.64	-22.49
711	28.69	-11.66	-22.56
712	28.73	-11.67	-22.65
713	28.77	-11.69	-22.77
714	28.81	-11.69	-22.88
715	28.85	-11.68	-22.97
716	28.89	-11.67	-23.05
717	28.93	-11.65	-23.09
718	28.97	-11.62	-23.11
719	29.01	-11.6	-23.14
720	29.05	-11.6	-23.16
721	29.09	-11.6	-23.18
722	29.13	-11.62	-23.2
723	29.17	-11.65	-23.22
724	29.21	-11.67	-23.23
725	29.25	-11.67	-23.27
726	29.29	-11.67	-23.31
727	29.33	-11.66	-23.35
728	29.37	-11.65	-23.39
729	29.41	-11.64	-23.4
730	29.45	-11.62	-23.38
731	29.49	-11.62	-23.36
732	29.53	-11.61	-23.34
733	29.57	-11.61	-23.34
734	29.61	-11.61	-23.37
735	29.65	-11.61	-23.39
736	29.69	-11.6	-23.41
737	29.73	-11.61	-23.42
738	29.77	-11.61	-23.43
739	29.81	-11.61	-23.44
740	29.85	-11.61	-23.45
741	29.89	-11.61	-23.45
742	29.93	-11.63	-23.45
743	29.97	-11.64	-23.45
744	30.01	-11.65	-23.44
745	30.05	-11.66	-23.44
746	30.09	-11.68	-23.45
747	30.13	-11.69	-23.45
748	30.17	-11.7	-23.45
749	30.21	-11.71	-23.45
750	30.25	-11.73	-23.44
751	30.29	-11.75	-23.46
752	30.33	-11.78	-23.46
753	30.37	-11.8	-23.46
754	30.41	-11.82	-23.46
755	30.45	-11.81	-23.45
756	30.49	-11.8	-23.46
757	30.53	-11.77	-23.45
758	30.57	-11.75	-23.43
759	30.61	-11.73	-23.39
760	30.65	-11.71	-23.35
761	30.69	-11.69	-23.35
762	30.73	-11.66	-23.37
763	30.77	-11.63	-23.42
764	30.81	-11.6	-23.47
765	30.85	-11.57	-23.49
766	30.89	-11.55	-23.5
767	30.93	-11.54	-23.52
768	30.97	-11.5	-23.55
769	31.01	-11.46	-23.58
770	31.05	-11.39	-23.63
771	31.09	-11.32	-23.67
772	31.13	-11.27	-23.69
773	31.17	-11.21	-23.71
774	31.21	-11.16	-23.72
775	31.25	-11.1	-23.72
776	31.29	-11.04	-23.74
777	31.33	-10.97	-23.74
778	31.37	-10.92	-23.74
779	31.41	-10.87	-23.75
780	31.45	-10.82	-23.77
781	31.49	-10.77	-23.8
782	31.53	-10.73	-23.83
783	31.57	-10.71	-23.88
784	31.61	-10.7	-23.93
785	31.65	-10.7	-23.97
786	31.69	-10.69	-24
787	31.73	-10.65	-24.05
788	31.77	-10.62	-24.09
789	31.81	-10.59	-24.13
790	31.85	-10.56	-24.17
791	31.89	-10.55	-24.18
792	31.93	-10.55	-24.19
793	31.97	-10.53	-24.21
794	32.01	-10.51	-24.23
795	32.05	-10.46	-24.25
796	32.09	-10.37	-24.26
797	32.13	-10.26	-24.27
798	32.17	-10.16	-24.25
799	32.21	-10.07	-24.24
800	32.25	-10.02	-24.23
801	32.29	-9.98	-24.23
802	32.33	-9.91	-24.24
803	32.37	-9.84	-24.26
804	32.41	-9.76	-24.27
805	32.45	-9.7	-24.27
806	32.49	-9.64	-24.31
807	32.53	-9.6	-24.34
808	32.57	-9.54	-24.41
809	32.61	-9.51	-24.45
810	32.65	-9.48	-24.47
811	32.69	-9.46	-24.48
812	32.73	-9.45	-24.49
813	32.77	-9.45	-24.51
814	32.81	-9.43	-24.52
815	32.85	-9.35	-24.54
816	32.89	-9.27	-24.53
817	32.93	-9.16	-24.52
818	32.97	-9.07	-24.5
819	33.01	-9	-24.48
820	33.05	-8.91	-24.48
821	33.09	-8.84	-24.47
822	33.13	-8.76	-24.48
823	33.17	-8.7	-24.49
824	33.21	-8.67	-24.51
825	33.25	-8.61	-24.56
826	33.29	-8.57	-24.59
827	33.33	-8.55	-24.63
828	33.37	-8.53	-24.66
829	33.41	-8.53	-24.67
830	33.45	-8.49	-24.71
831	33.49	-8.47	-24.74
832	33.53	-8.44	-24.77
833	33.57	-8.43	-24.8
834	33.61	-8.43	-24.8
835	33.65	-8.43	-24.79
836	33.69	-8.45	-24.78
837	33.73	-8.46	-24.78
838	33.77	-8.49	-24.76
839	33.81	-8.5	-24.77
840	33.85	-8.52	-24.77
841	33.89	-8.57	-24.76
842	33.93	-8.61	-24.76
843	33.97	-8.66	-24.75
844	34.01	-8.7	-24.75
845	34.05	-8.71	-24.75
846	34.09	-8.72	-24.75
847	34.13	-8.73	-24.76
848	34.17	-8.75	-24.77
849	34.21	-8.76	-24.78
850	34.25	-8.8	-24.79
851	34.29	-8.84	-24.8
852	34.33	-8.86	-24.8
853	34.37	-8.89	-24.8
854	34.41	-8.91	-24.79
855	34.45	-8.92	-24.78
856	34.49	-8.93	-24.76
857	34.53	-8.94	-24.75
858	34.57	-8.95	-24.72
859	34.61	-8.95	-24.7
860	34.65	-8.96	-24.67
861	34.69	-8.94	-24.64
862	34.73	-8.91	-24.61
863	34.77	-8.87	-24.57
864	34.81	-8.82	-24.53
865	34.85	-8.76	-24.5
866	34.89	-8.71	-24.48
867	34.93	-8.67	-24.46
868	34.97	-8.66	-24.45
869	35.01	-8.65	-24.43
870	35.05	-8.62	-24.4
871	35.09	-8.59	-24.35
872	35.13	-8.54	-24.28
873	35.17	-8.5	-24.2
874	35.21	-8.5	-24.13
875	35.25	-8.5	-24.08
876	35.29	-8.51	-24.03
877	35.33	-8.5	-24
878	35.37	-8.49	-23.98
879	35.41	-8.48	-23.95
880	35.45	-8.45	-23.92
881	35.49	-8.42	-23.87
882	35.53	-8.37	-23.82
883	35.57	-8.34	-23.77
884	35.61	-8.33	-23.72
885	35.65	-8.32	-23.67
886	35.69	-8.29	-23.61
887	35.73	-8.24	-23.56
888	35.77	-8.19	-23.53
889	35.81	-8.14	-23.5
890	35.85	-8.12	-23.49
891	35.89	-8.1	-23.5
892	35.93	-8.07	-23.49
893	35.97	-8.04	-23.5
894	36.01	-8	-23.49
895	36.05	-7.97	-23.49
896	36.09	-7.95	-23.5
897	36.13	-7.91	-23.51
898	36.17	-7.87	-23.52
899	36.21	-7.82	-23.51
900	36.25	-7.76	-23.49
901	36.29	-7.7	-23.48
902	36.33	-7.67	-23.46
903	36.37	-7.62	-23.45
904	36.41	-7.57	-23.45
905	36.45	-7.54	-23.43
906	36.49	-7.51	-23.43
907	36.53	-7.5	-23.42
908	36.57	-7.49	-23.4
909	36.61	-7.46	-23.41
910	36.65	-7.44	-23.43
911	36.69	-7.39	-23.45
912	36.73	-7.4	-23.47
913	36.77	-7.42	-23.5
914	36.81	-7.38	-23.51
915	36.85	-7.35	-23.54
916	36.89	-7.3	-23.58
917	36.93	-7.21	-23.65
918	36.97	-7.16	-23.72
919	37.01	-7.15	-23.78
920	37.05	-7.14	-23.84
921	37.09	-7.19	-23.88
922	37.13	-7.26	-23.91
923	37.17	-7.3	-23.95
924	37.21	-7.35	-23.98
925	37.25	-7.39	-24.01
926	37.29	-7.44	-24.03
927	37.33	-7.48	-24.04
928	37.37	-7.51	-24.07
929	37.41	-7.56	-24.08
930	37.45	-7.58	-24.11
931	37.49	-7.61	-24.14
932	37.53	-7.61	-24.16
933	37.57	-7.63	-24.18
934	37.61	-7.65	-24.19
935	37.65	-7.68	-24.19
936	37.69	-7.72	-24.19
937	37.73	-7.76	-24.2
938	37.77	-7.8	-24.21
939	37.81	-7.86	-24.22
940	37.85	-7.91	-24.22
941	37.89	-7.92	-24.21
942	37.93	-7.94	-24.23
943	37.97	-7.93	-24.26
944	38.01	-7.93	-24.29
945	38.05	-7.94	-24.31
946	38.09	-7.97	-24.33
947	38.13	-8.02	-24.34
948	38.17	-8.05	-24.37
949	38.21	-8.09	-24.38
950	38.25	-8.13	-24.38
951	38.29	-8.14	-24.37
952	38.33	-8.14	-24.36
953	38.37	-8.15	-24.36
954	38.41	-8.15	-24.37
955	38.45	-8.15	-24.37
956	38.49	-8.16	-24.36
957	38.53	-8.15	-24.38
958	38.57	-8.12	-24.38
959	38.61	-8.1	-24.38
960	38.65	-8.06	-24.39
961	38.69	-8.01	-24.37
962	38.73	-7.98	-24.37
963	38.77	-7.93	-24.37
964	38.81	-7.91	-24.38
965	38.85	-7.89	-24.38
966	38.89	-7.85	-24.39
967	38.93	-7.83	-24.38
968	38.97	-7.79	-24.38
969	39.01	-7.75	-24.39
970	39.05	-7.75	-24.39
971	39.09	-7.76	-24.4
972	39.13	-7.78	-24.41
973	39.17	-7.8	-24.43
974	39.21	-7.83	-24.45
975	39.25	-7.86	-24.47
976	39.29	-7.91	-24.48
977	39.33	-7.98	-24.49
978	39.37	-8.01	-24.49
979	39.41	-8.05	-24.5
980	39.45	-8.06	-24.51
981	39.49	-8.09	-24.51
982	39.53	-8.13	-24.52
983	39.57	-8.16	-24.51
984	39.61	-8.19	-24.49
985	39.65	-8.2	-24.48
986	39.69	-8.23	-24.47
987	39.73	-8.25	-24.48
988	39.77	-8.26	-24.51
989	39.81	-8.28	-24.54
990	39.85	-8.27	-24.57
991	39.89	-8.28	-24.6
992	39.93	-8.3	-24.61
993	39.97	-8.32	-24.62
994	40.01	-8.34	-24.62
995	40.05	-8.36	-24.61
996	40.09	-8.38	-24.6
997	40.13	-8.37	-24.6
998	40.17	-8.38	-24.61
999	40.21	-8.38	-24.62
1000	40.25	-8.38	-24.65
1001	40.29	-8.42	-24.67
1002	40.33	-8.47	-24.67
1003	40.37	-8.54	-24.68
1004	40.41	-8.61	-24.68
1005	40.45	-8.7	-24.69
1006	40.49	-8.77	-24.7
1007	40.53	-8.86	-24.7
1008	40.57	-8.92	-24.71
1009	40.61	-8.96	-24.73
1010	40.65	-8.98	-24.75
1011	40.69	-8.97	-24.77
1012	40.73	-8.97	-24.76
1013	40.77	-8.98	-24.75
1014	40.81	-9	-24.73
1015	40.85	-9.05	-24.7
1016	40.89	-9.09	-24.68
1017	40.93	-9.15	-24.68
1018	40.97	-9.21	-24.65
1019	41.01	-9.24	-24.64
1020	41.05	-9.29	-24.64
1021	41.09	-9.33	-24.64
1022	41.13	-9.36	-24.67
1023	41.17	-9.37	-24.72
1024	41.21	-9.35	-24.77
1025	41.25	-9.34	-24.79
1026	41.29	-9.33	-24.79
1027	41.33	-9.35	-24.75
1028	41.37	-9.36	-24.74
1029	41.41	-9.34	-24.75
1030	41.45	-9.31	-24.78
1031	41.49	-9.26	-24.8
1032	41.53	-9.21	-24.83
1033	41.57	-9.14	-24.85
1034	41.61	-9.07	-24.87
1035	41.65	-9	-24.9
1036	41.69	-8.93	-24.93
1037	41.73	-8.88	-24.96
1038	41.77	-8.83	-24.99
1039	41.81	-8.78	-25.02
1040	41.85	-8.76	-25.04
1041	41.89	-8.73	-25.07
1042	41.93	-8.66	-25.1
1043	41.97	-8.6	-25.14
1044	42.01	-8.51	-25.16
1045	42.05	-8.41	-25.18
1046	42.09	-8.35	-25.18
1047	42.13	-8.29	-25.18
1048	42.17	-8.26	-25.16
1049	42.21	-8.22	-25.14
1050	42.25	-8.19	-25.12
1051	42.29	-8.12	-25.13
1052	42.33	-8.03	-25.15
1053	42.37	-7.95	-25.2
1054	42.41	-7.87	-25.25
1055	42.45	-7.8	-25.29
1056	42.49	-7.74	-25.36
1057	42.53	-7.66	-25.42
1058	42.57	-7.59	-25.47
1059	42.61	-7.52	-25.51
1060	42.65	-7.43	-25.55
1061	42.69	-7.34	-25.57
1062	42.73	-7.23	-25.61
1063	42.77	-7.09	-25.68
1064	42.81	-6.96	-25.73
1065	42.85	-6.84	-25.76
1066	42.89	-6.75	-25.76
1067	42.93	-6.65	-25.72
1068	42.97	-6.51	-25.66
1069	43.01	-6.35	-25.63
1070	43.05	-6.17	-25.62
1071	43.09	-5.98	-25.62
1072	43.13	-5.85	-25.62
1073	43.17	-5.68	-25.64
1074	43.21	-5.54	-25.64
1075	43.25	-5.41	-25.64
1076	43.29	-5.29	-25.65
1077	43.33	-5.2	-25.65
1078	43.37	-5.1	-25.68
1079	43.41	-5.03	-25.74
1080	43.45	-4.96	-25.8
1081	43.49	-4.9	-25.86
1082	43.53	-4.85	-25.89
1083	43.57	-4.75	-25.89
1084	43.61	-4.6	-25.87
1085	43.65	-4.49	-25.83
1086	43.69	-4.4	-25.8
1087	43.73	-4.32	-25.77
1088	43.77	-4.3	-25.76
1089	43.81	-4.25	-25.77
1090	43.85	-4.19	-25.77
1091	43.89	-4.18	-25.77
1092	43.93	-4.17	-25.78
1093	43.97	-4.17	-25.78
1094	44.01	-4.19	-25.78
1095	44.05	-4.21	-25.8
1096	44.09	-4.24	-25.96
1097	44.13	-4.3	-26.13
1098	44.17	-4.37	-26.32
1099	44.21	-4.43	-26.52
1100	44.25	-4.47	-26.54
1101	44.29	-4.5	-26.55
1102	44.33	-4.52	-26.53
1103	44.37	-4.57	-26.5
1104	44.41	-4.62	-26.49
1105	44.45	-4.67	-26.49
1106	44.49	-4.71	-26.51
1107	44.53	-4.74	-26.51
1108	44.57	-4.77	-26.56
1109	44.61	-4.79	-26.57
1110	44.65	-4.81	-26.59
1111	44.69	-4.81	-26.63
1112	44.73	-4.82	-26.62
1113	44.77	-4.83	-26.64
1114	44.81	-4.85	-26.64
1115	44.85	-4.86	-26.65
1116	44.89	-4.86	-26.65
1117	44.93	-4.83	-26.64
1118	44.97	-4.82	-26.62
1119	45.01	-4.81	-26.61
1120	45.05	-4.81	-26.61
1121	45.09	-4.82	-26.27
1122	45.13	-4.82	-25.95
1123	45.17	-4.8	-25.92
1124	45.21	-4.76	-25.57
1125	45.25	-4.74	-25.75
1126	45.29	-4.69	-26.1
1127	45.33	-4.68	-26.14
1128	45.37	-4.66	-26.53
1129	45.41	-4.63	-26.7
1130	45.45	-4.64	-26.71
1131	45.49	-4.63	-26.73
1132	45.53	-4.64	-26.73
1133	45.57	-4.64	-26.75
1134	45.61	-4.66	-26.75
1135	45.65	-4.68	-26.75
1136	45.69	-4.71	-26.74
1137	45.73	-4.75	-26.74
1138	45.77	-4.8	-26.76
1139	45.81	-4.85	-26.8
1140	45.85	-4.9	-26.79
1141	45.89	-4.94	-26.77
1142	45.93	-4.98	-26.75
1143	45.97	-5	-26.68
1144	46.01	-5.03	-26.65
1145	46.05	-5.08	-26.19
1146	46.09	-5.15	-25.71
1147	46.13	-5.22	-25.25
1148	46.17	-5.29	-24.77
1149	46.21	-5.33	-24.74
1150	46.25	-5.35	-24.7
1151	46.29	-5.37	-24.67
1152	46.33	-5.37	-24.65
1153	46.37	-5.38	-24.63
1154	46.41	-5.4	-24.62
1155	46.45	-5.43	-24.61
1156	46.49	-5.47	-24.57
1157	46.53	-5.51	-24.51
1158	46.57	-5.53	-24.46
1159	46.61	-5.56	-24.41
1160	46.65	-5.6	-24.39
1161	46.69	-5.69	-24.38
1162	46.73	-5.83	-24.34
1163	46.77	-5.97	-24.29
1164	46.81	-6.09	-24.25
1165	46.85	-6.15	-24.22
1166	46.89	-6.18	-24.21
1167	46.93	-6.21	-24.23
1168	46.97	-6.28	-24.26
1169	47.01	-6.37	-24.29
1170	47.05	-6.46	-24.31
1171	47.09	-6.58	-24.31
1172	47.13	-6.66	-24.28
1173	47.17	-6.76	-24.26
1174	47.21	-6.88	-24.26
1175	47.25	-6.99	-24.31
1176	47.29	-7.11	-24.36
1177	47.33	-7.21	-24.45
1178	47.37	-7.33	-24.53
1179	47.41	-7.42	-24.6
1180	47.45	-7.53	-24.67
1181	47.49	-7.63	-24.72
1182	47.53	-7.75	-24.76
1183	47.57	-7.88	-24.79
1184	47.61	-8.01	-24.83
1185	47.65	-8.13	-24.89
1186	47.69	-8.22	-24.98
1187	47.73	-8.31	-25.05
1188	47.77	-8.41	-25.11
1189	47.81	-8.49	-25.13
1190	47.85	-8.58	-25.14
1191	47.89	-8.7	-25.16
1192	47.93	-8.78	-25.19
1193	47.97	-8.89	-25.24
1194	48.01	-9	-25.29
1195	48.05	-9.06	-25.32
1196	48.09	-9.11	-25.35
1197	48.13	-9.14	-25.36
1198	48.17	-9.16	-25.37
1199	48.21	-9.17	-25.37
1200	48.25	-9.19	-25.38
1201	48.29	-9.22	-25.38
1202	48.33	-9.26	-25.39
1203	48.37	-9.3	-25.39
1204	48.41	-9.32	-25.4
1205	48.45	-9.32	-25.4
1206	48.49	-9.29	-25.41
1207	48.53	-9.24	-25.42
1208	48.57	-9.16	-25.44
1209	48.61	-9.1	-25.46
1210	48.65	-9.06	-25.48
1211	48.69	-9.01	-25.5
1212	48.73	-9.01	-25.51
1213	48.77	-9.01	-25.51
1214	48.81	-8.99	-25.52
1215	48.85	-9	-25.54
1216	48.89	-9	-25.56
1217	48.93	-9.03	-25.58
1218	48.97	-9.05	-25.59
1219	49.01	-9.08	-25.59
1220	49.05	-9.12	-25.59
1221	49.09	-9.15	-25.59
1222	49.13	-9.18	-25.59
1223	49.17	-9.22	-25.59
1224	49.21	-9.24	-25.58
1225	49.25	-9.27	-25.58
1226	49.29	-9.3	-25.57
1227	49.33	-9.32	-25.57
1228	49.37	-9.33	-25.58
1229	49.41	-9.35	-25.57
1230	49.45	-9.35	-25.56
1231	49.49	-9.36	-25.54
1232	49.53	-9.38	-25.52
1233	49.57	-9.4	-25.51
1234	49.61	-9.43	-25.49
1235	49.65	-9.46	-25.48
1236	49.69	-9.48	-25.46
1237	49.73	-9.49	-25.44
1238	49.77	-9.52	-25.41
1239	49.81	-9.51	-25.38
1240	49.85	-9.53	-25.36
1241	49.89	-9.53	-25.33
1242	49.93	-9.53	-25.32
1243	49.97	-9.55	-25.29
1244	50.01	-9.56	-25.28
1245	50.05	-9.61	-25.28
1246	50.09	-9.67	-25.29
1247	50.13	-9.72	-25.32
1248	50.17	-9.79	-25.35
1249	50.21	-9.83	-25.38
1250	50.25	-9.86	-25.42
1251	50.29	-9.91	-25.45
1252	50.33	-9.96	-25.51
1253	50.37	-10.03	-25.53
1254	50.41	-10.09	-25.55
1255	50.45	-10.13	-25.56
1256	50.49	-10.16	-25.54
1257	50.53	-10.18	-25.53
1258	50.57	-10.2	-25.51
1259	50.61	-10.23	-25.5
1260	50.65	-10.26	-25.5
1261	50.69	-10.29	-25.51
1262	50.73	-10.31	-25.51
1263	50.77	-10.32	-25.51
1264	50.81	-10.33	-25.51
1265	50.85	-10.33	-25.51
1266	50.89	-10.33	-25.51
1267	50.93	-10.31	-25.51
1268	50.97	-10.29	-25.5
1269	51.01	-10.26	-25.49
1270	51.05	-10.24	-25.48
1271	51.09	-10.2	-25.47
1272	51.13	-10.17	-25.46
1273	51.17	-10.11	-25.47
1274	51.21	-10.08	-25.46
1275	51.25	-10.05	-25.44
1276	51.29	-10.03	-25.4
1277	51.33	-10.02	-25.34
1278	51.37	-10	-25.29
1279	51.41	-10	-25.25
1280	51.45	-10.01	-25.23
1281	51.49	-10.03	-25.21
1282	51.53	-10.05	-25.2
1283	51.57	-10.08	-25.18
1284	51.61	-10.11	-25.16
1285	51.65	-10.13	-25.13
1286	51.69	-10.13	-25.12
1287	51.73	-10.12	-25.1
1288	51.77	-10.12	-25.09
1289	51.81	-10.11	-25.08
1290	51.85	-10.12	-25.07
1291	51.89	-10.12	-25.06
1292	51.93	-10.1	-25.05
1293	51.97	-10.09	-25.05
1294	52.01	-10.06	-25.06
1295	52.05	-10.04	-25.07
1296	52.09	-10.02	-25.08
1297	52.13	-10.01	-25.08
1298	52.17	-9.99	-25.09
1299	52.21	-9.97	-25.1
1300	52.25	-9.97	-25.1
1301	52.29	-9.94	-25.12
1302	52.33	-9.93	-25.12
1303	52.37	-9.93	-25.12
1304	52.41	-9.91	-25.13
1305	52.45	-9.91	-25.14
1306	52.49	-9.88	-25.14
1307	52.53	-9.86	-25.15
1308	52.57	-9.83	-25.16
1309	52.61	-9.8	-25.18
1310	52.65	-9.79	-25.19
1311	52.69	-9.77	-25.2
1312	52.73	-9.76	-25.21
1313	52.77	-9.75	-25.23
1314	52.81	-9.73	-25.24
1315	52.85	-9.71	-25.25
1316	52.89	-9.69	-25.26
1317	52.93	-9.67	-25.26
1318	52.97	-9.66	-25.27
1319	53.01	-9.66	-25.27
1320	53.05	-9.66	-25.28
1321	53.09	-9.64	-25.29
1322	53.13	-9.62	-25.31
1323	53.17	-9.58	-25.33
1324	53.21	-9.55	-25.33
1325	53.25	-9.52	-25.34
1326	53.29	-9.49	-25.34
1327	53.33	-9.46	-25.36
1328	53.37	-9.41	-25.37
1329	53.41	-9.38	-25.39
1330	53.45	-9.36	-25.41
1331	53.49	-9.36	-25.42
1332	53.53	-9.37	-25.42
1333	53.57	-9.39	-25.42
1334	53.61	-9.39	-25.42
1335	53.65	-9.39	-25.4
1336	53.69	-9.39	-25.38
1337	53.73	-9.38	-25.36
1338	53.77	-9.37	-25.34
1339	53.81	-9.35	-25.32
1340	53.85	-9.35	-25.31
1341	53.89	-9.36	-25.3
1342	53.93	-9.39	-25.28
1343	53.97	-9.4	-25.26
1344	54.01	-9.4	-25.25
1345	54.05	-9.39	-25.24
1346	54.09	-9.37	-25.23
1347	54.13	-9.38	-25.23
1348	54.17	-9.39	-25.23
1349	54.21	-9.39	-25.23
1350	54.25	-9.38	-25.22
1351	54.29	-9.38	-25.2
1352	54.33	-9.36	-25.18
1353	54.37	-9.32	-25.15
1354	54.41	-9.3	-25.11
1355	54.45	-9.25	-25.08
1356	54.49	-9.21	-25.04
1357	54.53	-9.18	-25.03
1358	54.57	-9.15	-25.02
1359	54.61	-9.13	-25.02
1360	54.65	-9.09	-25.02
1361	54.69	-9.06	-24.99
1362	54.73	-9.03	-24.96
1363	54.77	-9	-24.93
1364	54.81	-8.97	-24.9
1365	54.85	-8.95	-24.89
1366	54.89	-8.92	-24.89
1367	54.93	-8.89	-24.88
1368	54.97	-8.86	-24.87
1369	55.01	-8.85	-24.84
1370	55.05	-8.84	-24.82
1371	55.09	-8.83	-24.8
1372	55.13	-8.81	-24.79
1373	55.17	-8.8	-24.78
1374	55.21	-8.78	-24.77
1375	55.25	-8.77	-24.75
1376	55.29	-8.74	-24.73
1377	55.33	-8.7	-24.73
1378	55.37	-8.66	-24.74
1379	55.41	-8.6	-24.75
1380	55.45	-8.57	-24.76
1381	55.49	-8.54	-24.77
1382	55.53	-8.49	-24.81
1383	55.57	-8.44	-24.84
1384	55.61	-8.39	-24.88
1385	55.65	-8.35	-24.91
1386	55.69	-8.33	-24.93
1387	55.73	-8.32	-24.97
1388	55.77	-8.33	-25
1389	55.81	-8.31	-25.05
1390	55.85	-8.29	-25.08
1391	55.89	-8.28	-25.1
1392	55.93	-8.25	-25.12
1393	55.97	-8.24	-25.13
1394	56.01	-8.23	-25.14
1395	56.05	-8.22	-25.14
1396	56.09	-8.22	-25.14
1397	56.13	-8.21	-25.14
1398	56.17	-8.21	-25.14
1399	56.21	-8.19	-25.14
1400	56.25	-8.18	-25.14
1401	56.29	-8.17	-25.14
1402	56.33	-8.14	-25.15
1403	56.37	-8.13	-25.15
1404	56.41	-8.11	-25.16
1405	56.45	-8.08	-25.16
1406	56.49	-8.06	-25.16
1407	56.53	-8.02	-25.16
1408	56.57	-7.97	-25.18
1409	56.61	-7.95	-25.2
1410	56.65	-7.92	-25.22
1411	56.69	-7.93	-25.25
1412	56.73	-7.93	-25.27
1413	56.77	-7.94	-25.68
1414	56.81	-7.95	-25.67
1415	56.85	-7.96	-25.64
1416	56.89	-7.95	-25.61
1417	56.93	-7.93	-25.14
1418	56.97	-7.92	-25.08
1419	57.01	-7.9	-25
1420	57.05	-7.89	-24.93
1421	57.09	-7.88	-24.89
1422	57.13	-7.85	-24.85
1423	57.17	-7.82	-24.83
1424	57.21	-7.81	-24.81
1425	57.25	-7.78	-24.81
1426	57.29	-7.75	-24.82
1427	57.33	-7.71	-24.85
1428	57.37	-7.65	-24.87
1429	57.41	-7.59	-24.9
1430	57.45	-7.55	-24.92
1431	57.49	-7.5	-24.95
1432	57.53	-7.43	-25
1433	57.57	-7.35	-25.05
1434	57.61	-7.29	-25.09
1435	57.65	-7.25	-25.11
1436	57.69	-7.24	-25.1
1437	57.73	-7.23	-25.09
1438	57.77	-7.22	-25.1
1439	57.81	-7.19	-25.14
1440	57.85	-7.15	-25.19
1441	57.89	-7.11	-25.23
1442	57.93	-7.08	-25.24
1443	57.97	-7.03	-25.26
1444	58.01	-7.01	-25.26
1445	58.05	-6.95	-25.28
1446	58.09	-6.91	-25.29
1447	58.13	-6.86	-25.3
1448	58.17	-6.82	-25.3
1449	58.21	-6.79	-25.31
1450	58.25	-6.73	-25.35
1451	58.29	-6.68	-25.37
1452	58.33	-6.59	-25.4
1453	58.37	-6.47	-25.42
1454	58.41	-6.33	-25.42
1455	58.45	-6.15	-25.43
1456	58.49	-5.99	-25.44
1457	58.53	-5.84	-25.46
1458	58.57	-5.73	-25.48
1459	58.61	-5.64	-25.49
1460	58.65	-5.57	-25.52
1461	58.69	-5.5	-25.56
1462	58.73	-5.43	-25.59
1463	58.77	-5.38	-25.62
1464	58.81	-5.33	-25.63
1465	58.85	-5.31	-25.63
1466	58.89	-5.31	-25.63
1467	58.93	-5.31	-25.64
1468	58.97	-5.32	-25.66
1469	59.01	-5.33	-25.67
1470	59.05	-5.33	-25.69
1471	59.09	-5.36	-25.68
1472	59.13	-5.38	-25.67
1473	59.17	-5.43	-25.66
1474	59.21	-5.47	-25.63
1475	59.25	-5.51	-25.61
1476	59.29	-5.54	-25.59
1477	59.32	-5.54	-25.56
1478	59.37	-5.53	-25.54
1479	59.4	-5.49	-25.53
1480	59.44	-5.45	-25.53
1481	59.49	-5.41	-25.55
1482	59.53	-5.39	-25.56
1483	59.56	-5.36	-25.59
1484	59.6	-5.35	-25.59
1485	59.64	-5.34	-25.6
1486	59.69	-5.33	-25.61
1487	59.72	-5.33	-25.59
1488	59.76	-5.32	-25.57
1489	59.8	-5.31	-25.51
1490	59.85	-5.31	-25.46
1491	59.88	-5.31	-25.4
1492	59.92	-5.32	-25.38
1493	59.96	-5.29	-25.37
1494	60	-5.27	-25.38
1495	60.04	-5.25	-25.61
1496	60.08	-5.21	-25.63
1497	60.12	-5.22	-25.86
1498	60.16	-5.22	-25.86
1499	60.2	-5.21	-25.64
1500	60.24	-5.23	-25.64
1501	60.28	-5.22	-25.41
1502	60.32	-5.24	-25.4
1503	60.36	-5.25	-25.4
1504	60.4	-5.26	-25.4
1505	60.44	-5.28	-25.4
1506	60.48	-5.29	-25.4
1507	60.52	-5.3	-25.4
1508	60.56	-5.3	-25.4
1509	60.6	-5.31	-25.41
1510	60.64	-5.3	-25.42
1511	60.68	-5.3	-25.42
1512	60.72	-5.3	-25.42
1513	60.76	-5.3	-25.42
1514	60.8	-5.3	-25.42
1515	60.84	-5.3	-25.41
1516	60.88	-5.3	-25.41
1517	60.92	-5.3	-25.41
1518	60.96	-5.3	-25.4
1519	61	-5.3	-25.4
1520	61.04	-5.3	-25.4
1521	61.08	-5.31	-25.41
1522	61.12	-5.31	-25.4
1523	61.16	-5.31	-25.4
1524	61.2	-5.32	-25.4
1525	61.24	-5.32	-25.4
1526	61.28	-5.32	-25.4
1527	61.32	-5.32	-25.41
1528	61.36	-5.32	-25.41
1529	61.4	-5.31	-25.41
1530	61.44	-5.31	-25.41
1531	61.48	-5.32	-25.41
1532	61.52	-5.32	-25.4
1533	61.56	-5.34	-25.41
1534	61.6	-5.34	-25.41
1535	61.64	-5.34	-25.41
1536	61.68	-5.35	-25.42
1537	61.72	-5.35	-25.41
1538	61.76	-5.36	-25.43
1539	61.8	-5.37	-25.42
1540	61.84	-5.39	-25.43
1541	61.88	-5.41	-25.44
1542	61.92	-5.42	-25.44
1543	61.96	-5.41	-25.45
1544	62	-5.4	-25.46
1545	62.04	-5.39	-25.47
1546	62.08	-5.38	-25.48
1547	62.12	-5.37	-25.49
1548	62.16	-5.36	-25.49
1549	62.2	-5.35	-25.49
1550	62.24	-5.34	-25.48
1551	62.28	-5.33	-25.48
1552	62.32	-5.33	-25.49
1553	62.36	-5.32	-25.49
1554	62.4	-5.32	-25.49
1555	62.44	-5.33	-25.5
1556	62.48	-5.34	-25.5
1557	62.52	-5.35	-25.5
1558	62.56	-5.37	-25.51
1559	62.6	-5.38	-25.51
1560	62.64	-5.41	-25.51
1561	62.68	-5.42	-25.5
1562	62.72	-5.43	-25.49
1563	62.76	-5.45	-25.49
1564	62.8	-5.47	-25.49
1565	62.84	-5.48	-25.48
1566	62.88	-5.49	-25.48
1567	62.92	-5.5	-25.48
1568	62.96	-5.51	-25.48
1569	63	-5.52	-25.49
1570	63.04	-5.53	-25.51
1571	63.08	-5.55	-25.52
1572	63.12	-5.58	-25.54
1573	63.16	-5.59	-25.55
1574	63.2	-5.62	-25.57
1575	63.24	-5.65	-25.58
1576	63.28	-5.68	-25.59
1577	63.32	-5.7	-25.6
1578	63.36	-5.7	-25.6
1579	63.4	-5.71	-25.61
1580	63.44	-5.72	-25.64
1581	63.48	-5.76	-25.83
1582	63.52	-5.79	-26.08
1583	63.56	-5.79	-26.09
1584	63.6	-5.79	-26.08
1585	63.64	-5.77	-25.9
1586	63.68	-5.75	-25.69
1587	63.72	-5.76	-25.68
1588	63.76	-5.78	-25.69
1589	63.8	-5.81	-25.7
1590	63.84	-5.85	-25.89
1591	63.88	-5.85	-25.9
1592	63.92	-5.83	-25.89
1593	63.96	-5.82	-25.89
1594	64	-5.79	-25.7
1595	64.04	-5.78	-25.69
1596	64.08	-5.79	-25.7
1597	64.12	-5.78	-25.7
1598	64.16	-5.78	-25.7
1599	64.2	-5.78	-25.69
1600	64.24	-5.78	-25.69
1601	64.28	-5.77	-25.69
1602	64.32	-5.76	-25.68
1603	64.36	-5.75	-25.68
1604	64.4	-5.77	-25.65
1605	64.44	-5.8	-25.64
1606	64.48	-5.84	-25.61
1607	64.52	-5.86	-25.6
1608	64.56	-5.88	-25.61
1609	64.6	-5.88	-25.61
1610	64.64	-5.85	-25.61
1611	64.68	-5.8	-25.59
1612	64.72	-5.76	-25.56
1613	64.76	-5.73	-25.54
1614	64.8	-5.73	-25.54
1615	64.84	-5.73	-25.53
1616	64.88	-5.73	-25.53
1617	64.92	-5.72	-25.52
1618	64.96	-5.7	-25.52
1619	65	-5.68	-25.53
1620	65.04	-5.66	-25.53
1621	65.08	-5.65	-25.54
1622	65.12	-5.64	-25.54
1623	65.16	-5.63	-25.52
1624	65.2	-5.65	-25.51
1625	65.24	-5.65	-25.48
1626	65.28	-5.67	-25.46
1627	65.32	-5.69	-25.45
1628	65.36	-5.69	-25.44
1629	65.4	-5.71	-25.43
1630	65.44	-5.72	-25.42
1631	65.48	-5.73	-25.42
1632	65.52	-5.73	-25.42
1633	65.56	-5.73	-25.42
1634	65.6	-5.73	-25.43
1635	65.64	-5.72	-25.44
1636	65.68	-5.72	-25.45
1637	65.72	-5.72	-25.45
1638	65.76	-5.72	-25.45
1639	65.8	-5.72	-25.45
1640	65.84	-5.73	-25.45
1641	65.88	-5.73	-25.46
1642	65.92	-5.73	-25.45
1643	65.96	-5.72	-25.45
1644	66	-5.72	-25.44
1645	66.04	-5.72	-25.42
1646	66.08	-5.74	-25.41
1647	66.12	-5.74	-25.39
1648	66.16	-5.75	-25.37
1649	66.2	-5.75	-25.36
1650	66.24	-5.76	-25.36
1651	66.28	-5.77	-25.36
1652	66.32	-5.78	-25.35
1653	66.36	-5.79	-25.35
1654	66.4	-5.8	-25.34
1655	66.44	-5.82	-25.33
1656	66.48	-5.82	-25.31
1657	66.52	-5.82	-25.29
1658	66.56	-5.82	-25.27
1659	66.6	-5.81	-25.26
1660	66.64	-5.79	-25.25
1661	66.68	-5.78	-25.24
1662	66.72	-5.77	-25.23
1663	66.76	-5.75	-25.24
1664	66.8	-5.75	-25.26
1665	66.84	-5.76	-25.29
1666	66.88	-5.76	-25.33
1667	66.92	-5.76	-25.35
1668	66.96	-5.75	-25.38
1669	67	-5.72	-25.39
1670	67.04	-5.68	-25.4
1671	67.08	-5.64	-25.41
1672	67.12	-5.63	-25.42
1673	67.16	-5.63	-25.43
1674	67.2	-5.63	-25.45
1675	67.24	-5.61	-25.47
1676	67.28	-5.57	-25.51
1677	67.32	-5.54	-25.56
1678	67.36	-5.51	-25.6
1679	67.4	-5.48	-25.65
1680	67.44	-5.45	-25.68
1681	67.48	-5.41	-25.68
1682	67.52	-5.36	-25.69
1683	67.56	-5.32	-25.69
1684	67.6	-5.3	-25.68
1685	67.64	-5.26	-25.67
1686	67.68	-5.23	-25.66
1687	67.72	-5.2	-25.66
1688	67.76	-5.18	-25.67
1689	67.8	-5.16	-25.69
1690	67.84	-5.14	-25.72
1691	67.88	-5.12	-25.75
1692	67.92	-5.09	-25.78
1693	67.96	-5.07	-25.81
1694	68	-5.05	-25.81
1695	68.04	-5.04	-25.81
1696	68.08	-5.03	-25.81
1697	68.12	-5.02	-25.8
1698	68.16	-5	-25.8
1699	68.2	-5.01	-25.79
1700	68.24	-5	-25.78
1701	68.28	-5.01	-25.77
1702	68.32	-5.01	-25.77
1703	68.36	-5.01	-25.77
1704	68.4	-5.01	-25.77
1705	68.44	-5.01	-25.78
1706	68.48	-5.01	-25.78
1707	68.52	-5.01	-25.79
1708	68.56	-5.03	-25.79
1709	68.6	-5.04	-25.8
1710	68.64	-5.07	-25.8
1711	68.68	-5.07	-25.81
1712	68.72	-5.08	-25.81
1713	68.76	-5.1	-25.8
1714	68.8	-5.11	-25.78
1715	68.84	-5.13	-25.77
1716	68.88	-5.15	-25.76
1717	68.92	-5.15	-25.76
1718	68.96	-5.15	-25.76
1719	69	-5.16	-25.76
1720	69.04	-5.16	-25.76
1721	69.08	-5.17	-25.76
1722	69.12	-5.18	-25.76
1723	69.16	-5.19	-25.76
1724	69.2	-5.21	-25.77
1725	69.24	-5.24	-25.77
1726	69.28	-5.26	-25.78
1727	69.32	-5.28	-25.79
1728	69.36	-5.31	-25.8
1729	69.4	-5.33	-25.81
1730	69.44	-5.35	-25.81
1731	69.48	-5.36	-25.82
1732	69.52	-5.36	-25.82
1733	69.56	-5.35	-25.82
1734	69.6	-5.35	-25.84
1735	69.64	-5.33	-25.85
1736	69.68	-5.32	-25.86
1737	69.72	-5.3	-25.87
1738	69.76	-5.28	-25.87
1739	69.8	-5.25	-25.88
1740	69.84	-5.22	-25.87
1741	69.88	-5.19	-25.88
1742	69.92	-5.15	-25.88
1743	69.96	-5.11	-25.89
1744	70	-5.07	-25.89
1745	70.04	-5.03	-25.9
1746	70.08	-5	-25.9
1747	70.12	-4.99	-25.9
1748	70.16	-4.96	-25.9
1749	70.2	-4.95	-25.89
1750	70.24	-4.91	-25.88
1751	70.28	-4.87	-25.87
1752	70.32	-4.86	-25.85
1753	70.36	-4.82	-25.83
1754	70.4	-4.8	-25.81
1755	70.44	-4.77	-25.79
1756	70.48	-4.72	-25.78
1757	70.52	-4.71	-25.76
1758	70.56	-4.69	-25.75
1759	70.6	-4.68	-25.73
1760	70.64	-4.67	-25.72
1761	70.68	-4.66	-25.71
1762	70.72	-4.66	-25.7
1763	70.76	-4.67	-25.7
1764	70.8	-4.68	-25.7
1765	70.84	-4.7	-25.7
1766	70.88	-4.73	-25.71
1767	70.92	-4.74	-25.71
1768	70.96	-4.77	-25.72
1769	71	-4.81	-25.72
1770	71.04	-4.84	-25.73
1771	71.08	-4.89	-25.74
1772	71.12	-4.95	-25.74
1773	71.16	-5	-25.74
1774	71.2	-5.05	-25.75
1775	71.24	-5.1	-25.75
1776	71.28	-5.15	-25.76
1777	71.32	-5.2	-25.76
1778	71.36	-5.25	-25.77
1779	71.4	-5.3	-25.77
1780	71.44	-5.32	-25.77
1781	71.48	-5.33	-25.77
1782	71.52	-5.34	-25.77
1783	71.56	-5.34	-25.76
1784	71.6	-5.34	-25.76
1785	71.64	-5.34	-25.75
1786	71.68	-5.34	-25.75
1787	71.72	-5.36	-25.74
1788	71.76	-5.38	-25.74
1789	71.8	-5.41	-25.75
1790	71.84	-5.43	-25.76
1791	71.88	-5.44	-25.76
1792	71.92	-5.44	-25.76
1793	71.96	-5.46	-25.76
1794	72	-5.46	-25.76
1795	72.04	-5.46	-25.76
1796	72.08	-5.46	-25.76
1797	72.12	-5.43	-25.76
1798	72.16	-5.42	-25.74
1799	72.2	-5.42	-25.73
1800	72.24	-5.41	-25.72
1801	72.28	-5.42	-25.72
1802	72.32	-5.42	-25.72
1803	72.36	-5.41	-25.73
1804	72.4	-5.42	-25.73
1805	72.44	-5.41	-25.73
1806	72.48	-5.41	-25.74
1807	72.52	-5.42	-25.74
1808	72.56	-5.43	-25.74
1809	72.6	-5.47	-25.74
1810	72.64	-5.52	-25.74
1811	72.68	-5.57	-25.75
1812	72.72	-5.63	-25.77
1813	72.76	-5.68	-25.79
1814	72.8	-5.7	-25.8
1815	72.84	-5.72	-25.8
1816	72.88	-5.72	-25.8
1817	72.92	-5.73	-25.8
1818	72.96	-5.74	-25.79
1819	73	-5.75	-25.79
1820	73.04	-5.76	-25.78
1821	73.08	-5.76	-25.78
1822	73.12	-5.77	-25.76
1823	73.16	-5.78	-25.75
1824	73.2	-5.8	-25.72
1825	73.24	-5.83	-25.69
1826	73.28	-5.84	-25.68
1827	73.32	-5.84	-25.7
1828	73.36	-5.82	-25.72
1829	73.4	-5.78	-25.74
1830	73.44	-5.75	-25.75
1831	73.48	-5.73	-25.73
1832	73.52	-5.72	-25.71
1833	73.56	-5.72	-25.68
1834	73.6	-5.72	-25.66
1835	73.64	-5.73	-25.64
1836	73.68	-5.73	-25.61
1837	73.72	-5.72	-25.57
1838	73.76	-5.69	-25.53
1839	73.8	-5.66	-25.49
1840	73.84	-5.64	-25.47
1841	73.88	-5.61	-25.47
1842	73.92	-5.57	-25.47
1843	73.96	-5.52	-25.47
1844	74	-5.45	-25.47
1845	74.04	-5.37	-25.48
1846	74.08	-5.3	-25.5
1847	74.12	-5.25	-25.53
1848	74.16	-5.2	-25.57
1849	74.2	-5.18	-25.62
1850	74.24	-5.17	-25.66
1851	74.28	-5.16	-25.69
1852	74.32	-5.17	-25.72
1853	74.36	-5.17	-25.74
1854	74.4	-5.15	-25.77
1855	74.44	-5.13	-25.79
1856	74.48	-5.1	-25.81
1857	74.52	-5.05	-25.83
1858	74.56	-5.02	-25.84
1859	74.6	-5	-25.84
1860	74.64	-4.98	-25.84
1861	74.68	-4.97	-25.85
1862	74.72	-4.96	-25.85
1863	74.76	-4.96	-25.84
1864	74.8	-4.96	-25.83
1865	74.84	-5	-25.8
1866	74.88	-5.06	-25.75
1867	74.92	-5.13	-25.7
1868	74.96	-5.21	-25.66
1869	75	-5.29	-25.63
1870	75.04	-5.37	-25.61
1871	75.08	-5.47	-25.59
1872	75.12	-5.57	-25.56
1873	75.16	-5.66	-25.55
1874	75.2	-5.75	-25.54
1875	75.24	-5.81	-25.53
1876	75.28	-5.84	-25.53
1877	75.32	-5.85	-25.52
1878	75.36	-5.85	-25.51
1879	75.4	-5.86	-25.49
1880	75.44	-5.88	-25.49
1881	75.48	-5.9	-25.51
1882	75.52	-5.92	-25.52
1883	75.56	-5.93	-25.54
1884	75.6	-5.93	-25.53
1885	75.64	-5.93	-25.5
1886	75.68	-5.95	-25.47
1887	75.72	-6	-25.43
1888	75.76	-6.07	-25.39
1889	75.8	-6.13	-25.37
1890	75.84	-6.19	-25.36
1891	75.88	-6.23	-25.35
1892	75.92	-6.28	-25.32
1893	75.96	-6.3	-25.27
1894	76	-6.32	-25.24
1895	76.04	-6.34	-25.22
1896	76.08	-6.35	-25.21
1897	76.12	-6.38	-25.24
1898	76.16	-6.4	-25.26
1899	76.2	-6.42	-25.28
1900	76.24	-6.42	-25.28
1901	76.28	-6.43	-25.26
1902	76.32	-6.43	-25.24
1903	76.36	-6.44	-25.19
1904	76.4	-6.47	-25.13
1905	76.44	-6.5	-25.07
1906	76.48	-6.52	-25.02
1907	76.52	-6.53	-25.01
1908	76.56	-6.54	-25.01
1909	76.6	-6.56	-24.99
1910	76.64	-6.59	-24.97
1911	76.68	-6.62	-24.95
1912	76.72	-6.67	-24.95
1913	76.76	-6.7	-24.96
1914	76.8	-6.72	-24.99
1915	76.84	-6.75	-25.01
1916	76.88	-6.75	-25.03
1917	76.92	-6.74	-25.04
1918	76.96	-6.74	-25.06
1919	77	-6.73	-25.08
1920	77.04	-6.72	-25.1
1921	77.08	-6.71	-25.1
1922	77.12	-6.68	-25.09
1923	77.16	-6.68	-25.07
1924	77.2	-6.69	-25.03
1925	77.24	-6.71	-25.01
1926	77.28	-6.73	-25.01
1927	77.32	-6.75	-25
1928	77.36	-6.77	-24.97
1929	77.4	-6.79	-24.95
1930	77.44	-6.83	-24.89
1931	77.48	-6.85	-24.86
1932	77.52	-6.84	-24.85
1933	77.56	-6.83	-24.84
1934	77.6	-6.8	-24.83
1935	77.64	-6.78	-24.84
1936	77.68	-6.77	-24.85
1937	77.72	-6.74	-24.86
1938	77.76	-6.71	-24.9
1939	77.8	-6.67	-24.92
1940	77.84	-6.64	-24.94
1941	77.88	-6.61	-24.95
1942	77.92	-6.59	-24.95
1943	77.96	-6.59	-24.96
1944	78	-6.58	-24.97
1945	78.04	-6.58	-24.98
1946	78.08	-6.58	-24.98
1947	78.12	-6.58	-25
1948	78.16	-6.58	-25
1949	78.2	-6.59	-25
1950	78.24	-6.61	-24.98
1951	78.28	-6.64	-24.95
1952	78.32	-6.68	-24.91
1953	78.36	-6.73	-24.87
1954	78.4	-6.78	-24.83
1955	78.44	-6.81	-24.8
1956	78.48	-6.84	-24.77
1957	78.52	-6.86	-24.74
1958	78.56	-6.88	-24.72
1959	78.6	-6.9	-24.73
1960	78.64	-6.91	-24.75
1961	78.68	-6.91	-24.77
1962	78.72	-6.9	-24.8
1963	78.76	-6.89	-24.81
1964	78.8	-6.86	-24.82
1965	78.84	-6.84	-24.83
1966	78.88	-6.82	-24.82
1967	78.92	-6.81	-24.82
1968	78.96	-6.83	-24.81
1969	79	-6.84	-24.8
1970	79.04	-6.87	-24.78
1971	79.08	-6.87	-24.79
1972	79.12	-6.88	-24.8
1973	79.16	-6.9	-24.81
1974	79.2	-6.93	-24.82
1975	79.24	-6.95	-24.83
1976	79.28	-6.98	-24.83
1977	79.32	-7.01	-24.83
1978	79.36	-7.04	-24.84
1979	79.4	-7.07	-24.84
1980	79.44	-7.09	-24.86
1981	79.48	-7.12	-24.87
1982	79.52	-7.15	-24.88
1983	79.56	-7.17	-24.89
1984	79.6	-7.2	-24.89
1985	79.64	-7.2	-24.9
1986	79.68	-7.18	-24.92
1987	79.72	-7.16	-24.93
1988	79.76	-7.13	-24.93
1989	79.8	-7.13	-24.92
1990	79.84	-7.13	-24.91
1991	79.88	-7.15	-24.92
1992	79.92	-7.17	-24.93
1993	79.96	-7.18	-24.93
1994	80	-7.18	-24.94
1995	80.04	-7.17	-24.95
1996	80.08	-7.17	-24.95
1997	80.12	-7.17	-24.96
1998	80.16	-7.19	-24.96
1999	80.2	-7.21	-24.98
2000	80.24	-7.24	-25
2001	80.28	-7.27	-25.03
2002	80.32	-7.29	-25
2003	80.36	-7.3	-24.96
2004	80.4	-7.32	-24.9
2005	80.44	-7.34	-24.84
2006	80.48	-7.38	-24.85
2007	80.52	-7.4	-24.83
2008	80.56	-7.39	-24.81
2009	80.6	-7.38	-24.8
2010	80.64	-7.37	-24.77
2011	80.68	-7.38	-24.76
2012	80.72	-7.39	-24.75
2013	80.76	-7.4	-24.73
2014	80.8	-7.43	-24.72
2015	80.84	-7.45	-24.68
2016	80.88	-7.48	-24.65
2017	80.92	-7.5	-24.63
2018	80.96	-7.5	-24.62
2019	81	-7.5	-24.61
2020	81.04	-7.48	-24.61
2021	81.08	-7.46	-24.61
2022	81.12	-7.44	-24.58
2023	81.16	-7.42	-24.56
2024	81.2	-7.42	-24.53
2025	81.24	-7.42	-24.51
2026	81.28	-7.42	-24.5
2027	81.32	-7.43	-24.48
2028	81.36	-7.41	-24.46
2029	81.4	-7.4	-24.42
2030	81.44	-7.38	-24.4
2031	81.48	-7.37	-24.37
2032	81.52	-7.37	-24.35
2033	81.56	-7.36	-24.33
2034	81.6	-7.36	-24.31
2035	81.64	-7.36	-24.28
2036	81.68	-7.35	-24.24
2037	81.72	-7.35	-24.22
2038	81.76	-7.35	-24.2
2039	81.8	-7.35	-24.2
2040	81.84	-7.35	-24.22
2041	81.88	-7.34	-24.23
2042	81.92	-7.33	-24.24
2043	81.96	-7.32	-24.25
2044	82	-7.32	-24.24
2045	82.04	-7.32	-24.22
2046	82.08	-7.31	-24.2
2047	82.12	-7.29	-24.2
2048	82.16	-7.27	-24.22
2049	82.2	-7.24	-24.25
2050	82.24	-7.21	-24.28
2051	82.28	-7.19	-24.29
2052	82.32	-7.19	-24.29
2053	82.36	-7.17	-24.27
2054	82.4	-7.17	-24.25
2055	82.44	-7.17	-24.24
2056	82.48	-7.15	-24.23
2057	82.52	-7.14	-24.22
2058	82.56	-7.14	-24.23
2059	82.6	-7.14	-24.24
2060	82.64	-7.14	-24.25
2061	82.68	-7.15	-24.26
2062	82.72	-7.14	-24.25
2063	82.76	-7.13	-24.25
2064	82.8	-7.11	-24.23
2065	82.84	-7.08	-24.22
2066	82.88	-7.04	-24.21
2067	82.92	-7	-24.21
2068	82.96	-6.99	-24.21
2069	83	-6.99	-24.23
2070	83.04	-7	-24.24
2071	83.08	-7	-24.25
2072	83.12	-7.01	-24.26
2073	83.16	-7.01	-24.27
2074	83.2	-7.01	-24.27
2075	83.24	-6.99	-24.29
2076	83.28	-6.95	-24.29
2077	83.32	-6.91	-24.31
2078	83.36	-6.87	-24.34
2079	83.4	-6.85	-24.35
2080	83.44	-6.84	-24.38
2081	83.48	-6.82	-24.41
2082	83.52	-6.81	-24.43
2083	83.56	-6.8	-24.44
2084	83.6	-6.79	-24.43
2085	83.64	-6.79	-24.42
2086	83.68	-6.79	-24.41
2087	83.72	-6.8	-24.38
2088	83.76	-6.8	-24.39
2089	83.8	-6.79	-24.37
2090	83.84	-6.79	-24.38
2091	83.88	-6.78	-24.38
2092	83.92	-6.77	-24.39
2093	83.96	-6.76	-24.39
2094	84	-6.75	-24.39
2095	84.04	-6.75	-24.39
2096	84.08	-6.76	-24.38
2097	84.12	-6.77	-24.36
2098	84.16	-6.79	-24.36
2099	84.2	-6.81	-24.34
2100	84.24	-6.82	-24.33
2101	84.28	-6.83	-24.32
2102	84.32	-6.84	-24.31
2103	84.36	-6.85	-24.31
2104	84.4	-6.87	-24.31
2105	84.44	-6.89	-24.29
2106	84.48	-6.9	-24.27
2107	84.52	-6.91	-24.24
2108	84.56	-6.92	-24.21
2109	84.6	-6.94	-24.19
2110	84.64	-6.98	-24.16
2111	84.68	-7.03	-24.13
2112	84.72	-7.09	-24.09
2113	84.76	-7.13	-24.06
2114	84.8	-7.16	-24.06
2115	84.84	-7.18	-24.04
2116	84.88	-7.22	-24.04
2117	84.92	-7.25	-24.03
2118	84.96	-7.28	-24
2119	85	-7.3	-23.98
2120	85.04	-7.3	-23.95
2121	85.08	-7.31	-23.94
2122	85.12	-7.28	-23.94
2123	85.16	-7.25	-23.96
2124	85.2	-7.21	-23.97
2125	85.24	-7.16	-23.96
2126	85.28	-7.14	-23.97
2127	85.32	-7.13	-23.96
2128	85.36	-7.13	-23.96
2129	85.4	-7.12	-23.97
2130	85.44	-7.13	-23.96
2131	85.48	-7.13	-23.96
2132	85.52	-7.14	-23.95
2133	85.56	-7.15	-23.95
2134	85.6	-7.15	-23.96
2135	85.64	-7.15	-23.96
2136	85.68	-7.15	-23.96
2137	85.72	-7.15	-23.96
2138	85.76	-7.15	-23.96
2139	85.8	-7.15	-23.96
2140	85.84	-7.16	-23.96
2141	85.88	-7.17	-23.97
2142	85.92	-7.17	-23.96
2143	85.96	-7.18	-23.96
2144	86	-7.18	-23.96
2145	86.04	-7.18	-23.95
2146	86.08	-7.18	-23.94
2147	86.12	-7.17	-23.94
2148	86.16	-7.17	-23.93
2149	86.2	-7.17	-23.93
2150	86.24	-7.17	-23.93
2151	86.28	-7.18	-23.94
2152	86.32	-7.18	-23.93
2153	86.36	-7.18	-23.93
2154	86.4	-7.18	-23.93
2155	86.44	-7.18	-23.92
2156	86.48	-7.18	-23.92
2157	86.52	-7.18	-23.92
2158	86.56	-7.17	-23.92
2159	86.6	-7.17	-23.92
2160	86.64	-7.17	-23.93
2161	86.68	-7.17	-23.93
2162	86.72	-7.16	-23.92
2163	86.76	-7.16	-23.92
2164	86.8	-7.16	-23.92
2165	86.84	-7.16	-23.93
2166	86.88	-7.17	-23.93
2167	86.92	-7.15	-23.94
2168	86.96	-7.15	-23.94
2169	87	-7.15	-23.94
2170	87.04	-7.14	-23.94
2171	87.08	-7.15	-23.94
2172	87.12	-7.15	-23.94
2173	87.16	-7.15	-23.94
2174	87.2	-7.15	-23.95
2175	87.24	-7.14	-23.95
2176	87.28	-7.14	-23.96
2177	87.32	-7.13	-23.97
2178	87.36	-7.13	-23.97
2179	87.4	-7.13	-23.98
2180	87.44	-7.13	-23.97
2181	87.48	-7.13	-23.97
2182	87.52	-7.13	-23.96
2183	87.56	-7.13	-23.96
2184	87.6	-7.13	-23.97
2185	87.64	-7.13	-23.97
2186	87.68	-7.14	-23.96
2187	87.72	-7.14	-23.97
2188	87.76	-7.14	-23.97
2189	87.8	-7.14	-23.97
2190	87.84	-7.12	-23.98
2191	87.88	-7.13	-23.97
2192	87.92	-7.13	-23.96
2193	87.96	-7.13	-23.96
2194	88	-7.14	-23.95
2195	88.04	-7.14	-23.95
2196	88.08	-7.14	-23.95
2197	88.12	-7.13	-23.95
2198	88.16	-7.13	-23.95
2199	88.2	-7.12	-23.96
2200	88.24	-7.12	-23.97
2201	88.28	-7.12	-23.98
2202	88.32	-7.11	-23.98
2203	88.36	-7.11	-23.98
2204	88.4	-7.12	-23.97
2205	88.44	-7.11	-23.97
2206	88.48	-7.12	-23.97
2207	88.52	-7.12	-23.97
2208	88.56	-7.13	-23.97
2209	88.6	-7.15	-23.95
2210	88.64	-7.17	-23.94
2211	88.68	-7.19	-23.92
2212	88.72	-7.2	-23.91
2213	88.76	-7.21	-23.89
2214	88.8	-7.22	-23.89
2215	88.84	-7.21	-23.89
2216	88.88	-7.22	-23.89
2217	88.92	-7.22	-23.88
2218	88.96	-7.22	-23.88
2219	89	-7.24	-23.87
2220	89.04	-7.24	-23.86
2221	89.08	-7.25	-23.87
2222	89.12	-7.25	-23.87
2223	89.16	-7.25	-23.87
2224	89.2	-7.25	-23.87
2225	89.24	-7.26	-23.85
2226	89.28	-7.27	-23.84
2227	89.32	-7.29	-23.82
2228	89.36	-7.31	-23.8
2229	89.4	-7.33	-23.79
2230	89.44	-7.37	-23.79
2231	89.48	-7.39	-23.79
2232	89.52	-7.4	-23.8
2233	89.56	-7.41	-23.8
2234	89.6	-7.42	-23.8
2235	89.64	-7.43	-23.8
2236	89.68	-7.45	-23.8
2237	89.72	-7.46	-23.82
2238	89.76	-7.47	-23.84
2239	89.8	-7.48	-23.89
2240	89.84	-7.49	-23.95
2241	89.88	-7.5	-23.99
2242	89.92	-7.5	-24.05
2243	89.96	-7.51	-24.08
2244	90	-7.52	-24.1
2245	90.04	-7.54	-24.12
2246	90.08	-7.57	-24.12
2247	90.12	-7.61	-24.13
2248	90.16	-7.66	-24.13
2249	90.2	-7.71	-24.12
2250	90.24	-7.76	-24.11
2251	90.28	-7.8	-24.09
2252	90.32	-7.83	-24.08
2253	90.36	-7.86	-24.07
2254	90.4	-7.89	-24.08
2255	90.44	-7.92	-24.11
2256	90.48	-7.94	-24.13
2257	90.52	-7.97	-24.16
2258	90.56	-7.99	-24.19
2259	90.6	-8	-24.2
2260	90.64	-8.03	-24.22
2261	90.68	-8.07	-24.23
2262	90.72	-8.11	-24.25
2263	90.76	-8.17	-24.28
2264	90.8	-8.23	-24.31
2265	90.84	-8.28	-24.35
2266	90.88	-8.32	-24.39
2267	90.92	-8.36	-24.43
2268	90.96	-8.39	-24.47
2269	91	-8.43	-24.51
2270	91.04	-8.48	-24.54
2271	91.08	-8.53	-24.57
2272	91.12	-8.55	-24.57
2273	91.16	-8.54	-24.57
2274	91.2	-8.52	-24.55
2275	91.24	-8.51	-24.54
2276	91.28	-8.51	-24.54
2277	91.32	-8.51	-24.53
2278	91.36	-8.5	-24.5
2279	91.4	-8.5	-24.5
2280	91.44	-8.51	-24.49
2281	91.48	-8.52	-24.5
2282	91.52	-8.53	-24.52
2283	91.56	-8.54	-24.54
2284	91.6	-8.56	-24.56
2285	91.64	-8.58	-24.56
2286	91.68	-8.65	-24.57
2287	91.72	-8.72	-24.56
2288	91.76	-8.79	-24.55
2289	91.8	-8.86	-24.54
2290	91.84	-8.88	-24.53
2291	91.88	-8.89	-24.52
2292	91.92	-8.9	-24.52
2293	91.96	-8.92	-24.53
2294	92	-8.94	-24.55
2295	92.04	-8.99	-24.59
2296	92.08	-9.03	-24.64
2297	92.12	-9.05	-24.68
2298	92.16	-9.06	-24.71
2299	92.2	-9.06	-24.73
2300	92.24	-9.05	-24.73
2301	92.28	-9.05	-24.73
2302	92.32	-9.06	-24.74
2303	92.36	-9.05	-24.74
2304	92.4	-9.06	-24.74
2305	92.44	-9.08	-24.75
2306	92.48	-9.07	-24.75
2307	92.52	-9.06	-24.76
2308	92.56	-9.03	-24.77
2309	92.6	-9	-24.77
2310	92.64	-8.97	-24.78
2311	92.68	-8.95	-24.78
2312	92.72	-8.95	-24.77
2313	92.76	-8.96	-24.78
2314	92.8	-8.96	-24.78
2315	92.84	-8.95	-24.78
2316	92.88	-8.95	-24.79
2317	92.92	-8.94	-24.79
2318	92.96	-8.94	-24.79
2319	93	-8.93	-24.78
2320	93.04	-8.93	-24.78
2321	93.08	-8.93	-24.77
2322	93.12	-8.93	-24.77
2323	93.16	-8.92	-24.78
2324	93.2	-8.91	-24.78
2325	93.24	-8.91	-24.79
2326	93.28	-8.89	-24.78
2327	93.32	-8.9	-24.79
2328	93.36	-8.89	-24.79
2329	93.4	-8.88	-24.8
2330	93.44	-8.87	-24.81
2331	93.48	-8.85	-24.81
2332	93.52	-8.84	-24.81
2333	93.56	-8.83	-24.81
2334	93.6	-8.82	-24.8
2335	93.64	-8.83	-24.8
2336	93.68	-8.82	-24.8
2337	93.72	-8.82	-24.79
2338	93.76	-8.82	-24.79
2339	93.8	-8.82	-24.79
2340	93.84	-8.82	-24.79
2341	93.88	-8.82	-24.79
2342	93.92	-8.83	-24.8
2343	93.96	-8.84	-24.79
2344	94	-8.83	-24.8
2345	94.04	-8.84	-24.8
2346	94.08	-8.84	-24.8
2347	94.12	-8.85	-24.81
2348	94.16	-8.85	-24.8
2349	94.2	-8.85	-24.81
2350	94.24	-8.85	-24.81
2351	94.28	-8.85	-24.8
2352	94.32	-8.85	-24.81
2353	94.36	-8.86	-24.8
2354	94.4	-8.85	-24.8
2355	94.44	-8.85	-24.81
2356	94.48	-8.83	-24.81
2357	94.52	-8.82	-24.81
2358	94.56	-8.82	-24.81
2359	94.6	-8.83	-24.8
2360	94.64	-8.83	-24.79
2361	94.68	-8.83	-24.79
2362	94.72	-8.82	-24.79
2363	94.76	-8.81	-24.79
2364	94.8	-8.81	-24.79
2365	94.84	-8.8	-24.78
2366	94.88	-8.81	-24.78
2367	94.92	-8.82	-24.78
2368	94.96	-8.83	-24.78
2369	95	-8.82	-24.78
2370	95.04	-8.81	-24.78
2371	95.08	-8.8	-24.78
2372	95.12	-8.79	-24.78
2373	95.16	-8.79	-24.78
2374	95.2	-8.81	-24.78
2375	95.24	-8.8	-24.78
2376	95.28	-8.81	-24.78
2377	95.32	-8.8	-24.78
2378	95.36	-8.81	-24.79
2379	95.4	-8.81	-24.79
2380	95.44	-8.81	-24.78
2381	95.48	-8.83	-24.78
2382	95.52	-8.83	-24.78
2383	95.56	-8.83	-24.78
2384	95.6	-8.83	-24.78
2385	95.64	-8.83	-24.77
2386	95.68	-8.82	-24.76
2387	95.72	-8.82	-24.75
2388	95.76	-8.79	-24.73
2389	95.8	-8.78	-24.72
2390	95.84	-8.78	-24.71
2391	95.88	-8.77	-24.71
2392	95.92	-8.77	-24.71
2393	95.96	-8.77	-24.71
2394	96	-8.77	-24.72
2395	96.04	-8.77	-24.72
2396	96.08	-8.78	-24.72
2397	96.12	-8.78	-24.73
2398	96.16	-8.78	-24.72
2399	96.2	-8.77	-24.72
2400	96.24	-8.77	-24.72
2401	96.28	-8.77	-24.72
2402	96.32	-8.79	-24.73
2403	96.36	-8.8	-24.73
2404	96.4	-8.81	-24.73
2405	96.44	-8.81	-24.73
2406	96.48	-8.81	-24.74
2407	96.52	-8.83	-24.75
2408	96.56	-8.83	-24.76
2409	96.6	-8.84	-24.77
2410	96.64	-8.86	-24.78
2411	96.68	-8.85	-24.78
2412	96.72	-8.85	-24.78
2413	96.76	-8.84	-24.78
2414	96.8	-8.83	-24.77
2415	96.84	-8.83	-24.77
2416	96.88	-8.82	-24.76
2417	96.92	-8.82	-24.76
2418	96.96	-8.81	-24.77
2419	97	-8.79	-24.77
2420	97.04	-8.77	-24.76
2421	97.08	-8.75	-24.76
2422	97.12	-8.7	-24.73
2423	97.16	-8.66	-24.71
2424	97.2	-8.62	-24.69
2425	97.24	-8.59	-24.68
2426	97.28	-8.57	-24.68
2427	97.32	-8.55	-24.68
2428	97.36	-8.53	-24.68
2429	97.4	-8.52	-24.67
2430	97.44	-8.52	-24.67
2431	97.48	-8.53	-24.67
2432	97.52	-8.53	-24.67
2433	97.56	-8.55	-24.67
2434	97.6	-8.58	-24.68
2435	97.64	-8.58	-24.69
2436	97.68	-8.61	-24.69
2437	97.72	-8.62	-24.7
2438	97.76	-8.63	-24.71
2439	97.8	-8.67	-24.72
2440	97.84	-8.69	-24.74
2441	97.88	-8.71	-24.75
2442	97.92	-8.73	-24.76
2443	97.96	-8.73	-24.76
2444	98	-8.74	-24.76
2445	98.04	-8.75	-24.76
2446	98.08	-8.75	-24.76
2447	98.12	-8.76	-24.77
2448	98.16	-8.76	-24.77
2449	98.2	-8.77	-24.78
2450	98.24	-8.77	-24.78
2451	98.28	-8.77	-24.78
2452	98.32	-8.78	-24.78
2453	98.36	-8.78	-24.78
2454	98.4	-8.79	-24.78
2455	98.44	-8.79	-24.79
2456	98.48	-8.79	-24.78
2457	98.52	-8.78	-24.78
2458	98.56	-8.77	-24.77
2459	98.6	-8.78	-24.77
2460	98.64	-8.79	-24.78
2461	98.68	-8.79	-24.78
2462	98.72	-8.79	-24.78
2463	98.76	-8.79	-24.78
2464	98.8	-8.78	-24.78
2465	98.84	-8.78	-24.78
2466	98.88	-8.78	-24.78
2467	98.92	-8.79	-24.78
2468	98.96	-8.78	-24.78
2469	99	-8.79	-24.77
2470	99.04	-8.79	-24.78
2471	99.08	-8.79	-24.77
2472	99.12	-8.79	-24.77
2473	99.16	-8.79	-24.78
2474	99.2	-8.78	-24.78
2475	99.24	-8.79	-24.78
2476	99.28	-8.79	-24.78
2477	99.32	-8.79	-24.78
2478	99.36	-8.79	-24.77
2479	99.4	-8.79	-24.77
2480	99.44	-8.8	-24.77
2481	99.48	-8.8	-24.78
2482	99.51	-8.81	-24.77
2483	99.55	-8.8	-24.77
2484	99.59	-8.79	-24.77
2485	99.64	-8.79	-24.77
2486	99.67	-8.79	-24.78
2487	99.72	-8.8	-24.78
2488	99.76	-8.8	-24.78
2489	99.79	-8.8	-24.78
2490	99.83	-8.8	-24.78
2491	99.87	-8.8	-24.78
2492	99.91	-8.79	-24.78
2493	99.95	-8.78	-24.78
2494	100	-8.78	-24.78
2495	100.03	-8.78	-24.78
2496	100.08	-8.79	-24.78
2497	100.11	-8.79	-24.78
2498	100.15	-8.79	-24.78
2499	100.19	-8.77	-24.77
2500	100.23	-8.76	-24.76
2501	100.27	-8.75	-24.75
2502	100.32	-8.73	-24.73
2503	100.35	-8.73	-24.72
2504	100.39	-8.72	-24.71
2505	100.43	-8.72	-24.69
2506	100.47	-8.71	-24.69
2507	100.51	-8.7	-24.68
2508	100.55	-8.71	-24.67
2509	100.59	-8.71	-24.67
2510	100.63	-8.71	-24.67
2511	100.67	-8.72	-24.67
2512	100.71	-8.73	-24.68
2513	100.75	-8.72	-24.68
2514	100.79	-8.72	-24.67
2515	100.83	-8.72	-24.67
2516	100.87	-8.72	-24.67
2517	100.91	-8.73	-24.66
2518	100.95	-8.73	-24.67
2519	100.99	-8.72	-24.67
2520	101.03	-8.73	-24.67
2521	101.07	-8.71	-24.66
2522	101.11	-8.7	-24.66
2523	101.15	-8.69	-24.66
2524	101.19	-8.68	-24.65
2525	101.23	-8.67	-24.65
2526	101.27	-8.65	-24.64
2527	101.31	-8.64	-24.64
2528	101.35	-8.64	-24.63
2529	101.39	-8.63	-24.63
2530	101.43	-8.64	-24.63
2531	101.47	-8.63	-24.63
2532	101.51	-8.64	-24.63
2533	101.55	-8.64	-24.63
2534	101.59	-8.64	-24.62
2535	101.63	-8.64	-24.62
2536	101.67	-8.65	-24.63
2537	101.71	-8.64	-24.63
2538	101.75	-8.64	-24.63
2539	101.79	-8.64	-24.63
2540	101.83	-8.63	-24.63
2541	101.87	-8.63	-24.63
2542	101.91	-8.64	-24.63
2543	101.95	-8.64	-24.63
2544	101.99	-8.64	-24.63
2545	102.03	-8.64	-24.64
2546	102.07	-8.63	-24.63
2547	102.11	-8.64	-24.63
2548	102.15	-8.64	-24.64
2549	102.19	-8.64	-24.64
2550	102.23	-8.64	-24.64
2551	102.27	-8.64	-24.64
2552	102.31	-8.63	-24.64
2553	102.35	-8.61	-24.64
2554	102.39	-8.61	-24.64
2555	102.43	-8.6	-24.64
2556	102.47	-8.6	-24.64
2557	102.51	-8.6	-24.65
2558	102.55	-8.6	-24.65
2559	102.59	-8.61	-24.65
2560	102.63	-8.6	-24.66
2561	102.67	-8.6	-24.66
2562	102.71	-8.6	-24.66
2563	102.75	-8.59	-24.66
2564	102.79	-8.59	-24.66
2565	102.83	-8.6	-24.65
2566	102.87	-8.59	-24.65
2567	102.91	-8.6	-24.64
2568	102.95	-8.6	-24.64
2569	102.99	-8.6	-24.65
2570	103.03	-8.61	-24.65
2571	103.07	-8.61	-24.65
2572	103.11	-8.61	-24.65
2573	103.15	-8.61	-24.64
2574	103.19	-8.6	-24.64
2575	103.23	-8.59	-24.63
2576	103.27	-8.57	-24.62
2577	103.31	-8.57	-24.62
2578	103.35	-8.56	-24.62
2579	103.39	-8.55	-24.61
2580	103.43	-8.55	-24.61
2581	103.47	-8.55	-24.61
2582	103.51	-8.54	-24.62
2583	103.55	-8.54	-24.62
2584	103.59	-8.53	-24.62
2585	103.63	-8.51	-24.62
2586	103.67	-8.5	-24.62
2587	103.71	-8.49	-24.63
2588	103.75	-8.48	-24.64
2589	103.79	-8.47	-24.65
2590	103.83	-8.47	-24.65
2591	103.87	-8.48	-24.65
2592	103.91	-8.49	-24.65
2593	103.95	-8.5	-24.65
2594	103.99	-8.51	-24.66
2595	104.03	-8.51	-24.66
2596	104.07	-8.49	-24.67
2597	104.11	-8.48	-24.67
2598	104.15	-8.45	-24.67
2599	104.19	-8.43	-24.68
2600	104.23	-8.41	-24.7
2601	104.27	-8.38	-24.72
2602	104.31	-8.37	-24.75
2603	104.35	-8.35	-24.77
2604	104.39	-8.33	-24.81
2605	104.43	-8.31	-24.85
2606	104.47	-8.28	-24.87
2607	104.51	-8.27	-24.89
2608	104.55	-8.26	-24.89
2609	104.59	-8.26	-24.89
2610	104.63	-8.24	-24.89
2611	104.67	-8.22	-24.89
2612	104.71	-8.2	-24.89
2613	104.75	-8.18	-24.89
2614	104.79	-8.16	-24.89
2615	104.83	-8.16	-24.88
2616	104.87	-8.15	-24.88
2617	104.91	-8.15	-24.89
2618	104.95	-8.14	-24.88
2619	104.99	-8.14	-24.89
2620	105.03	-8.14	-24.89
2621	105.07	-8.13	-24.88
2622	105.11	-8.13	-24.88
2623	105.15	-8.12	-24.87
2624	105.19	-8.12	-24.86
2625	105.23	-8.11	-24.86
2626	105.27	-8.11	-24.85
2627	105.31	-8.1	-24.85
2628	105.35	-8.09	-24.86
2629	105.39	-8.08	-24.87
2630	105.43	-8.09	-24.89
2631	105.47	-8.09	-24.88
2632	105.51	-8.1	-24.87
2633	105.55	-8.11	-24.85
2634	105.59	-8.11	-24.83
2635	105.63	-8.12	-24.82
2636	105.67	-8.12	-24.81
2637	105.71	-8.14	-24.81
2638	105.75	-8.17	-24.83
2639	105.79	-8.18	-24.84
2640	105.83	-8.2	-24.86
2641	105.87	-8.21	-24.88
2642	105.91	-8.22	-24.89
2643	105.95	-8.22	-24.9
2644	105.99	-8.22	-24.89
2645	106.03	-8.22	-24.89
2646	106.07	-8.22	-24.89
2647	106.11	-8.22	-24.88
2648	106.15	-8.2	-24.88
2649	106.19	-8.19	-24.88
2650	106.23	-8.15	-24.87
2651	106.27	-8.11	-24.86
2652	106.31	-8.07	-24.85
2653	106.35	-8.04	-24.84
2654	106.39	-8.03	-24.83
2655	106.43	-8.03	-24.82
2656	106.47	-8.04	-24.81
2657	106.51	-8.05	-24.81
2658	106.55	-8.04	-24.81
2659	106.59	-8.05	-24.79
2660	106.63	-8.06	-24.77
2661	106.67	-8.06	-24.75
2662	106.71	-8.05	-24.75
2663	106.75	-8.01	-24.78
2664	106.79	-7.94	-24.82
2665	106.83	-7.86	-24.89
2666	106.87	-7.78	-24.96
2667	106.91	-7.7	-25
2668	106.95	-7.66	-25.03
2669	106.99	-7.64	-25.04
2670	107.03	-7.64	-25.03
2671	107.07	-7.68	-25.02
2672	107.11	-7.69	-25.03
2673	107.15	-7.71	-25.03
2674	107.19	-7.73	-25.02
2675	107.23	-7.73	-25.02
2676	107.27	-7.75	-24.99
2677	107.31	-7.79	-24.96
2678	107.35	-7.84	-24.92
2679	107.39	-7.88	-24.89
2680	107.43	-7.91	-24.86
2681	107.47	-7.92	-24.85
2682	107.51	-7.9	-24.84
2683	107.55	-7.87	-24.84
2684	107.59	-7.82	-24.86
2685	107.63	-7.74	-24.88
2686	107.67	-7.67	-24.93
2687	107.71	-7.59	-24.98
2688	107.75	-7.52	-25.01
2689	107.79	-7.49	-25.03
2690	107.83	-7.48	-25.05
2691	107.87	-7.51	-25.07
2692	107.91	-7.52	-25.08
2693	107.95	-7.53	-25.07
2694	107.99	-7.53	-25.02
2695	108.03	-7.54	-24.96
2696	108.07	-7.56	-24.91
2697	108.11	-7.58	-24.89
2698	108.15	-7.59	-24.9
2699	108.19	-7.6	-24.92
2700	108.23	-7.61	-24.95
2701	108.27	-7.61	-24.97
2702	108.31	-7.63	-24.99
2703	108.35	-7.62	-25.01
2704	108.39	-7.58	-25.01
2705	108.43	-7.52	-25.03
2706	108.47	-7.48	-25.04
2707	108.51	-7.44	-25.06
2708	108.55	-7.43	-25.05
2709	108.59	-7.41	-25
2710	108.63	-7.4	-24.96
2711	108.67	-7.37	-24.95
2712	108.71	-7.37	-24.98
2713	108.75	-7.37	-25.07
2714	108.79	-7.39	-25.15
2715	108.83	-7.42	-25.18
2716	108.87	-7.45	-25.16
2717	108.91	-7.47	-25.12
2718	108.95	-7.46	-25.08
2719	108.99	-7.44	-25.04
2720	109.03	-7.4	-25.02
2721	109.07	-7.36	-25.01
2722	109.11	-7.33	-25.03
2723	109.15	-7.32	-25.05
2724	109.19	-7.34	-25.07
2725	109.23	-7.36	-25.07
2726	109.27	-7.38	-25.05
2727	109.31	-7.39	-25.02
2728	109.35	-7.37	-24.96
2729	109.39	-7.35	-24.92
2730	109.43	-7.32	-24.9
2731	109.47	-7.3	-24.93
2732	109.51	-7.3	-24.98
2733	109.55	-7.29	-25.06
2734	109.59	-7.28	-25.13
2735	109.63	-7.26	-25.16
2736	109.67	-7.23	-25.18
2737	109.71	-7.21	-25.18
2738	109.75	-7.21	-25.16
2739	109.79	-7.21	-25.17
2740	109.83	-7.22	-25.15
2741	109.87	-7.21	-25.13
2742	109.91	-7.2	-25.1
2743	109.95	-7.2	-25.08
2744	109.99	-7.19	-25.07
2745	110.03	-7.19	-25.06
2746	110.07	-7.19	-25.07
2747	110.11	-7.19	-25.07
2748	110.15	-7.18	-25.08
2749	110.19	-7.18	-25.07
2750	110.23	-7.19	-25.08
2751	110.27	-7.2	-25.09
2752	110.31	-7.2	-25.11
2753	110.35	-7.2	-25.12
2754	110.39	-7.2	-25.13
2755	110.43	-7.19	-25.12
2756	110.47	-7.2	-25.12
2757	110.51	-7.21	-25.13
2758	110.55	-7.21	-25.13
2759	110.59	-7.24	-25.15
2760	110.63	-7.24	-25.13
2761	110.67	-7.25	-25.12
2762	110.71	-7.25	-25.13
2763	110.75	-7.24	-25.15
2764	110.79	-7.23	-25.17
2765	110.83	-7.22	-25.18
2766	110.87	-7.22	-25.19
2767	110.91	-7.23	-25.19
2768	110.95	-7.27	-25.21
2769	110.99	-7.31	-25.23
2770	111.03	-7.35	-25.25
2771	111.07	-7.36	-25.26
2772	111.11	-7.34	-25.24
2773	111.15	-7.31	-25.21
2774	111.19	-7.27	-25.16
2775	111.23	-7.27	-25.14
2776	111.27	-7.31	-25.14
2777	111.31	-7.4	-25.17
2778	111.35	-7.53	-25.21
2779	111.39	-7.64	-25.24
2780	111.43	-7.72	-25.24
2781	111.47	-7.74	-25.22
2782	111.51	-7.73	-25.22
2783	111.55	-7.71	-25.2
2784	111.59	-7.72	-25.2
2785	111.63	-7.75	-25.2
2786	111.67	-7.78	-25.19
2787	111.71	-7.84	-25.17
2788	111.75	-7.9	-25.14
2789	111.79	-7.94	-25.1
2790	111.83	-7.97	-25.05
2791	111.87	-7.97	-25
2792	111.91	-7.94	-24.95
2793	111.95	-7.92	-24.91
2794	111.99	-7.9	-24.88
2795	112.03	-7.87	-24.85
2796	112.07	-7.84	-24.81
2797	112.11	-7.81	-24.78
2798	112.15	-7.77	-24.75
2799	112.19	-7.74	-24.74
2800	112.23	-7.75	-24.74
2801	112.27	-7.74	-24.74
2802	112.31	-7.73	-24.75
2803	112.35	-7.7	-24.76
2804	112.39	-7.64	-24.78
2805	112.43	-7.59	-24.82
2806	112.47	-7.51	-24.84
2807	112.51	-7.47	-24.83
2808	112.55	-7.4	-24.81
2809	112.59	-7.38	-24.76
2810	112.63	-7.34	-24.71
2811	112.67	-7.31	-24.66
2812	112.71	-7.3	-24.62
2813	112.75	-7.28	-24.62
2814	112.79	-7.31	-24.65
2815	112.83	-7.34	-24.74
2816	112.87	-7.39	-24.85
2817	112.91	-7.46	-24.95
2818	112.95	-7.49	-25.02
2819	112.99	-7.52	-25.05
2820	113.03	-7.53	-25.05
2821	113.07	-7.54	-25.05
2822	113.11	-7.55	-25.04
2823	113.15	-7.57	-25.04
2824	113.19	-7.61	-25.04
2825	113.23	-7.64	-25.04
2826	113.27	-7.68	-25.03
2827	113.31	-7.7	-25.02
2828	113.35	-7.68	-25.01
2829	113.39	-7.65	-24.99
2830	113.43	-7.6	-24.97
2831	113.47	-7.55	-24.93
2832	113.51	-7.52	-24.88
2833	113.55	-7.5	-24.85
2834	113.59	-7.53	-24.81
2835	113.63	-7.53	-24.79
2836	113.67	-7.54	-24.75
2837	113.71	-7.54	-24.72
2838	113.75	-7.52	-24.72
2839	113.79	-7.49	-24.78
2840	113.83	-7.46	-24.88
2841	113.87	-7.4	-25.01
2842	113.91	-7.34	-25.13
2843	113.95	-7.3	-25.19
2844	113.99	-7.25	-25.21
2845	114.03	-7.23	-25.19
2846	114.07	-7.2	-25.15
2847	114.11	-7.18	-25.11
2848	114.15	-7.16	-25.1
2849	114.19	-7.14	-25.08
2850	114.23	-7.11	-25.07
2851	114.27	-7.1	-25.06
2852	114.31	-7.1	-25.03
2853	114.35	-7.1	-25.03
2854	114.39	-7.09	-25.03
2855	114.43	-7.09	-25.04
2856	114.47	-7.1	-25.05
2857	114.51	-7.12	-25.07
2858	114.55	-7.16	-25.09
2859	114.59	-7.19	-25.13
2860	114.63	-7.19	-25.13
2861	114.67	-7.18	-25.08
2862	114.71	-7.17	-25.03
2863	114.75	-7.16	-24.98
2864	114.79	-7.15	-24.94
2865	114.83	-7.14	-24.97
2866	114.87	-7.13	-24.99
2867	114.91	-7.12	-24.99
2868	114.95	-7.11	-25
2869	114.99	-7.08	-25.01
2870	115.03	-7.06	-25.02
2871	115.07	-7.04	-25.04
2872	115.11	-7.03	-25.06
2873	115.15	-7.02	-25.08
2874	115.19	-7.01	-25.1
2875	115.23	-7.01	-25.13
2876	115.27	-7.02	-25.15
2877	115.31	-7.04	-25.15
2878	115.35	-7.06	-25.15
2879	115.39	-7.09	-25.54
2880	115.43	-7.11	-25.95
2881	115.47	-7.11	-25.94
2882	115.51	-7.11	-25.93
2883	115.55	-7.09	-25.53
2884	115.59	-7.05	-25.44
2885	115.63	-6.98	-25.41
2886	115.67	-6.91	-25.34
2887	115.71	-6.82	-25.28
2888	115.75	-6.75	-24.9
2889	115.79	-6.71	-25.24
2890	115.83	-6.66	-25.24
2891	115.87	-6.64	-25.24
2892	115.91	-6.62	-25.22
2893	115.95	-6.6	-24.85
2894	115.99	-6.58	-24.84
2895	116.03	-6.57	-24.84
2896	116.07	-6.55	-24.85
2897	116.11	-6.55	-24.85
2898	116.15	-6.54	-24.85
2899	116.19	-6.53	-24.82
2900	116.23	-6.53	-24.78
2901	116.27	-6.52	-24.75
2902	116.31	-6.52	-24.73
2903	116.35	-6.52	-24.72
2904	116.39	-6.52	-24.72
2905	116.43	-6.55	-24.71
2906	116.47	-6.58	-24.71
2907	116.51	-6.62	-24.7
2908	116.55	-6.67	-24.68
2909	116.59	-6.7	-24.67
2910	116.63	-6.74	-24.66
2911	116.67	-6.75	-24.66
2912	116.71	-6.77	-24.65
2913	116.75	-6.78	-24.64
2914	116.79	-6.81	-24.61
2915	116.83	-6.85	-24.59
2916	116.87	-6.91	-24.56
2917	116.91	-6.97	-24.52
2918	116.95	-7.02	-24.48
2919	116.99	-7.07	-24.44
2920	117.03	-7.09	-24.43
2921	117.07	-7.11	-24.43
2922	117.11	-7.11	-24.44
2923	117.15	-7.1	-24.44
2924	117.19	-7.09	-24.46
2925	117.23	-7.09	-24.48
2926	117.27	-7.1	-24.49
2927	117.31	-7.13	-24.51
2928	117.35	-7.19	-24.52
2929	117.39	-7.27	-24.53
2930	117.43	-7.35	-24.52
2931	117.47	-7.43	-24.5
2932	117.51	-7.49	-24.46
2933	117.55	-7.52	-24.43
2934	117.59	-7.54	-24.4
2935	117.63	-7.55	-24.39
2936	117.67	-7.57	-24.4
2937	117.71	-7.59	-24.41
2938	117.75	-7.61	-24.43
2939	117.79	-7.63	-24.44
2940	117.83	-7.64	-24.45
2941	117.87	-7.64	-24.44
2942	117.91	-7.65	-24.44
2943	117.95	-7.65	-24.44
2944	117.99	-7.63	-24.42
2945	118.03	-7.62	-24.41
2946	118.07	-7.6	-24.39
2947	118.11	-7.6	-24.39
2948	118.15	-7.59	-24.37
2949	118.19	-7.59	-24.37
2950	118.23	-7.58	-24.36
2951	118.27	-7.55	-24.33
2952	118.31	-7.53	-24.3
2953	118.35	-7.49	-24.26
2954	118.39	-7.47	-24.23
2955	118.43	-7.44	-24.22
2956	118.47	-7.42	-24.21
2957	118.51	-7.4	-24.21
2958	118.55	-7.38	-24.2
2959	118.59	-7.36	-24.18
2960	118.63	-7.33	-24.18
2961	118.67	-7.31	-24.18
2962	118.71	-7.29	-24.19
2963	118.75	-7.27	-24.2
2964	118.79	-7.26	-24.2
2965	118.83	-7.24	-24.21
2966	118.87	-7.23	-24.2
2967	118.91	-7.22	-24.19
2968	118.95	-7.2	-24.19
2969	118.99	-7.17	-24.19
2970	119.03	-7.13	-24.2
2971	119.07	-7.1	-24.23
2972	119.11	-7.06	-24.25
2973	119.15	-7.04	-24.26
2974	119.19	-7.02	-24.27
2975	119.23	-7	-24.28
2976	119.27	-6.96	-24.32
2977	119.31	-6.92	-24.35
2978	119.35	-6.87	-24.38
2979	119.39	-6.84	-24.4
2980	119.43	-6.82	-24.41
2981	119.47	-6.81	-24.41
2982	119.51	-6.81	-24.42
2983	119.55	-6.82	-24.42
2984	119.59	-6.85	-24.41
2985	119.63	-6.88	-24.41
2986	119.67	-6.92	-24.41
2987	119.71	-6.94	-24.4
2988	119.75	-6.95	-24.4
2989	119.79	-6.95	-24.42
2990	119.83	-6.95	-24.43
2991	119.87	-6.94	-24.45
2992	119.91	-6.95	-24.45
