1	0.06	-2.5	2.91
2	0.1	-2.51	2.89
3	0.14	-2.56	2.83
4	0.18	-2.6	2.79
5	0.22	-2.64	2.77
6	0.26	-2.67	2.8
7	0.3	-2.7	2.86
8	0.34	-2.74	2.9
9	0.38	-2.8	2.92
10	0.42	-2.86	2.86
11	0.5	-2.96	2.78
12	0.54	-3.07	2.7
13	0.58	-3.16	2.65
14	0.62	-3.27	2.66
15	0.66	-3.32	2.69
16	0.7	-3.35	2.73
17	0.74	-3.35	2.8
18	0.78	-3.33	2.84
19	0.82	-3.31	2.86
20	0.86	-3.29	2.85
21	0.9	-3.27	2.8
22	0.94	-3.23	2.76
23	0.98	-3.19	2.72
24	1.02	-3.15	2.71
25	1.06	-3.11	2.69
26	1.1	-3.08	2.66
27	1.14	-3.04	2.64
28	1.18	-2.99	2.61
29	1.22	-2.94	2.59
30	1.26	-2.88	2.57
31	1.3	-2.82	2.57
32	1.34	-2.76	2.57
33	1.38	-2.7	2.6
34	1.42	-2.63	2.62
35	1.46	-2.57	2.65
36	1.5	-2.51	2.66
37	1.54	-2.44	2.68
38	1.58	-2.38	2.71
39	1.62	-2.32	2.72
40	1.66	-2.26	2.73
41	1.7	-2.21	2.73
42	1.74	-2.15	2.73
43	1.78	-2.1	2.73
44	1.82	-2.03	2.73
45	1.86	-1.97	2.74
46	1.9	-1.9	2.73
47	1.94	-1.84	2.72
48	1.98	-1.79	2.72
49	2.02	-1.76	2.72
50	2.06	-1.73	2.73
51	2.1	-1.72	2.74
52	2.14	-1.69	2.72
53	2.18	-1.66	2.71
54	2.22	-1.64	2.7
55	2.26	-1.61	2.69
56	2.3	-1.59	2.69
57	2.34	-1.58	2.66
58	2.38	-1.59	2.6
59	2.42	-1.59	2.56
60	2.46	-1.6	2.5
61	2.5	-1.6	2.46
62	2.54	-1.59	2.43
63	2.58	-1.6	2.38
64	2.62	-1.61	2.36
65	2.66	-1.62	2.33
66	2.7	-1.64	2.31
67	2.74	-1.64	2.3
68	2.78	-1.65	2.3
69	2.82	-1.67	2.28
70	2.86	-1.67	2.28
71	2.9	-1.66	2.26
72	2.94	-1.65	2.24
73	2.98	-1.63	2.24
74	3.02	-1.61	2.23
75	3.06	-1.59	2.23
76	3.1	-1.59	2.2
77	3.14	-1.59	2.18
78	3.18	-1.6	2.17
79	3.22	-1.61	2.14
80	3.26	-1.59	2.09
81	3.46	-1.56	2.03
82	3.5	-1.55	1.95
83	3.54	-1.55	1.86
84	3.58	-1.55	1.81
85	3.62	-1.56	1.73
86	3.66	-1.56	1.67
87	3.7	-1.55	1.59
88	3.74	-1.56	1.52
89	3.78	-1.54	1.47
90	3.82	-1.55	1.41
91	3.86	-1.55	1.38
92	3.9	-1.55	1.35
93	3.94	-1.55	1.34
94	3.98	-1.54	1.35
95	4.02	-1.52	1.37
96	4.06	-1.48	1.38
97	4.1	-1.45	1.38
98	4.14	-1.43	1.35
99	4.18	-1.44	1.31
100	4.22	-1.45	1.27
101	4.26	-1.47	1.22
102	4.3	-1.47	1.19
103	4.34	-1.47	1.16
104	4.38	-1.49	1.13
105	4.42	-1.51	1.11
106	4.46	-1.54	1.08
107	4.5	-1.56	1.06
108	4.54	-1.56	1.06
109	4.58	-1.57	1.03
110	4.62	-1.6	0.99
111	4.66	-1.63	0.95
112	4.7	-1.66	0.94
113	4.74	-1.7	0.95
114	4.78	-1.7	0.99
115	4.82	-1.7	1.04
116	4.86	-1.72	1.06
117	4.9	-1.74	1.1
118	4.94	-1.76	1.13
119	4.98	-1.77	1.19
120	5.02	-1.78	1.26
121	5.06	-1.79	1.34
122	5.1	-1.83	1.42
123	5.14	-1.88	1.5
124	5.18	-1.96	1.59
125	5.22	-2.05	1.69
126	5.26	-2.14	1.79
127	5.3	-2.22	1.92
128	5.34	-2.3	2.06
129	5.38	-2.37	2.19
130	5.42	-2.43	2.29
131	5.46	-2.47	2.38
132	5.5	-2.52	2.48
133	5.54	-2.58	2.63
134	5.58	-2.66	2.81
135	5.62	-2.77	2.98
136	5.66	-2.89	3.11
137	5.7	-3	3.19
138	5.74	-3.09	3.23
139	5.78	-3.18	3.25
140	5.82	-3.24	3.27
141	5.86	-3.3	3.29
142	5.9	-3.35	3.32
143	5.94	-3.37	3.37
144	5.98	-3.39	3.4
145	6.02	-3.41	3.44
146	6.06	-3.41	3.44
147	6.1	-3.43	3.46
148	6.14	-3.44	3.47
149	6.18	-3.45	3.48
150	6.22	-3.47	3.47
151	6.26	-3.49	3.44
152	6.3	-3.53	3.42
153	6.34	-3.56	3.36
154	6.38	-3.59	3.32
155	6.42	-3.62	3.3
156	6.46	-3.63	3.27
157	6.5	-3.65	3.23
158	6.54	-3.69	3.22
159	6.58	-3.73	3.18
160	6.62	-3.78	3.12
161	6.66	-3.83	3.07
162	6.7	-3.88	3.01
163	6.74	-3.92	2.94
164	6.78	-3.99	2.89
165	6.82	-4.07	2.84
166	6.86	-4.15	2.8
167	6.9	-4.25	2.79
168	6.94	-4.36	2.77
169	6.98	-4.47	2.77
170	7.02	-4.57	2.8
171	7.06	-4.65	2.81
172	7.1	-4.73	2.82
173	7.14	-4.84	2.83
174	7.18	-4.96	2.85
175	7.22	-5.09	2.88
176	7.26	-5.19	2.92
177	7.3	-5.27	2.94
178	7.34	-5.33	2.94
179	7.38	-5.38	2.9
180	7.42	-5.46	2.85
181	7.46	-5.56	2.8
182	7.5	-5.67	2.74
183	7.54	-5.81	2.71
184	7.58	-5.93	2.69
185	7.62	-6.03	2.68
186	7.66	-6.1	2.69
187	7.7	-6.14	2.69
188	7.74	-6.18	2.69
189	7.78	-6.22	2.69
190	7.82	-6.25	2.69
191	7.86	-6.28	2.7
192	7.9	-6.28	2.72
193	7.94	-6.32	2.76
194	7.98	-6.39	2.8
195	8.02	-6.46	2.85
196	8.06	-6.55	2.89
197	8.1	-6.64	2.92
198	8.14	-6.71	2.94
199	8.18	-6.74	2.94
200	8.22	-6.76	2.96
201	8.26	-6.77	2.99
202	8.3	-6.77	3.02
203	8.34	-6.81	3.06
204	8.38	-6.85	3.07
205	8.42	-6.91	3.02
206	8.46	-7	2.97
207	8.5	-7.12	2.9
208	8.54	-7.24	2.84
209	8.58	-7.33	2.78
210	8.62	-7.4	2.74
211	8.66	-7.42	2.74
212	8.7	-7.46	2.75
213	8.74	-7.56	2.77
214	8.78	-7.67	2.76
215	8.82	-7.8	2.71
216	8.86	-7.9	2.66
217	8.9	-7.95	2.59
218	8.94	-7.98	2.55
219	8.98	-8.03	2.5
220	9.02	-8.06	2.44
221	9.06	-8.1	2.38
222	9.1	-8.14	2.32
223	9.14	-8.2	2.28
224	9.18	-8.24	2.22
225	9.22	-8.3	2.18
226	9.26	-8.36	2.15
227	9.3	-8.41	2.14
228	9.34	-8.47	2.15
229	9.38	-8.55	2.17
230	9.42	-8.63	2.19
231	9.46	-8.7	2.18
232	9.5	-8.77	2.18
233	9.54	-8.83	2.17
234	9.58	-8.88	2.14
235	9.62	-8.94	2.12
236	9.66	-9.01	2.11
237	9.7	-9.03	2.09
238	9.74	-9.05	2.1
239	9.78	-9.06	2.1
240	9.82	-9.05	2.1
241	9.86	-9.06	2.1
242	9.9	-9.08	2.08
243	9.94	-9.1	2.07
244	9.98	-9.15	2.04
245	10.02	-9.18	2.02
246	10.06	-9.21	2.02
247	10.1	-9.22	2.03
248	10.14	-9.22	2.05
249	10.18	-9.22	2.08
250	10.22	-9.24	2.09
251	10.26	-9.26	2.1
252	10.3	-9.27	2.13
253	10.34	-9.29	2.14
254	10.38	-9.31	2.17
255	10.42	-9.33	2.21
256	10.46	-9.36	2.23
257	10.5	-9.36	2.24
258	10.54	-9.36	2.26
259	10.58	-9.38	2.25
260	10.62	-9.4	2.23
261	10.66	-9.5	2.22
262	10.7	-9.59	2.2
263	10.74	-9.68	2.19
264	10.78	-9.81	2.19
265	10.82	-9.93	2.17
266	10.86	-10.03	2.14
267	10.9	-10.14	2.11
268	10.94	-10.24	2.07
269	10.98	-10.29	2.06
270	11.02	-10.35	2.05
271	11.06	-10.41	2.05
272	11.1	-10.48	2.06
273	11.14	-10.54	2.08
274	11.18	-10.57	2.13
275	11.22	-10.68	2.19
276	11.26	-10.78	2.26
277	11.3	-10.96	2.32
278	11.34	-11.14	2.36
279	11.38	-11.27	2.4
280	11.42	-11.35	2.43
281	11.46	-11.41	2.47
282	11.5	-11.5	2.53
283	11.54	-11.58	2.58
284	11.58	-11.69	2.63
285	11.62	-11.79	2.67
286	11.66	-11.84	2.68
287	11.7	-11.91	2.7
288	11.74	-11.97	2.72
289	11.78	-12.02	2.74
290	11.82	-12.06	2.75
291	11.86	-12.11	2.73
292	11.9	-12.16	2.69
293	11.94	-12.22	2.66
294	11.98	-12.29	2.64
295	12.02	-12.39	2.66
296	12.06	-12.52	2.68
297	12.1	-12.67	2.68
298	12.14	-12.83	2.67
299	12.18	-12.99	2.65
300	12.22	-13.11	2.63
301	12.26	-13.18	2.62
302	12.3	-13.28	2.6
303	12.34	-13.37	2.56
304	12.38	-13.43	2.56
305	12.42	-13.5	2.59
306	12.46	-13.54	2.62
307	12.5	-13.61	2.67
308	12.54	-13.73	2.7
309	12.58	-13.85	2.71
310	12.62	-13.97	2.74
311	12.66	-14.03	2.76
312	12.7	-14.03	2.79
313	12.74	-14.04	2.82
314	12.78	-14.01	2.83
315	12.82	-14	2.85
316	12.86	-13.99	2.86
317	12.9	-13.97	2.87
318	12.94	-13.97	2.89
319	12.98	-13.95	2.91
320	13.02	-13.93	2.92
321	13.06	-13.91	2.94
322	13.1	-13.87	2.95
323	13.14	-13.84	2.98
324	13.18	-13.82	3.03
325	13.22	-13.8	3.09
326	13.26	-13.81	3.17
327	13.3	-13.83	3.25
328	13.34	-13.84	3.3
329	13.38	-13.89	3.39
330	13.42	-13.92	3.48
331	13.46	-13.97	3.59
332	13.5	-14.03	3.74
333	13.54	-14.08	3.9
334	13.58	-14.13	4.08
335	13.62	-14.18	4.27
336	13.66	-14.22	4.46
337	13.7	-14.28	4.66
338	13.74	-14.32	4.85
339	13.78	-14.38	5.02
340	13.82	-14.43	5.14
341	13.86	-14.49	5.21
342	13.9	-14.59	5.26
343	13.94	-14.7	5.3
344	13.98	-14.79	5.35
345	14.02	-14.87	5.41
346	14.06	-14.93	5.46
347	14.1	-14.96	5.51
348	14.14	-15.01	5.59
349	14.18	-15.05	5.67
350	14.22	-15.09	5.75
351	14.26	-15.14	5.83
352	14.3	-15.18	5.88
353	14.34	-15.23	5.92
354	14.38	-15.26	5.95
355	14.42	-15.28	6
356	14.46	-15.28	6.06
357	14.5	-15.28	6.15
358	14.54	-15.3	6.26
359	14.58	-15.32	6.39
360	14.62	-15.35	6.57
361	14.66	-15.35	6.78
362	14.7	-15.32	7.01
363	14.74	-15.27	7.19
364	14.78	-15.19	7.32
365	14.82	-15.11	7.43
366	14.86	-15.03	7.54
367	14.9	-14.96	7.67
368	14.94	-14.91	7.77
369	14.98	-14.87	7.88
370	15.02	-14.87	7.98
371	15.06	-14.9	8.09
372	15.1	-14.96	8.22
373	15.14	-15.05	8.36
374	15.18	-15.14	8.49
375	15.22	-15.21	8.61
376	15.26	-15.27	8.75
377	15.3	-15.31	8.89
378	15.34	-15.36	9.04
379	15.38	-15.42	9.19
380	15.42	-15.5	9.32
381	15.46	-15.57	9.44
382	15.5	-15.62	9.48
383	15.54	-15.66	9.51
384	15.58	-15.69	9.54
385	15.62	-15.7	9.59
386	15.66	-15.71	9.66
387	15.7	-15.72	9.73
388	15.74	-15.74	9.83
389	15.78	-15.78	9.92
390	15.82	-15.79	10.09
391	15.86	-15.78	10.27
392	15.9	-15.75	10.42
393	15.94	-15.72	10.55
394	15.98	-15.7	10.65
395	16.02	-15.69	10.75
396	16.06	-15.68	10.89
397	16.1	-15.68	11.05
398	16.14	-15.68	11.14
399	16.18	-15.7	11.24
400	16.22	-15.74	11.32
401	16.26	-15.79	11.37
402	16.3	-15.86	11.47
403	16.34	-15.95	11.56
404	16.38	-16.01	11.63
405	16.42	-16.07	11.67
406	16.46	-16.11	11.7
407	16.5	-16.15	11.72
408	16.54	-16.21	11.76
409	16.58	-16.26	11.79
410	16.62	-16.31	11.81
411	16.66	-16.35	11.82
412	16.7	-16.37	11.82
413	16.74	-16.4	11.84
414	16.78	-16.43	11.84
415	16.82	-16.48	11.83
416	16.86	-16.54	11.78
417	16.9	-16.62	11.73
418	16.94	-16.7	11.72
419	16.98	-16.79	11.72
420	17.02	-16.87	11.72
421	17.06	-16.93	11.68
422	17.1	-16.99	11.61
423	17.14	-17.04	11.55
424	17.18	-17.1	11.51
425	17.22	-17.16	11.47
426	17.26	-17.2	11.43
427	17.3	-17.24	11.4
428	17.34	-17.3	11.4
429	17.38	-17.34	11.41
430	17.42	-17.37	11.44
431	17.46	-17.4	11.49
432	17.5	-17.42	11.51
433	17.54	-17.45	11.54
434	17.58	-17.47	11.56
435	17.62	-17.46	11.57
436	17.66	-17.44	11.55
437	17.7	-17.38	11.51
438	17.74	-17.35	11.48
439	17.78	-17.31	11.44
440	17.82	-17.28	11.4
441	17.86	-17.27	11.36
442	17.9	-17.25	11.31
443	17.94	-17.22	11.26
444	17.98	-17.19	11.25
445	18.02	-17.14	11.25
446	18.06	-17.11	11.26
447	18.1	-17.08	11.27
448	18.14	-17.05	11.25
449	18.18	-17.02	11.26
450	18.22	-16.99	11.25
451	18.26	-16.95	11.25
452	18.3	-16.9	11.28
453	18.34	-16.85	11.31
454	18.38	-16.77	11.38
455	18.42	-16.68	11.47
456	18.46	-16.6	11.55
457	18.5	-16.52	11.63
458	18.54	-16.46	11.7
459	18.58	-16.43	11.76
460	18.62	-16.4	11.86
461	18.66	-16.38	12
462	18.7	-16.37	12.16
463	18.74	-16.36	12.31
464	18.78	-16.36	12.4
465	18.82	-16.36	12.47
466	18.86	-16.37	12.51
467	18.89	-16.37	12.57
468	18.94	-16.36	12.64
469	18.97	-16.36	12.69
470	19.02	-16.35	12.75
471	19.05	-16.35	12.82
472	19.09	-16.35	12.91
473	19.13	-16.32	12.98
474	19.17	-16.28	13.06
475	19.21	-16.24	13.14
476	19.25	-16.19	13.23
477	19.29	-16.18	13.36
478	19.33	-16.17	13.49
479	19.37	-16.13	13.59
480	19.41	-16.09	13.69
481	19.45	-16.01	13.77
482	19.5	-15.9	13.89
483	19.53	-15.77	14
484	19.57	-15.63	14.1
485	19.61	-15.47	14.19
486	19.65	-15.3	14.28
487	19.69	-15.16	14.35
488	19.73	-15	14.42
489	19.77	-14.88	14.46
490	19.81	-14.79	14.46
491	19.85	-14.71	14.47
492	19.89	-14.67	14.5
493	19.93	-14.64	14.57
494	19.97	-14.61	14.7
495	20.01	-14.57	14.82
496	20.05	-14.53	14.93
497	20.09	-14.49	15.01
498	20.13	-14.44	15.08
499	20.17	-14.4	15.14
500	20.21	-14.34	15.19
501	20.25	-14.27	15.25
502	20.29	-14.22	15.31
503	20.33	-14.18	15.38
504	20.37	-14.16	15.46
505	20.41	-14.16	15.55
506	20.45	-14.16	15.63
507	20.49	-14.16	15.69
508	20.53	-14.17	15.71
509	20.57	-14.14	15.73
510	20.61	-14.09	15.74
511	20.65	-14.03	15.77
512	20.69	-13.97	15.81
513	20.73	-13.91	15.85
514	20.77	-13.86	15.87
515	20.81	-13.79	15.89
516	20.85	-13.68	15.91
517	20.89	-13.52	15.96
518	20.93	-13.33	16
519	20.97	-13.14	16.03
520	21.01	-12.94	16.06
521	21.05	-12.78	16.06
522	21.09	-12.63	16.06
523	21.13	-12.47	16.06
524	21.17	-12.35	16.06
525	21.21	-12.21	16.07
526	21.25	-12.12	16.09
527	21.29	-12.05	16.12
528	21.33	-11.97	16.16
529	21.37	-11.9	16.22
530	21.41	-11.81	16.27
531	21.45	-11.75	16.32
532	21.49	-11.71	16.37
533	21.53	-11.69	16.4
534	21.57	-11.65	16.45
535	21.61	-11.61	16.49
536	21.65	-11.57	16.51
537	21.69	-11.54	16.53
538	21.73	-11.51	16.56
539	21.77	-11.47	16.62
540	21.81	-11.45	16.68
541	21.85	-11.43	16.77
542	21.89	-11.42	16.82
543	21.93	-11.42	16.88
544	21.97	-11.42	16.93
545	22.01	-11.43	16.97
546	22.05	-11.43	17.01
547	22.09	-11.43	17.03
548	22.13	-11.44	17.05
549	22.17	-11.44	17.06
550	22.21	-11.44	17.08
551	22.25	-11.45	17.1
552	22.29	-11.41	17.14
553	22.33	-11.39	17.16
554	22.37	-11.38	17.17
555	22.41	-11.4	17.16
556	22.45	-11.39	17.13
557	22.49	-11.35	17.13
558	22.53	-11.32	17.12
559	22.57	-11.26	17.16
560	22.61	-11.23	17.2
561	22.65	-11.24	17.22
562	22.69	-11.23	17.25
563	22.73	-11.23	17.27
564	22.77	-11.22	17.28
565	22.81	-11.22	17.28
566	22.85	-11.23	17.29
567	22.89	-11.23	17.28
568	22.93	-11.23	17.26
569	22.97	-11.21	17.25
570	23.01	-11.19	17.23
571	23.05	-11.19	17.18
572	23.09	-11.21	17.13
573	23.13	-11.25	17.07
574	23.17	-11.3	17
575	23.21	-11.34	16.95
576	23.25	-11.37	16.89
577	23.29	-11.38	16.85
578	23.33	-11.39	16.81
579	23.37	-11.39	16.78
580	23.41	-11.4	16.74
581	23.45	-11.4	16.71
582	23.49	-11.42	16.68
583	23.53	-11.43	16.65
584	23.57	-11.43	16.61
585	23.61	-11.42	16.59
586	23.65	-11.41	16.57
587	23.69	-11.39	16.57
588	23.73	-11.37	16.56
589	23.77	-11.35	16.55
590	23.81	-11.34	16.53
591	23.85	-11.34	16.48
592	23.89	-11.35	16.46
593	23.93	-11.36	16.43
594	23.97	-11.34	16.41
595	24.01	-11.32	16.4
596	24.05	-11.31	16.38
597	24.09	-11.3	16.35
598	24.13	-11.33	16.32
599	24.17	-11.35	16.29
600	24.21	-11.35	16.27
601	24.25	-11.36	16.25
602	24.29	-11.34	16.23
603	24.33	-11.33	16.23
604	24.37	-11.3	16.2
605	24.41	-11.23	16.17
606	24.45	-11.15	16.13
607	24.49	-11.06	16.06
608	24.53	-10.99	16
609	24.57	-10.95	15.95
610	24.61	-10.93	15.91
611	24.65	-10.9	15.88
612	24.69	-10.84	15.83
613	24.73	-10.8	15.79
614	24.77	-10.76	15.75
615	24.81	-10.75	15.7
616	24.85	-10.73	15.65
617	24.89	-10.71	15.59
618	24.93	-10.69	15.55
619	24.97	-10.62	15.51
620	25.01	-10.6	15.47
621	25.05	-10.6	15.44
622	25.09	-10.57	15.4
623	25.13	-10.58	15.37
624	25.17	-10.59	15.35
625	25.21	-10.59	15.34
626	25.25	-10.6	15.34
627	25.29	-10.6	15.34
628	25.33	-10.58	15.35
629	25.37	-10.56	15.36
630	25.41	-10.57	15.36
631	25.45	-10.57	15.36
632	25.49	-10.6	15.33
633	25.53	-10.61	15.31
634	25.57	-10.64	15.3
635	25.61	-10.69	15.26
636	25.65	-10.74	15.24
637	25.69	-10.77	15.22
638	25.73	-10.81	15.2
639	25.77	-10.79	15.2
640	25.81	-10.8	15.2
641	25.85	-10.8	15.2
642	25.89	-10.79	15.21
643	25.93	-10.84	15.22
644	25.97	-10.83	15.24
645	26.01	-10.88	15.24
646	26.05	-10.9	15.23
647	26.09	-10.9	15.22
648	26.13	-10.91	15.2
649	26.17	-10.93	15.19
650	26.21	-10.95	15.18
651	26.25	-10.98	15.18
652	26.29	-11	15.18
653	26.33	-11.02	15.19
654	26.37	-11.03	15.2
655	26.41	-11.06	15.22
656	26.45	-11.09	15.23
657	26.49	-11.12	15.24
658	26.53	-11.14	15.26
659	26.57	-11.15	15.26
660	26.61	-11.16	15.3
661	26.65	-11.16	15.34
662	26.69	-11.18	15.39
663	26.73	-11.2	15.46
664	26.77	-11.21	15.53
665	26.81	-11.24	15.6
666	26.85	-11.25	15.67
667	26.89	-11.29	15.71
668	26.93	-11.32	15.74
669	26.97	-11.36	15.77
670	27.01	-11.39	15.81
671	27.05	-11.39	15.87
672	27.09	-11.41	15.94
673	27.13	-11.43	16.01
674	27.17	-11.47	16.07
675	27.21	-11.52	16.12
676	27.25	-11.55	16.16
677	27.29	-11.58	16.2
678	27.33	-11.58	16.23
679	27.37	-11.59	16.25
680	27.41	-11.59	16.28
681	27.45	-11.59	16.32
682	27.49	-11.59	16.38
683	27.53	-11.58	16.46
684	27.57	-11.6	16.51
685	27.61	-11.6	16.57
686	27.65	-11.61	16.63
687	27.69	-11.65	16.7
688	27.73	-11.66	16.79
689	27.77	-11.69	16.85
690	27.81	-11.7	16.92
691	27.85	-11.69	16.98
692	27.89	-11.69	17.03
693	27.93	-11.7	17.12
694	27.97	-11.72	17.23
695	28.01	-11.73	17.34
696	28.05	-11.77	17.45
697	28.09	-11.83	17.53
698	28.13	-11.91	17.59
699	28.17	-12	17.64
700	28.21	-12.1	17.65
701	28.25	-12.16	17.67
702	28.29	-12.22	17.68
703	28.33	-12.28	17.67
704	28.37	-12.3	17.7
705	28.41	-12.32	17.72
706	28.45	-12.33	17.75
707	28.49	-12.34	17.77
708	28.53	-12.34	17.77
709	28.57	-12.37	17.77
710	28.61	-12.4	17.76
711	28.65	-12.45	17.76
712	28.69	-12.48	17.76
713	28.73	-12.5	17.78
714	28.77	-12.5	17.79
715	28.81	-12.51	17.81
716	28.85	-12.52	17.84
717	28.89	-12.53	17.86
718	28.93	-12.54	17.85
719	28.97	-12.55	17.87
720	29.01	-12.55	17.87
721	29.05	-12.56	17.86
722	29.09	-12.56	17.91
723	29.13	-12.58	17.95
724	29.17	-12.59	17.99
725	29.21	-12.6	18.02
726	29.25	-12.64	17.99
727	29.29	-12.65	17.98
728	29.33	-12.64	17.99
729	29.37	-12.65	18.01
730	29.41	-12.65	18.06
731	29.45	-12.69	18.07
732	29.49	-12.8	18.05
733	29.53	-12.92	18.07
734	29.57	-13.07	18.08
735	29.61	-13.16	18.09
736	29.65	-13.22	18.13
737	29.69	-13.24	18.14
738	29.73	-13.28	18.12
739	29.77	-13.31	18.14
740	29.81	-13.36	18.16
741	29.85	-13.4	18.16
742	29.89	-13.42	18.2
743	29.93	-13.45	18.2
744	29.97	-13.45	18.2
745	30.01	-13.46	18.22
746	30.05	-13.42	18.29
747	30.09	-13.36	18.38
748	30.13	-13.31	18.46
749	30.17	-13.26	18.53
750	30.21	-13.26	18.58
751	30.25	-13.28	18.63
752	30.29	-13.32	18.68
753	30.33	-13.36	18.73
754	30.37	-13.41	18.74
755	30.41	-13.48	18.72
756	30.45	-13.54	18.69
757	30.49	-13.6	18.65
758	30.53	-13.67	18.62
759	30.57	-13.75	18.58
760	30.61	-13.81	18.55
761	30.65	-13.87	18.55
762	30.69	-13.92	18.54
763	30.73	-13.97	18.53
764	30.77	-14.02	18.53
765	30.81	-14.09	18.53
766	30.85	-14.16	18.52
767	30.89	-14.25	18.48
768	30.93	-14.36	18.43
769	30.97	-14.48	18.36
770	31.01	-14.59	18.33
771	31.05	-14.7	18.32
772	31.09	-14.82	18.33
773	31.13	-14.94	18.31
774	31.17	-15.07	18.3
775	31.21	-15.2	18.28
776	31.25	-15.31	18.28
777	31.29	-15.39	18.28
778	31.33	-15.45	18.29
779	31.37	-15.49	18.32
780	31.41	-15.53	18.37
781	31.45	-15.58	18.4
782	31.49	-15.64	18.44
783	31.53	-15.72	18.48
784	31.57	-15.79	18.49
785	31.61	-15.87	18.51
786	31.65	-15.95	18.49
787	31.69	-16.05	18.48
788	31.73	-16.15	18.47
789	31.77	-16.27	18.47
790	31.81	-16.38	18.51
791	31.85	-16.47	18.53
792	31.89	-16.55	18.57
793	31.93	-16.6	18.59
794	31.97	-16.64	18.6
795	32.01	-16.67	18.6
796	32.05	-16.7	18.6
797	32.09	-16.71	18.6
798	32.13	-16.72	18.59
799	32.17	-16.75	18.6
800	32.21	-16.8	18.6
801	32.25	-16.86	18.61
802	32.29	-16.94	18.64
803	32.33	-17	18.65
804	32.37	-17.06	18.65
805	32.41	-17.13	18.66
806	32.45	-17.17	18.69
807	32.49	-17.21	18.75
808	32.53	-17.23	18.81
809	32.57	-17.29	18.85
810	32.61	-17.38	18.9
811	32.65	-17.5	18.94
812	32.69	-17.6	19
813	32.73	-17.64	19.07
814	32.77	-17.63	19.12
815	32.81	-17.61	19.16
816	32.85	-17.62	19.2
817	32.89	-17.69	19.25
818	32.93	-17.84	19.26
819	32.97	-18.04	19.29
820	33.01	-18.21	19.29
821	33.05	-18.31	19.28
822	33.09	-18.35	19.32
823	33.13	-18.34	19.33
824	33.17	-18.33	19.31
825	33.21	-18.36	19.25
826	33.25	-18.38	19.13
827	33.29	-18.42	19.03
828	33.33	-18.47	18.94
829	33.37	-18.51	18.89
830	33.41	-18.55	18.84
831	33.45	-18.58	18.8
832	33.49	-18.6	18.77
833	33.53	-18.6	18.76
834	33.57	-18.6	18.78
835	33.61	-18.59	18.79
836	33.65	-18.6	18.81
837	33.69	-18.63	18.84
838	33.73	-18.68	18.87
839	33.77	-18.72	18.92
840	33.81	-18.76	18.96
841	33.85	-18.79	18.98
842	33.89	-18.81	18.99
843	33.93	-18.83	18.99
844	33.97	-18.85	19
845	34.01	-18.86	19
846	34.05	-18.87	19.01
847	34.09	-18.9	19.01
848	34.13	-18.9	19
849	34.17	-18.9	18.97
850	34.21	-18.89	18.95
851	34.25	-18.86	18.91
852	34.29	-18.84	18.9
853	34.33	-18.83	18.9
854	34.37	-18.8	18.9
855	34.41	-18.8	18.9
856	34.45	-18.79	18.89
857	34.49	-18.8	18.89
858	34.53	-18.81	18.89
859	34.57	-18.82	18.91
860	34.61	-18.82	18.92
861	34.65	-18.8	18.91
862	34.69	-18.77	18.91
863	34.73	-18.73	18.88
864	34.77	-18.7	18.87
865	34.81	-18.71	18.88
866	34.85	-18.69	18.88
867	34.89	-18.68	18.9
868	34.93	-18.66	18.9
869	34.97	-18.62	18.9
870	35.01	-18.6	18.92
871	35.05	-18.58	18.93
872	35.09	-18.56	18.92
873	35.13	-18.55	18.92
874	35.17	-18.56	18.92
875	35.21	-18.57	18.94
876	35.25	-18.57	18.96
877	35.29	-18.57	19
878	35.33	-18.55	19.03
879	35.37	-18.52	19.04
880	35.41	-18.5	19.06
881	35.45	-18.46	19.06
882	35.49	-18.43	19.06
883	35.53	-18.41	19.08
884	35.57	-18.39	19.1
885	35.61	-18.37	19.13
886	35.65	-18.34	19.15
887	35.69	-18.29	19.18
888	35.73	-18.23	19.2
889	35.77	-18.15	19.19
890	35.81	-18.09	19.18
891	35.85	-18.05	19.17
892	35.89	-18.01	19.15
893	35.93	-17.99	19.16
894	35.97	-17.98	19.18
895	36.01	-17.97	19.21
896	36.05	-17.98	19.24
897	36.09	-17.97	19.27
898	36.13	-17.96	19.27
899	36.17	-17.95	19.28
900	36.21	-17.95	19.3
901	36.25	-17.95	19.32
902	36.29	-17.95	19.34
903	36.33	-17.93	19.34
904	36.37	-17.91	19.34
905	36.41	-17.89	19.34
906	36.45	-17.89	19.37
907	36.49	-17.89	19.4
908	36.53	-17.88	19.42
909	36.57	-17.87	19.41
910	36.61	-17.85	19.41
911	36.65	-17.83	19.4
912	36.69	-17.82	19.39
913	36.73	-17.83	19.39
914	36.77	-17.82	19.38
915	36.81	-17.83	19.38
916	36.85	-17.82	19.37
917	36.89	-17.82	19.39
918	36.93	-17.81	19.39
919	36.97	-17.8	19.41
920	37.01	-17.8	19.42
921	37.05	-17.78	19.43
922	37.09	-17.76	19.45
923	37.13	-17.73	19.42
924	37.17	-17.72	19.42
925	37.23	-17.7	19.39
926	37.25	-17.67	19.35
927	37.29	-17.65	19.32
928	37.33	-17.63	19.28
929	37.37	-17.61	19.25
930	37.41	-17.62	19.24
931	37.45	-17.63	19.23
932	37.49	-17.65	19.23
933	37.53	-17.66	19.21
934	37.57	-17.66	19.17
935	37.61	-17.65	19.1
936	37.65	-17.63	19.04
937	37.69	-17.62	18.96
938	37.73	-17.61	18.89
939	37.77	-17.6	18.83
940	37.81	-17.58	18.76
941	37.85	-17.58	18.71
942	37.89	-17.56	18.65
943	37.93	-17.53	18.59
944	37.97	-17.51	18.55
945	38.01	-17.47	18.5
946	38.05	-17.46	18.46
947	38.09	-17.49	18.44
948	38.13	-17.53	18.42
949	38.17	-17.54	18.39
950	38.21	-17.53	18.37
951	38.25	-17.52	18.34
952	38.29	-17.49	18.27
953	38.33	-17.48	18.23
954	38.37	-17.48	18.18
955	38.41	-17.48	18.14
956	38.45	-17.5	18.11
957	38.49	-17.54	18.08
958	38.53	-17.55	18.03
959	38.57	-17.58	17.99
960	38.61	-17.62	17.95
961	38.65	-17.62	17.89
962	38.69	-17.64	17.83
963	38.73	-17.64	17.77
964	38.77	-17.64	17.7
965	38.81	-17.63	17.61
966	38.85	-17.63	17.54
967	38.89	-17.64	17.47
968	38.93	-17.66	17.42
969	38.97	-17.68	17.4
970	39.01	-17.71	17.38
971	39.05	-17.73	17.36
972	39.09	-17.73	17.33
973	39.13	-17.73	17.26
974	39.17	-17.73	17.2
975	39.21	-17.72	17.13
976	39.25	-17.72	17.07
977	39.29	-17.71	17.02
978	39.33	-17.68	16.98
979	39.37	-17.66	16.96
980	39.41	-17.65	16.94
981	39.45	-17.68	16.91
982	39.49	-17.77	16.89
983	39.53	-17.84	16.84
984	39.57	-17.91	16.79
985	39.61	-17.94	16.73
986	39.65	-17.93	16.65
987	39.69	-17.91	16.57
988	39.73	-17.9	16.46
989	39.77	-17.89	16.39
990	39.81	-17.87	16.33
991	39.85	-17.84	16.27
992	39.89	-17.8	16.25
993	39.93	-17.76	16.23
994	39.97	-17.75	16.22
995	40.01	-17.74	16.21
996	40.05	-17.72	16.19
997	40.09	-17.7	16.16
998	40.13	-17.68	16.13
999	40.17	-17.66	16.11
1000	40.21	-17.65	16.1
1001	40.25	-17.64	16.09
1002	40.29	-17.62	16.09
1003	40.33	-17.6	16.07
1004	40.37	-17.59	16.06
1005	40.41	-17.59	16.06
1006	40.45	-17.6	16.06
1007	40.49	-17.61	16.07
1008	40.53	-17.61	16.07
1009	40.57	-17.65	16.04
1010	40.61	-17.68	16.03
1011	40.65	-17.7	16
1012	40.69	-17.72	15.98
1013	40.73	-17.71	15.98
1014	40.77	-17.71	15.99
1015	40.81	-17.73	16.02
1016	40.85	-17.73	16.06
1017	40.89	-17.73	16.1
1018	40.93	-17.73	16.13
1019	40.97	-17.72	16.16
1020	41.01	-17.7	16.17
1021	41.05	-17.67	16.17
1022	41.09	-17.63	16.18
1023	41.13	-17.59	16.2
1024	41.17	-17.58	16.25
1025	41.21	-17.57	16.33
1026	41.25	-17.58	16.43
1027	41.29	-17.59	16.5
1028	41.33	-17.61	16.57
1029	41.37	-17.62	16.64
1030	41.41	-17.64	16.7
1031	41.45	-17.65	16.8
1032	41.49	-17.66	16.9
1033	41.53	-17.66	17.03
1034	41.57	-17.64	17.15
1035	41.61	-17.63	17.27
1036	41.65	-17.6	17.4
1037	41.69	-17.55	17.53
1038	41.73	-17.5	17.64
1039	41.77	-17.43	17.73
1040	41.81	-17.36	17.8
1041	41.85	-17.31	17.86
1042	41.89	-17.27	17.9
1043	41.93	-17.22	17.92
1044	41.97	-17.18	17.96
1045	42.01	-17.13	17.97
1046	42.05	-17.09	17.95
1047	42.09	-17.07	17.93
1048	42.13	-17.06	17.9
1049	42.17	-17.06	17.88
1050	42.21	-17.08	17.9
1051	42.25	-17.1	17.94
1052	42.29	-17.13	17.98
1053	42.33	-17.15	18.04
1054	42.37	-17.17	18.09
1055	42.41	-17.18	18.14
1056	42.45	-17.19	18.19
1057	42.49	-17.19	18.22
1058	42.53	-17.18	18.26
1059	42.57	-17.18	18.29
1060	42.61	-17.18	18.3
1061	42.65	-17.19	18.32
1062	42.69	-17.21	18.31
1063	42.73	-17.23	18.3
1064	42.77	-17.25	18.29
1065	42.81	-17.27	18.29
1066	42.85	-17.29	18.27
1067	42.89	-17.29	18.26
1068	42.93	-17.3	18.24
1069	42.97	-17.3	18.21
1070	43.01	-17.29	18.17
1071	43.05	-17.29	18.12
1072	43.09	-17.29	18.07
1073	43.13	-17.3	18
1074	43.17	-17.3	17.92
1075	43.21	-17.31	17.84
1076	43.25	-17.31	17.76
1077	43.29	-17.3	17.69
1078	43.33	-17.3	17.65
1079	43.37	-17.29	17.63
1080	43.41	-17.29	17.58
1081	43.45	-17.28	17.56
1082	43.49	-17.31	17.56
1083	43.53	-17.34	17.56
1084	43.57	-17.37	17.61
1085	43.61	-17.39	17.64
1086	43.65	-17.4	17.66
1087	43.69	-17.39	17.7
1088	43.73	-17.36	17.73
1089	43.77	-17.35	17.75
1090	43.81	-17.36	17.75
1091	43.85	-17.39	17.74
1092	43.89	-17.44	17.71
1093	43.93	-17.48	17.69
1094	43.97	-17.51	17.7
1095	44.01	-17.54	17.69
1096	44.05	-17.57	17.69
1097	44.09	-17.6	17.7
1098	44.13	-17.63	17.67
1099	44.17	-17.68	17.65
1100	44.21	-17.72	17.63
1101	44.25	-17.77	17.6
1102	44.29	-17.82	17.59
1103	44.33	-17.84	17.57
1104	44.37	-17.85	17.52
1105	44.41	-17.87	17.47
1106	44.45	-17.9	17.42
1107	44.49	-17.92	17.39
1108	44.53	-17.97	17.38
1109	44.57	-18.01	17.36
1110	44.61	-18.05	17.35
1111	44.65	-18.09	17.34
1112	44.69	-18.13	17.34
1113	44.73	-18.18	17.35
1114	44.77	-18.22	17.35
1115	44.81	-18.27	17.36
1116	44.85	-18.32	17.37
1117	44.89	-18.36	17.37
1118	44.93	-18.41	17.39
1119	44.97	-18.45	17.4
1120	45.01	-18.48	17.42
1121	45.05	-18.51	17.43
1122	45.09	-18.54	17.44
1123	45.13	-18.56	17.46
1124	45.17	-18.59	17.48
1125	45.21	-18.61	17.52
1126	45.25	-18.61	17.54
1127	45.29	-18.61	17.57
1128	45.33	-18.6	17.59
1129	45.37	-18.59	17.61
1130	45.41	-18.56	17.59
1131	45.45	-18.54	17.59
1132	45.49	-18.52	17.55
1133	45.53	-18.49	17.49
1134	45.57	-18.47	17.42
1135	45.61	-18.44	17.31
1136	45.65	-18.41	17.21
1137	45.69	-18.39	17.12
1138	45.73	-18.37	17.04
1139	45.77	-18.37	17
1140	45.81	-18.37	16.96
1141	45.85	-18.39	16.88
1142	45.89	-18.42	16.84
1143	45.93	-18.45	16.77
1144	45.97	-18.48	16.71
1145	46.01	-18.49	16.67
1146	46.05	-18.48	16.6
1147	46.09	-18.47	16.56
1148	46.13	-18.47	16.53
1149	46.17	-18.48	16.52
1150	46.21	-18.5	16.5
1151	46.25	-18.53	16.47
1152	46.29	-18.55	16.42
1153	46.33	-18.57	16.37
1154	46.37	-18.57	16.33
1155	46.41	-18.57	16.29
1156	46.45	-18.57	16.27
1157	46.49	-18.57	16.28
1158	46.53	-18.59	16.3
1159	46.57	-18.63	16.34
1160	46.61	-18.67	16.35
1161	46.65	-18.71	16.37
1162	46.69	-18.74	16.4
1163	46.73	-18.75	16.48
1164	46.77	-18.74	16.54
1165	46.81	-18.76	16.64
1166	46.85	-18.79	16.72
1167	46.89	-18.83	16.76
1168	46.93	-18.88	16.83
1169	46.97	-18.91	16.86
1170	47.01	-18.91	16.9
1171	47.05	-18.91	16.94
1172	47.09	-18.89	16.97
1173	47.13	-18.87	16.97
1174	47.17	-18.86	16.97
1175	47.21	-18.82	16.97
1176	47.25	-18.79	16.98
1177	47.29	-18.75	16.98
1178	47.33	-18.72	16.98
1179	47.37	-18.69	16.98
1180	47.41	-18.66	16.99
1181	47.45	-18.64	17.01
1182	47.49	-18.62	17.04
1183	47.53	-18.59	17.08
1184	47.57	-18.58	17.11
1185	47.61	-18.56	17.11
1186	47.65	-18.54	17.09
1187	47.69	-18.53	17.07
1188	47.73	-18.55	17.09
1189	47.77	-18.56	17.13
1190	47.81	-18.55	17.18
1191	47.85	-18.55	17.18
1192	47.89	-18.52	17.15
1193	47.93	-18.52	17.12
1194	47.97	-18.52	17.1
1195	48.01	-18.51	17.06
1196	48.05	-18.49	17.02
1197	48.09	-18.47	16.98
1198	48.13	-18.41	16.99
1199	48.17	-18.33	17
1200	48.21	-18.23	17.05
1201	48.25	-18.11	17.08
1202	48.29	-18.01	17.06
1203	48.33	-17.94	17.04
1204	48.37	-17.87	16.98
1205	48.41	-17.81	16.92
1206	48.45	-17.77	16.87
1207	48.49	-17.72	16.82
1208	48.53	-17.68	16.8
1209	48.57	-17.67	16.79
1210	48.61	-17.65	16.83
1211	48.65	-17.62	16.88
1212	48.69	-17.58	16.95
1213	48.73	-17.5	17
1214	48.77	-17.41	17.01
1215	48.81	-17.33	17
1216	48.85	-17.26	16.96
1217	48.89	-17.2	16.95
1218	48.93	-17.13	16.92
1219	48.97	-17.02	16.92
1220	49.01	-16.85	16.92
1221	49.05	-16.67	16.9
1222	49.09	-16.51	16.85
1223	49.13	-16.37	16.78
1224	49.17	-16.29	16.7
1225	49.21	-16.2	16.64
1226	49.25	-16.11	16.59
1227	49.29	-16.04	16.54
1228	49.33	-15.95	16.51
1229	49.37	-15.9	16.48
1230	49.41	-15.85	16.48
1231	49.45	-15.82	16.47
1232	49.49	-15.8	16.44
1233	49.53	-15.78	16.4
1234	49.57	-15.76	16.36
1235	49.61	-15.75	16.31
1236	49.65	-15.72	16.3
1237	49.69	-15.67	16.29
1238	49.73	-15.61	16.27
1239	49.77	-15.52	16.23
1240	49.81	-15.43	16.16
1241	49.85	-15.32	16.06
1242	49.89	-15.26	15.95
1243	49.93	-15.24	15.84
1244	49.97	-15.24	15.73
1245	50.01	-15.25	15.62
1246	50.05	-15.28	15.52
1247	50.09	-15.27	15.42
1248	50.13	-15.23	15.35
1249	50.17	-15.2	15.28
1250	50.21	-15.15	15.2
1251	50.25	-15.11	15.15
1252	50.29	-15.09	15.1
1253	50.33	-15.08	15.05
1254	50.37	-15.07	15.02
1255	50.41	-15.05	14.99
1256	50.45	-15.03	14.95
1257	50.49	-15.01	14.92
1258	50.53	-14.99	14.86
1259	50.57	-14.99	14.82
1260	50.61	-14.96	14.78
1261	50.65	-14.92	14.76
1262	50.69	-14.86	14.75
1263	50.73	-14.83	14.74
1264	50.77	-14.8	14.74
1265	50.81	-14.76	14.75
1266	50.85	-14.76	14.77
1267	50.89	-14.73	14.81
1268	50.93	-14.7	14.85
1269	50.97	-14.68	14.88
1270	51.01	-14.66	14.91
1271	51.05	-14.65	14.92
1272	51.09	-14.64	14.94
1273	51.13	-14.64	14.95
1274	51.17	-14.6	14.97
1275	51.21	-14.56	14.98
1276	51.25	-14.55	15.01
1277	51.29	-14.54	15.02
1278	51.33	-14.59	15.04
1279	51.37	-14.64	15.04
1280	51.41	-14.7	15.05
1281	51.45	-14.77	15.08
1282	51.49	-14.8	15.1
1283	51.53	-14.82	15.12
1284	51.57	-14.8	15.13
1285	51.61	-14.79	15.13
1286	51.65	-14.8	15.13
1287	51.69	-14.82	15.14
1288	51.73	-14.85	15.16
1289	51.77	-14.88	15.16
1290	51.81	-14.9	15.17
1291	51.85	-14.91	15.16
1292	51.89	-14.95	15.15
1293	51.93	-14.96	15.15
1294	51.97	-14.98	15.15
1295	52.01	-15	15.12
1296	52.05	-15.03	15.1
1297	52.09	-15.05	15.09
1298	52.13	-15.06	15.07
1299	52.17	-15.08	15.07
1300	52.21	-15.05	15.06
1301	52.25	-14.99	15
1302	52.29	-14.91	14.92
1303	52.33	-14.86	14.82
1304	52.37	-14.86	14.74
1305	52.41	-14.93	14.67
1306	52.45	-15	14.63
1307	52.49	-15.08	14.59
1308	52.53	-15.12	14.56
1309	52.57	-15.12	14.53
1310	52.61	-15.11	14.5
1311	52.65	-15.07	14.45
1312	52.69	-15.02	14.41
1313	52.73	-14.99	14.4
1314	52.77	-14.99	14.41
1315	52.81	-15.02	14.47
1316	52.85	-15.05	14.53
1317	52.89	-15.06	14.58
1318	52.93	-15.04	14.59
1319	52.97	-14.99	14.57
1320	53.01	-14.96	14.55
1321	53.05	-14.94	14.53
1322	53.09	-14.92	14.5
1323	53.13	-14.92	14.48
1324	53.17	-14.91	14.46
1325	53.21	-14.9	14.44
1326	53.25	-14.92	14.42
1327	53.29	-14.93	14.4
1328	53.33	-14.96	14.38
1329	53.37	-15	14.37
1330	53.41	-15.03	14.35
1331	53.45	-15.06	14.32
1332	53.49	-15.09	14.29
1333	53.53	-15.11	14.25
1334	53.57	-15.13	14.21
1335	53.61	-15.16	14.17
1336	53.65	-15.18	14.13
1337	53.69	-15.2	14.1
1338	53.73	-15.23	14.09
1339	53.77	-15.24	14.08
1340	53.81	-15.26	14.07
1341	53.85	-15.28	14.05
1342	53.89	-15.31	14.04
1343	53.93	-15.34	14.03
1344	53.97	-15.36	14.02
1345	54.01	-15.39	14.01
1346	54.05	-15.41	14
1347	54.09	-15.43	14
1348	54.13	-15.45	14.01
1349	54.17	-15.46	14.01
1350	54.21	-15.49	14.01
1351	54.25	-15.53	14.03
1352	54.29	-15.57	14.03
1353	54.33	-15.64	14.06
1354	54.37	-15.69	14.07
1355	54.41	-15.73	14.08
1356	54.45	-15.75	14.09
1357	54.49	-15.74	14.06
1358	54.53	-15.73	14.04
1359	54.57	-15.72	14.02
1360	54.61	-15.71	14.01
1361	54.65	-15.7	13.99
1362	54.69	-15.69	13.97
1363	54.73	-15.67	13.94
1364	54.77	-15.65	13.9
1365	54.81	-15.61	13.89
1366	54.85	-15.57	13.86
1367	54.89	-15.53	13.83
1368	54.93	-15.49	13.82
1369	54.97	-15.46	13.82
1370	55.01	-15.46	13.84
1371	55.05	-15.45	13.86
1372	55.09	-15.45	13.89
1373	55.13	-15.45	13.94
1374	55.17	-15.45	14.01
1375	55.21	-15.46	14.08
1376	55.25	-15.45	14.14
1377	55.29	-15.44	14.2
1378	55.33	-15.43	14.25
1379	55.37	-15.45	14.28
1380	55.41	-15.46	14.33
1381	55.45	-15.49	14.38
1382	55.49	-15.53	14.42
1383	55.53	-15.55	14.45
1384	55.57	-15.58	14.47
1385	55.61	-15.62	14.49
1386	55.65	-15.64	14.5
1387	55.69	-15.68	14.53
1388	55.73	-15.71	14.55
1389	55.77	-15.71	14.59
1390	55.81	-15.72	14.65
1391	55.85	-15.73	14.7
1392	55.89	-15.73	14.76
1393	55.93	-15.75	14.81
1394	55.97	-15.76	14.86
1395	56.01	-15.76	14.91
1396	56.05	-15.75	14.96
1397	56.09	-15.73	15.01
1398	56.13	-15.72	15.06
1399	56.17	-15.73	15.1
1400	56.21	-15.76	15.14
1401	56.25	-15.8	15.18
1402	56.29	-15.84	15.23
1403	56.33	-15.86	15.27
1404	56.37	-15.9	15.33
1405	56.41	-15.92	15.4
1406	56.45	-15.94	15.47
1407	56.49	-15.96	15.56
1408	56.53	-15.96	15.65
1409	56.57	-15.97	15.75
1410	56.61	-15.98	15.87
1411	56.65	-16	16.01
1412	56.69	-16.01	16.13
1413	56.73	-16.05	16.24
1414	56.77	-16.08	16.35
1415	56.81	-16.11	16.45
1416	56.85	-16.13	16.58
1417	56.89	-16.17	16.71
1418	56.93	-16.2	16.83
1419	56.97	-16.25	16.95
1420	57.01	-16.3	17.04
1421	57.05	-16.37	17.12
1422	57.09	-16.46	17.2
1423	57.13	-16.55	17.27
1424	57.17	-16.64	17.33
1425	57.21	-16.71	17.42
1426	57.25	-16.78	17.5
1427	57.29	-16.85	17.57
1428	57.33	-16.92	17.67
1429	57.37	-17.01	17.75
1430	57.41	-17.09	17.85
1431	57.45	-17.18	17.93
1432	57.49	-17.26	18.01
1433	57.52	-17.33	18.1
1434	57.56	-17.39	18.17
1435	57.6	-17.45	18.25
1436	57.65	-17.52	18.3
1437	57.68	-17.57	18.35
1438	57.73	-17.59	18.39
1439	57.77	-17.6	18.42
1440	57.8	-17.59	18.46
1441	57.84	-17.57	18.47
1442	57.88	-17.54	18.49
1443	57.92	-17.5	18.48
1444	57.96	-17.47	18.46
1445	58	-17.42	18.45
1446	58.04	-17.38	18.43
1447	58.08	-17.34	18.45
1448	58.12	-17.29	18.46
1449	58.16	-17.26	18.47
1450	58.2	-17.24	18.46
1451	58.24	-17.21	18.45
1452	58.28	-17.2	18.46
1453	58.32	-17.19	18.48
1454	58.37	-17.2	18.51
1455	58.4	-17.22	18.52
1456	58.44	-17.24	18.51
1457	58.48	-17.29	18.49
1458	58.52	-17.35	18.44
1459	58.56	-17.41	18.39
1460	58.6	-17.46	18.34
1461	58.64	-17.5	18.28
1462	58.68	-17.53	18.24
1463	58.72	-17.53	18.2
1464	58.76	-17.54	18.15
1465	58.8	-17.54	18.09
1466	58.84	-17.54	18.02
1467	58.88	-17.53	17.95
1468	58.92	-17.51	17.88
1469	58.96	-17.5	17.83
1470	59	-17.48	17.82
1471	59.04	-17.48	17.8
1472	59.08	-17.49	17.81
1473	59.12	-17.5	17.79
1474	59.16	-17.51	17.79
1475	59.2	-17.54	17.8
1476	59.24	-17.58	17.85
1477	59.28	-17.64	17.93
1478	59.32	-17.69	18
1479	59.36	-17.76	18.06
1480	59.4	-17.83	18.12
1481	59.44	-17.88	18.18
1482	59.48	-17.92	18.24
1483	59.52	-17.92	18.31
1484	59.56	-17.91	18.34
1485	59.6	-17.89	18.34
1486	59.64	-17.86	18.34
1487	59.68	-17.83	18.33
1488	59.72	-17.8	18.33
1489	59.76	-17.76	18.35
1490	59.8	-17.72	18.37
1491	59.84	-17.7	18.37
1492	59.88	-17.67	18.39
1493	59.92	-17.66	18.43
1494	59.96	-17.65	18.47
1495	60	-17.64	18.5
1496	60.04	-17.64	18.54
1497	60.08	-17.63	18.57
1498	60.12	-17.62	18.6
1499	60.16	-17.61	18.61
1500	60.2	-17.59	18.59
1501	60.24	-17.57	18.55
1502	60.28	-17.55	18.51
1503	60.32	-17.52	18.47
1504	60.36	-17.48	18.43
1505	60.4	-17.44	18.39
1506	60.44	-17.4	18.34
1507	60.48	-17.35	18.31
1508	60.52	-17.29	18.29
1509	60.56	-17.24	18.26
1510	60.6	-17.18	18.24
1511	60.64	-17.13	18.22
1512	60.68	-17.09	18.21
1513	60.72	-17.03	18.23
1514	60.76	-16.98	18.25
1515	60.8	-16.93	18.26
1516	60.84	-16.9	18.26
1517	60.88	-16.87	18.25
1518	60.92	-16.84	18.24
1519	60.96	-16.83	18.21
1520	61	-16.81	18.2
1521	61.04	-16.8	18.17
1522	61.08	-16.78	18.16
1523	61.12	-16.77	18.15
1524	61.16	-16.74	18.15
1525	61.2	-16.72	18.14
1526	61.24	-16.71	18.12
1527	61.28	-16.69	18.11
1528	61.32	-16.68	18.09
1529	61.36	-16.67	18.07
1530	61.4	-16.66	18.07
1531	61.44	-16.65	18.05
1532	61.48	-16.65	18.03
1533	61.52	-16.66	18.01
1534	61.56	-16.66	17.98
1535	61.6	-16.65	17.98
1536	61.64	-16.67	17.96
1537	61.68	-16.68	17.96
1538	61.72	-16.69	17.96
1539	61.76	-16.71	17.94
1540	61.8	-16.73	17.91
1541	61.84	-16.77	17.88
1542	61.88	-16.81	17.85
1543	61.92	-16.85	17.83
1544	61.96	-16.87	17.82
1545	62	-16.89	17.8
1546	62.04	-16.91	17.77
1547	62.08	-16.94	17.73
1548	62.12	-16.98	17.66
1549	62.16	-17.01	17.6
1550	62.2	-17.02	17.56
1551	62.24	-17.03	17.52
1552	62.28	-17.03	17.51
1553	62.32	-17.03	17.52
1554	62.36	-17.03	17.54
1555	62.4	-17.04	17.57
1556	62.44	-17.04	17.63
1557	62.48	-17.05	17.65
1558	62.52	-17.06	17.67
1559	62.56	-17.08	17.68
1560	62.6	-17.12	17.68
1561	62.64	-17.16	17.67
1562	62.68	-17.2	17.66
1563	62.72	-17.25	17.65
1564	62.76	-17.3	17.63
1565	62.8	-17.36	17.61
1566	62.84	-17.42	17.6
1567	62.88	-17.48	17.57
1568	62.92	-17.54	17.57
1569	62.96	-17.59	17.58
1570	63	-17.65	17.58
1571	63.04	-17.71	17.6
1572	63.08	-17.77	17.63
1573	63.12	-17.84	17.66
1574	63.16	-17.9	17.7
1575	63.2	-17.96	17.72
1576	63.24	-18.04	17.76
1577	63.28	-18.12	17.81
1578	63.32	-18.21	17.87
1579	63.36	-18.27	17.93
1580	63.4	-18.32	17.98
1581	63.44	-18.37	18.09
1582	63.48	-18.42	18.22
1583	63.52	-18.48	18.4
1584	63.56	-18.52	18.58
1585	63.6	-18.52	18.7
1586	63.64	-18.53	18.81
1587	63.68	-18.54	18.9
1588	63.72	-18.6	18.99
1589	63.76	-18.7	19.09
1590	63.8	-18.81	19.16
1591	63.84	-18.89	19.25
1592	63.88	-18.94	19.35
1593	63.92	-18.98	19.5
1594	63.96	-19.02	19.67
1595	64	-19.09	19.83
1596	64.04	-19.17	19.97
1597	64.08	-19.25	20.07
1598	64.12	-19.32	20.16
1599	64.16	-19.41	20.25
1600	64.2	-19.51	20.35
1601	64.24	-19.62	20.44
1602	64.28	-19.72	20.5
1603	64.32	-19.81	20.57
1604	64.36	-19.88	20.59
1605	64.4	-19.95	20.63
1606	64.44	-19.99	20.66
1607	64.48	-20	20.66
1608	64.52	-20	20.69
1609	64.56	-19.98	20.72
1610	64.6	-19.99	20.76
1611	64.64	-20.02	20.79
1612	64.68	-20.06	20.81
1613	64.72	-20.11	20.82
1614	64.76	-20.15	20.83
1615	64.8	-20.16	20.86
1616	64.84	-20.18	20.89
1617	64.88	-20.17	20.94
1618	64.92	-20.17	21.01
1619	64.96	-20.16	21.07
1620	65	-20.17	21.13
1621	65.04	-20.21	21.19
1622	65.08	-20.25	21.25
1623	65.12	-20.29	21.33
1624	65.16	-20.33	21.42
1625	65.2	-20.36	21.53
1626	65.24	-20.36	21.6
1627	65.28	-20.38	21.67
1628	65.32	-20.42	21.74
1629	65.36	-20.47	21.75
1630	65.4	-20.55	21.79
1631	65.44	-20.62	21.8
1632	65.48	-20.68	21.82
1633	65.52	-20.72	21.85
1634	65.56	-20.76	21.84
1635	65.6	-20.78	21.86
1636	65.64	-20.78	21.86
1637	65.68	-20.79	21.87
1638	65.72	-20.8	21.88
1639	65.76	-20.81	21.9
1640	65.8	-20.81	21.92
1641	65.84	-20.77	21.92
1642	65.88	-20.74	21.94
1643	65.92	-20.7	21.94
1644	65.96	-20.65	21.93
1645	66	-20.66	21.95
1646	66.04	-20.67	21.96
1647	66.08	-20.69	21.96
1648	66.12	-20.73	21.98
1649	66.16	-20.75	21.98
1650	66.2	-20.74	21.94
1651	66.24	-20.72	21.91
1652	66.28	-20.67	21.86
1653	66.32	-20.61	21.8
1654	66.36	-20.55	21.73
1655	66.4	-20.48	21.67
1656	66.44	-20.43	21.62
1657	66.48	-20.38	21.59
1658	66.52	-20.35	21.58
1659	66.56	-20.32	21.56
1660	66.6	-20.32	21.55
1661	66.64	-20.29	21.52
1662	66.68	-20.25	21.46
1663	66.72	-20.2	21.38
1664	66.76	-20.15	21.28
1665	66.8	-20.11	21.2
1666	66.84	-20.11	21.14
1667	66.88	-20.14	21.09
1668	66.92	-20.19	21.06
1669	66.96	-20.25	21.05
1670	67	-20.28	21.06
1671	67.04	-20.3	21.09
1672	67.08	-20.3	21.15
1673	67.12	-20.29	21.21
1674	67.16	-20.3	21.27
1675	67.2	-20.31	21.34
1676	67.24	-20.32	21.41
1677	67.28	-20.33	21.46
1678	67.32	-20.33	21.5
1679	67.36	-20.33	21.51
1680	67.4	-20.34	21.52
1681	67.44	-20.33	21.5
1682	67.48	-20.33	21.49
1683	67.52	-20.33	21.5
1684	67.56	-20.33	21.48
1685	67.6	-20.34	21.47
1686	67.64	-20.35	21.46
1687	67.68	-20.38	21.44
1688	67.72	-20.41	21.45
1689	67.76	-20.43	21.46
1690	67.8	-20.45	21.48
1691	67.84	-20.46	21.5
1692	67.88	-20.45	21.49
1693	67.92	-20.46	21.48
1694	67.96	-20.45	21.45
1695	68	-20.43	21.42
1696	68.04	-20.41	21.38
1697	68.08	-20.39	21.33
1698	68.12	-20.38	21.29
1699	68.16	-20.36	21.23
1700	68.2	-20.38	21.19
1701	68.24	-20.38	21.15
1702	68.28	-20.39	21.12
1703	68.32	-20.41	21.09
1704	68.36	-20.42	21.06
1705	68.4	-20.45	21.02
1706	68.44	-20.47	20.98
1707	68.48	-20.52	20.94
1708	68.52	-20.58	20.91
1709	68.56	-20.64	20.87
1710	68.6	-20.7	20.83
1711	68.64	-20.76	20.81
1712	68.68	-20.82	20.81
1713	68.72	-20.88	20.82
1714	68.76	-21	20.83
1715	68.8	-21.14	20.8
1716	68.84	-21.26	20.75
1717	68.88	-21.4	20.71
1718	68.92	-21.51	20.63
1719	68.96	-21.56	20.58
1720	69	-21.62	20.52
1721	69.04	-21.65	20.45
1722	69.08	-21.68	20.39
1723	69.12	-21.7	20.34
1724	69.16	-21.72	20.29
1725	69.2	-21.75	20.24
1726	69.24	-21.77	20.21
1727	69.28	-21.8	20.18
1728	69.32	-21.82	20.15
1729	69.36	-21.81	20.12
1730	69.4	-21.8	20.09
1731	69.44	-21.78	20.04
1732	69.48	-21.75	20
1733	69.52	-21.73	19.97
1734	69.56	-21.74	19.96
1735	69.6	-21.74	19.96
1736	69.64	-21.75	19.96
1737	69.68	-21.74	19.96
1738	69.72	-21.72	19.95
1739	69.76	-21.7	19.95
1740	69.8	-21.68	19.94
1741	69.84	-21.66	19.95
1742	69.88	-21.65	19.97
1743	69.92	-21.64	19.97
1744	69.96	-21.63	19.98
1745	70	-21.61	19.98
1746	70.04	-21.58	19.97
1747	70.08	-21.55	19.95
1748	70.12	-21.49	19.93
1749	70.16	-21.49	19.91
1750	70.2	-21.49	19.89
1751	70.24	-21.5	19.87
1752	70.28	-21.51	19.85
1753	70.32	-21.5	19.83
1754	70.36	-21.5	19.81
1755	70.4	-21.48	19.8
1756	70.44	-21.49	19.78
1757	70.48	-21.48	19.77
1758	70.52	-21.45	19.76
1759	70.56	-21.42	19.73
1760	70.6	-21.4	19.71
1761	70.64	-21.39	19.67
1762	70.68	-21.38	19.64
1763	70.72	-21.37	19.65
1764	70.76	-21.33	19.66
1765	70.8	-21.29	19.67
1766	70.84	-21.29	19.69
1767	70.88	-21.28	19.71
1768	70.92	-21.27	19.72
1769	70.96	-21.28	19.74
1770	71	-21.28	19.75
1771	71.04	-21.3	19.78
1772	71.08	-21.3	19.8
1773	71.12	-21.31	19.82
1774	71.16	-21.32	19.84
1775	71.2	-21.32	19.86
1776	71.24	-21.33	19.87
1777	71.28	-21.34	19.9
1778	71.32	-21.37	19.92
1779	71.36	-21.41	19.95
1780	71.4	-21.46	19.99
1781	71.44	-21.5	20.04
1782	71.48	-21.52	20.09
1783	71.52	-21.54	20.14
1784	71.56	-21.56	20.18
1785	71.6	-21.59	20.22
1786	71.64	-21.61	20.24
1787	71.68	-21.62	20.27
1788	71.72	-21.62	20.3
1789	71.76	-21.61	20.33
1790	71.8	-21.61	20.37
1791	71.84	-21.62	20.42
1792	71.88	-21.64	20.44
1793	71.92	-21.64	20.46
1794	71.96	-21.66	20.49
1795	72	-21.68	20.5
1796	72.04	-21.71	20.52
1797	72.08	-21.77	20.53
1798	72.12	-21.79	20.52
1799	72.16	-21.8	20.51
1800	72.2	-21.82	20.5
1801	72.24	-21.81	20.5
1802	72.28	-21.84	20.52
1803	72.32	-21.87	20.56
1804	72.36	-21.87	20.56
1805	72.4	-21.87	20.58
1806	72.44	-21.84	20.56
1807	72.48	-21.81	20.53
1808	72.52	-21.77	20.5
1809	72.56	-21.76	20.48
1810	72.6	-21.75	20.45
1811	72.64	-21.75	20.44
1812	72.68	-21.76	20.44
1813	72.72	-21.78	20.44
1814	72.76	-21.82	20.47
1815	72.8	-21.85	20.49
1816	72.84	-21.88	20.51
1817	72.88	-21.88	20.52
1818	72.92	-21.87	20.51
1819	72.96	-21.88	20.51
1820	73	-21.89	20.51
1821	73.04	-21.91	20.53
1822	73.08	-21.92	20.53
1823	73.12	-21.92	20.52
1824	73.16	-21.9	20.5
1825	73.2	-21.88	20.48
1826	73.24	-21.86	20.46
1827	73.28	-21.83	20.46
1828	73.32	-21.8	20.44
1829	73.36	-21.75	20.42
1830	73.4	-21.7	20.39
1831	73.44	-21.66	20.35
1832	73.48	-21.6	20.33
1833	73.52	-21.53	20.3
1834	73.56	-21.48	20.28
1835	73.6	-21.45	20.27
1836	73.64	-21.42	20.25
1837	73.68	-21.42	20.19
1838	73.72	-21.41	20.14
1839	73.76	-21.36	20.04
1840	73.8	-21.31	19.94
1841	73.84	-21.24	19.85
1842	73.88	-21.16	19.76
1843	73.92	-21.11	19.71
1844	73.96	-21.06	19.67
1845	74	-21.01	19.65
1846	74.04	-20.99	19.67
1847	74.08	-20.96	19.68
1848	74.12	-20.95	19.71
1849	74.16	-20.94	19.74
1850	74.2	-20.9	19.76
1851	74.24	-20.88	19.77
1852	74.28	-20.84	19.77
1853	74.32	-20.81	19.78
1854	74.36	-20.78	19.78
1855	74.4	-20.74	19.76
1856	74.44	-20.69	19.75
1857	74.48	-20.61	19.74
1858	74.52	-20.56	19.74
1859	74.56	-20.53	19.73
1860	74.6	-20.53	19.71
1861	74.64	-20.57	19.7
1862	74.68	-20.62	19.69
1863	74.72	-20.66	19.7
1864	74.76	-20.69	19.71
1865	74.8	-20.71	19.69
1866	74.84	-20.7	19.65
1867	74.88	-20.71	19.61
1868	74.92	-20.72	19.58
1869	74.96	-20.73	19.57
1870	75	-20.73	19.54
1871	75.04	-20.73	19.52
1872	75.08	-20.74	19.49
1873	75.12	-20.75	19.46
1874	75.16	-20.78	19.45
1875	75.2	-20.82	19.43
1876	75.24	-20.86	19.4
1877	75.28	-20.9	19.39
1878	75.32	-20.96	19.35
1879	75.36	-21.04	19.32
1880	75.4	-21.13	19.28
1881	75.44	-21.23	19.26
1882	75.48	-21.34	19.25
1883	75.52	-21.4	19.24
1884	75.56	-21.47	19.26
1885	75.6	-21.53	19.27
1886	75.64	-21.57	19.32
1887	75.68	-21.65	19.36
1888	75.72	-21.73	19.42
1889	75.76	-21.81	19.48
1890	75.8	-21.88	19.5
1891	75.84	-21.93	19.53
1892	75.88	-21.95	19.53
1893	75.92	-21.97	19.51
1894	75.96	-22	19.51
1895	76	-22.02	19.5
1896	76.04	-22.03	19.5
1897	76.08	-22.01	19.5
1898	76.12	-22.01	19.5
1899	76.16	-21.99	19.49
1900	76.2	-21.96	19.47
1901	76.24	-21.95	19.44
1902	76.28	-21.92	19.4
1903	76.32	-21.89	19.37
1904	76.36	-21.88	19.35
1905	76.4	-21.86	19.34
1906	76.44	-21.84	19.32
1907	76.48	-21.82	19.3
1908	76.52	-21.79	19.28
1909	76.56	-21.78	19.25
1910	76.6	-21.73	19.23
1911	76.64	-21.69	19.21
1912	76.68	-21.64	19.17
1913	76.72	-21.58	19.15
1914	76.76	-21.55	19.12
1915	76.8	-21.51	19.09
1916	76.84	-21.48	19.09
1917	76.88	-21.44	19.07
1918	76.92	-21.41	19.06
1919	76.96	-21.36	19.04
1920	77	-21.33	19.03
1921	77.04	-21.33	18.98
1922	77.08	-21.32	18.93
1923	77.12	-21.37	18.86
1924	77.16	-21.39	18.78
1925	77.2	-21.41	18.72
1926	77.24	-21.43	18.66
1927	77.28	-21.45	18.6
1928	77.32	-21.47	18.53
1929	77.36	-21.47	18.45
1930	77.4	-21.47	18.35
1931	77.44	-21.46	18.25
1932	77.48	-21.47	18.14
1933	77.52	-21.48	18.03
1934	77.56	-21.53	17.92
1935	77.6	-21.55	17.83
1936	77.64	-21.59	17.73
1937	77.68	-21.62	17.63
1938	77.72	-21.62	17.55
1939	77.76	-21.64	17.48
1940	77.8	-21.63	17.45
1941	77.84	-21.65	17.42
1942	77.88	-21.68	17.4
1943	77.92	-21.73	17.37
1944	77.96	-21.77	17.33
1945	78	-21.81	17.28
1946	78.04	-21.83	17.23
1947	78.08	-21.86	17.17
1948	78.12	-21.89	17.09
1949	78.16	-21.91	17
1950	78.2	-21.97	16.86
1951	78.24	-22	16.68
1952	78.28	-22.04	16.48
1953	78.32	-22.06	16.32
1954	78.36	-22.05	16.2
1955	78.4	-22.03	16.13
1956	78.44	-21.97	16.09
1957	78.48	-21.92	16.05
1958	78.52	-21.88	15.99
1959	78.56	-21.83	15.94
1960	78.6	-21.77	15.89
1961	78.64	-21.7	15.84
1962	78.68	-21.61	15.78
1963	78.72	-21.52	15.73
1964	78.76	-21.45	15.66
1965	78.8	-21.42	15.59
1966	78.84	-21.44	15.5
1967	78.88	-21.5	15.4
1968	78.92	-21.56	15.32
1969	78.96	-21.6	15.21
1970	79	-21.6	15.12
1971	79.04	-21.57	15
1972	79.08	-21.53	14.83
1973	79.12	-21.46	14.66
1974	79.16	-21.42	14.5
1975	79.2	-21.37	14.39
1976	79.24	-21.35	14.31
1977	79.28	-21.33	14.28
1978	79.32	-21.3	14.24
1979	79.36	-21.25	14.22
1980	79.4	-21.18	14.2
1981	79.44	-21.13	14.15
1982	79.48	-21.08	14.13
1983	79.52	-21.02	14.1
1984	79.56	-20.96	14.05
1985	79.6	-20.91	14
1986	79.64	-20.86	13.94
1987	79.68	-20.84	13.9
1988	79.72	-20.83	13.89
1989	79.76	-20.84	13.87
1990	79.8	-20.84	13.84
1991	79.84	-20.84	13.78
1992	79.88	-20.84	13.71
1993	79.92	-20.8	13.66
1994	79.96	-20.76	13.61
1995	80	-20.73	13.6
1996	80.04	-20.73	13.61
1997	80.08	-20.81	13.63
1998	80.12	-20.91	13.65
1999	80.16	-21	13.68
2000	80.2	-21.06	13.72
2001	80.24	-21.08	13.76
2002	80.28	-21.08	13.81
2003	80.32	-21.09	13.86
2004	80.36	-21.09	13.91
2005	80.4	-21.09	13.97
2006	80.44	-21.09	14.01
2007	80.48	-21.09	14.05
2008	80.52	-21.1	14.06
2009	80.56	-21.1	14.08
2010	80.6	-21.11	14.1
2011	80.64	-21.11	14.11
2012	80.68	-21.12	14.12
2013	80.72	-21.13	14.12
2014	80.76	-21.14	14.12
2015	80.8	-21.15	14.16
2016	80.84	-21.16	14.22
2017	80.88	-21.16	14.28
2018	80.92	-21.16	14.34
2019	80.96	-21.16	14.36
2020	81	-21.16	14.37
2021	81.04	-21.16	14.38
2022	81.08	-21.16	14.36
2023	81.12	-21.17	14.34
2024	81.16	-21.17	14.31
2025	81.2	-21.17	14.27
2026	81.24	-21.17	14.24
2027	81.28	-21.17	14.22
2028	81.32	-21.16	14.19
2029	81.36	-21.15	14.13
2030	81.4	-21.13	14.08
2031	81.44	-21.11	14.02
2032	81.48	-21.09	13.96
2033	81.52	-21.08	13.94
2034	81.56	-21.08	13.92
2035	81.6	-21.08	13.92
2036	81.64	-21.08	13.92
2037	81.68	-21.09	13.92
2038	81.72	-21.1	13.95
2039	81.76	-21.1	13.98
2040	81.8	-21.11	14.02
2041	81.84	-21.12	14.06
2042	81.88	-21.15	14.08
2043	81.92	-21.18	14.07
2044	81.96	-21.2	14.09
2045	82	-21.2	14.12
2046	82.04	-21.19	14.15
2047	82.08	-21.18	14.22
2048	82.12	-21.17	14.27
2049	82.16	-21.18	14.33
2050	82.2	-21.19	14.38
2051	82.24	-21.2	14.42
2052	82.28	-21.21	14.48
2053	82.32	-21.18	14.56
2054	82.36	-21.13	14.63
2055	82.4	-21.08	14.7
2056	82.44	-21.04	14.71
2057	82.48	-21.05	14.7
2058	82.52	-21.07	14.7
2059	82.56	-21.09	14.68
2060	82.6	-21.11	14.68
2061	82.64	-21.12	14.71
2062	82.68	-21.1	14.74
2063	82.72	-21.08	14.79
2064	82.76	-21.05	14.85
2065	82.8	-21.02	14.92
2066	82.84	-20.99	14.97
2067	82.88	-20.95	15.03
2068	82.92	-20.91	15.09
2069	82.96	-20.88	15.14
2070	83	-20.86	15.21
2071	83.04	-20.85	15.27
2072	83.08	-20.85	15.32
2073	83.12	-20.87	15.35
2074	83.16	-20.9	15.35
2075	83.2	-20.94	15.34
2076	83.24	-21	15.3
2077	83.28	-21.05	15.28
2078	83.32	-21.11	15.29
2079	83.36	-21.16	15.28
2080	83.4	-21.21	15.31
2081	83.44	-21.29	15.32
2082	83.48	-21.37	15.33
2083	83.52	-21.43	15.35
2084	83.56	-21.47	15.35
2085	83.6	-21.52	15.35
2086	83.64	-21.57	15.35
2087	83.68	-21.67	15.33
2088	83.72	-21.81	15.31
2089	83.76	-21.94	15.28
2090	83.8	-22.06	15.29
2091	83.84	-22.17	15.3
2092	83.88	-22.28	15.31
2093	83.92	-22.36	15.35
2094	83.96	-22.45	15.39
2095	84	-22.49	15.45
2096	84.04	-22.51	15.52
2097	84.08	-22.5	15.59
2098	84.12	-22.46	15.63
2099	84.16	-22.44	15.67
2100	84.2	-22.41	15.69
2101	84.24	-22.4	15.7
2102	84.28	-22.4	15.72
2103	84.32	-22.4	15.73
2104	84.36	-22.42	15.75
2105	84.4	-22.43	15.77
2106	84.44	-22.44	15.79
2107	84.48	-22.45	15.81
2108	84.52	-22.46	15.82
2109	84.56	-22.47	15.83
2110	84.6	-22.49	15.84
2111	84.64	-22.51	15.85
2112	84.68	-22.54	15.85
2113	84.72	-22.57	15.85
2114	84.76	-22.59	15.85
2115	84.8	-22.58	15.87
2116	84.84	-22.6	15.87
2117	84.88	-22.62	15.88
2118	84.92	-22.61	15.9
2119	84.96	-22.64	15.91
2120	85	-22.65	15.93
2121	85.04	-22.66	15.94
2122	85.08	-22.67	15.94
2123	85.12	-22.66	15.95
2124	85.16	-22.64	15.97
2125	85.2	-22.65	15.98
2126	85.24	-22.66	16
2127	85.28	-22.68	16.01
2128	85.32	-22.71	16.02
2129	85.36	-22.76	16.02
2130	85.4	-22.79	16.02
2131	85.44	-22.84	16.01
2132	85.48	-22.87	16
2133	85.52	-22.91	15.97
2134	85.56	-22.95	15.94
2135	85.6	-23.01	15.87
2136	85.64	-23.08	15.82
2137	85.68	-23.12	15.77
2138	85.72	-23.17	15.72
2139	85.76	-23.21	15.67
2140	85.8	-23.23	15.62
2141	85.84	-23.26	15.58
2142	85.88	-23.27	15.55
2143	85.92	-23.32	15.51
2144	85.96	-23.38	15.47
2145	86	-23.43	15.45
2146	86.04	-23.47	15.42
2147	86.08	-23.46	15.44
2148	86.12	-23.43	15.45
2149	86.16	-23.43	15.45
2150	86.2	-23.43	15.44
2151	86.24	-23.42	15.45
2152	86.28	-23.4	15.45
2153	86.32	-23.37	15.45
2154	86.36	-23.33	15.47
2155	86.4	-23.28	15.46
2156	86.44	-23.25	15.47
2157	86.48	-23.21	15.49
2158	86.52	-23.16	15.52
2159	86.56	-23.14	15.52
2160	86.6	-23.1	15.56
2161	86.64	-23.06	15.58
2162	86.68	-23.03	15.61
2163	86.72	-23.02	15.64
2164	86.76	-23.01	15.67
2165	86.8	-23	15.69
2166	86.84	-22.98	15.72
2167	86.88	-22.96	15.75
2168	86.92	-22.93	15.8
2169	86.96	-22.89	15.84
2170	87	-22.87	15.87
2171	87.04	-22.83	15.91
2172	87.08	-22.8	15.94
2173	87.12	-22.78	15.98
2174	87.16	-22.76	16
2175	87.2	-22.76	16.04
2176	87.24	-22.75	16.06
2177	87.28	-22.74	16.11
2178	87.32	-22.72	16.19
2179	87.36	-22.7	16.27
2180	87.4	-22.67	16.36
2181	87.44	-22.65	16.42
2182	87.48	-22.65	16.45
2183	87.52	-22.64	16.49
2184	87.56	-22.66	16.54
2185	87.6	-22.69	16.63
2186	87.64	-22.72	16.72
2187	87.68	-22.76	16.8
2188	87.72	-22.76	16.87
2189	87.76	-22.75	16.94
2190	87.8	-22.73	17.01
2191	87.84	-22.71	17.09
2192	87.88	-22.72	17.17
2193	87.92	-22.74	17.25
2194	87.96	-22.79	17.32
2195	88	-22.85	17.39
2196	88.04	-22.9	17.46
2197	88.08	-22.95	17.52
2198	88.12	-22.98	17.58
2199	88.16	-23.02	17.65
2200	88.2	-23.05	17.71
2201	88.24	-23.09	17.75
2202	88.28	-23.14	17.77
2203	88.32	-23.2	17.78
2204	88.36	-23.28	17.78
2205	88.4	-23.33	17.77
2206	88.44	-23.4	17.78
2207	88.48	-23.45	17.79
2208	88.52	-23.48	17.83
2209	88.56	-23.54	17.94
2210	88.6	-23.55	18.12
2211	88.64	-23.57	18.35
2212	88.68	-23.59	18.6
2213	88.72	-23.63	18.84
2214	88.76	-23.66	19.03
2215	88.8	-23.67	19.22
2216	88.84	-23.68	19.44
2217	88.88	-23.69	19.67
2218	88.92	-23.71	19.93
2219	88.96	-23.75	20.15
2220	89	-23.76	20.32
2221	89.04	-23.76	20.44
2222	89.08	-23.77	20.54
2223	89.12	-23.79	20.66
2224	89.16	-23.84	20.76
2225	89.2	-23.88	20.86
2226	89.24	-23.93	20.94
2227	89.28	-23.97	21.01
2228	89.32	-24.03	21.11
2229	89.36	-24.09	21.21
2230	89.4	-24.15	21.32
2231	89.44	-24.2	21.42
2232	89.48	-24.23	21.47
2233	89.52	-24.27	21.53
2234	89.56	-24.29	21.57
2235	89.6	-24.29	21.62
2236	89.64	-24.3	21.71
2237	89.68	-24.28	21.77
2238	89.72	-24.25	21.84
2239	89.76	-24.24	21.89
2240	89.8	-24.23	21.92
2241	89.84	-24.24	21.97
2242	89.88	-24.3	22.02
2243	89.92	-24.36	22.06
2244	89.96	-24.43	22.09
2245	90	-24.5	22.13
2246	90.04	-24.55	22.17
2247	90.08	-24.6	22.2
2248	90.12	-24.65	22.23
2249	90.16	-24.68	22.26
2250	90.2	-24.7	22.26
2251	90.24	-24.71	22.26
2252	90.28	-24.72	22.24
2253	90.32	-24.75	22.22
2254	90.36	-24.78	22.19
2255	90.4	-24.82	22.18
2256	90.44	-24.86	22.14
2257	90.48	-24.89	22.1
2258	90.52	-24.92	22.05
2259	90.56	-24.94	22.01
2260	90.6	-24.96	21.98
2261	90.64	-24.99	21.98
2262	90.68	-25	21.98
2263	90.72	-25.02	21.99
2264	90.76	-25.05	22.02
2265	90.8	-25.07	22.03
2266	90.84	-25.09	22.06
2267	90.88	-25.09	22.1
2268	90.92	-25.06	22.1
2269	90.96	-25.02	22.09
2270	91	-24.98	22.09
2271	91.04	-24.94	22.07
2272	91.08	-24.89	22.06
2273	91.12	-24.85	22.06
2274	91.16	-24.82	22.04
2275	91.2	-24.78	22.02
2276	91.24	-24.75	22
2277	91.28	-24.71	22.01
2278	91.32	-24.68	22.03
2279	91.36	-24.65	22.04
2280	91.4	-24.63	22.09
2281	91.44	-24.61	22.12
2282	91.48	-24.62	22.17
2283	91.52	-24.63	22.26
2284	91.56	-24.63	22.33
2285	91.6	-24.64	22.41
2286	91.64	-24.62	22.5
2287	91.68	-24.57	22.6
2288	91.72	-24.51	22.7
2289	91.76	-24.44	22.83
2290	91.8	-24.38	22.95
2291	91.84	-24.31	23.03
2292	91.88	-24.24	23.17
2293	91.92	-24.17	23.29
2294	91.96	-24.12	23.42
2295	92	-24.1	23.58
2296	92.04	-24.1	23.7
2297	92.08	-24.12	23.8
2298	92.12	-24.19	23.92
2299	92.16	-24.24	24
2300	92.2	-24.29	24.04
2301	92.24	-24.34	24.1
2302	92.28	-24.36	24.14
2303	92.32	-24.38	24.17
2304	92.36	-24.41	24.2
2305	92.4	-24.44	24.2
2306	92.44	-24.48	24.18
2307	92.48	-24.54	24.16
2308	92.52	-24.6	24.16
2309	92.56	-24.65	24.15
2310	92.6	-24.7	24.16
2311	92.64	-24.72	24.18
2312	92.68	-24.72	24.2
2313	92.72	-24.73	24.25
2314	92.76	-24.74	24.28
2315	92.8	-24.78	24.29
2316	92.84	-24.83	24.3
2317	92.88	-24.89	24.29
2318	92.92	-24.95	24.3
2319	92.96	-25.01	24.31
2320	93	-25.06	24.34
2321	93.04	-25.09	24.35
2322	93.08	-25.1	24.34
2323	93.12	-25.13	24.35
2324	93.16	-25.16	24.35
2325	93.2	-25.2	24.38
2326	93.24	-25.26	24.42
2327	93.28	-25.3	24.43
2328	93.32	-25.34	24.46
2329	93.36	-25.39	24.48
2330	93.4	-25.44	24.49
2331	93.44	-25.49	24.52
2332	93.48	-25.53	24.52
2333	93.52	-25.56	24.52
2334	93.56	-25.58	24.52
2335	93.6	-25.58	24.49
2336	93.64	-25.6	24.48
2337	93.68	-25.6	24.44
2338	93.72	-25.61	24.4
2339	93.76	-25.64	24.4
2340	93.8	-25.68	24.39
2341	93.84	-25.71	24.39
2342	93.88	-25.74	24.39
2343	93.92	-25.75	24.39
2344	93.96	-25.74	24.39
2345	94	-25.74	24.39
2346	94.04	-25.72	24.39
2347	94.08	-25.69	24.38
2348	94.12	-25.65	24.37
2349	94.16	-25.61	24.37
2350	94.2	-25.57	24.36
2351	94.24	-25.52	24.38
2352	94.28	-25.48	24.41
2353	94.32	-25.44	24.42
2354	94.36	-25.4	24.44
2355	94.4	-25.37	24.45
2356	94.44	-25.33	24.44
2357	94.48	-25.29	24.44
2358	94.52	-25.24	24.44
2359	94.56	-25.21	24.44
2360	94.6	-25.16	24.46
2361	94.64	-25.12	24.48
2362	94.68	-25.08	24.48
2363	94.72	-25.04	24.49
2364	94.76	-25	24.48
2365	94.8	-24.96	24.45
2366	94.84	-24.93	24.44
2367	94.88	-24.89	24.44
2368	94.92	-24.85	24.42
2369	94.96	-24.8	24.43
2370	95	-24.73	24.43
2371	95.04	-24.65	24.42
2372	95.08	-24.58	24.44
2373	95.12	-24.52	24.46
2374	95.16	-24.49	24.49
2375	95.2	-24.45	24.56
2376	95.24	-24.36	24.66
2377	95.28	-24.25	24.75
2378	95.32	-24.1	24.85
2379	95.36	-23.95	24.92
2380	95.4	-23.82	24.95
2381	95.44	-23.71	24.96
2382	95.48	-23.6	24.96
2383	95.52	-23.5	24.96
2384	95.56	-23.4	24.98
2385	95.6	-23.32	25.03
2386	95.64	-23.24	25.09
2387	95.68	-23.19	25.13
2388	95.72	-23.13	25.18
2389	95.76	-23.1	25.21
2390	95.8	-23.07	25.26
2391	95.84	-23.06	25.3
2392	95.88	-23.04	25.31
2393	95.92	-22.99	25.36
2394	95.96	-22.94	25.36
2395	96	-22.88	25.39
2396	96.04	-22.84	25.44
2397	96.08	-22.82	25.49
2398	96.12	-22.8	25.54
2399	96.16	-22.77	25.6
2400	96.2	-22.7	25.64
2401	96.24	-22.57	25.64
2402	96.28	-22.44	25.68
2403	96.32	-22.3	25.72
2404	96.36	-22.2	25.78
2405	96.39	-22.12	25.84
2406	96.44	-22.05	25.85
2407	96.47	-21.99	25.84
2408	96.52	-21.89	25.85
2409	96.55	-21.79	25.86
2410	96.6	-21.66	25.94
2411	96.63	-21.52	26.02
2412	96.68	-21.41	26.09
2413	96.71	-21.29	26.16
2414	96.75	-21.18	26.2
2415	96.79	-21.1	26.24
2416	96.83	-21	26.28
2417	96.87	-20.92	26.31
2418	96.91	-20.85	26.35
2419	96.95	-20.72	26.38
2420	96.99	-20.59	26.4
2421	97.03	-20.43	26.4
2422	97.07	-20.33	26.37
2423	97.11	-20.25	26.35
2424	97.15	-20.17	26.34
2425	97.19	-20.07	26.36
2426	97.23	-19.97	26.36
2427	97.27	-19.87	26.37
2428	97.31	-19.79	26.38
2429	97.35	-19.75	26.39
2430	97.39	-19.71	26.41
2431	97.43	-19.66	26.44
2432	97.47	-19.64	26.44
2433	97.51	-19.58	26.47
2434	97.55	-19.52	26.52
2435	97.59	-19.45	26.59
2436	97.63	-19.34	26.67
2437	97.67	-19.23	26.75
2438	97.71	-19.07	26.84
2439	97.75	-18.94	26.9
2440	97.79	-18.76	26.99
2441	97.83	-18.65	27.05
2442	97.87	-18.55	27.08
2443	97.91	-18.49	27.11
2444	97.95	-18.42	27.14
2445	97.99	-18.26	27.17
2446	98.03	-18.07	27.18
2447	98.07	-17.87	27.19
2448	98.11	-17.72	27.17
2449	98.15	-17.63	27.16
2450	98.19	-17.58	27.15
2451	98.23	-17.49	27.15
2452	98.27	-17.38	27.15
2453	98.31	-17.29	27.15
2454	98.35	-17.18	27.14
2455	98.39	-17.09	27.16
2456	98.43	-17.01	27.18
2457	98.47	-16.91	27.22
2458	98.51	-16.79	27.25
2459	98.55	-16.68	27.26
2460	98.59	-16.57	27.26
2461	98.63	-16.46	27.28
2462	98.67	-16.36	27.33
2463	98.71	-16.24	27.38
2464	98.75	-16.09	27.45
2465	98.79	-15.91	27.5
2466	98.83	-15.7	27.56
2467	98.87	-15.43	27.64
2468	98.91	-15.18	27.69
2469	98.95	-14.97	27.71
2470	98.99	-14.8	27.73
2471	99.03	-14.61	27.73
2472	99.07	-14.41	27.75
2473	99.11	-14.19	27.76
2474	99.15	-13.99	27.74
2475	99.19	-13.84	27.72
2476	99.23	-13.76	27.7
2477	99.27	-13.71	27.65
2478	99.31	-13.66	27.62
2479	99.35	-13.59	27.59
2480	99.39	-13.5	27.57
2481	99.43	-13.41	27.55
2482	99.47	-13.34	27.54
2483	99.51	-13.3	27.51
2484	99.55	-13.28	27.48
2485	99.59	-13.24	27.47
2486	99.63	-13.17	27.48
2487	99.67	-13.06	27.5
2488	99.71	-12.94	27.53
2489	99.75	-12.83	27.54
2490	99.79	-12.77	27.54
2491	99.83	-12.73	27.53
2492	99.91	-12.73	27.51
2493	99.95	-12.73	27.49
2494	99.99	-12.74	27.48
2495	100.03	-12.74	27.46
2496	100.07	-12.76	27.42
2497	100.11	-12.81	27.37
2498	100.15	-12.83	27.33
2499	100.19	-12.87	27.28
2500	100.23	-12.89	27.26
2501	100.27	-12.9	27.24
2502	100.31	-12.93	27.22
2503	100.35	-12.94	27.21
2504	100.39	-12.97	27.2
2505	100.43	-12.98	27.19
2506	100.47	-12.97	27.19
2507	100.51	-12.99	27.19
2508	100.55	-12.99	27.2
2509	100.59	-12.98	27.19
2510	100.63	-13	27.2
2511	100.67	-12.99	27.19
2512	100.71	-13	27.16
2513	100.75	-13.02	27.15
2514	100.79	-13.05	27.12
2515	100.83	-13.06	27.1
2516	100.87	-13.08	27.09
2517	100.91	-13.12	27.07
2518	100.95	-13.12	27.06
2519	100.99	-13.15	27.03
2520	101.03	-13.18	27.01
2521	101.07	-13.18	26.99
2522	101.11	-13.17	26.97
2523	101.15	-13.16	26.95
2524	101.19	-13.14	26.93
2525	101.23	-13.09	26.92
2526	101.27	-13.06	26.92
2527	101.31	-13.01	26.94
2528	101.35	-12.98	26.96
2529	101.39	-12.97	26.97
2530	101.43	-12.96	26.97
2531	101.47	-12.95	26.92
2532	101.51	-12.92	26.88
2533	101.55	-12.9	26.81
2534	101.59	-12.87	26.77
2535	101.63	-12.85	26.74
2536	101.67	-12.86	26.71
2537	101.71	-12.87	26.68
2538	101.75	-12.88	26.63
2539	101.79	-12.9	26.59
2540	101.83	-12.89	26.54
2541	101.87	-12.87	26.5
2542	101.91	-12.85	26.45
2543	101.95	-12.83	26.39
2544	101.99	-12.81	26.35
2545	102.03	-12.79	26.31
2546	102.07	-12.74	26.29
2547	102.11	-12.68	26.27
2548	102.15	-12.6	26.26
2549	102.19	-12.52	26.25
2550	102.23	-12.43	26.21
2551	102.27	-12.34	26.18
2552	102.31	-12.3	26.16
2553	102.35	-12.26	26.14
2554	102.39	-12.27	26.12
2555	102.43	-12.26	26.1
2556	102.47	-12.25	26.07
2557	102.51	-12.24	26.05
2558	102.55	-12.22	26.03
2559	102.59	-12.2	26
2560	102.63	-12.19	25.99
2561	102.67	-12.18	25.98
2562	102.71	-12.16	25.96
2563	102.75	-12.15	25.94
2564	102.79	-12.07	25.88
2565	102.83	-11.96	25.78
2566	102.87	-11.86	25.68
2567	102.91	-11.75	25.59
2568	102.95	-11.7	25.52
2569	102.99	-11.69	25.46
2570	103.03	-11.67	25.39
2571	103.07	-11.63	25.31
2572	103.11	-11.57	25.23
2573	103.15	-11.53	25.19
2574	103.19	-11.48	25.16
2575	103.23	-11.42	25.16
2576	103.27	-11.34	25.15
2577	103.31	-11.23	25.13
2578	103.35	-11.11	25.1
2579	103.39	-11.03	25.07
2580	103.43	-10.96	25.05
2581	103.47	-10.9	25.03
2582	103.51	-10.86	25.02
2583	103.55	-10.83	25.02
2584	103.59	-10.8	25.01
2585	103.63	-10.76	25.01
2586	103.67	-10.74	25
2587	103.71	-10.72	24.98
2588	103.75	-10.72	24.97
2589	103.79	-10.73	24.96
2590	103.83	-10.74	24.95
2591	103.87	-10.75	24.93
2592	103.91	-10.74	24.91
2593	103.95	-10.72	24.82
2594	103.99	-10.71	24.74
2595	104.03	-10.68	24.62
2596	104.07	-10.67	24.48
2597	104.11	-10.68	24.39
2598	104.15	-10.69	24.27
2599	104.19	-10.72	24.17
2600	104.23	-10.76	24.09
2601	104.27	-10.78	23.97
2602	104.31	-10.81	23.85
2603	104.35	-10.83	23.71
2604	104.39	-10.84	23.58
2605	104.43	-10.87	23.5
2606	104.47	-10.88	23.43
2607	104.51	-10.91	23.38
2608	104.55	-10.9	23.25
2609	104.59	-10.91	23.12
2610	104.63	-10.94	22.99
2611	104.67	-10.93	22.87
2612	104.71	-10.97	22.8
2613	104.75	-10.98	22.73
2614	104.79	-10.99	22.64
2615	104.83	-11	22.52
2616	104.87	-11	22.41
2617	104.91	-10.99	22.31
2618	104.95	-10.95	22.2
2619	104.99	-10.9	22.08
2620	105.03	-10.85	21.97
2621	105.07	-10.78	21.83
2622	105.11	-10.74	21.71
2623	105.15	-10.7	21.61
2624	105.19	-10.67	21.52
2625	105.23	-10.65	21.39
2626	105.27	-10.64	21.3
2627	105.31	-10.6	21.18
2628	105.35	-10.54	21.08
2629	105.39	-10.49	21.03
2630	105.43	-10.45	20.98
2631	105.47	-10.46	20.95
2632	105.51	-10.46	20.86
2633	105.55	-10.45	20.77
2634	105.59	-10.42	20.66
2635	105.63	-10.4	20.58
2636	105.67	-10.42	20.53
2637	105.71	-10.46	20.49
2638	105.75	-10.51	20.4
2639	105.79	-10.55	20.29
2640	105.83	-10.59	20.14
2641	105.87	-10.61	19.96
2642	105.91	-10.64	19.83
2643	105.95	-10.66	19.74
2644	105.99	-10.69	19.66
2645	106.03	-10.74	19.59
2646	106.07	-10.8	19.49
2647	106.11	-10.87	19.39
2648	106.15	-10.94	19.28
2649	106.19	-11.01	19.19
2650	106.23	-11.05	19.14
2651	106.27	-11.07	19.04
2652	106.31	-11.1	18.93
2653	106.35	-11.12	18.8
2654	106.39	-11.15	18.66
2655	106.43	-11.19	18.55
2656	106.47	-11.22	18.47
2657	106.51	-11.27	18.37
2658	106.55	-11.33	18.27
2659	106.59	-11.38	18.19
2660	106.63	-11.41	18.11
2661	106.67	-11.42	18.05
2662	106.71	-11.42	18
2663	106.75	-11.41	17.95
2664	106.79	-11.38	17.93
2665	106.83	-11.35	17.92
2666	106.87	-11.34	17.9
2667	106.91	-11.36	17.84
2668	106.95	-11.4	17.75
2669	106.99	-11.47	17.65
2670	107.03	-11.54	17.58
2671	107.07	-11.6	17.57
2672	107.11	-11.66	17.6
2673	107.15	-11.7	17.64
2674	107.19	-11.74	17.69
2675	107.23	-11.78	17.72
2676	107.27	-11.81	17.73
2677	107.31	-11.85	17.74
2678	107.35	-11.87	17.75
2679	107.39	-11.9	17.77
2680	107.43	-11.92	17.81
2681	107.47	-11.93	17.83
2682	107.51	-11.97	17.85
2683	107.55	-11.99	17.87
2684	107.59	-12.02	17.9
2685	107.63	-12.06	17.93
2686	107.67	-12.1	17.94
2687	107.71	-12.14	17.95
2688	107.75	-12.19	17.97
2689	107.79	-12.24	18
2690	107.83	-12.3	18.03
2691	107.87	-12.35	18.02
2692	107.91	-12.43	18
2693	107.95	-12.51	17.99
2694	107.99	-12.58	17.97
2695	108.03	-12.67	18
2696	108.07	-12.75	17.99
2697	108.11	-12.87	17.96
2698	108.15	-13	17.94
2699	108.19	-13.12	17.95
2700	108.23	-13.23	17.96
2701	108.27	-13.3	17.99
2702	108.31	-13.36	18.02
2703	108.35	-13.43	18.07
2704	108.39	-13.5	18.09
2705	108.43	-13.57	18.15
2706	108.47	-13.67	18.18
2707	108.51	-13.77	18.18
2708	108.55	-13.86	18.2
2709	108.59	-13.99	18.21
2710	108.63	-14.09	18.25
2711	108.67	-14.18	18.31
2712	108.71	-14.32	18.36
2713	108.75	-14.47	18.41
2714	108.79	-14.7	18.44
2715	108.83	-14.91	18.46
2716	108.87	-15.06	18.51
2717	108.91	-15.17	18.55
2718	108.95	-15.21	18.59
2719	108.99	-15.3	18.59
2720	109.03	-15.39	18.58
2721	109.07	-15.45	18.57
2722	109.11	-15.47	18.55
2723	109.15	-15.5	18.52
2724	109.19	-15.54	18.48
2725	109.23	-15.61	18.42
2726	109.27	-15.72	18.37
2727	109.31	-15.8	18.37
2728	109.35	-15.89	18.39
2729	109.39	-15.98	18.42
2730	109.43	-16.06	18.45
2731	109.47	-16.11	18.45
2732	109.51	-16.11	18.45
2733	109.55	-16.12	18.45
2734	109.59	-16.15	18.46
2735	109.63	-16.19	18.51
2736	109.67	-16.29	18.56
2737	109.71	-16.39	18.63
2738	109.75	-16.49	18.69
2739	109.79	-16.61	18.75
2740	109.83	-16.72	18.8
2741	109.87	-16.86	18.84
2742	109.91	-17.03	18.85
2743	109.95	-17.15	18.86
2744	109.99	-17.25	18.86
2745	110.03	-17.32	18.85
2746	110.07	-17.37	18.84
2747	110.11	-17.47	18.85
2748	110.15	-17.58	18.86
2749	110.19	-17.67	18.9
2750	110.23	-17.77	18.98
2751	110.27	-17.86	19.07
2752	110.31	-17.98	19.19
2753	110.35	-18.12	19.31
2754	110.39	-18.3	19.43
2755	110.43	-18.53	19.53
2756	110.47	-18.75	19.58
2757	110.51	-18.97	19.61
2758	110.55	-19.12	19.62
2759	110.59	-19.22	19.61
2760	110.63	-19.27	19.63
2761	110.67	-19.3	19.67
2762	110.71	-19.34	19.72
2763	110.75	-19.39	19.79
2764	110.79	-19.5	19.87
2765	110.83	-19.62	19.91
2766	110.87	-19.73	19.98
2767	110.91	-19.82	20.02
2768	110.95	-19.87	20.05
2769	110.99	-19.91	20.06
2770	111.03	-19.96	20.03
2771	111.07	-19.97	19.98
2772	111.11	-20.01	19.92
2773	111.15	-20.03	19.87
2774	111.19	-20.07	19.81
2775	111.23	-20.13	19.76
2776	111.27	-20.2	19.72
2777	111.31	-20.28	19.7
2778	111.35	-20.36	19.71
2779	111.39	-20.43	19.76
2780	111.43	-20.49	19.78
2781	111.47	-20.53	19.81
2782	111.51	-20.55	19.82
2783	111.55	-20.56	19.83
2784	111.59	-20.55	19.85
2785	111.63	-20.53	19.85
2786	111.67	-20.53	19.86
2787	111.71	-20.5	19.86
2788	111.75	-20.49	19.85
2789	111.79	-20.49	19.83
2790	111.83	-20.49	19.82
2791	111.87	-20.49	19.8
2792	111.91	-20.49	19.78
2793	111.95	-20.49	19.77
2794	111.99	-20.5	19.76
2795	112.03	-20.5	19.75
2796	112.07	-20.49	19.74
2797	112.11	-20.49	19.73
2798	112.15	-20.49	19.71
2799	112.19	-20.5	19.68
2800	112.23	-20.51	19.66
2801	112.27	-20.51	19.63
2802	112.31	-20.49	19.61
2803	112.35	-20.47	19.58
2804	112.39	-20.45	19.57
2805	112.43	-20.43	19.55
2806	112.47	-20.44	19.52
2807	112.51	-20.43	19.5
2808	112.55	-20.42	19.49
2809	112.59	-20.41	19.48
2810	112.63	-20.4	19.47
2811	112.67	-20.4	19.45
2812	112.71	-20.39	19.45
2813	112.75	-20.39	19.45
2814	112.79	-20.39	19.46
2815	112.83	-20.38	19.47
2816	112.87	-20.37	19.48
2817	112.91	-20.34	19.49
2818	112.95	-20.3	19.49
2819	112.99	-20.26	19.5
2820	113.03	-20.24	19.53
2821	113.07	-20.21	19.54
2822	113.11	-20.19	19.56
2823	113.15	-20.17	19.58
2824	113.19	-20.14	19.59
2825	113.23	-20.11	19.6
2826	113.27	-20.09	19.62
2827	113.31	-20.07	19.65
2828	113.35	-20.07	19.69
2829	113.39	-20.07	19.73
2830	113.43	-20.07	19.78
2831	113.47	-20.06	19.82
2832	113.51	-20.04	19.88
2833	113.55	-20.03	19.93
2834	113.59	-20	19.97
2835	113.63	-19.99	20.02
2836	113.67	-20	20.09
2837	113.71	-20.01	20.18
2838	113.75	-20.04	20.27
2839	113.79	-20.07	20.35
2840	113.83	-20.12	20.38
2841	113.87	-20.21	20.46
2842	113.91	-20.31	20.53
2843	113.95	-20.4	20.59
2844	113.99	-20.48	20.66
2845	114.03	-20.51	20.69
2846	114.07	-20.55	20.76
2847	114.11	-20.58	20.84
2848	114.15	-20.61	20.95
2849	114.19	-20.63	21.05
2850	114.23	-20.65	21.12
2851	114.27	-20.68	21.19
2852	114.31	-20.69	21.23
2853	114.35	-20.71	21.27
2854	114.39	-20.74	21.34
2855	114.43	-20.76	21.4
2856	114.47	-20.81	21.48
2857	114.51	-20.86	21.58
2858	114.55	-20.91	21.68
2859	114.59	-20.96	21.79
2860	114.63	-21	21.89
2861	114.67	-21.02	21.97
2862	114.71	-21.05	22.05
2863	114.75	-21.07	22.14
2864	114.79	-21.1	22.23
2865	114.83	-21.14	22.31
2866	114.87	-21.16	22.38
2867	114.91	-21.17	22.43
2868	114.95	-21.19	22.5
2869	114.99	-21.19	22.55
2870	115.03	-21.2	22.6
2871	115.07	-21.23	22.67
2872	115.11	-21.27	22.73
2873	115.15	-21.32	22.82
2874	115.19	-21.38	22.92
2875	115.23	-21.42	23
2876	115.27	-21.47	23.09
2877	115.31	-21.53	23.17
2878	115.35	-21.57	23.21
2879	115.39	-21.61	23.25
2880	115.43	-21.63	23.27
2881	115.47	-21.65	23.29
2882	115.51	-21.69	23.31
2883	115.55	-21.73	23.31
2884	115.59	-21.77	23.29
2885	115.63	-21.79	23.26
2886	115.67	-21.81	23.24
2887	115.71	-21.79	23.21
2888	115.75	-21.77	23.21
2889	115.79	-21.76	23.19
2890	115.83	-21.74	23.18
2891	115.87	-21.72	23.17
2892	115.91	-21.71	23.16
2893	115.95	-21.68	23.14
2894	115.99	-21.64	23.12
2895	116.03	-21.62	23.11
2896	116.07	-21.59	23.1
2897	116.11	-21.55	23.08
2898	116.15	-21.5	23.07
2899	116.19	-21.44	23.04
2900	116.23	-21.36	23.04
2901	116.27	-21.29	23.05
2902	116.31	-21.25	23.08
2903	116.35	-21.23	23.13
2904	116.39	-21.21	23.13
2905	116.43	-21.19	23.11
2906	116.47	-21.17	23.08
2907	116.51	-21.14	23.05
2908	116.55	-21.12	23.02
2909	116.59	-21.09	22.99
2910	116.63	-21.06	22.96
2911	116.67	-21.02	22.92
2912	116.71	-20.98	22.89
2913	116.75	-20.95	22.85
2914	116.79	-20.9	22.82
2915	116.83	-20.86	22.78
2916	116.87	-20.78	22.77
2917	116.91	-20.72	22.77
2918	116.95	-20.67	22.81
2919	116.99	-20.63	22.83
2920	117.03	-20.6	22.85
2921	117.07	-20.56	22.88
2922	117.11	-20.5	22.88
2923	117.15	-20.44	22.87
2924	117.19	-20.38	22.87
2925	117.23	-20.33	22.88
2926	117.27	-20.29	22.92
2927	117.31	-20.24	22.96
2928	117.35	-20.19	23.01
2929	117.39	-20.13	23.05
2930	117.43	-20.08	23.06
2931	117.47	-20.03	23.08
2932	117.51	-19.97	23.09
2933	117.55	-19.9	23.1
2934	117.59	-19.84	23.14
2935	117.63	-19.79	23.16
2936	117.67	-19.73	23.18
2937	117.71	-19.67	23.2
2938	117.75	-19.59	23.22
2939	117.79	-19.49	23.28
2940	117.83	-19.4	23.33
2941	117.87	-19.33	23.39
2942	117.91	-19.27	23.44
2943	117.95	-19.22	23.49
2944	117.99	-19.17	23.53
2945	118.03	-19.11	23.59
2946	118.07	-19.04	23.64
2947	118.11	-18.96	23.7
2948	118.15	-18.88	23.75
2949	118.19	-18.81	23.78
2950	118.23	-18.76	23.81
2951	118.27	-18.73	23.84
2952	118.31	-18.71	23.85
2953	118.35	-18.7	23.87
2954	118.39	-18.69	23.87
2955	118.43	-18.68	23.87
2956	118.47	-18.67	23.85
2957	118.51	-18.67	23.82
2958	118.55	-18.67	23.78
2959	118.59	-18.67	23.74
2960	118.63	-18.68	23.69
2961	118.67	-18.68	23.65
2962	118.71	-18.68	23.62
2963	118.75	-18.68	23.58
2964	118.79	-18.67	23.54
2965	118.83	-18.66	23.51
2966	118.87	-18.65	23.48
2967	118.91	-18.63	23.44
2968	118.95	-18.6	23.41
2969	118.99	-18.55	23.37
2970	119.03	-18.52	23.34
2971	119.07	-18.5	23.31
2972	119.11	-18.48	23.29
2973	119.15	-18.49	23.27
2974	119.19	-18.5	23.24
2975	119.23	-18.5	23.22
2976	119.27	-18.52	23.17
2977	119.31	-18.53	23.13
2978	119.35	-18.57	23.09
2979	119.39	-18.61	23.05
2980	119.43	-18.64	23.04
2981	119.47	-18.68	23.01
2982	119.51	-18.69	23
2983	119.55	-18.7	23
2984	119.59	-18.71	22.98
2985	119.63	-18.71	22.97
2986	119.67	-18.71	22.93
2987	119.71	-18.71	22.92
2988	119.75	-18.71	22.9
2989	119.79	-18.72	22.89
2990	119.83	-18.72	22.88
2991	119.87	-18.72	22.86
2992	119.91	-18.72	22.88
