1	0.06	-2.97	-2.24
2	0.1	-3.04	-2.26
3	0.14	-3.15	-2.28
4	0.18	-3.23	-2.3
5	0.22	-3.3	-2.32
6	0.26	-3.37	-2.36
7	0.3	-3.45	-2.41
8	0.34	-3.51	-2.48
9	0.38	-3.56	-2.56
10	0.42	-3.6	-2.64
11	0.51	-3.64	-2.76
12	0.54	-3.68	-2.91
13	0.58	-3.72	-3.04
14	0.62	-3.76	-3.16
15	0.66	-3.79	-3.22
16	0.7	-3.83	-3.27
17	0.74	-3.88	-3.33
18	0.78	-3.95	-3.4
19	0.82	-4.04	-3.49
20	0.86	-4.11	-3.56
21	0.9	-4.14	-3.64
22	0.94	-4.14	-3.74
23	0.98	-4.13	-3.85
24	1.02	-4.15	-3.98
25	1.06	-4.2	-4.08
26	1.1	-4.24	-4.16
27	1.14	-4.26	-4.23
28	1.18	-4.28	-4.29
29	1.22	-4.32	-4.36
30	1.26	-4.37	-4.43
31	1.3	-4.38	-4.44
32	1.34	-4.39	-4.45
33	1.38	-4.39	-4.42
34	1.42	-4.4	-4.37
35	1.46	-4.44	-4.28
36	1.5	-4.49	-4.17
37	1.54	-4.55	-4.08
38	1.58	-4.59	-3.99
39	1.62	-4.64	-3.92
40	1.66	-4.69	-3.86
41	1.7	-4.73	-3.78
42	1.74	-4.77	-3.71
43	1.78	-4.84	-3.66
44	1.82	-4.91	-3.58
45	1.86	-4.99	-3.5
46	1.9	-5.08	-3.41
47	1.94	-5.15	-3.29
48	1.98	-5.2	-3.16
49	2.02	-5.23	-3.04
50	2.06	-5.25	-2.93
51	2.1	-5.25	-2.85
52	2.14	-5.26	-2.81
53	2.18	-5.28	-2.77
54	2.22	-5.3	-2.72
55	2.26	-5.35	-2.67
56	2.3	-5.42	-2.63
57	2.34	-5.47	-2.61
58	2.38	-5.56	-2.58
59	2.42	-5.65	-2.53
60	2.46	-5.73	-2.43
61	2.5	-5.81	-2.32
62	2.54	-5.87	-2.22
63	2.58	-5.88	-2.14
64	2.62	-5.88	-2.11
65	2.66	-5.9	-2.1
66	2.7	-5.9	-2.1
67	2.74	-5.91	-2.12
68	2.78	-5.93	-2.12
69	2.82	-5.93	-2.13
70	2.86	-5.91	-2.14
71	2.9	-5.89	-2.13
72	2.94	-5.83	-2.15
73	2.98	-5.78	-2.17
74	3.02	-5.72	-2.19
75	3.06	-5.65	-2.19
76	3.1	-5.61	-2.17
77	3.14	-5.6	-2.13
78	3.18	-5.61	-2.08
79	3.22	-5.66	-2.06
80	3.26	-5.71	-2.05
81	3.3	-5.72	-2.04
82	3.34	-5.75	-2.04
83	3.38	-5.74	-2.04
84	3.42	-5.73	-2.05
85	3.46	-5.69	-2.05
86	3.5	-5.66	-2.03
87	3.54	-5.63	-2.01
88	3.58	-5.58	-1.98
89	3.62	-5.57	-1.96
90	3.66	-5.55	-1.95
91	3.7	-5.54	-1.95
92	3.74	-5.56	-1.95
93	3.78	-5.57	-1.94
94	3.82	-5.61	-1.91
95	3.86	-5.65	-1.89
96	3.9	-5.68	-1.88
97	3.94	-5.72	-1.87
98	3.98	-5.73	-1.86
99	4.02	-5.76	-1.86
100	4.06	-5.8	-1.85
101	4.1	-5.84	-1.81
102	4.14	-5.87	-1.79
103	4.18	-5.88	-1.73
104	4.22	-5.85	-1.65
105	4.26	-5.79	-1.54
106	4.3	-5.72	-1.41
107	4.34	-5.68	-1.26
108	4.38	-5.65	-1.13
109	4.42	-5.62	-1.02
110	4.46	-5.62	-0.93
111	4.5	-5.62	-0.84
112	4.54	-5.63	-0.76
113	4.58	-5.67	-0.66
114	4.62	-5.69	-0.59
115	4.66	-5.71	-0.57
116	4.7	-5.75	-0.55
117	4.74	-5.75	-0.55
118	4.78	-5.75	-0.56
119	4.82	-5.72	-0.6
120	4.86	-5.64	-0.67
121	4.9	-5.56	-0.76
122	4.94	-5.49	-0.83
123	4.98	-5.46	-0.89
124	5.02	-5.45	-0.93
125	5.06	-5.44	-0.99
126	5.1	-5.41	-1.08
127	5.14	-5.36	-1.17
128	5.18	-5.33	-1.28
129	5.22	-5.29	-1.4
130	5.26	-5.29	-1.52
131	5.3	-5.3	-1.63
132	5.34	-5.33	-1.73
133	5.38	-5.39	-1.83
134	5.42	-5.45	-1.93
135	5.46	-5.53	-2.04
136	5.5	-5.59	-2.17
137	5.54	-5.62	-2.3
138	5.58	-5.61	-2.41
139	5.62	-5.58	-2.54
140	5.66	-5.56	-2.64
141	5.7	-5.53	-2.72
142	5.74	-5.53	-2.8
143	5.78	-5.54	-2.87
144	5.82	-5.57	-2.95
145	5.86	-5.61	-3.02
146	5.9	-5.64	-3.11
147	5.94	-5.69	-3.2
148	5.98	-5.73	-3.31
149	6.02	-5.75	-3.44
150	6.06	-5.77	-3.55
151	6.1	-5.76	-3.64
152	6.14	-5.72	-3.68
153	6.18	-5.67	-3.68
154	6.22	-5.62	-3.64
155	6.26	-5.58	-3.58
156	6.3	-5.55	-3.53
157	6.34	-5.55	-3.51
158	6.38	-5.55	-3.5
159	6.42	-5.56	-3.51
160	6.46	-5.57	-3.52
161	6.5	-5.6	-3.53
162	6.54	-5.65	-3.58
163	6.58	-5.68	-3.62
164	6.62	-5.73	-3.66
165	6.66	-5.76	-3.69
166	6.7	-5.8	-3.69
167	6.74	-5.83	-3.68
168	6.78	-5.85	-3.67
169	6.82	-5.88	-3.67
170	6.86	-5.89	-3.64
171	6.9	-5.89	-3.57
172	6.94	-5.9	-3.48
173	6.98	-5.91	-3.36
174	7.02	-5.93	-3.23
175	7.06	-5.95	-3.13
176	7.1	-5.92	-3.02
177	7.14	-5.88	-2.93
178	7.18	-5.84	-2.87
179	7.22	-5.79	-2.78
180	7.26	-5.76	-2.72
181	7.3	-5.74	-2.66
182	7.34	-5.73	-2.6
183	7.38	-5.72	-2.54
184	7.42	-5.7	-2.5
185	7.46	-5.66	-2.46
186	7.5	-5.61	-2.43
187	7.54	-5.57	-2.43
188	7.58	-5.53	-2.44
189	7.62	-5.49	-2.45
190	7.66	-5.45	-2.48
191	7.7	-5.4	-2.48
192	7.74	-5.32	-2.5
193	7.78	-5.23	-2.53
194	7.82	-5.12	-2.53
195	7.86	-5.02	-2.54
196	7.9	-4.94	-2.53
197	7.94	-4.89	-2.52
198	7.98	-4.87	-2.5
199	8.02	-4.85	-2.51
200	8.06	-4.82	-2.52
201	8.1	-4.82	-2.54
202	8.14	-4.8	-2.57
203	8.18	-4.81	-2.58
204	8.22	-4.84	-2.59
205	8.26	-4.88	-2.61
206	8.3	-4.91	-2.62
207	8.34	-4.95	-2.62
208	8.38	-4.98	-2.62
209	8.42	-5.02	-2.6
210	8.46	-5.05	-2.58
211	8.5	-5.07	-2.57
212	8.54	-5.07	-2.56
213	8.58	-5.07	-2.55
214	8.62	-5.07	-2.55
215	8.66	-5.08	-2.54
216	8.7	-5.09	-2.52
217	8.74	-5.12	-2.47
218	8.78	-5.16	-2.41
219	8.82	-5.22	-2.33
220	8.86	-5.28	-2.23
221	8.9	-5.31	-2.16
222	8.94	-5.33	-2.09
223	8.98	-5.33	-2.02
224	9.02	-5.35	-1.94
225	9.06	-5.38	-1.86
226	9.1	-5.4	-1.79
227	9.14	-5.43	-1.74
228	9.18	-5.47	-1.7
229	9.22	-5.51	-1.66
230	9.26	-5.56	-1.64
231	9.3	-5.59	-1.62
232	9.34	-5.63	-1.62
233	9.38	-5.66	-1.62
234	9.42	-5.7	-1.62
235	9.46	-5.75	-1.64
236	9.5	-5.8	-1.64
237	9.54	-5.86	-1.64
238	9.58	-5.94	-1.65
239	9.62	-6.02	-1.66
240	9.66	-6.09	-1.7
241	9.7	-6.16	-1.79
242	9.74	-6.22	-1.89
243	9.78	-6.29	-1.98
244	9.82	-6.38	-2.05
245	9.86	-6.49	-2.1
246	9.9	-6.6	-2.15
247	9.94	-6.74	-2.21
248	9.98	-6.88	-2.26
249	10.02	-6.98	-2.28
250	10.06	-7.04	-2.26
251	10.1	-7.09	-2.22
252	10.14	-7.13	-2.17
253	10.18	-7.16	-2.11
254	10.22	-7.2	-2.06
255	10.26	-7.22	-2.01
256	10.3	-7.24	-1.97
257	10.34	-7.25	-1.91
258	10.38	-7.27	-1.88
259	10.42	-7.27	-1.85
260	10.46	-7.27	-1.82
261	10.5	-7.28	-1.81
262	10.54	-7.29	-1.76
263	10.58	-7.32	-1.73
264	10.62	-7.36	-1.7
265	10.66	-7.42	-1.65
266	10.7	-7.49	-1.59
267	10.74	-7.55	-1.5
268	10.78	-7.6	-1.4
269	10.82	-7.64	-1.31
270	10.86	-7.67	-1.23
271	10.9	-7.71	-1.16
272	10.94	-7.75	-1.09
273	10.98	-7.83	-1.06
274	11.02	-7.93	-1.04
275	11.06	-8.05	-1.06
276	11.1	-8.19	-1.08
277	11.14	-8.34	-1.11
278	11.18	-8.48	-1.16
279	11.22	-8.63	-1.19
280	11.26	-8.75	-1.21
281	11.3	-8.88	-1.19
282	11.34	-9.05	-1.17
283	11.38	-9.19	-1.14
284	11.42	-9.36	-1.14
285	11.46	-9.49	-1.16
286	11.5	-9.57	-1.18
287	11.54	-9.69	-1.21
288	11.58	-9.8	-1.2
289	11.62	-9.95	-1.16
290	11.66	-10.14	-1.09
291	11.7	-10.31	-1.02
292	11.74	-10.51	-0.95
293	11.78	-10.69	-0.89
294	11.82	-10.89	-0.83
295	11.86	-11.09	-0.8
296	11.9	-11.29	-0.76
297	11.94	-11.51	-0.77
298	11.98	-11.7	-0.77
299	12.02	-11.86	-0.76
300	12.06	-11.97	-0.75
301	12.1	-12.09	-0.75
302	12.14	-12.18	-0.74
303	12.18	-12.31	-0.74
304	12.22	-12.46	-0.74
305	12.26	-12.57	-0.76
306	12.3	-12.71	-0.78
307	12.34	-12.86	-0.77
308	12.38	-13.04	-0.73
309	12.42	-13.27	-0.66
310	12.46	-13.46	-0.56
311	12.5	-13.64	-0.46
312	12.54	-13.83	-0.36
313	12.58	-13.99	-0.26
314	12.62	-14.17	-0.18
315	12.66	-14.33	-0.13
316	12.7	-14.45	-0.08
317	12.74	-14.58	-0.06
318	12.78	-14.72	-0.06
319	12.82	-14.91	-0.07
320	12.86	-15.13	-0.11
321	12.9	-15.34	-0.16
322	12.94	-15.54	-0.21
323	12.98	-15.68	-0.26
324	13.02	-15.78	-0.29
325	13.06	-15.88	-0.32
326	13.1	-15.97	-0.34
327	13.14	-16.08	-0.34
328	13.18	-16.22	-0.34
329	13.22	-16.37	-0.29
330	13.26	-16.53	-0.22
331	13.3	-16.67	-0.15
332	13.34	-16.8	-0.09
333	13.38	-16.94	-0.03
334	13.42	-17.1	0.03
335	13.46	-17.23	0.09
336	13.5	-17.35	0.15
337	13.54	-17.44	0.2
338	13.58	-17.53	0.25
339	13.62	-17.64	0.28
340	13.66	-17.74	0.3
341	13.7	-17.81	0.32
342	13.74	-17.9	0.34
343	13.78	-18.01	0.36
344	13.82	-18.16	0.36
345	13.86	-18.36	0.32
346	13.9	-18.54	0.26
347	13.94	-18.68	0.2
348	13.98	-18.79	0.12
349	14.02	-18.87	0.07
350	14.06	-18.91	0.02
351	14.1	-18.98	-0.04
352	14.14	-19.03	-0.08
353	14.18	-19.09	-0.09
354	14.22	-19.17	-0.11
355	14.26	-19.25	-0.12
356	14.3	-19.31	-0.14
357	14.34	-19.35	-0.17
358	14.38	-19.41	-0.21
359	14.42	-19.51	-0.24
360	14.46	-19.63	-0.28
361	14.5	-19.76	-0.31
362	14.54	-19.93	-0.35
363	14.58	-20.08	-0.39
364	14.62	-20.22	-0.43
365	14.66	-20.39	-0.48
366	14.7	-20.51	-0.58
367	14.74	-20.61	-0.72
368	14.78	-20.72	-0.94
369	14.82	-20.77	-1.14
370	14.86	-20.79	-1.32
371	14.9	-20.82	-1.47
372	14.94	-20.8	-1.56
373	14.98	-20.81	-1.68
374	15.02	-20.83	-1.78
375	15.06	-20.84	-1.86
376	15.1	-20.87	-1.94
377	15.14	-20.9	-2.01
378	15.18	-20.94	-2.06
379	15.22	-20.99	-2.12
380	15.26	-21.03	-2.18
381	15.3	-21.05	-2.23
382	15.34	-21.06	-2.29
383	15.38	-21.07	-2.35
384	15.42	-21.07	-2.4
385	15.46	-21.08	-2.47
386	15.5	-21.1	-2.56
387	15.54	-21.15	-2.66
388	15.58	-21.24	-2.79
389	15.62	-21.34	-2.94
390	15.66	-21.42	-3.12
391	15.7	-21.47	-3.37
392	15.74	-21.48	-3.65
393	15.78	-21.46	-3.94
394	15.82	-21.44	-4.22
395	15.86	-21.41	-4.46
396	15.9	-21.41	-4.65
397	15.94	-21.42	-4.82
398	15.98	-21.43	-4.96
399	16.02	-21.45	-5.08
400	16.06	-21.48	-5.19
401	16.1	-21.52	-5.33
402	16.14	-21.57	-5.45
403	16.18	-21.62	-5.61
404	16.22	-21.68	-5.82
405	16.26	-21.73	-6.05
406	16.3	-21.8	-6.33
407	16.34	-21.89	-6.61
408	16.38	-21.98	-6.87
409	16.42	-22.03	-7.14
410	16.46	-22.06	-7.46
411	16.5	-22.04	-7.83
412	16.54	-21.99	-8.2
413	16.58	-21.93	-8.55
414	16.62	-21.89	-8.82
415	16.66	-21.86	-9.04
416	16.7	-21.83	-9.26
417	16.74	-21.82	-9.46
418	16.78	-21.82	-9.67
419	16.82	-21.85	-9.9
420	16.86	-21.93	-10.16
421	16.9	-22.03	-10.48
422	16.94	-22.14	-10.82
423	16.98	-22.24	-11.18
424	17.02	-22.31	-11.53
425	17.06	-22.35	-11.82
426	17.1	-22.36	-12.12
427	17.14	-22.32	-12.43
428	17.18	-22.23	-12.75
429	17.22	-22.12	-13.11
430	17.26	-22.03	-13.44
431	17.3	-21.99	-13.71
432	17.34	-21.95	-13.95
433	17.38	-21.93	-14.15
434	17.42	-21.93	-14.32
435	17.46	-21.94	-14.5
436	17.5	-22	-14.7
437	17.54	-22.07	-14.95
438	17.58	-22.13	-15.22
439	17.62	-22.19	-15.5
440	17.66	-22.24	-15.77
441	17.7	-22.28	-16.01
442	17.74	-22.31	-16.27
443	17.78	-22.33	-16.55
444	17.82	-22.32	-16.88
445	17.86	-22.29	-17.18
446	17.9	-22.24	-17.5
447	17.94	-22.18	-17.77
448	17.98	-22.11	-17.99
449	18.02	-22.04	-18.25
450	18.06	-22.02	-18.48
451	18.1	-22.02	-18.74
452	18.14	-22.08	-19.05
453	18.18	-22.17	-19.37
454	18.22	-22.27	-19.72
455	18.26	-22.34	-20.05
456	18.3	-22.38	-20.38
457	18.34	-22.39	-20.69
458	18.38	-22.37	-21.02
459	18.42	-22.32	-21.34
460	18.46	-22.25	-21.6
461	18.5	-22.2	-21.79
462	18.54	-22.15	-21.92
463	18.58	-22.1	-21.96
464	18.62	-22.07	-21.99
465	18.66	-22.04	-22.04
466	18.7	-22.01	-22.06
467	18.74	-22	-22.13
468	18.78	-21.99	-22.19
469	18.81	-21.98	-22.23
470	18.86	-21.97	-22.28
471	18.9	-21.97	-22.31
472	18.94	-21.97	-22.3
473	18.97	-21.96	-22.29
474	19.01	-21.95	-22.25
475	19.05	-21.94	-22.2
476	19.09	-21.95	-22.21
477	19.14	-21.95	-22.19
478	19.17	-21.94	-22.2
479	19.21	-21.95	-22.23
480	19.25	-21.95	-22.25
481	19.29	-21.95	-22.3
482	19.33	-21.97	-22.34
483	19.37	-21.97	-22.38
484	19.41	-21.97	-22.4
485	19.45	-21.97	-22.4
486	19.49	-21.97	-22.41
487	19.53	-21.97	-22.4
488	19.57	-21.99	-22.42
489	19.61	-21.99	-22.41
490	19.65	-21.99	-22.41
491	19.69	-21.98	-22.41
492	19.73	-21.98	-22.4
493	19.77	-21.98	-22.41
494	19.81	-21.99	-22.42
495	19.85	-21.99	-22.44
496	19.89	-21.99	-22.44
497	19.93	-21.99	-22.44
498	19.97	-21.98	-22.43
499	20.01	-21.97	-22.43
500	20.05	-21.95	-22.42
501	20.1	-21.93	-22.41
502	20.13	-21.91	-22.41
503	20.17	-21.89	-22.43
504	20.21	-21.87	-22.47
505	20.25	-21.86	-22.51
506	20.29	-21.85	-22.56
507	20.33	-21.84	-22.62
508	20.37	-21.84	-22.68
509	20.41	-21.82	-22.7
510	20.45	-21.8	-22.74
511	20.49	-21.79	-22.77
512	20.53	-21.77	-22.77
513	20.57	-21.76	-22.8
514	20.61	-21.75	-22.8
515	20.65	-21.74	-22.78
516	20.69	-21.74	-22.74
517	20.73	-21.74	-22.68
518	20.77	-21.76	-22.61
519	20.81	-21.78	-22.54
520	20.85	-21.8	-22.51
521	20.89	-21.84	-22.49
522	20.93	-21.9	-22.5
523	20.97	-21.97	-22.53
524	21.01	-22.04	-22.55
525	21.05	-22.09	-22.59
526	21.09	-22.13	-22.63
527	21.13	-22.16	-22.68
528	21.17	-22.2	-22.77
529	21.21	-22.25	-22.84
530	21.25	-22.27	-22.9
531	21.29	-22.28	-22.95
532	21.33	-22.28	-22.96
533	21.37	-22.28	-22.97
534	21.41	-22.3	-23
535	21.45	-22.31	-23.02
536	21.49	-22.32	-23.07
537	21.53	-22.32	-23.12
538	21.57	-22.31	-23.15
539	21.61	-22.3	-23.17
540	21.65	-22.29	-23.18
541	21.69	-22.26	-23.2
542	21.73	-22.24	-23.25
543	21.77	-22.22	-23.32
544	21.81	-22.21	-23.36
545	21.85	-22.22	-23.37
546	21.89	-22.23	-23.36
547	21.93	-22.24	-23.35
548	21.97	-22.24	-23.35
549	22.01	-22.25	-23.35
550	22.05	-22.26	-23.34
551	22.09	-22.26	-23.32
552	22.13	-22.26	-23.31
553	22.17	-22.26	-23.31
554	22.21	-22.27	-23.31
555	22.25	-22.27	-23.32
556	22.29	-22.27	-23.33
557	22.33	-22.27	-23.34
558	22.37	-22.27	-23.34
559	22.41	-22.27	-23.34
560	22.45	-22.26	-23.35
561	22.49	-22.26	-23.35
562	22.53	-22.26	-23.35
563	22.57	-22.25	-23.34
564	22.61	-22.24	-23.33
565	22.65	-22.23	-23.33
566	22.69	-22.22	-23.32
567	22.73	-22.22	-23.32
568	22.77	-22.22	-23.32
569	22.81	-22.22	-23.32
570	22.85	-22.22	-23.33
571	22.89	-22.22	-23.33
572	22.93	-22.22	-23.33
573	22.97	-22.22	-23.34
574	23.01	-22.23	-23.34
575	23.05	-22.23	-23.34
576	23.09	-22.23	-23.33
577	23.13	-22.23	-23.33
578	23.17	-22.23	-23.32
579	23.21	-22.23	-23.32
580	23.25	-22.24	-23.32
581	23.29	-22.24	-23.31
582	23.33	-22.24	-23.31
583	23.37	-22.24	-23.31
584	23.41	-22.24	-23.3
585	23.45	-22.24	-23.31
586	23.49	-22.24	-23.31
587	23.53	-22.24	-23.31
588	23.57	-22.25	-23.31
589	23.61	-22.24	-23.31
590	23.65	-22.24	-23.29
591	23.69	-22.22	-23.28
592	23.73	-22.21	-23.27
593	23.77	-22.2	-23.27
594	23.81	-22.2	-23.28
595	23.85	-22.2	-23.27
596	23.89	-22.2	-23.28
597	23.93	-22.21	-23.28
598	23.97	-22.21	-23.29
599	24.01	-22.21	-23.29
600	24.05	-22.21	-23.29
601	24.09	-22.2	-23.28
602	24.13	-22.2	-23.28
603	24.17	-22.2	-23.27
604	24.21	-22.2	-23.27
605	24.25	-22.2	-23.28
606	24.29	-22.19	-23.29
607	24.33	-22.19	-23.28
608	24.37	-22.2	-23.27
609	24.41	-22.2	-23.24
610	24.45	-22.2	-23.24
611	24.49	-22.21	-23.24
612	24.53	-22.21	-23.24
613	24.57	-22.21	-23.23
614	24.61	-22.2	-23.2
615	24.65	-22.17	-23.15
616	24.69	-22.13	-23.07
617	24.73	-22.09	-22.99
618	24.77	-22.04	-22.92
619	24.81	-22.01	-22.86
620	24.85	-21.97	-22.81
621	24.89	-21.92	-22.77
622	24.93	-21.87	-22.77
623	24.97	-21.82	-22.75
624	25.01	-21.78	-22.75
625	25.05	-21.74	-22.75
626	25.09	-21.71	-22.74
627	25.13	-21.7	-22.74
628	25.17	-21.69	-22.74
629	25.21	-21.69	-22.72
630	25.25	-21.69	-22.68
631	25.29	-21.68	-22.65
632	25.33	-21.68	-22.62
633	25.37	-21.69	-22.61
634	25.41	-21.69	-22.6
635	25.45	-21.7	-22.57
636	25.49	-21.7	-22.54
637	25.53	-21.69	-22.52
638	25.57	-21.67	-22.5
639	25.61	-21.65	-22.5
640	25.65	-21.63	-22.5
641	25.69	-21.61	-22.48
642	25.73	-21.58	-22.49
643	25.77	-21.57	-22.5
644	25.81	-21.56	-22.48
645	25.85	-21.56	-22.46
646	25.89	-21.57	-22.43
647	25.93	-21.57	-22.4
648	25.97	-21.56	-22.39
649	26.01	-21.53	-22.39
650	26.05	-21.5	-22.39
651	26.09	-21.47	-22.39
652	26.13	-21.43	-22.38
653	26.17	-21.41	-22.35
654	26.21	-21.38	-22.32
655	26.25	-21.32	-22.29
656	26.29	-21.28	-22.26
657	26.33	-21.23	-22.2
658	26.37	-21.18	-22.13
659	26.41	-21.18	-22.09
660	26.45	-21.17	-22.04
661	26.49	-21.17	-22.02
662	26.53	-21.17	-22.02
663	26.57	-21.16	-22
664	26.61	-21.15	-21.96
665	26.65	-21.16	-21.89
666	26.69	-21.18	-21.77
667	26.73	-21.2	-21.63
668	26.77	-21.24	-21.5
669	26.81	-21.27	-21.36
670	26.85	-21.3	-21.21
671	26.89	-21.32	-21.07
672	26.93	-21.34	-20.94
673	26.97	-21.37	-20.85
674	27.01	-21.38	-20.82
675	27.05	-21.37	-20.81
676	27.09	-21.32	-20.81
677	27.13	-21.26	-20.81
678	27.17	-21.19	-20.81
679	27.21	-21.14	-20.83
680	27.25	-21.08	-20.86
681	27.29	-21.04	-20.9
682	27.33	-21	-20.95
683	27.37	-20.96	-21
684	27.41	-20.92	-21.06
685	27.45	-20.88	-21.1
686	27.49	-20.84	-21.15
687	27.53	-20.81	-21.19
688	27.57	-20.78	-21.22
689	27.61	-20.76	-21.27
690	27.65	-20.76	-21.3
691	27.69	-20.75	-21.35
692	27.73	-20.76	-21.38
693	27.77	-20.75	-21.41
694	27.81	-20.73	-21.46
695	27.85	-20.74	-21.49
696	27.89	-20.74	-21.54
697	27.93	-20.76	-21.58
698	27.97	-20.79	-21.61
699	28.01	-20.79	-21.62
700	28.05	-20.8	-21.62
701	28.09	-20.82	-21.59
702	28.13	-20.84	-21.56
703	28.17	-20.85	-21.54
704	28.21	-20.85	-21.55
705	28.25	-20.83	-21.61
706	28.29	-20.83	-21.69
707	28.33	-20.85	-21.78
708	28.37	-20.88	-21.87
709	28.41	-20.91	-21.96
710	28.45	-20.93	-22.03
711	28.49	-20.94	-22.1
712	28.53	-20.95	-22.18
713	28.57	-20.97	-22.25
714	28.61	-20.99	-22.33
715	28.65	-21	-22.44
716	28.69	-21.01	-22.54
717	28.73	-21.05	-22.65
718	28.77	-21.1	-22.79
719	28.81	-21.15	-22.94
720	28.85	-21.19	-23.09
721	28.89	-21.21	-23.21
722	28.93	-21.23	-23.28
723	28.97	-21.24	-23.31
724	29.01	-21.25	-23.3
725	29.05	-21.26	-23.29
726	29.09	-21.26	-23.26
727	29.13	-21.26	-23.24
728	29.17	-21.25	-23.22
729	29.21	-21.25	-23.19
730	29.25	-21.24	-23.17
731	29.29	-21.23	-23.13
732	29.33	-21.2	-23.07
733	29.37	-21.17	-23
734	29.41	-21.16	-22.96
735	29.45	-21.15	-22.97
736	29.49	-21.15	-22.99
737	29.53	-21.17	-23.05
738	29.57	-21.19	-23.11
739	29.61	-21.19	-23.16
740	29.65	-21.21	-23.24
741	29.69	-21.23	-23.31
742	29.73	-21.26	-23.37
743	29.77	-21.3	-23.4
744	29.81	-21.34	-23.39
745	29.85	-21.38	-23.38
746	29.89	-21.4	-23.36
747	29.93	-21.42	-23.35
748	29.97	-21.42	-23.37
749	30.01	-21.41	-23.36
750	30.05	-21.4	-23.36
751	30.09	-21.39	-23.36
752	30.13	-21.37	-23.35
753	30.17	-21.36	-23.35
754	30.21	-21.33	-23.34
755	30.25	-21.3	-23.34
756	30.29	-21.26	-23.33
757	30.33	-21.23	-23.31
758	30.37	-21.19	-23.31
759	30.41	-21.17	-23.29
760	30.45	-21.15	-23.27
761	30.49	-21.15	-23.26
762	30.53	-21.15	-23.22
763	30.57	-21.15	-23.2
764	30.61	-21.15	-23.17
765	30.65	-21.17	-23.13
766	30.69	-21.18	-23.09
767	30.73	-21.21	-23.04
768	30.77	-21.25	-22.99
769	30.81	-21.29	-22.96
770	30.85	-21.33	-22.96
771	30.89	-21.37	-23
772	30.93	-21.4	-23.05
773	30.97	-21.42	-23.09
774	31.01	-21.44	-23.11
775	31.05	-21.48	-23.14
776	31.09	-21.51	-23.18
777	31.13	-21.53	-23.22
778	31.17	-21.56	-23.27
779	31.21	-21.57	-23.3
780	31.25	-21.59	-23.32
781	31.29	-21.61	-23.35
782	31.33	-21.63	-23.38
783	31.37	-21.65	-23.4
784	31.41	-21.67	-23.4
785	31.45	-21.69	-23.41
786	31.49	-21.69	-23.42
787	31.53	-21.7	-23.42
788	31.57	-21.7	-23.42
789	31.61	-21.71	-23.42
790	31.65	-21.74	-23.46
791	31.69	-21.76	-23.5
792	31.73	-21.78	-23.54
793	31.77	-21.8	-23.58
794	31.81	-21.81	-23.58
795	31.85	-21.82	-23.58
796	31.89	-21.84	-23.59
797	31.93	-21.86	-23.62
798	31.97	-21.87	-23.66
799	32.01	-21.92	-23.95
800	32.05	-21.96	-23.99
801	32.09	-22	-24.04
802	32.13	-22.05	-24.08
803	32.17	-22.1	-24.1
804	32.21	-22.13	-24.11
805	32.25	-22.13	-24.11
806	32.29	-22.13	-24.09
807	32.33	-22.12	-23.98
808	32.37	-22.11	-23.94
809	32.41	-22.11	-23.9
810	32.45	-22.1	-23.87
811	32.49	-22.06	-23.68
812	32.53	-22.05	-23.65
813	32.57	-22.03	-23.6
814	32.61	-22.02	-23.58
815	32.65	-22	-23.53
816	32.69	-21.99	-23.51
817	32.73	-21.97	-23.47
818	32.77	-21.95	-23.45
819	32.81	-21.95	-23.43
820	32.85	-21.95	-23.4
821	32.89	-21.97	-23.38
822	32.93	-21.97	-23.36
823	32.97	-21.96	-23.34
824	33.01	-21.93	-23.34
825	33.05	-21.91	-23.36
826	33.09	-21.88	-23.36
827	33.13	-21.86	-23.36
828	33.17	-21.84	-23.35
829	33.21	-21.82	-23.34
830	33.25	-21.8	-23.33
831	33.29	-21.77	-23.31
832	33.33	-21.73	-23.28
833	33.37	-21.68	-23.26
834	33.41	-21.65	-23.24
835	33.45	-21.62	-23.23
836	33.49	-21.6	-23.22
837	33.53	-21.59	-23.2
838	33.57	-21.57	-23.15
839	33.61	-21.54	-23.07
840	33.65	-21.5	-22.97
841	33.69	-21.47	-22.88
842	33.73	-21.43	-22.81
843	33.77	-21.38	-22.75
844	33.81	-21.32	-22.73
845	33.85	-21.26	-22.71
846	33.89	-21.21	-22.7
847	33.93	-21.18	-22.69
848	33.97	-21.18	-22.69
849	34.01	-21.2	-22.69
850	34.05	-21.22	-22.68
851	34.09	-21.24	-22.67
852	34.13	-21.24	-22.66
853	34.17	-21.24	-22.65
854	34.21	-21.2	-22.63
855	34.25	-21.17	-22.62
856	34.29	-21.14	-22.63
857	34.33	-21.08	-22.63
858	34.37	-21.03	-22.66
859	34.41	-20.96	-22.66
860	34.45	-20.91	-22.65
861	34.49	-20.91	-22.62
862	34.53	-20.89	-22.55
863	34.57	-20.89	-22.45
864	34.61	-20.87	-22.35
865	34.65	-20.84	-22.21
866	34.69	-20.82	-22.07
867	34.73	-20.8	-21.92
868	34.77	-20.78	-21.74
869	34.81	-20.77	-21.53
870	34.85	-20.79	-21.31
871	34.89	-20.82	-21.08
872	34.93	-20.9	-20.86
873	34.97	-20.97	-20.68
874	35.01	-21.02	-20.54
875	35.05	-21.07	-20.41
876	35.09	-21.11	-20.3
877	35.13	-21.18	-20.18
878	35.17	-21.26	-20.08
879	35.21	-21.33	-20.01
880	35.25	-21.35	-19.95
881	35.29	-21.35	-19.86
882	35.33	-21.33	-19.69
883	35.37	-21.31	-19.43
884	35.41	-21.32	-19.14
885	35.45	-21.32	-18.84
886	35.49	-21.32	-18.58
887	35.53	-21.33	-18.37
888	35.57	-21.35	-18.17
889	35.61	-21.37	-17.99
890	35.65	-21.37	-17.81
891	35.69	-21.36	-17.64
892	35.73	-21.38	-17.47
893	35.77	-21.44	-17.28
894	35.81	-21.57	-17.09
895	35.85	-21.72	-16.86
896	35.89	-21.84	-16.57
897	35.93	-21.9	-16.21
898	35.97	-21.88	-15.87
899	36.01	-21.8	-15.56
900	36.05	-21.72	-15.28
901	36.09	-21.65	-15.03
902	36.13	-21.63	-14.74
903	36.17	-21.67	-14.43
904	36.21	-21.72	-14.16
905	36.25	-21.78	-13.88
906	36.29	-21.82	-13.59
907	36.33	-21.84	-13.28
908	36.37	-21.85	-12.93
909	36.41	-21.83	-12.6
910	36.45	-21.8	-12.31
911	36.49	-21.77	-12.04
912	36.53	-21.74	-11.81
913	36.57	-21.72	-11.6
914	36.61	-21.74	-11.38
915	36.65	-21.78	-11.16
916	36.69	-21.83	-10.9
917	36.73	-21.89	-10.62
918	36.77	-21.96	-10.34
919	36.81	-22.04	-10.04
920	36.85	-22.13	-9.8
921	36.89	-22.2	-9.6
922	36.93	-22.25	-9.41
923	36.97	-22.27	-9.21
924	37.01	-22.23	-8.95
925	37.05	-22.15	-8.62
926	37.09	-22.07	-8.26
927	37.13	-21.98	-7.97
928	37.17	-21.91	-7.76
929	37.21	-21.86	-7.64
930	37.25	-21.82	-7.63
931	37.29	-21.78	-7.71
932	37.33	-21.74	-7.84
933	37.37	-21.7	-8.01
934	37.41	-21.67	-8.2
935	37.45	-21.64	-8.33
936	37.49	-21.63	-8.48
937	37.53	-21.61	-8.61
938	37.57	-21.62	-8.73
939	37.61	-21.67	-8.87
940	37.65	-21.7	-9.02
941	37.69	-21.69	-9.16
942	37.73	-21.62	-9.32
943	37.77	-21.53	-9.48
944	37.81	-21.46	-9.62
945	37.85	-21.41	-9.76
946	37.89	-21.35	-9.86
947	37.93	-21.27	-9.95
948	37.97	-21.17	-10.02
949	38.01	-21.06	-10.06
950	38.05	-20.99	-10.1
951	38.09	-20.96	-10.16
952	38.13	-20.95	-10.21
953	38.17	-20.94	-10.27
954	38.21	-20.94	-10.3
955	38.25	-20.91	-10.32
956	38.29	-20.87	-10.32
957	38.33	-20.81	-10.31
958	38.37	-20.75	-10.29
959	38.41	-20.69	-10.28
960	38.45	-20.65	-10.27
961	38.49	-20.62	-10.28
962	38.53	-20.62	-10.3
963	38.57	-20.61	-10.36
964	38.61	-20.59	-10.46
965	38.65	-20.6	-10.57
966	38.69	-20.62	-10.73
967	38.73	-20.65	-10.86
968	38.77	-20.69	-10.99
969	38.81	-20.75	-11.12
970	38.85	-20.78	-11.22
971	38.89	-20.79	-11.29
972	38.93	-20.82	-11.34
973	38.97	-20.84	-11.39
974	39.01	-20.89	-11.47
975	39.05	-20.96	-11.57
976	39.09	-21.01	-11.68
977	39.13	-21.08	-11.79
978	39.17	-21.13	-11.89
979	39.21	-21.2	-12.03
980	39.25	-21.26	-12.16
981	39.29	-21.33	-12.29
982	39.33	-21.39	-12.41
983	39.37	-21.42	-12.49
984	39.41	-21.44	-12.56
985	39.45	-21.43	-12.63
986	39.49	-21.42	-12.7
987	39.53	-21.46	-12.79
988	39.57	-21.54	-12.92
989	39.61	-21.64	-13.08
990	39.65	-21.73	-13.23
991	39.69	-21.79	-13.34
992	39.73	-21.83	-13.43
993	39.77	-21.85	-13.51
994	39.81	-21.86	-13.63
995	39.85	-21.85	-13.82
996	39.89	-21.83	-14.02
997	39.93	-21.81	-14.24
998	39.97	-21.78	-14.42
999	40.01	-21.74	-14.57
1000	40.05	-21.71	-14.71
1001	40.09	-21.66	-14.79
1002	40.13	-21.62	-14.9
1003	40.17	-21.59	-14.96
1004	40.21	-21.55	-15.01
1005	40.25	-21.54	-15.09
1006	40.29	-21.53	-15.17
1007	40.33	-21.53	-15.28
1008	40.37	-21.55	-15.4
1009	40.41	-21.58	-15.5
1010	40.45	-21.63	-15.61
1011	40.49	-21.68	-15.69
1012	40.53	-21.73	-15.78
1013	40.57	-21.77	-15.92
1014	40.61	-21.81	-16.08
1015	40.65	-21.83	-16.25
1016	40.69	-21.85	-16.42
1017	40.73	-21.89	-16.58
1018	40.77	-21.92	-16.71
1019	40.81	-21.96	-16.87
1020	40.85	-22	-17.04
1021	40.89	-22.04	-17.21
1022	40.93	-22.07	-17.37
1023	40.97	-22.09	-17.51
1024	41.01	-22.11	-17.65
1025	41.05	-22.15	-17.78
1026	41.09	-22.19	-17.92
1027	41.13	-22.25	-18.06
1028	41.17	-22.28	-18.15
1029	41.21	-22.29	-18.23
1030	41.25	-22.28	-18.29
1031	41.29	-22.28	-18.33
1032	41.33	-22.27	-18.38
1033	41.37	-22.26	-18.39
1034	41.41	-22.26	-18.42
1035	41.45	-22.26	-18.49
1036	41.49	-22.25	-18.61
1037	41.53	-22.24	-18.81
1038	41.57	-22.19	-19.04
1039	41.61	-22.12	-19.32
1040	41.65	-22.04	-19.59
1041	41.69	-21.95	-19.81
1042	41.73	-21.86	-20.05
1043	41.77	-21.81	-20.25
1044	41.81	-21.76	-20.45
1045	41.85	-21.74	-20.67
1046	41.89	-21.73	-20.87
1047	41.93	-21.75	-21.07
1048	41.97	-21.82	-21.29
1049	42.01	-21.91	-21.54
1050	42.05	-22	-21.8
1051	42.09	-22.07	-22.02
1052	42.13	-22.14	-22.19
1053	42.17	-22.21	-22.31
1054	42.21	-22.26	-22.4
1055	42.25	-22.29	-22.48
1056	42.29	-22.3	-22.57
1057	42.33	-22.27	-22.67
1058	42.37	-22.25	-22.8
1059	42.41	-22.22	-22.94
1060	42.45	-22.18	-23.05
1061	42.49	-22.13	-23.11
1062	42.53	-22.08	-23.13
1063	42.57	-22.04	-23.09
1064	42.61	-22.02	-23.03
1065	42.65	-22.04	-22.98
1066	42.69	-22.07	-22.95
1067	42.73	-22.11	-22.95
1068	42.77	-22.15	-22.96
1069	42.81	-22.17	-22.98
1070	42.85	-22.18	-22.99
1071	42.89	-22.18	-22.99
1072	42.93	-22.17	-23
1073	42.97	-22.17	-23.01
1074	43.01	-22.18	-23.03
1075	43.05	-22.19	-23.04
1076	43.09	-22.2	-23.04
1077	43.13	-22.2	-23.06
1078	43.17	-22.2	-23.06
1079	43.21	-22.2	-23.04
1080	43.25	-22.19	-23.05
1081	43.29	-22.19	-23.03
1082	43.33	-22.18	-23
1083	43.37	-22.17	-23
1084	43.41	-22.17	-23
1085	43.45	-22.17	-22.99
1086	43.49	-22.16	-22.98
1087	43.53	-22.15	-22.96
1088	43.57	-22.14	-22.94
1089	43.61	-22.12	-22.92
1090	43.65	-22.1	-22.9
1091	43.69	-22.09	-22.88
1092	43.73	-22.08	-22.86
1093	43.77	-22.07	-22.84
1094	43.81	-22.04	-22.78
1095	43.85	-22.01	-22.7
1096	43.89	-21.99	-22.59
1097	43.93	-21.97	-22.48
1098	43.97	-21.97	-22.39
1099	44.01	-21.98	-22.33
1100	44.05	-21.99	-22.27
1101	44.09	-21.99	-22.24
1102	44.13	-22	-22.25
1103	44.17	-22.01	-22.27
1104	44.21	-22.03	-22.32
1105	44.25	-22.07	-22.38
1106	44.29	-22.1	-22.43
1107	44.33	-22.13	-22.47
1108	44.37	-22.14	-22.52
1109	44.41	-22.15	-22.57
1110	44.45	-22.18	-22.67
1111	44.49	-22.23	-22.81
1112	44.53	-22.29	-22.94
1113	44.57	-22.35	-23.11
1114	44.61	-22.38	-23.25
1115	44.65	-22.37	-23.34
1116	44.69	-22.38	-23.43
1117	44.73	-22.42	-23.46
1118	44.77	-22.49	-23.46
1119	44.81	-22.57	-23.47
1120	44.85	-22.64	-23.46
1121	44.89	-22.69	-23.46
1122	44.93	-22.71	-23.47
1123	44.97	-22.72	-23.51
1124	45.01	-22.7	-23.55
1125	45.05	-22.68	-23.58
1126	45.09	-22.66	-23.61
1127	45.13	-22.63	-23.61
1128	45.17	-22.61	-23.57
1129	45.21	-22.58	-23.52
1130	45.25	-22.54	-23.44
1131	45.29	-22.49	-23.34
1132	45.33	-22.45	-23.25
1133	45.37	-22.43	-23.19
1134	45.41	-22.41	-23.11
1135	45.45	-22.42	-23.01
1136	45.49	-22.41	-22.89
1137	45.53	-22.38	-22.76
1138	45.57	-22.35	-22.65
1139	45.61	-22.31	-22.6
1140	45.65	-22.28	-22.65
1141	45.69	-22.24	-22.75
1142	45.73	-22.21	-22.9
1143	45.77	-22.19	-23.03
1144	45.81	-22.19	-23.11
1145	45.85	-22.17	-23.12
1146	45.89	-22.15	-23.06
1147	45.93	-22.12	-23
1148	45.97	-22.06	-22.9
1149	46.01	-22.01	-22.81
1150	46.05	-21.98	-22.76
1151	46.09	-21.95	-22.72
1152	46.13	-21.93	-22.7
1153	46.17	-21.9	-22.71
1154	46.21	-21.86	-22.71
1155	46.25	-21.82	-22.7
1156	46.29	-21.78	-22.72
1157	46.33	-21.75	-22.73
1158	46.37	-21.73	-22.74
1159	46.41	-21.7	-22.77
1160	46.45	-21.69	-22.78
1161	46.49	-21.67	-22.79
1162	46.53	-21.67	-22.78
1163	46.57	-21.68	-22.75
1164	46.61	-21.68	-22.73
1165	46.65	-21.69	-22.72
1166	46.69	-21.69	-22.73
1167	46.73	-21.69	-22.73
1168	46.77	-21.68	-22.74
1169	46.81	-21.65	-22.74
1170	46.85	-21.63	-22.73
1171	46.89	-21.61	-22.74
1172	46.93	-21.6	-22.74
1173	46.97	-21.61	-22.74
1174	47.01	-21.62	-22.73
1175	47.05	-21.64	-22.7
1176	47.09	-21.67	-22.68
1177	47.13	-21.71	-22.65
1178	47.17	-21.75	-22.61
1179	47.21	-21.79	-22.57
1180	47.25	-21.83	-22.49
1181	47.29	-21.87	-22.41
1182	47.33	-21.88	-22.34
1183	47.37	-21.86	-22.27
1184	47.41	-21.81	-22.18
1185	47.45	-21.74	-22.09
1186	47.49	-21.68	-22
1187	47.53	-21.63	-21.91
1188	47.57	-21.61	-21.83
1189	47.61	-21.58	-21.74
1190	47.65	-21.56	-21.65
1191	47.69	-21.55	-21.55
1192	47.73	-21.54	-21.46
1193	47.77	-21.54	-21.37
1194	47.81	-21.55	-21.28
1195	47.85	-21.59	-21.2
1196	47.89	-21.66	-21.12
1197	47.93	-21.77	-21.02
1198	47.97	-21.89	-20.91
1199	48.01	-22	-20.78
1200	48.05	-22.08	-20.69
1201	48.09	-22.13	-20.61
1202	48.13	-22.16	-20.58
1203	48.17	-22.2	-20.59
1204	48.21	-22.21	-20.6
1205	48.25	-22.21	-20.64
1206	48.29	-22.2	-20.66
1207	48.33	-22.21	-20.69
1208	48.37	-22.21	-20.72
1209	48.41	-22.2	-20.74
1210	48.45	-22.16	-20.75
1211	48.49	-22.1	-20.75
1212	48.53	-22.04	-20.75
1213	48.57	-21.98	-20.71
1214	48.61	-21.93	-20.71
1215	48.65	-21.87	-20.7
1216	48.69	-21.83	-20.67
1217	48.73	-21.82	-20.65
1218	48.77	-21.81	-20.6
1219	48.81	-21.8	-20.53
1220	48.85	-21.77	-20.46
1221	48.89	-21.72	-20.4
1222	48.93	-21.68	-20.34
1223	48.97	-21.63	-20.29
1224	49.01	-21.56	-20.23
1225	49.05	-21.51	-20.14
1226	49.09	-21.42	-20.04
1227	49.13	-21.32	-19.93
1228	49.17	-21.2	-19.82
1229	49.21	-21.07	-19.75
1230	49.25	-20.96	-19.72
1231	49.29	-20.9	-19.69
1232	49.33	-20.88	-19.67
1233	49.37	-20.92	-19.61
1234	49.41	-20.98	-19.56
1235	49.45	-21.03	-19.52
1236	49.49	-21.06	-19.44
1237	49.53	-21.09	-19.37
1238	49.57	-21.1	-19.27
1239	49.61	-21.09	-19.18
1240	49.65	-21.07	-19.12
1241	49.69	-21.04	-19.06
1242	49.73	-21.01	-19.02
1243	49.77	-20.98	-18.99
1244	49.81	-20.95	-18.95
1245	49.85	-20.91	-18.95
1246	49.89	-20.87	-18.97
1247	49.93	-20.81	-19.01
1248	49.97	-20.72	-19.07
1249	50.01	-20.61	-19.12
1250	50.05	-20.49	-19.16
1251	50.09	-20.38	-19.18
1252	50.13	-20.3	-19.19
1253	50.17	-20.26	-19.16
1254	50.21	-20.26	-19.11
1255	50.25	-20.26	-19.06
1256	50.29	-20.3	-18.99
1257	50.33	-20.31	-18.93
1258	50.37	-20.32	-18.9
1259	50.41	-20.33	-18.85
1260	50.45	-20.32	-18.8
1261	50.49	-20.35	-18.72
1262	50.53	-20.38	-18.61
1263	50.57	-20.4	-18.49
1264	50.61	-20.42	-18.38
1265	50.65	-20.4	-18.28
1266	50.69	-20.38	-18.23
1267	50.73	-20.35	-18.19
1268	50.77	-20.31	-18.16
1269	50.81	-20.25	-18.13
1270	50.85	-20.19	-18.11
1271	50.89	-20.14	-18.09
1272	50.93	-20.12	-18.07
1273	50.97	-20.11	-18.07
1274	51.01	-20.1	-18.08
1275	51.05	-20.08	-18.11
1276	51.09	-20.06	-18.13
1277	51.13	-20.04	-18.16
1278	51.17	-20.01	-18.19
1279	51.21	-19.99	-18.22
1280	51.25	-19.96	-18.27
1281	51.29	-19.94	-18.37
1282	51.33	-19.93	-18.49
1283	51.37	-19.92	-18.63
1284	51.41	-19.91	-18.76
1285	51.45	-19.9	-18.89
1286	51.49	-19.89	-18.97
1287	51.53	-19.89	-19.04
1288	51.57	-19.89	-19.08
1289	51.61	-19.89	-19.09
1290	51.65	-19.9	-19.1
1291	51.69	-19.9	-19.11
1292	51.73	-19.89	-19.14
1293	51.77	-19.89	-19.2
1294	51.81	-19.89	-19.25
1295	51.85	-19.91	-19.3
1296	51.89	-19.93	-19.33
1297	51.93	-19.96	-19.34
1298	51.97	-19.99	-19.34
1299	52.01	-20.03	-19.34
1300	52.05	-20.06	-19.34
1301	52.09	-20.11	-19.33
1302	52.13	-20.16	-19.32
1303	52.17	-20.2	-19.29
1304	52.21	-20.26	-19.26
1305	52.25	-20.29	-19.23
1306	52.29	-20.29	-19.19
1307	52.33	-20.29	-19.15
1308	52.37	-20.25	-19.1
1309	52.41	-20.16	-19.04
1310	52.45	-20.09	-18.97
1311	52.49	-20.03	-18.87
1312	52.53	-20.01	-18.76
1313	52.57	-20.05	-18.61
1314	52.61	-20.11	-18.44
1315	52.65	-20.14	-18.27
1316	52.69	-20.15	-18.1
1317	52.73	-20.16	-17.95
1318	52.77	-20.17	-17.82
1319	52.81	-20.17	-17.69
1320	52.85	-20.19	-17.58
1321	52.89	-20.22	-17.45
1322	52.93	-20.26	-17.3
1323	52.97	-20.33	-17.09
1324	53.01	-20.45	-16.81
1325	53.05	-20.57	-16.53
1326	53.09	-20.67	-16.25
1327	53.13	-20.76	-15.98
1328	53.17	-20.82	-15.7
1329	53.21	-20.87	-15.38
1330	53.25	-20.9	-15.03
1331	53.29	-20.93	-14.74
1332	53.33	-20.97	-14.51
1333	53.37	-21.04	-14.31
1334	53.41	-21.14	-14.15
1335	53.45	-21.24	-13.97
1336	53.49	-21.33	-13.77
1337	53.53	-21.42	-13.57
1338	53.57	-21.51	-13.37
1339	53.61	-21.6	-13.19
1340	53.65	-21.65	-13.03
1341	53.69	-21.67	-12.87
1342	53.73	-21.64	-12.71
1343	53.77	-21.62	-12.51
1344	53.81	-21.6	-12.29
1345	53.85	-21.59	-12.07
1346	53.89	-21.59	-11.8
1347	53.93	-21.58	-11.5
1348	53.97	-21.58	-11.18
1349	54.01	-21.57	-10.84
1350	54.05	-21.57	-10.52
1351	54.09	-21.59	-10.2
1352	54.13	-21.64	-9.89
1353	54.17	-21.71	-9.6
1354	54.21	-21.79	-9.31
1355	54.25	-21.86	-9.04
1356	54.29	-21.89	-8.73
1357	54.33	-21.9	-8.39
1358	54.37	-21.86	-8.04
1359	54.41	-21.83	-7.66
1360	54.45	-21.79	-7.31
1361	54.49	-21.76	-6.97
1362	54.53	-21.73	-6.66
1363	54.57	-21.7	-6.38
1364	54.61	-21.69	-6.09
1365	54.65	-21.71	-5.83
1366	54.69	-21.77	-5.56
1367	54.73	-21.86	-5.23
1368	54.77	-21.94	-4.9
1369	54.81	-22.04	-4.57
1370	54.85	-22.1	-4.27
1371	54.89	-22.12	-4.01
1372	54.93	-22.12	-3.76
1373	54.97	-22.08	-3.49
1374	55.01	-22.01	-3.2
1375	55.05	-21.93	-2.91
1376	55.09	-21.86	-2.64
1377	55.13	-21.8	-2.41
1378	55.17	-21.76	-2.19
1379	55.21	-21.74	-1.97
1380	55.25	-21.75	-1.75
1381	55.29	-21.79	-1.55
1382	55.33	-21.82	-1.39
1383	55.37	-21.88	-1.24
1384	55.41	-21.93	-1.03
1385	55.45	-21.99	-0.8
1386	55.49	-22.05	-0.53
1387	55.53	-22.08	-0.3
1388	55.57	-22.07	-0.12
1389	55.61	-22.05	0.04
1390	55.65	-22.01	0.22
1391	55.69	-21.97	0.45
1392	55.73	-21.94	0.72
1393	55.77	-21.9	1.02
1394	55.81	-21.88	1.32
1395	55.85	-21.86	1.59
1396	55.89	-21.85	1.85
1397	55.93	-21.85	2.09
1398	55.97	-21.87	2.35
1399	56.01	-21.89	2.59
1400	56.05	-21.91	2.86
1401	56.09	-21.94	3.17
1402	56.13	-21.97	3.47
1403	56.17	-22	3.78
1404	56.21	-22.01	4
1405	56.25	-22	4.16
1406	56.29	-21.97	4.3
1407	56.33	-21.92	4.45
1408	56.37	-21.86	4.62
1409	56.41	-21.8	4.8
1410	56.45	-21.75	4.96
1411	56.49	-21.7	5.1
1412	56.53	-21.65	5.24
1413	56.57	-21.62	5.37
1414	56.61	-21.58	5.52
1415	56.65	-21.54	5.7
1416	56.69	-21.5	5.91
1417	56.73	-21.46	6.1
1418	56.77	-21.42	6.29
1419	56.81	-21.39	6.48
1420	56.85	-21.37	6.69
1421	56.89	-21.39	6.97
1422	56.93	-21.43	7.28
1423	56.97	-21.48	7.56
1424	57.01	-21.54	7.82
1425	57.05	-21.57	8.06
1426	57.09	-21.62	8.3
1427	57.13	-21.66	8.55
1428	57.17	-21.68	8.82
1429	57.21	-21.68	9.13
1430	57.25	-21.64	9.46
1431	57.29	-21.57	9.84
1432	57.33	-21.5	10.23
1433	57.37	-21.43	10.58
1434	57.41	-21.37	10.9
1435	57.45	-21.31	11.21
1436	57.49	-21.26	11.48
1437	57.53	-21.21	11.73
1438	57.57	-21.19	11.98
1439	57.61	-21.22	12.23
1440	57.65	-21.27	12.48
1441	57.69	-21.35	12.75
1442	57.73	-21.43	13.02
1443	57.77	-21.51	13.3
1444	57.81	-21.58	13.56
1445	57.85	-21.62	13.79
1446	57.89	-21.65	14.02
1447	57.93	-21.64	14.3
1448	57.96	-21.61	14.63
1449	58.01	-21.57	14.98
1450	58.04	-21.52	15.37
1451	58.08	-21.46	15.7
1452	58.12	-21.4	16.03
1453	58.16	-21.32	16.35
1454	58.2	-21.25	16.67
1455	58.24	-21.22	16.99
1456	58.28	-21.23	17.29
1457	58.32	-21.26	17.57
1458	58.36	-21.32	17.84
1459	58.4	-21.36	18.1
1460	58.44	-21.4	18.38
1461	58.48	-21.4	18.68
1462	58.52	-21.38	18.97
1463	58.56	-21.34	19.24
1464	58.6	-21.27	19.47
1465	58.64	-21.2	19.62
1466	58.68	-21.14	19.74
1467	58.72	-21.08	19.83
1468	58.76	-21.05	19.92
1469	58.8	-21.04	20.02
1470	58.84	-21.06	20.15
1471	58.88	-21.09	20.28
1472	58.92	-21.14	20.41
1473	58.96	-21.19	20.55
1474	59	-21.23	20.69
1475	59.04	-21.24	20.84
1476	59.08	-21.23	20.95
1477	59.12	-21.18	21
1478	59.16	-21.14	21.01
1479	59.2	-21.12	20.97
1480	59.24	-21.09	20.89
1481	59.28	-21.06	20.84
1482	59.32	-21.03	20.8
1483	59.36	-21.01	20.79
1484	59.4	-20.99	20.81
1485	59.44	-20.99	20.84
1486	59.48	-20.99	20.84
1487	59.52	-20.99	20.83
1488	59.56	-21.01	20.82
1489	59.6	-21.02	20.81
1490	59.64	-21.02	20.81
1491	59.68	-21.01	20.81
1492	59.72	-21	20.81
1493	59.76	-20.99	20.81
1494	59.8	-20.99	20.82
1495	59.84	-20.97	20.81
1496	59.88	-20.95	20.79
1497	59.92	-20.94	20.79
1498	59.96	-20.93	20.77
1499	60	-20.92	20.76
1500	60.04	-20.93	20.77
1501	60.08	-20.93	20.77
1502	60.12	-20.93	20.77
1503	60.16	-20.93	20.79
1504	60.2	-20.93	20.8
1505	60.24	-20.93	20.81
1506	60.28	-20.94	20.82
1507	60.32	-20.93	20.82
1508	60.36	-20.92	20.81
1509	60.4	-20.91	20.82
1510	60.44	-20.89	20.8
1511	60.48	-20.88	20.8
1512	60.52	-20.86	20.8
1513	60.56	-20.83	20.78
1514	60.6	-20.81	20.78
1515	60.64	-20.79	20.77
1516	60.68	-20.76	20.76
1517	60.72	-20.74	20.76
1518	60.76	-20.72	20.78
1519	60.8	-20.69	20.79
1520	60.84	-20.66	20.81
1521	60.88	-20.61	20.8
1522	60.92	-20.52	20.76
1523	60.96	-20.41	20.69
1524	61	-20.34	20.6
1525	61.04	-20.28	20.48
1526	61.08	-20.25	20.39
1527	61.12	-20.25	20.34
1528	61.16	-20.24	20.3
1529	61.2	-20.25	20.29
1530	61.24	-20.28	20.26
1531	61.28	-20.31	20.21
1532	61.32	-20.33	20.15
1533	61.36	-20.34	20.08
1534	61.4	-20.35	20
1535	61.44	-20.36	19.93
1536	61.48	-20.39	19.86
1537	61.52	-20.41	19.78
1538	61.56	-20.41	19.71
1539	61.6	-20.4	19.62
1540	61.64	-20.39	19.54
1541	61.68	-20.39	19.45
1542	61.72	-20.42	19.34
1543	61.76	-20.46	19.21
1544	61.8	-20.51	19.05
1545	61.84	-20.58	18.87
1546	61.88	-20.65	18.66
1547	61.92	-20.75	18.47
1548	61.96	-20.85	18.29
1549	62	-20.94	18.13
1550	62.04	-20.98	18.02
1551	62.08	-21	17.93
1552	62.12	-21.01	17.84
1553	62.16	-21.02	17.76
1554	62.2	-21.04	17.67
1555	62.24	-21.06	17.54
1556	62.28	-21.07	17.38
1557	62.32	-21.06	17.2
1558	62.36	-21.03	16.99
1559	62.4	-21.01	16.78
1560	62.44	-21.02	16.58
1561	62.48	-21.06	16.38
1562	62.52	-21.1	16.21
1563	62.56	-21.14	16.06
1564	62.6	-21.16	15.92
1565	62.64	-21.16	15.8
1566	62.68	-21.19	15.65
1567	62.72	-21.26	15.44
1568	62.76	-21.37	15.19
1569	62.8	-21.48	14.97
1570	62.84	-21.55	14.81
1571	62.88	-21.57	14.72
1572	62.92	-21.54	14.66
1573	62.96	-21.5	14.54
1574	63	-21.46	14.39
1575	63.04	-21.4	14.23
1576	63.08	-21.35	14.03
1577	63.12	-21.3	13.87
1578	63.16	-21.27	13.68
1579	63.2	-21.24	13.48
1580	63.24	-21.22	13.24
1581	63.28	-21.19	12.94
1582	63.32	-21.14	12.64
1583	63.36	-21.09	12.35
1584	63.4	-21.05	12.11
1585	63.44	-21.03	11.94
1586	63.48	-21.05	11.8
1587	63.52	-21.1	11.69
1588	63.56	-21.18	11.55
1589	63.6	-21.26	11.35
1590	63.64	-21.34	11.1
1591	63.68	-21.43	10.8
1592	63.72	-21.51	10.52
1593	63.76	-21.6	10.28
1594	63.8	-21.68	10.06
1595	63.84	-21.76	9.81
1596	63.88	-21.81	9.52
1597	63.92	-21.84	9.17
1598	63.96	-21.83	8.82
1599	64	-21.8	8.52
1600	64.04	-21.76	8.25
1601	64.08	-21.7	8.02
1602	64.12	-21.64	7.83
1603	64.16	-21.6	7.67
1604	64.2	-21.57	7.53
1605	64.24	-21.55	7.43
1606	64.28	-21.52	7.32
1607	64.32	-21.48	7.23
1608	64.36	-21.44	7.17
1609	64.4	-21.42	7.16
1610	64.44	-21.42	7.18
1611	64.48	-21.44	7.22
1612	64.52	-21.47	7.27
1613	64.56	-21.48	7.32
1614	64.6	-21.48	7.37
1615	64.64	-21.47	7.46
1616	64.68	-21.46	7.54
1617	64.72	-21.45	7.64
1618	64.76	-21.45	7.69
1619	64.8	-21.44	7.73
1620	64.84	-21.44	7.72
1621	64.88	-21.42	7.75
1622	64.92	-21.39	7.79
1623	64.96	-21.35	7.84
1624	65	-21.33	7.89
1625	65.04	-21.34	7.89
1626	65.08	-21.4	7.84
1627	65.12	-21.49	7.73
1628	65.16	-21.58	7.6
1629	65.2	-21.66	7.46
1630	65.24	-21.71	7.33
1631	65.28	-21.72	7.26
1632	65.32	-21.73	7.19
1633	65.36	-21.73	7.13
1634	65.4	-21.72	7.1
1635	65.44	-21.73	7.08
1636	65.48	-21.71	7.11
1637	65.52	-21.68	7.19
1638	65.56	-21.65	7.35
1639	65.6	-21.65	7.56
1640	65.64	-21.67	7.75
1641	65.68	-21.72	7.91
1642	65.72	-21.74	8
1643	65.76	-21.72	8.03
1644	65.8	-21.65	8.07
1645	65.84	-21.56	8.13
1646	65.88	-21.49	8.19
1647	65.92	-21.42	8.24
1648	65.96	-21.35	8.24
1649	66	-21.3	8.21
1650	66.04	-21.26	8.16
1651	66.08	-21.22	8.12
1652	66.12	-21.19	8.07
1653	66.16	-21.16	8.02
1654	66.2	-21.13	7.98
1655	66.24	-21.13	7.94
1656	66.28	-21.13	7.92
1657	66.32	-21.12	7.91
1658	66.36	-21.1	7.9
1659	66.4	-21.07	7.89
1660	66.44	-21.03	7.89
1661	66.48	-21	7.9
1662	66.52	-20.97	7.9
1663	66.56	-20.97	7.9
1664	66.6	-20.96	7.88
1665	66.64	-20.91	7.85
1666	66.68	-20.83	7.82
1667	66.72	-20.72	7.78
1668	66.76	-20.61	7.76
1669	66.8	-20.51	7.75
1670	66.84	-20.45	7.75
1671	66.88	-20.38	7.76
1672	66.92	-20.34	7.78
1673	66.96	-20.33	7.84
1674	67	-20.32	7.89
1675	67.04	-20.33	7.94
1676	67.08	-20.34	7.99
1677	67.12	-20.33	8.01
1678	67.16	-20.33	8.03
1679	67.2	-20.33	8.05
1680	67.24	-20.32	8.06
1681	67.28	-20.32	8.08
1682	67.32	-20.33	8.1
1683	67.36	-20.34	8.13
1684	67.4	-20.36	8.17
1685	67.44	-20.39	8.22
1686	67.48	-20.42	8.26
1687	67.52	-20.45	8.29
1688	67.56	-20.5	8.33
1689	67.6	-20.54	8.38
1690	67.64	-20.58	8.44
1691	67.68	-20.56	8.5
1692	67.72	-20.51	8.56
1693	67.76	-20.45	8.58
1694	67.8	-20.38	8.59
1695	67.84	-20.31	8.61
1696	67.88	-20.27	8.6
1697	67.92	-20.24	8.61
1698	67.96	-20.2	8.64
1699	68	-20.17	8.67
1700	68.04	-20.1	8.7
1701	68.08	-20.04	8.76
1702	68.12	-19.97	8.81
1703	68.16	-19.91	8.88
1704	68.2	-19.86	8.99
1705	68.24	-19.78	9.17
1706	68.28	-19.68	9.38
1707	68.32	-19.58	9.6
1708	68.36	-19.49	9.83
1709	68.4	-19.41	10.05
1710	68.44	-19.35	10.28
1711	68.48	-19.31	10.5
1712	68.52	-19.25	10.67
1713	68.56	-19.21	10.78
1714	68.6	-19.16	10.89
1715	68.64	-19.1	11.02
1716	68.68	-19.02	11.15
1717	68.72	-18.93	11.29
1718	68.76	-18.83	11.41
1719	68.8	-18.75	11.51
1720	68.84	-18.67	11.65
1721	68.88	-18.61	11.8
1722	68.92	-18.56	11.98
1723	68.96	-18.52	12.15
1724	69	-18.52	12.31
1725	69.04	-18.54	12.46
1726	69.08	-18.57	12.61
1727	69.12	-18.62	12.75
1728	69.16	-18.64	12.87
1729	69.2	-18.65	12.97
1730	69.24	-18.66	13.01
1731	69.28	-18.65	13.06
1732	69.32	-18.66	13.11
1733	69.36	-18.68	13.1
1734	69.4	-18.7	13.09
1735	69.44	-18.72	13.02
1736	69.48	-18.75	12.96
1737	69.52	-18.8	12.93
1738	69.56	-18.88	12.94
1739	69.6	-19.01	12.96
1740	69.64	-19.14	12.99
1741	69.68	-19.24	13.07
1742	69.72	-19.31	13.15
1743	69.76	-19.34	13.25
1744	69.8	-19.35	13.36
1745	69.84	-19.38	13.47
1746	69.88	-19.43	13.57
1747	69.92	-19.51	13.7
1748	69.96	-19.58	13.87
1749	70	-19.66	14.08
1750	70.04	-19.76	14.3
1751	70.08	-19.88	14.52
1752	70.12	-20.05	14.72
1753	70.16	-20.23	14.9
1754	70.2	-20.41	15.1
1755	70.24	-20.57	15.33
1756	70.28	-20.7	15.57
1757	70.32	-20.83	15.83
1758	70.36	-20.97	16.11
1759	70.4	-21.08	16.37
1760	70.44	-21.19	16.64
1761	70.48	-21.26	16.88
1762	70.52	-21.31	17.15
1763	70.56	-21.33	17.43
1764	70.6	-21.35	17.73
1765	70.64	-21.37	18.04
1766	70.68	-21.38	18.3
1767	70.72	-21.39	18.55
1768	70.76	-21.39	18.76
1769	70.8	-21.41	18.97
1770	70.84	-21.44	19.23
1771	70.88	-21.48	19.47
1772	70.92	-21.55	19.71
1773	70.96	-21.62	19.93
1774	71	-21.7	20.07
1775	71.04	-21.77	20.17
1776	71.08	-21.8	20.19
1777	71.12	-21.79	20.17
1778	71.16	-21.76	20.11
1779	71.2	-21.71	20.05
1780	71.24	-21.67	19.99
1781	71.28	-21.63	19.93
1782	71.32	-21.58	19.85
1783	71.36	-21.51	19.76
1784	71.4	-21.44	19.62
1785	71.44	-21.36	19.45
1786	71.48	-21.32	19.29
1787	71.52	-21.31	19.14
1788	71.56	-21.32	19.02
1789	71.6	-21.33	18.95
1790	71.64	-21.28	18.92
1791	71.68	-21.23	18.96
1792	71.72	-21.17	19.02
1793	71.76	-21.13	19.11
1794	71.8	-21.13	19.26
1795	71.84	-21.16	19.43
1796	71.88	-21.2	19.65
1797	71.92	-21.22	19.85
1798	71.96	-21.23	20.03
1799	72	-21.2	20.17
1800	72.04	-21.14	20.22
1801	72.08	-21.1	20.27
1802	72.12	-21.1	20.27
1803	72.16	-21.14	20.28
1804	72.2	-21.2	20.33
1805	72.24	-21.25	20.43
1806	72.28	-21.3	20.55
1807	72.32	-21.34	20.61
1808	72.36	-21.37	20.6
1809	72.4	-21.38	20.55
1810	72.44	-21.34	20.48
1811	72.48	-21.23	20.47
1812	72.52	-21.1	20.48
1813	72.56	-20.97	20.5
1814	72.6	-20.86	20.54
1815	72.64	-20.79	20.59
1816	72.68	-20.74	20.68
1817	72.72	-20.71	20.76
1818	72.76	-20.68	20.84
1819	72.8	-20.63	20.9
1820	72.84	-20.55	20.94
1821	72.88	-20.45	20.97
1822	72.92	-20.32	21.01
1823	72.96	-20.17	21.08
1824	73	-20.03	21.14
1825	73.04	-19.87	21.22
1826	73.08	-19.72	21.29
1827	73.12	-19.59	21.37
1828	73.16	-19.48	21.48
1829	73.2	-19.39	21.58
1830	73.24	-19.28	21.66
1831	73.28	-19.12	21.7
1832	73.32	-18.91	21.73
1833	73.36	-18.66	21.79
1834	73.4	-18.4	21.86
1835	73.44	-18.18	21.94
1836	73.48	-17.99	22.01
1837	73.52	-17.86	22.03
1838	73.56	-17.82	22.01
1839	73.6	-17.85	21.94
1840	73.64	-17.91	21.86
1841	73.68	-18.03	21.78
1842	73.72	-18.16	21.69
1843	73.76	-18.3	21.63
1844	73.8	-18.46	21.57
1845	73.84	-18.6	21.53
1846	73.88	-18.69	21.5
1847	73.92	-18.71	21.45
1848	73.96	-18.67	21.35
1849	74	-18.62	21.19
1850	74.04	-18.57	21.04
1851	74.08	-18.56	20.9
1852	74.12	-18.56	20.83
1853	74.16	-18.56	20.83
1854	74.2	-18.57	20.85
1855	74.24	-18.58	20.88
1856	74.28	-18.61	20.9
1857	74.32	-18.64	20.89
1858	74.36	-18.66	20.88
1859	74.4	-18.7	20.86
1860	74.44	-18.73	20.83
1861	74.48	-18.77	20.8
1862	74.52	-18.81	20.75
1863	74.56	-18.84	20.7
1864	74.6	-18.86	20.63
1865	74.64	-18.87	20.57
1866	74.68	-18.88	20.51
1867	74.72	-18.87	20.45
1868	74.76	-18.86	20.42
1869	74.8	-18.83	20.39
1870	74.84	-18.83	20.36
1871	74.88	-18.87	20.31
1872	74.92	-18.96	20.23
1873	74.96	-19.06	20.14
1874	75	-19.13	20.07
1875	75.04	-19.13	20.02
1876	75.08	-19.09	20.03
1877	75.12	-19.02	20.03
1878	75.16	-18.94	20.04
1879	75.2	-18.88	20.05
1880	75.24	-18.83	20.05
1881	75.28	-18.81	20.07
1882	75.32	-18.82	20.09
1883	75.36	-18.86	20.08
1884	75.4	-18.91	20.07
1885	75.44	-18.96	20.06
1886	75.48	-18.99	20.05
1887	75.52	-19	20.05
1888	75.56	-19.01	20.04
1889	75.6	-19	20.05
1890	75.64	-19	20.05
1891	75.68	-19	20.06
1892	75.72	-19.01	20.07
1893	75.76	-19.03	20.08
1894	75.8	-19.05	20.09
1895	75.84	-19.07	20.11
1896	75.88	-19.07	20.13
1897	75.92	-19.07	20.16
1898	75.96	-19.06	20.2
1899	76	-19.05	20.22
1900	76.04	-19.05	20.23
1901	76.08	-19.07	20.23
1902	76.12	-19.11	20.23
1903	76.16	-19.16	20.21
1904	76.2	-19.21	20.2
1905	76.24	-19.25	20.19
1906	76.28	-19.28	20.2
1907	76.32	-19.32	20.2
1908	76.36	-19.34	20.2
1909	76.4	-19.37	20.19
1910	76.44	-19.39	20.17
1911	76.48	-19.4	20.17
1912	76.52	-19.43	20.16
1913	76.56	-19.45	20.16
1914	76.6	-19.47	20.15
1915	76.64	-19.49	20.16
1916	76.68	-19.49	20.17
1917	76.72	-19.48	20.18
1918	76.76	-19.45	20.22
1919	76.8	-19.42	20.23
1920	76.84	-19.39	20.26
1921	76.88	-19.36	20.28
1922	76.92	-19.34	20.29
1923	76.96	-19.33	20.3
1924	77	-19.34	20.32
1925	77.04	-19.36	20.33
1926	77.08	-19.41	20.34
1927	77.12	-19.48	20.33
1928	77.16	-19.55	20.32
1929	77.2	-19.61	20.32
1930	77.24	-19.63	20.33
1931	77.28	-19.6	20.39
1932	77.32	-19.53	20.46
1933	77.36	-19.44	20.55
1934	77.4	-19.33	20.63
1935	77.44	-19.26	20.67
1936	77.48	-19.22	20.69
1937	77.52	-19.23	20.67
1938	77.56	-19.28	20.66
1939	77.6	-19.37	20.66
1940	77.64	-19.47	20.68
1941	77.68	-19.55	20.7
1942	77.72	-19.61	20.7
1943	77.76	-19.62	20.69
1944	77.8	-19.59	20.67
1945	77.84	-19.49	20.66
1946	77.88	-19.35	20.67
1947	77.92	-19.19	20.71
1948	77.96	-19.02	20.72
1949	78	-18.9	20.68
1950	78.04	-18.82	20.65
1951	78.08	-18.78	20.59
1952	78.12	-18.77	20.58
1953	78.16	-18.75	20.62
1954	78.2	-18.74	20.63
1955	78.24	-18.73	20.63
1956	78.28	-18.74	20.6
1957	78.32	-18.76	20.54
1958	78.36	-18.79	20.48
1959	78.4	-18.82	20.43
1960	78.44	-18.87	20.39
1961	78.48	-18.91	20.34
1962	78.52	-18.96	20.31
1963	78.56	-18.99	20.29
1964	78.6	-19.01	20.28
1965	78.64	-19	20.28
1966	78.68	-18.98	20.26
1967	78.72	-18.98	20.27
1968	78.76	-19.01	20.31
1969	78.8	-19.06	20.38
1970	78.84	-19.15	20.49
1971	78.88	-19.25	20.57
1972	78.92	-19.36	20.64
1973	78.96	-19.48	20.68
1974	79	-19.61	20.69
1975	79.04	-19.74	20.73
1976	79.08	-19.86	20.79
1977	79.12	-19.98	20.86
1978	79.16	-20.08	20.94
1979	79.2	-20.12	20.97
1980	79.24	-20.1	20.92
1981	79.28	-20.06	20.84
1982	79.32	-19.98	20.68
1983	79.36	-19.94	20.5
1984	79.4	-19.91	20.36
1985	79.44	-19.88	20.25
1986	79.48	-19.85	20.23
1987	79.52	-19.8	20.28
1988	79.56	-19.75	20.33
1989	79.6	-19.7	20.37
1990	79.64	-19.65	20.41
1991	79.68	-19.59	20.44
1992	79.72	-19.52	20.46
1993	79.76	-19.46	20.47
1994	79.8	-19.39	20.46
1995	79.84	-19.3	20.43
1996	79.88	-19.19	20.41
1997	79.92	-19.05	20.41
1998	79.96	-18.9	20.43
1999	80	-18.78	20.49
2000	80.04	-18.67	20.57
2001	80.08	-18.57	20.65
2002	80.12	-18.45	20.73
2003	80.16	-18.34	20.76
2004	80.2	-18.27	20.75
2005	80.24	-18.22	20.74
2006	80.28	-18.19	20.71
2007	80.32	-18.16	20.7
2008	80.36	-18.14	20.7
2009	80.4	-18.11	20.68
2010	80.44	-18.12	20.65
2011	80.48	-18.17	20.6
2012	80.52	-18.23	20.52
2013	80.56	-18.32	20.43
2014	80.6	-18.41	20.37
2015	80.64	-18.52	20.3
2016	80.68	-18.64	20.23
2017	80.72	-18.77	20.21
2018	80.76	-18.91	20.19
2019	80.8	-19.01	20.22
2020	80.84	-19.07	20.28
2021	80.88	-19.1	20.31
2022	80.92	-19.1	20.33
2023	80.96	-19.07	20.33
2024	81	-19.06	20.3
2025	81.04	-19.07	20.27
2026	81.08	-19.11	20.2
2027	81.12	-19.17	20.11
2028	81.16	-19.23	20
2029	81.2	-19.28	19.85
2030	81.24	-19.33	19.71
2031	81.28	-19.43	19.62
2032	81.32	-19.53	19.56
2033	81.36	-19.62	19.57
2034	81.4	-19.69	19.61
2035	81.44	-19.71	19.68
2036	81.48	-19.73	19.74
2037	81.52	-19.73	19.76
2038	81.56	-19.74	19.75
2039	81.6	-19.74	19.69
2040	81.64	-19.71	19.61
2041	81.72	-19.69	19.52
2042	81.76	-19.67	19.44
2043	81.8	-19.67	19.39
2044	81.84	-19.68	19.36
2045	81.88	-19.68	19.35
2046	81.92	-19.68	19.35
2047	81.96	-19.66	19.34
2048	82	-19.65	19.33
2049	82.04	-19.66	19.35
2050	82.08	-19.67	19.37
2051	82.12	-19.67	19.39
2052	82.16	-19.68	19.41
2053	82.2	-19.68	19.41
2054	82.24	-19.7	19.41
2055	82.28	-19.72	19.41
2056	82.32	-19.75	19.44
2057	82.36	-19.79	19.5
2058	82.4	-19.82	19.61
2059	82.44	-19.86	19.77
2060	82.48	-19.88	19.97
2061	82.52	-19.89	20.19
2062	82.56	-19.9	20.44
2063	82.6	-19.88	20.68
2064	82.64	-19.86	20.87
2065	82.68	-19.84	21.01
2066	82.72	-19.81	21.07
2067	82.76	-19.79	21.06
2068	82.8	-19.79	21.02
2069	82.84	-19.8	20.96
2070	82.88	-19.81	20.92
2071	82.92	-19.83	20.89
2072	82.96	-19.85	20.88
2073	83	-19.87	20.88
2074	83.04	-19.86	20.86
2075	83.08	-19.86	20.85
2076	83.12	-19.88	20.85
2077	83.16	-19.91	20.84
2078	83.2	-19.98	20.87
2079	83.24	-20.06	20.9
2080	83.28	-20.15	20.97
2081	83.32	-20.25	21.09
2082	83.36	-20.33	21.26
2083	83.4	-20.34	21.41
2084	83.44	-20.31	21.56
2085	83.48	-20.28	21.62
2086	83.52	-20.28	21.6
2087	83.56	-20.31	21.52
2088	83.6	-20.37	21.41
2089	83.64	-20.41	21.29
2090	83.68	-20.41	21.18
2091	83.72	-20.37	21.09
2092	83.76	-20.28	20.98
2093	83.8	-20.17	20.84
2094	83.84	-20.03	20.66
2095	83.88	-19.91	20.5
2096	83.92	-19.82	20.36
2097	83.96	-19.74	20.26
2098	84	-19.68	20.19
2099	84.04	-19.63	20.14
2100	84.08	-19.61	20.1
2101	84.12	-19.6	20.07
2102	84.16	-19.59	20.05
2103	84.2	-19.56	20
2104	84.24	-19.49	19.92
2105	84.28	-19.4	19.84
2106	84.32	-19.3	19.74
2107	84.36	-19.19	19.64
2108	84.4	-19.1	19.57
2109	84.44	-19.04	19.5
2110	84.48	-19.01	19.43
2111	84.52	-19	19.36
2112	84.56	-19	19.29
2113	84.6	-19	19.23
2114	84.64	-18.98	19.16
2115	84.68	-18.96	19.1
2116	84.72	-18.93	19.05
2117	84.76	-18.91	19.02
2118	84.8	-18.87	19
2119	84.84	-18.84	18.99
2120	84.88	-18.8	18.99
2121	84.92	-18.74	19.01
2122	84.96	-18.67	19.03
2123	85	-18.58	19.1
2124	85.04	-18.49	19.18
2125	85.08	-18.42	19.29
2126	85.12	-18.37	19.44
2127	85.16	-18.32	19.6
2128	85.2	-18.27	19.79
2129	85.24	-18.22	19.97
2130	85.28	-18.18	20.12
2131	85.32	-18.15	20.22
2132	85.36	-18.14	20.27
2133	85.4	-18.14	20.29
2134	85.44	-18.12	20.3
2135	85.48	-18.1	20.33
2136	85.52	-18.07	20.38
2137	85.56	-18.05	20.42
2138	85.6	-18.07	20.42
2139	85.64	-18.09	20.39
2140	85.68	-18.13	20.34
2141	85.72	-18.19	20.29
2142	85.76	-18.24	20.29
2143	85.8	-18.29	20.32
2144	85.84	-18.33	20.34
2145	85.88	-18.37	20.35
2146	85.92	-18.42	20.34
2147	85.96	-18.47	20.34
2148	86	-18.53	20.37
2149	86.04	-18.56	20.43
2150	86.08	-18.59	20.55
2151	86.12	-18.61	20.71
2152	86.16	-18.63	20.92
2153	86.2	-18.65	21.09
2154	86.24	-18.65	21.2
2155	86.28	-18.66	21.25
2156	86.32	-18.69	21.25
2157	86.36	-18.72	21.26
2158	86.4	-18.79	21.26
2159	86.44	-18.85	21.24
2160	86.48	-18.89	21.22
2161	86.52	-18.92	21.17
2162	86.56	-18.9	21.12
2163	86.6	-18.87	21.05
2164	86.64	-18.83	20.98
2165	86.68	-18.79	20.88
2166	86.72	-18.75	20.76
2167	86.76	-18.72	20.61
2168	86.8	-18.71	20.43
2169	86.84	-18.74	20.26
2170	86.88	-18.78	20.12
2171	86.92	-18.84	20.01
2172	86.96	-18.89	19.95
2173	87	-18.94	19.91
2174	87.04	-19	19.89
2175	87.08	-19.09	19.85
2176	87.12	-19.21	19.85
2177	87.16	-19.34	19.88
2178	87.2	-19.46	19.92
2179	87.24	-19.59	20.01
2180	87.28	-19.69	20.06
2181	87.32	-19.74	20.07
2182	87.36	-19.76	20.02
2183	87.4	-19.75	19.96
2184	87.44	-19.71	19.86
2185	87.48	-19.69	19.77
2186	87.52	-19.68	19.69
2187	87.56	-19.67	19.61
2188	87.6	-19.67	19.56
2189	87.64	-19.67	19.51
2190	87.68	-19.64	19.44
2191	87.72	-19.6	19.36
2192	87.76	-19.54	19.28
2193	87.8	-19.45	19.21
2194	87.84	-19.35	19.14
2195	87.88	-19.26	19.08
2196	87.92	-19.18	19.03
2197	87.96	-19.13	18.99
2198	88	-19.08	18.97
2199	88.04	-19.05	18.97
2200	88.08	-19	18.98
2201	88.12	-18.95	19.02
2202	88.16	-18.88	19.07
2203	88.2	-18.78	19.14
2204	88.24	-18.68	19.23
2205	88.28	-18.58	19.32
2206	88.32	-18.51	19.42
2207	88.36	-18.47	19.53
2208	88.4	-18.47	19.62
2209	88.44	-18.5	19.71
2210	88.48	-18.56	19.78
2211	88.52	-18.64	19.8
2212	88.56	-18.74	19.8
2213	88.6	-18.86	19.75
2214	88.64	-18.94	19.67
2215	88.68	-19	19.57
2216	88.72	-19.02	19.45
2217	88.76	-19	19.35
2218	88.8	-18.98	19.25
2219	88.84	-18.92	19.18
2220	88.88	-18.85	19.13
2221	88.92	-18.78	19.07
2222	88.96	-18.72	19.01
2223	89	-18.71	18.94
2224	89.04	-18.7	18.86
2225	89.08	-18.69	18.8
2226	89.12	-18.68	18.77
2227	89.16	-18.7	18.75
2228	89.2	-18.72	18.77
2229	89.24	-18.79	18.81
2230	89.28	-18.91	18.87
2231	89.32	-19.1	18.94
2232	89.36	-19.37	19
2233	89.4	-19.67	19.06
2234	89.44	-19.96	19.12
2235	89.48	-20.22	19.22
2236	89.52	-20.45	19.34
2237	89.56	-20.59	19.48
2238	89.6	-20.64	19.62
2239	89.64	-20.58	19.7
2240	89.68	-20.48	19.74
2241	89.72	-20.34	19.72
2242	89.76	-20.22	19.66
2243	89.8	-20.15	19.58
2244	89.84	-20.12	19.52
2245	89.88	-20.11	19.47
2246	89.92	-20.1	19.45
2247	89.96	-20.09	19.44
2248	90	-20.07	19.45
2249	90.04	-20.07	19.48
2250	90.08	-20.11	19.51
2251	90.12	-20.14	19.55
2252	90.16	-20.18	19.56
2253	90.2	-20.2	19.55
2254	90.24	-20.2	19.5
2255	90.28	-20.22	19.44
2256	90.32	-20.23	19.39
2257	90.36	-20.25	19.36
2258	90.4	-20.28	19.34
2259	90.44	-20.36	19.34
2260	90.48	-20.5	19.33
2261	90.52	-20.69	19.33
2262	90.56	-20.89	19.33
2263	90.6	-21.07	19.33
2264	90.64	-21.24	19.32
2265	90.68	-21.34	19.29
2266	90.72	-21.42	19.25
2267	90.76	-21.47	19.18
2268	90.8	-21.47	19.13
2269	90.84	-21.48	19.09
2270	90.88	-21.48	19.06
2271	90.92	-21.48	19.06
2272	90.96	-21.47	19.06
2273	91	-21.46	19.07
2274	91.04	-21.45	19.11
2275	91.08	-21.44	19.19
2276	91.12	-21.45	19.31
2277	91.16	-21.42	19.45
2278	91.2	-21.42	19.59
2279	91.24	-21.41	19.72
2280	91.28	-21.42	19.86
2281	91.32	-21.48	20.01
2282	91.36	-21.5	20.15
2283	91.4	-21.54	20.3
2284	91.44	-21.51	20.39
2285	91.48	-21.51	20.45
2286	91.52	-21.5	20.46
2287	91.56	-21.49	20.45
2288	91.6	-21.48	20.43
2289	91.64	-21.49	20.41
2290	91.68	-21.48	20.37
2291	91.72	-21.48	20.33
2292	91.76	-21.45	20.24
2293	91.8	-21.39	20.14
2294	91.84	-21.35	20.05
2295	91.88	-21.32	19.98
2296	91.92	-21.33	19.97
2297	91.96	-21.37	19.99
2298	92	-21.42	20.03
2299	92.04	-21.48	20.07
2300	92.08	-21.58	20.11
2301	92.12	-21.65	20.14
2302	92.16	-21.7	20.14
2303	92.2	-21.73	20.12
2304	92.24	-21.73	20.1
2305	92.28	-21.74	20.1
2306	92.32	-21.75	20.13
2307	92.36	-21.76	20.17
2308	92.4	-21.75	20.19
2309	92.44	-21.76	20.21
2310	92.48	-21.78	20.24
2311	92.52	-21.8	20.27
2312	92.56	-21.84	20.32
2313	92.6	-21.86	20.37
2314	92.64	-21.87	20.43
2315	92.68	-21.84	20.46
2316	92.72	-21.83	20.49
2317	92.76	-21.8	20.48
2318	92.8	-21.75	20.44
2319	92.84	-21.72	20.38
2320	92.88	-21.64	20.29
2321	92.92	-21.54	20.18
2322	92.96	-21.42	20.05
2323	93	-21.26	19.9
2324	93.04	-21.06	19.72
2325	93.08	-20.83	19.54
2326	93.12	-20.57	19.36
2327	93.16	-20.35	19.2
2328	93.2	-20.21	19.08
2329	93.24	-20.12	18.96
2330	93.28	-20.08	18.86
2331	93.32	-20.04	18.76
2332	93.36	-20.02	18.68
2333	93.4	-20.03	18.62
2334	93.44	-20.03	18.58
2335	93.48	-20.03	18.57
2336	93.52	-20	18.6
2337	93.56	-19.94	18.67
2338	93.6	-19.86	18.78
2339	93.64	-19.76	18.94
2340	93.68	-19.65	19.13
2341	93.72	-19.56	19.36
2342	93.76	-19.52	19.62
2343	93.8	-19.53	19.87
2344	93.84	-19.59	20.14
2345	93.88	-19.68	20.35
2346	93.92	-19.75	20.47
2347	93.96	-19.76	20.53
2348	94	-19.72	20.53
2349	94.04	-19.66	20.51
2350	94.08	-19.58	20.51
2351	94.12	-19.54	20.52
2352	94.16	-19.5	20.51
2353	94.2	-19.47	20.51
2354	94.24	-19.43	20.5
2355	94.28	-19.38	20.49
2356	94.32	-19.34	20.5
2357	94.36	-19.29	20.53
2358	94.4	-19.22	20.56
2359	94.44	-19.15	20.59
2360	94.48	-19.07	20.63
2361	94.52	-18.96	20.69
2362	94.56	-18.85	20.75
2363	94.6	-18.72	20.83
2364	94.64	-18.63	20.88
2365	94.68	-18.57	20.88
2366	94.72	-18.52	20.84
2367	94.76	-18.5	20.78
2368	94.8	-18.48	20.74
2369	94.84	-18.46	20.72
2370	94.88	-18.45	20.71
2371	94.92	-18.47	20.7
2372	94.96	-18.48	20.69
2373	95	-18.49	20.7
2374	95.04	-18.5	20.72
2375	95.08	-18.51	20.76
2376	95.12	-18.52	20.81
2377	95.16	-18.52	20.85
2378	95.2	-18.51	20.89
2379	95.24	-18.49	20.91
2380	95.28	-18.48	20.91
2381	95.32	-18.47	20.91
2382	95.36	-18.47	20.89
2383	95.4	-18.49	20.85
2384	95.44	-18.53	20.75
2385	95.48	-18.59	20.57
2386	95.52	-18.67	20.35
2387	95.56	-18.75	20.16
2388	95.6	-18.81	20.03
2389	95.64	-18.86	19.97
2390	95.68	-18.88	19.92
2391	95.72	-18.9	19.86
2392	95.76	-18.92	19.78
2393	95.8	-18.97	19.72
2394	95.84	-19.04	19.67
2395	95.88	-19.13	19.65
2396	95.92	-19.24	19.67
2397	95.96	-19.34	19.72
2398	96	-19.46	19.82
2399	96.04	-19.61	19.95
2400	96.08	-19.76	20.07
2401	96.12	-19.89	20.16
2402	96.16	-19.99	20.23
2403	96.2	-20.05	20.27
2404	96.24	-20.09	20.3
2405	96.28	-20.13	20.37
2406	96.32	-20.15	20.43
2407	96.36	-20.18	20.52
2408	96.4	-20.23	20.6
2409	96.44	-20.28	20.67
2410	96.48	-20.33	20.73
2411	96.52	-20.37	20.77
2412	96.55	-20.38	20.79
2413	96.6	-20.36	20.78
2414	96.64	-20.35	20.78
2415	96.67	-20.33	20.77
2416	96.72	-20.33	20.77
2417	96.75	-20.36	20.79
2418	96.79	-20.38	20.8
2419	96.83	-20.41	20.81
2420	96.87	-20.42	20.82
2421	96.91	-20.45	20.85
2422	96.95	-20.49	20.88
2423	96.99	-20.56	20.94
2424	97.03	-20.63	20.99
2425	97.07	-20.69	21.05
2426	97.11	-20.74	21.11
2427	97.15	-20.76	21.17
2428	97.19	-20.79	21.23
2429	97.23	-20.8	21.26
2430	97.27	-20.82	21.28
2431	97.31	-20.84	21.3
2432	97.35	-20.86	21.3
2433	97.39	-20.87	21.28
2434	97.43	-20.88	21.27
2435	97.47	-20.87	21.24
2436	97.51	-20.86	21.22
2437	97.55	-20.83	21.23
2438	97.59	-20.81	21.25
2439	97.63	-20.81	21.28
2440	97.67	-20.8	21.3
2441	97.71	-20.79	21.33
2442	97.75	-20.76	21.35
2443	97.79	-20.72	21.36
2444	97.83	-20.68	21.38
2445	97.87	-20.65	21.38
2446	97.91	-20.63	21.38
2447	97.95	-20.61	21.37
2448	97.99	-20.59	21.37
2449	98.03	-20.56	21.36
2450	98.07	-20.5	21.32
2451	98.11	-20.42	21.28
2452	98.15	-20.35	21.21
2453	98.19	-20.3	21.14
2454	98.23	-20.3	21.1
2455	98.27	-20.34	21.06
2456	98.31	-20.37	21.04
2457	98.35	-20.41	20.99
2458	98.39	-20.42	20.92
2459	98.43	-20.42	20.85
2460	98.47	-20.44	20.77
2461	98.51	-20.46	20.7
2462	98.55	-20.51	20.59
2463	98.59	-20.57	20.44
2464	98.63	-20.63	20.25
2465	98.67	-20.68	20.06
2466	98.71	-20.72	19.89
2467	98.75	-20.76	19.73
2468	98.79	-20.77	19.59
2469	98.83	-20.77	19.45
2470	98.87	-20.78	19.27
2471	98.91	-20.77	19.09
2472	98.95	-20.8	18.87
2473	98.99	-20.85	18.61
2474	99.03	-20.9	18.31
2475	99.07	-20.95	17.95
2476	99.11	-20.99	17.58
2477	99.15	-21.03	17.22
2478	99.19	-21.07	16.93
2479	99.23	-21.11	16.74
2480	99.27	-21.15	16.58
2481	99.31	-21.18	16.43
2482	99.35	-21.22	16.25
2483	99.39	-21.28	16.03
2484	99.43	-21.36	15.81
2485	99.47	-21.46	15.57
2486	99.51	-21.58	15.29
2487	99.55	-21.7	15
2488	99.59	-21.81	14.7
2489	99.63	-21.89	14.34
2490	99.67	-21.91	13.99
2491	99.71	-21.87	13.6
2492	99.75	-21.81	13.2
2493	99.79	-21.72	12.84
2494	99.83	-21.63	12.48
2495	99.87	-21.56	12.15
2496	99.91	-21.51	11.86
2497	99.95	-21.48	11.57
2498	99.99	-21.5	11.3
2499	100.03	-21.56	10.99
2500	100.07	-21.64	10.68
2501	100.11	-21.74	10.35
2502	100.15	-21.83	10.01
2503	100.19	-21.89	9.69
2504	100.23	-21.95	9.31
2505	100.27	-21.97	8.92
2506	100.31	-21.97	8.52
2507	100.35	-21.97	8.09
2508	100.39	-21.93	7.68
2509	100.43	-21.85	7.29
2510	100.47	-21.79	6.89
2511	100.51	-21.75	6.5
2512	100.55	-21.77	6.12
2513	100.59	-21.85	5.71
2514	100.63	-21.93	5.33
2515	100.67	-22.01	4.93
2516	100.71	-22.04	4.53
2517	100.75	-22.04	4.11
2518	100.79	-22.04	3.66
2519	100.83	-22.01	3.21
2520	100.87	-21.98	2.77
2521	100.91	-21.94	2.33
2522	100.95	-21.9	1.92
2523	100.99	-21.87	1.54
2524	101.03	-21.88	1.16
2525	101.07	-21.93	0.79
2526	101.11	-21.98	0.4
2527	101.15	-22.08	-0.07
2528	101.19	-22.15	-0.54
2529	101.23	-22.2	-1.02
2530	101.27	-22.23	-1.49
2531	101.31	-22.24	-1.93
2532	101.35	-22.22	-2.36
2533	101.39	-22.18	-2.8
2534	101.43	-22.13	-3.24
2535	101.47	-22.08	-3.64
2536	101.51	-22.06	-4.03
2537	101.55	-22.05	-4.41
2538	101.59	-22.06	-4.8
2539	101.63	-22.07	-5.25
2540	101.67	-22.13	-5.75
2541	101.71	-22.19	-6.26
2542	101.75	-22.25	-6.75
2543	101.79	-22.29	-7.21
2544	101.83	-22.28	-7.63
2545	101.87	-22.23	-8.06
2546	101.91	-22.16	-8.5
2547	101.95	-22.1	-8.92
2548	101.99	-22.05	-9.32
2549	102.03	-22.03	-9.69
2550	102.07	-22.03	-10.07
2551	102.11	-22.03	-10.41
2552	102.15	-22.03	-10.75
2553	102.19	-22.05	-11.14
2554	102.23	-22.09	-11.53
2555	102.27	-22.1	-11.92
2556	102.31	-22.11	-12.32
2557	102.35	-22.08	-12.67
2558	102.39	-22.04	-13.04
2559	102.43	-21.99	-13.47
2560	102.47	-21.94	-13.9
2561	102.51	-21.91	-14.33
2562	102.55	-21.88	-14.71
2563	102.59	-21.88	-15.06
2564	102.63	-21.93	-15.41
2565	102.67	-22	-15.77
2566	102.71	-22.08	-16.19
2567	102.75	-22.14	-16.64
2568	102.79	-22.13	-17.11
2569	102.83	-22.11	-17.61
2570	102.87	-22.09	-18.09
2571	102.91	-22.09	-18.55
2572	102.95	-22.11	-19.02
2573	102.99	-22.11	-19.47
2574	103.03	-22.09	-19.89
2575	103.07	-22.06	-20.3
2576	103.11	-22.08	-20.69
2577	103.15	-22.13	-21.07
2578	103.19	-22.2	-21.45
2579	103.23	-22.28	-21.8
2580	103.27	-22.35	-22.07
2581	103.31	-22.39	-22.27
2582	103.35	-22.4	-22.38
2583	103.39	-22.37	-22.44
2584	103.43	-22.34	-22.52
2585	103.47	-22.3	-22.59
2586	103.51	-22.29	-22.66
2587	103.55	-22.29	-22.73
2588	103.59	-22.27	-22.76
2589	103.63	-22.24	-22.78
2590	103.67	-22.18	-22.78
2591	103.71	-22.11	-22.77
2592	103.75	-22.06	-22.75
2593	103.79	-22.02	-22.76
2594	103.83	-22.01	-22.8
2595	103.87	-22.01	-22.83
2596	103.91	-22.02	-22.87
2597	103.95	-22.04	-22.92
2598	103.99	-22.06	-22.94
2599	104.03	-22.09	-22.95
2600	104.07	-22.11	-22.97
2601	104.11	-22.12	-22.97
2602	104.15	-22.12	-22.98
2603	104.19	-22.11	-22.98
2604	104.23	-22.11	-22.97
2605	104.27	-22.12	-22.96
2606	104.31	-22.12	-22.96
2607	104.35	-22.13	-22.95
2608	104.39	-22.12	-22.95
2609	104.43	-22.12	-22.94
2610	104.47	-22.12	-22.94
2611	104.51	-22.12	-22.94
2612	104.55	-22.09	-22.93
2613	104.59	-22.07	-22.93
2614	104.63	-22.05	-22.93
2615	104.67	-22.02	-22.94
2616	104.71	-21.99	-22.96
2617	104.75	-21.96	-22.96
2618	104.79	-21.93	-22.96
2619	104.83	-21.88	-22.98
2620	104.87	-21.83	-23.01
2621	104.91	-21.78	-23.06
2622	104.95	-21.71	-23.12
2623	104.99	-21.66	-23.15
2624	105.03	-21.59	-23.2
2625	105.07	-21.51	-23.24
2626	105.11	-21.45	-23.27
2627	105.15	-21.36	-23.31
2628	105.19	-21.27	-23.35
2629	105.23	-21.14	-23.39
2630	105.27	-20.99	-23.42
2631	105.31	-20.86	-23.43
2632	105.35	-20.74	-23.45
2633	105.39	-20.67	-23.43
2634	105.43	-20.61	-23.43
2635	105.47	-20.55	-23.44
2636	105.51	-20.5	-23.45
2637	105.55	-20.44	-23.45
2638	105.59	-20.39	-23.45
2639	105.63	-20.38	-23.42
2640	105.67	-20.39	-23.37
2641	105.71	-20.43	-23.29
2642	105.75	-20.49	-23.17
2643	105.79	-20.56	-23.04
2644	105.83	-20.64	-22.92
2645	105.87	-20.74	-22.84
2646	105.91	-20.85	-22.8
2647	105.95	-20.95	-22.8
2648	105.99	-21.05	-22.82
2649	106.03	-21.14	-22.86
2650	106.07	-21.23	-22.89
2651	106.11	-21.31	-22.9
2652	106.15	-21.4	-22.91
2653	106.19	-21.5	-22.89
2654	106.23	-21.59	-22.89
2655	106.27	-21.67	-22.89
2656	106.31	-21.7	-22.94
2657	106.35	-21.71	-23.02
2658	106.39	-21.74	-23.09
2659	106.43	-21.81	-23.16
2660	106.47	-21.89	-23.18
2661	106.51	-21.95	-23.16
2662	106.55	-21.98	-23.13
2663	106.59	-21.97	-23.1
2664	106.63	-21.95	-23.09
2665	106.67	-21.95	-23.1
2666	106.71	-21.96	-23.11
2667	106.75	-21.98	-23.11
2668	106.79	-21.99	-23.11
2669	106.83	-22	-23.11
2670	106.87	-21.99	-23.09
2671	106.91	-21.99	-23.09
2672	106.95	-21.99	-23.08
2673	106.99	-21.99	-23.07
2674	107.03	-21.99	-23.04
2675	107.07	-21.99	-22.99
2676	107.11	-21.99	-22.89
2677	107.15	-22.01	-22.74
2678	107.19	-22.03	-22.56
2679	107.23	-22.07	-22.41
2680	107.27	-22.1	-22.28
2681	107.31	-22.11	-22.21
2682	107.35	-22.09	-22.18
2683	107.39	-22.05	-22.16
2684	107.43	-22.02	-22.16
2685	107.47	-22.01	-22.2
2686	107.51	-22.02	-22.23
2687	107.55	-22.03	-22.26
2688	107.59	-22.04	-22.29
2689	107.63	-22.04	-22.31
2690	107.67	-22.06	-22.34
2691	107.71	-22.08	-22.37
2692	107.75	-22.1	-22.41
2693	107.79	-22.11	-22.48
2694	107.83	-22.11	-22.54
2695	107.87	-22.1	-22.6
2696	107.91	-22.09	-22.66
2697	107.95	-22.08	-22.69
2698	107.99	-22.09	-22.7
2699	108.03	-22.12	-22.7
2700	108.07	-22.17	-22.7
2701	108.11	-22.23	-22.67
2702	108.15	-22.27	-22.61
2703	108.19	-22.29	-22.55
2704	108.23	-22.29	-22.48
2705	108.27	-22.29	-22.43
2706	108.31	-22.3	-22.43
2707	108.35	-22.32	-22.43
2708	108.39	-22.32	-22.47
2709	108.43	-22.31	-22.53
2710	108.47	-22.28	-22.57
2711	108.51	-22.25	-22.63
2712	108.55	-22.24	-22.67
2713	108.59	-22.25	-22.71
2714	108.63	-22.26	-22.77
2715	108.67	-22.28	-22.85
2716	108.71	-22.31	-22.94
2717	108.75	-22.35	-23
2718	108.79	-22.39	-23.03
2719	108.83	-22.44	-23.02
2720	108.87	-22.47	-22.99
2721	108.91	-22.48	-22.95
2722	108.95	-22.47	-22.89
2723	108.99	-22.45	-22.85
2724	109.03	-22.44	-22.78
2725	109.07	-22.43	-22.74
2726	109.11	-22.42	-22.72
2727	109.15	-22.39	-22.71
2728	109.19	-22.36	-22.71
2729	109.23	-22.32	-22.7
2730	109.27	-22.27	-22.7
2731	109.31	-22.23	-22.71
2732	109.35	-22.18	-22.74
2733	109.39	-22.13	-22.79
2734	109.43	-22.08	-22.82
2735	109.47	-22.03	-22.86
2736	109.51	-21.95	-22.91
2737	109.55	-21.82	-22.99
2738	109.59	-21.68	-23.1
2739	109.63	-21.55	-23.17
2740	109.67	-21.45	-23.21
2741	109.71	-21.39	-23.21
2742	109.75	-21.33	-23.18
2743	109.79	-21.25	-23.15
2744	109.83	-21.17	-23.12
2745	109.87	-21.11	-23.07
2746	109.91	-21.1	-23.01
2747	109.95	-21.15	-22.94
2748	109.99	-21.22	-22.89
2749	110.03	-21.31	-22.86
2750	110.07	-21.4	-22.85
2751	110.11	-21.48	-22.89
2752	110.15	-21.54	-22.94
2753	110.19	-21.61	-22.97
2754	110.23	-21.66	-23
2755	110.27	-21.72	-23.02
2756	110.31	-21.78	-23.02
2757	110.35	-21.82	-23
2758	110.39	-21.87	-22.98
2759	110.43	-21.9	-22.95
2760	110.47	-21.9	-22.92
2761	110.51	-21.89	-22.9
2762	110.55	-21.86	-22.84
2763	110.59	-21.82	-22.75
2764	110.63	-21.78	-22.62
2765	110.67	-21.75	-22.48
2766	110.71	-21.74	-22.34
2767	110.75	-21.76	-22.21
2768	110.79	-21.79	-22.07
2769	110.83	-21.79	-21.91
2770	110.87	-21.75	-21.75
2771	110.91	-21.66	-21.58
2772	110.95	-21.53	-21.45
2773	110.99	-21.38	-21.32
2774	111.03	-21.22	-21.24
2775	111.07	-21.07	-21.17
2776	111.11	-20.95	-21.1
2777	111.15	-20.88	-21.1
2778	111.19	-20.84	-21.1
2779	111.23	-20.81	-21.11
2780	111.27	-20.8	-21.13
2781	111.31	-20.77	-21.14
2782	111.35	-20.77	-21.15
2783	111.39	-20.78	-21.16
2784	111.43	-20.77	-21.17
2785	111.47	-20.78	-21.18
2786	111.51	-20.76	-21.22
2787	111.55	-20.72	-21.28
2788	111.59	-20.72	-21.36
2789	111.63	-20.69	-21.45
2790	111.67	-20.65	-21.51
2791	111.71	-20.62	-21.52
2792	111.75	-20.6	-21.52
2793	111.79	-20.62	-21.52
2794	111.83	-20.66	-21.5
2795	111.87	-20.71	-21.46
2796	111.91	-20.75	-21.41
2797	111.95	-20.76	-21.36
2798	111.99	-20.76	-21.32
2799	112.03	-20.74	-21.29
2800	112.07	-20.73	-21.25
2801	112.11	-20.73	-21.18
2802	112.15	-20.73	-21.08
2803	112.19	-20.75	-20.96
2804	112.23	-20.79	-20.83
2805	112.27	-20.84	-20.71
2806	112.31	-20.88	-20.58
2807	112.35	-20.92	-20.44
2808	112.39	-20.92	-20.31
2809	112.43	-20.92	-20.18
2810	112.47	-20.92	-20.05
2811	112.51	-20.91	-19.93
2812	112.55	-20.93	-19.79
2813	112.59	-20.99	-19.61
2814	112.63	-21.08	-19.43
2815	112.67	-21.19	-19.21
2816	112.71	-21.31	-18.91
2817	112.75	-21.4	-18.58
2818	112.79	-21.47	-18.24
2819	112.83	-21.51	-17.91
2820	112.87	-21.53	-17.62
2821	112.91	-21.54	-17.37
2822	112.95	-21.56	-17.13
2823	112.99	-21.57	-16.9
2824	113.03	-21.59	-16.66
2825	113.07	-21.64	-16.41
2826	113.11	-21.71	-16.14
2827	113.15	-21.81	-15.84
2828	113.19	-21.9	-15.56
2829	113.23	-21.97	-15.28
2830	113.27	-22	-14.99
2831	113.31	-21.99	-14.69
2832	113.35	-21.95	-14.37
2833	113.39	-21.91	-14.04
2834	113.43	-21.86	-13.72
2835	113.47	-21.84	-13.4
2836	113.51	-21.82	-13.08
2837	113.55	-21.81	-12.77
2838	113.59	-21.82	-12.46
2839	113.63	-21.83	-12.16
2840	113.67	-21.87	-11.83
2841	113.71	-21.92	-11.47
2842	113.75	-21.99	-11.08
2843	113.79	-22.09	-10.67
2844	113.83	-22.17	-10.35
2845	113.87	-22.23	-10.05
2846	113.91	-22.25	-9.76
2847	113.95	-22.21	-9.45
2848	113.99	-22.15	-9.09
2849	114.03	-22.08	-8.74
2850	114.07	-22.02	-8.41
2851	114.11	-21.97	-8.12
2852	114.15	-21.92	-7.88
2853	114.19	-21.9	-7.62
2854	114.23	-21.9	-7.35
2855	114.27	-21.93	-7.04
2856	114.31	-21.99	-6.65
2857	114.35	-22.07	-6.25
2858	114.39	-22.16	-5.87
2859	114.43	-22.23	-5.53
2860	114.47	-22.25	-5.21
2861	114.51	-22.24	-4.91
2862	114.55	-22.2	-4.56
2863	114.59	-22.15	-4.18
2864	114.63	-22.1	-3.83
2865	114.67	-22.05	-3.47
2866	114.71	-22	-3.12
2867	114.75	-21.99	-2.78
2868	114.79	-22	-2.41
2869	114.83	-22.05	-2.02
2870	114.87	-22.12	-1.58
2871	114.91	-22.16	-1.16
2872	114.95	-22.19	-0.73
2873	114.99	-22.17	-0.29
2874	115.03	-22.12	0.08
2875	115.07	-22.04	0.44
2876	115.11	-21.94	0.82
2877	115.15	-21.84	1.16
2878	115.19	-21.76	1.53
2879	115.23	-21.69	1.93
2880	115.27	-21.65	2.26
2881	115.31	-21.64	2.55
2882	115.35	-21.66	2.87
2883	115.39	-21.7	3.17
2884	115.43	-21.74	3.55
2885	115.47	-21.78	3.97
2886	115.51	-21.81	4.4
2887	115.55	-21.8	4.83
2888	115.59	-21.77	5.26
2889	115.63	-21.72	5.65
2890	115.67	-21.67	6.04
2891	115.71	-21.64	6.44
2892	115.75	-21.62	6.83
2893	115.79	-21.6	7.23
2894	115.83	-21.58	7.61
2895	115.87	-21.57	7.95
2896	115.91	-21.58	8.31
2897	115.95	-21.61	8.66
2898	115.99	-21.65	9.04
2899	116.03	-21.68	9.46
2900	116.07	-21.72	9.85
2901	116.11	-21.74	10.22
2902	116.15	-21.73	10.51
2903	116.19	-21.7	10.8
2904	116.23	-21.63	11.1
2905	116.27	-21.58	11.41
2906	116.31	-21.54	11.75
2907	116.35	-21.51	12.07
2908	116.39	-21.47	12.36
2909	116.43	-21.42	12.65
2910	116.47	-21.37	12.92
2911	116.51	-21.36	13.23
2912	116.55	-21.37	13.6
2913	116.59	-21.37	14
2914	116.63	-21.37	14.44
2915	116.67	-21.36	14.85
2916	116.71	-21.36	15.21
2917	116.75	-21.34	15.52
2918	116.79	-21.31	15.81
2919	116.83	-21.26	16.1
2920	116.87	-21.19	16.4
2921	116.91	-21.12	16.69
2922	116.95	-21.04	16.95
2923	116.99	-20.96	17.17
2924	117.03	-20.87	17.34
2925	117.07	-20.79	17.49
2926	117.11	-20.71	17.61
2927	117.15	-20.66	17.71
2928	117.19	-20.62	17.81
2929	117.23	-20.59	17.94
2930	117.27	-20.56	18.03
2931	117.31	-20.51	18.09
2932	117.35	-20.45	18.15
2933	117.39	-20.4	18.14
2934	117.43	-20.37	18.16
2935	117.47	-20.37	18.18
2936	117.51	-20.38	18.2
2937	117.55	-20.35	18.24
2938	117.59	-20.27	18.28
2939	117.63	-20.14	18.33
2940	117.67	-19.99	18.36
2941	117.71	-19.88	18.35
2942	117.75	-19.81	18.32
2943	117.79	-19.75	18.29
2944	117.83	-19.72	18.26
2945	117.87	-19.7	18.23
2946	117.91	-19.69	18.22
2947	117.95	-19.7	18.2
2948	117.99	-19.71	18.19
2949	118.03	-19.72	18.18
2950	118.07	-19.75	18.15
2951	118.11	-19.78	18.12
2952	118.15	-19.81	18.1
2953	118.19	-19.86	18.09
2954	118.23	-19.91	18.08
2955	118.27	-19.96	18.09
2956	118.31	-20.01	18.12
2957	118.35	-20.05	18.19
2958	118.39	-20.09	18.31
2959	118.43	-20.13	18.49
2960	118.47	-20.17	18.64
2961	118.51	-20.22	18.79
2962	118.55	-20.24	18.93
2963	118.59	-20.25	19.05
2964	118.63	-20.27	19.16
2965	118.67	-20.27	19.28
2966	118.71	-20.28	19.33
2967	118.75	-20.29	19.39
2968	118.79	-20.29	19.44
2969	118.83	-20.3	19.5
2970	118.87	-20.33	19.58
2971	118.91	-20.38	19.68
2972	118.95	-20.46	19.78
2973	118.99	-20.55	19.88
2974	119.03	-20.65	19.97
2975	119.07	-20.73	20.04
2976	119.11	-20.79	20.08
2977	119.15	-20.83	20.12
2978	119.19	-20.87	20.16
2979	119.23	-20.91	20.19
2980	119.27	-20.95	20.22
2981	119.31	-21	20.25
2982	119.35	-21.03	20.25
2983	119.39	-21.06	20.24
2984	119.43	-21.1	20.22
2985	119.47	-21.13	20.19
2986	119.51	-21.16	20.16
2987	119.55	-21.18	20.15
2988	119.59	-21.19	20.12
2989	119.63	-21.19	20.06
2990	119.67	-21.19	19.98
2991	119.71	-21.19	19.87
2992	119.75	-21.18	19.76
2993	119.79	-21.19	19.64
2994	119.83	-21.19	19.53
2995	119.87	-21.19	19.47
2996	119.91	-21.2	19.41
