1	0.06	6.74	-2.5
2	0.1	6.72	-2.54
3	0.14	6.76	-2.58
4	0.18	6.79	-2.61
5	0.22	6.8	-2.63
6	0.26	6.81	-2.65
7	0.3	6.79	-2.67
8	0.34	6.73	-2.67
9	0.38	6.67	-2.68
10	0.42	6.61	-2.69
11	0.51	6.47	-2.71
12	0.54	6.34	-2.76
13	0.58	6.19	-2.8
14	0.62	6.04	-2.86
15	0.66	5.95	-2.94
16	0.7	5.89	-3.04
17	0.74	5.84	-3.14
18	0.78	5.82	-3.24
19	0.82	5.83	-3.34
20	0.86	5.82	-3.42
21	0.9	5.83	-3.46
22	0.94	5.85	-3.47
23	0.98	5.86	-3.44
24	1.02	5.88	-3.36
25	1.06	5.88	-3.26
26	1.1	5.88	-3.17
27	1.14	5.9	-3.1
28	1.18	5.93	-3.05
29	1.22	5.96	-3
30	1.26	5.97	-2.95
31	1.3	5.97	-2.89
32	1.34	5.98	-2.83
33	1.38	6	-2.75
34	1.42	6.04	-2.67
35	1.46	6.1	-2.57
36	1.5	6.18	-2.48
37	1.54	6.3	-2.43
38	1.58	6.42	-2.42
39	1.62	6.54	-2.45
40	1.66	6.62	-2.48
41	1.7	6.69	-2.52
42	1.74	6.77	-2.51
43	1.78	6.89	-2.45
44	1.82	7.03	-2.38
45	1.86	7.17	-2.28
46	1.9	7.28	-2.19
47	1.94	7.37	-2.12
48	1.98	7.46	-2.04
49	2.02	7.59	-1.96
50	2.06	7.75	-1.88
51	2.1	7.95	-1.83
52	2.14	8.16	-1.78
53	2.18	8.4	-1.7
54	2.22	8.64	-1.63
55	2.26	8.84	-1.54
56	2.3	9.02	-1.46
57	2.34	9.13	-1.44
58	2.38	9.27	-1.44
59	2.42	9.41	-1.47
60	2.46	9.5	-1.52
61	2.5	9.57	-1.57
62	2.54	9.6	-1.6
63	2.58	9.62	-1.62
64	2.62	9.68	-1.63
65	2.66	9.74	-1.66
66	2.7	9.79	-1.67
67	2.74	9.86	-1.67
68	2.78	9.91	-1.67
69	2.82	10	-1.68
70	2.86	10.09	-1.7
71	2.9	10.18	-1.7
72	2.94	10.28	-1.66
73	2.98	10.36	-1.59
74	3.02	10.41	-1.5
75	3.06	10.42	-1.41
76	3.1	10.43	-1.34
77	3.14	10.44	-1.27
78	3.18	10.49	-1.21
79	3.22	10.51	-1.17
80	3.26	10.52	-1.13
81	3.3	10.51	-1.13
82	3.34	10.48	-1.14
83	3.38	10.44	-1.16
84	3.42	10.41	-1.19
85	3.46	10.34	-1.28
86	3.66	10.3	-1.38
87	3.7	10.27	-1.49
88	3.74	10.21	-1.59
89	3.78	10.2	-1.63
90	3.82	10.2	-1.66
91	3.86	10.2	-1.67
92	3.9	10.24	-1.68
93	3.94	10.3	-1.69
94	3.98	10.33	-1.69
95	4.02	10.34	-1.7
96	4.06	10.32	-1.71
97	4.1	10.27	-1.74
98	4.14	10.25	-1.77
99	4.18	10.24	-1.81
100	4.22	10.25	-1.85
101	4.26	10.28	-1.87
102	4.3	10.29	-1.88
103	4.34	10.32	-1.86
104	4.38	10.33	-1.86
105	4.42	10.34	-1.85
106	4.46	10.36	-1.85
107	4.5	10.35	-1.86
108	4.54	10.36	-1.86
109	4.58	10.37	-1.86
110	4.62	10.38	-1.87
111	4.66	10.4	-1.86
112	4.7	10.41	-1.86
113	4.74	10.42	-1.84
114	4.78	10.41	-1.84
115	4.82	10.4	-1.84
116	4.86	10.37	-1.85
117	4.9	10.34	-1.86
118	4.94	10.32	-1.85
119	4.98	10.29	-1.86
120	5.02	10.29	-1.85
121	5.06	10.29	-1.85
122	5.1	10.31	-1.84
123	5.14	10.33	-1.83
124	5.18	10.33	-1.82
125	5.22	10.34	-1.81
126	5.26	10.35	-1.8
127	5.3	10.35	-1.79
128	5.34	10.37	-1.77
129	5.38	10.36	-1.76
130	5.42	10.36	-1.77
131	5.46	10.37	-1.75
132	5.5	10.38	-1.76
133	5.54	10.38	-1.78
134	5.58	10.38	-1.78
135	5.62	10.37	-1.8
136	5.66	10.36	-1.79
137	5.7	10.35	-1.79
138	5.74	10.37	-1.79
139	5.78	10.37	-1.79
140	5.82	10.38	-1.78
141	5.86	10.38	-1.78
142	5.9	10.37	-1.77
143	5.94	10.38	-1.78
144	5.98	10.37	-1.78
145	6.02	10.38	-1.77
146	6.06	10.38	-1.77
147	6.1	10.38	-1.77
148	6.14	10.38	-1.78
149	6.18	10.37	-1.8
150	6.22	10.34	-1.82
151	6.26	10.3	-1.83
152	6.3	10.26	-1.85
153	6.34	10.24	-1.85
154	6.38	10.23	-1.85
155	6.42	10.23	-1.85
156	6.46	10.24	-1.84
157	6.5	10.24	-1.84
158	6.54	10.24	-1.85
159	6.58	10.23	-1.85
160	6.62	10.22	-1.86
161	6.66	10.2	-1.86
162	6.7	10.18	-1.86
163	6.74	10.19	-1.86
164	6.78	10.2	-1.86
165	6.82	10.21	-1.85
166	6.86	10.25	-1.85
167	6.9	10.27	-1.86
168	6.94	10.28	-1.88
169	6.98	10.29	-1.89
170	7.02	10.29	-1.91
171	7.06	10.29	-1.91
172	7.1	10.29	-1.92
173	7.14	10.28	-1.92
174	7.18	10.26	-1.93
175	7.22	10.25	-1.93
176	7.26	10.24	-1.92
177	7.3	10.25	-1.92
178	7.34	10.25	-1.92
179	7.38	10.26	-1.93
180	7.42	10.26	-1.94
181	7.46	10.26	-1.93
182	7.5	10.26	-1.93
183	7.54	10.26	-1.93
184	7.58	10.27	-1.93
185	7.62	10.27	-1.94
186	7.66	10.27	-1.94
187	7.7	10.27	-1.93
188	7.74	10.27	-1.93
189	7.78	10.28	-1.93
190	7.82	10.28	-1.92
191	7.86	10.29	-1.92
192	7.9	10.31	-1.91
193	7.94	10.31	-1.91
194	7.98	10.33	-1.9
195	8.02	10.33	-1.9
196	8.06	10.32	-1.91
197	8.1	10.3	-1.91
198	8.14	10.29	-1.91
199	8.18	10.29	-1.91
200	8.22	10.29	-1.9
201	8.26	10.29	-1.9
202	8.3	10.3	-1.9
203	8.34	10.3	-1.9
204	8.38	10.28	-1.9
205	8.42	10.28	-1.9
206	8.46	10.25	-1.9
207	8.5	10.22	-1.89
208	8.54	10.16	-1.89
209	8.58	10.1	-1.89
210	8.62	10.04	-1.88
211	8.66	9.99	-1.87
212	8.7	9.96	-1.85
213	8.74	9.95	-1.84
214	8.78	9.96	-1.82
215	8.82	9.97	-1.82
216	8.86	9.99	-1.82
217	8.9	9.98	-1.81
218	8.94	9.96	-1.8
219	8.98	9.95	-1.79
220	9.02	9.94	-1.79
221	9.06	9.95	-1.78
222	9.1	9.96	-1.78
223	9.14	9.97	-1.78
224	9.18	9.98	-1.77
225	9.22	9.98	-1.77
226	9.26	9.97	-1.77
227	9.3	9.95	-1.77
228	9.34	9.93	-1.77
229	9.38	9.91	-1.77
230	9.42	9.91	-1.75
231	9.46	9.91	-1.74
232	9.5	9.91	-1.72
233	9.54	9.93	-1.7
234	9.58	9.93	-1.68
235	9.62	9.94	-1.66
236	9.66	9.96	-1.65
237	9.7	9.99	-1.64
238	9.74	10.04	-1.65
239	9.78	10.09	-1.65
240	9.82	10.11	-1.65
241	9.86	10.12	-1.65
242	9.9	10.11	-1.64
243	9.94	10.1	-1.62
244	9.98	10.08	-1.6
245	10.02	10.06	-1.58
246	10.06	10.04	-1.58
247	10.1	9.99	-1.59
248	10.14	9.93	-1.59
249	10.18	9.84	-1.58
250	10.22	9.76	-1.57
251	10.26	9.68	-1.57
252	10.3	9.62	-1.59
253	10.34	9.59	-1.64
254	10.38	9.57	-1.68
255	10.42	9.56	-1.71
256	10.46	9.56	-1.73
257	10.5	9.55	-1.72
258	10.54	9.54	-1.7
259	10.58	9.53	-1.69
260	10.62	9.53	-1.66
261	10.66	9.53	-1.66
262	10.7	9.54	-1.69
263	10.74	9.54	-1.73
264	10.78	9.54	-1.77
265	10.82	9.55	-1.81
266	10.86	9.54	-1.84
267	10.9	9.53	-1.88
268	10.94	9.52	-1.91
269	10.98	9.5	-1.95
270	11.02	9.48	-1.96
271	11.06	9.46	-1.98
272	11.1	9.41	-2.01
273	11.14	9.36	-2.05
274	11.18	9.31	-2.06
275	11.22	9.25	-2.05
276	11.26	9.2	-2.03
277	11.3	9.14	-2
278	11.34	9.11	-2.01
279	11.38	9.09	-2.01
280	11.42	9.1	-1.98
281	11.46	9.12	-1.97
282	11.5	9.14	-1.95
283	11.54	9.16	-1.94
284	11.58	9.17	-1.95
285	11.62	9.19	-1.96
286	11.66	9.2	-1.98
287	11.7	9.22	-1.98
288	11.74	9.25	-1.99
289	11.78	9.27	-1.98
290	11.82	9.28	-1.96
291	11.86	9.28	-1.95
292	11.9	9.26	-1.92
293	11.94	9.23	-1.91
294	11.98	9.21	-1.91
295	12.02	9.19	-1.9
296	12.06	9.17	-1.91
297	12.1	9.18	-1.91
298	12.14	9.18	-1.92
299	12.18	9.17	-1.92
300	12.22	9.17	-1.94
301	12.26	9.17	-1.94
302	12.3	9.16	-1.94
303	12.34	9.16	-1.93
304	12.38	9.17	-1.92
305	12.42	9.17	-1.91
306	12.46	9.15	-1.92
307	12.5	9.14	-1.92
308	12.54	9.13	-1.93
309	12.58	9.11	-1.93
310	12.62	9.1	-1.94
311	12.66	9.1	-1.94
312	12.7	9.08	-1.94
313	12.74	9.07	-1.95
314	12.78	9.05	-1.95
315	12.82	9.01	-1.95
316	12.86	9	-1.94
317	12.9	8.98	-1.92
318	12.94	8.98	-1.92
319	12.98	8.98	-1.91
320	13.02	8.99	-1.91
321	13.06	8.99	-1.91
322	13.1	9	-1.91
323	13.14	9.01	-1.91
324	13.18	9.02	-1.93
325	13.22	9.03	-1.93
326	13.26	9.05	-1.93
327	13.3	9.07	-1.92
328	13.34	9.08	-1.92
329	13.38	9.1	-1.91
330	13.42	9.1	-1.91
331	13.46	9.1	-1.92
332	13.5	9.11	-1.92
333	13.54	9.1	-1.92
334	13.58	9.09	-1.92
335	13.62	9.09	-1.92
336	13.66	9.09	-1.92
337	13.7	9.06	-1.93
338	13.74	9.04	-1.93
339	13.78	9.03	-1.94
340	13.82	9.02	-1.95
341	13.86	9.04	-1.94
342	13.9	9.06	-1.95
343	13.94	9.07	-1.97
344	13.98	9.08	-2
345	14.02	9.08	-2.02
346	14.06	9.08	-2.04
347	14.1	9.07	-2.07
348	14.14	9.05	-2.11
349	14.18	9.04	-2.13
350	14.22	9.02	-2.14
351	14.26	9.01	-2.13
352	14.3	8.98	-2.12
353	14.34	8.94	-2.1
354	14.38	8.9	-2.07
355	14.42	8.86	-2.02
356	14.46	8.84	-1.95
357	14.5	8.82	-1.88
358	14.54	8.78	-1.83
359	14.58	8.74	-1.79
360	14.62	8.7	-1.76
361	14.66	8.67	-1.73
362	14.7	8.66	-1.7
363	14.74	8.68	-1.67
364	14.78	8.72	-1.62
365	14.82	8.76	-1.56
366	14.86	8.81	-1.49
367	14.9	8.85	-1.42
368	14.94	8.87	-1.37
369	14.98	8.9	-1.31
370	15.02	8.9	-1.27
371	15.06	8.9	-1.23
372	15.1	8.89	-1.2
373	15.14	8.89	-1.18
374	15.18	8.89	-1.16
375	15.22	8.9	-1.16
376	15.26	8.91	-1.2
377	15.3	8.93	-1.25
378	15.34	8.93	-1.32
379	15.38	8.94	-1.4
380	15.42	8.96	-1.49
381	15.46	8.96	-1.62
382	15.5	8.96	-1.75
383	15.54	8.93	-1.86
384	15.58	8.9	-1.96
385	15.62	8.86	-2.02
386	15.66	8.85	-2.08
387	15.7	8.85	-2.15
388	15.74	8.85	-2.23
389	15.78	8.86	-2.33
390	15.82	8.87	-2.42
391	15.86	8.88	-2.52
392	15.9	8.86	-2.64
393	15.94	8.85	-2.75
394	15.98	8.84	-2.86
395	16.02	8.82	-2.95
396	16.06	8.82	-3.01
397	16.1	8.81	-3.08
398	16.14	8.79	-3.15
399	16.18	8.79	-3.23
400	16.22	8.77	-3.31
401	16.26	8.76	-3.38
402	16.3	8.72	-3.44
403	16.34	8.65	-3.45
404	16.38	8.56	-3.46
405	16.42	8.47	-3.45
406	16.46	8.43	-3.42
407	16.5	8.43	-3.4
408	16.54	8.47	-3.36
409	16.58	8.54	-3.32
410	16.62	8.59	-3.28
411	16.66	8.63	-3.23
412	16.7	8.65	-3.2
413	16.74	8.65	-3.18
414	16.78	8.64	-3.18
415	16.82	8.61	-3.19
416	16.86	8.59	-3.18
417	16.9	8.6	-3.17
418	16.94	8.6	-3.15
419	16.98	8.63	-3.15
420	17.02	8.63	-3.16
421	17.06	8.63	-3.16
422	17.1	8.61	-3.18
423	17.14	8.59	-3.19
424	17.18	8.58	-3.2
425	17.22	8.55	-3.23
426	17.26	8.53	-3.23
427	17.3	8.51	-3.23
428	17.34	8.49	-3.23
429	17.38	8.49	-3.22
430	17.42	8.51	-3.2
431	17.46	8.55	-3.2
432	17.5	8.58	-3.2
433	17.54	8.61	-3.19
434	17.58	8.63	-3.19
435	17.62	8.64	-3.17
436	17.66	8.63	-3.18
437	17.7	8.62	-3.18
438	17.74	8.61	-3.2
439	17.78	8.6	-3.21
440	17.82	8.61	-3.23
441	17.86	8.62	-3.24
442	17.9	8.62	-3.26
443	17.94	8.64	-3.29
444	17.98	8.63	-3.3
445	18.02	8.61	-3.34
446	18.06	8.62	-3.38
447	18.1	8.63	-3.42
448	18.14	8.66	-3.46
449	18.18	8.71	-3.49
450	18.22	8.73	-3.52
451	18.26	8.75	-3.55
452	18.3	8.74	-3.58
453	18.34	8.73	-3.6
454	18.38	8.73	-3.62
455	18.42	8.73	-3.64
456	18.46	8.75	-3.66
457	18.5	8.77	-3.67
458	18.54	8.81	-3.67
459	18.57	8.84	-3.68
460	18.61	8.85	-3.68
461	18.65	8.88	-3.7
462	18.69	8.87	-3.69
463	18.74	8.88	-3.68
464	18.78	8.89	-3.68
465	18.81	8.88	-3.66
466	18.85	8.89	-3.64
467	18.89	8.88	-3.64
468	18.93	8.86	-3.62
469	18.97	8.82	-3.61
470	19.01	8.78	-3.61
471	19.05	8.76	-3.59
472	19.09	8.74	-3.59
473	19.13	8.71	-3.59
474	19.17	8.7	-3.58
475	19.21	8.68	-3.57
476	19.25	8.66	-3.57
477	19.29	8.67	-3.56
478	19.34	8.67	-3.55
479	19.37	8.69	-3.55
480	19.42	8.71	-3.55
481	19.45	8.72	-3.55
482	19.49	8.73	-3.56
483	19.53	8.73	-3.57
484	19.57	8.74	-3.58
485	19.61	8.76	-3.58
486	19.66	8.79	-3.58
487	19.69	8.81	-3.58
488	19.74	8.84	-3.57
489	19.77	8.85	-3.56
490	19.81	8.85	-3.56
491	19.85	8.86	-3.56
492	19.89	8.85	-3.56
493	19.93	8.88	-3.54
494	19.97	8.85	-3.49
495	20.01	8.82	-3.43
496	20.05	8.81	-3.38
497	20.09	8.77	-3.34
498	20.13	8.79	-3.33
499	20.17	8.81	-3.32
500	20.21	8.81	-3.32
501	20.25	8.82	-3.33
502	20.29	8.82	-3.33
503	20.33	8.81	-3.35
504	20.37	8.81	-3.36
505	20.41	8.8	-3.37
506	20.45	8.76	-3.38
507	20.49	8.72	-3.39
508	20.53	8.66	-3.39
509	20.57	8.57	-3.39
510	20.61	8.51	-3.38
511	20.65	8.44	-3.36
512	20.69	8.38	-3.32
513	20.73	8.35	-3.28
514	20.77	8.32	-3.26
515	20.81	8.32	-3.24
516	20.85	8.33	-3.23
517	20.89	8.37	-3.23
518	20.93	8.41	-3.25
519	20.97	8.44	-3.27
520	21.01	8.49	-3.31
521	21.05	8.52	-3.35
522	21.09	8.54	-3.4
523	21.13	8.55	-3.43
524	21.17	8.52	-3.46
525	21.21	8.47	-3.48
526	21.25	8.43	-3.5
527	21.29	8.39	-3.54
528	21.33	8.38	-3.59
529	21.37	8.37	-3.66
530	21.41	8.36	-3.73
531	21.45	8.35	-3.81
532	21.49	8.33	-3.87
533	21.53	8.32	-3.91
534	21.57	8.31	-3.94
535	21.61	8.32	-3.95
536	21.65	8.33	-3.95
537	21.69	8.33	-3.94
538	21.73	8.34	-3.96
539	21.77	8.33	-3.96
540	21.81	8.33	-3.97
541	21.85	8.31	-3.96
542	21.89	8.29	-3.95
543	21.93	8.27	-3.94
544	21.97	8.26	-3.91
545	22.01	8.26	-3.87
546	22.05	8.26	-3.83
547	22.09	8.26	-3.79
548	22.13	8.26	-3.78
549	22.17	8.26	-3.75
550	22.21	8.27	-3.75
551	22.25	8.29	-3.75
552	22.29	8.3	-3.75
553	22.33	8.31	-3.77
554	22.37	8.31	-3.79
555	22.41	8.3	-3.81
556	22.45	8.29	-3.83
557	22.49	8.29	-3.85
558	22.53	8.29	-3.86
559	22.57	8.29	-3.88
560	22.61	8.28	-3.91
561	22.65	8.3	-3.94
562	22.69	8.29	-3.95
563	22.73	8.29	-3.97
564	22.77	8.28	-4
565	22.81	8.26	-4.03
566	22.85	8.26	-4.05
567	22.89	8.26	-4.06
568	22.93	8.28	-4.05
569	22.97	8.3	-4.02
570	23.01	8.33	-4.02
571	23.05	8.33	-4.01
572	23.09	8.35	-4
573	23.13	8.32	-4
574	23.17	8.3	-3.99
575	23.21	8.31	-3.99
576	23.25	8.3	-3.98
577	23.29	8.31	-3.97
578	23.33	8.34	-3.97
579	23.37	8.34	-3.96
580	23.41	8.33	-3.95
581	23.45	8.34	-3.94
582	23.49	8.31	-3.93
583	23.53	8.32	-3.94
584	23.57	8.32	-3.95
585	23.61	8.32	-3.94
586	23.65	8.32	-3.93
587	23.69	8.32	-3.91
588	23.73	8.32	-3.88
589	23.77	8.33	-3.88
590	23.81	8.33	-3.88
591	23.85	8.33	-3.88
592	23.89	8.32	-3.88
593	23.93	8.31	-3.89
594	23.97	8.31	-3.9
595	24.01	8.3	-3.91
596	24.05	8.3	-3.92
597	24.09	8.29	-3.93
598	24.13	8.29	-3.93
599	24.17	8.28	-3.94
600	24.21	8.29	-3.93
601	24.25	8.3	-3.92
602	24.29	8.31	-3.92
603	24.33	8.31	-3.91
604	24.37	8.31	-3.92
605	24.41	8.3	-3.93
606	24.45	8.31	-3.95
607	24.49	8.33	-3.98
608	24.53	8.36	-4
609	24.57	8.39	-4.01
610	24.61	8.41	-4.01
611	24.65	8.42	-4.01
612	24.69	8.42	-4.01
613	24.73	8.42	-4.01
614	24.77	8.41	-4.02
615	24.81	8.4	-4.03
616	24.85	8.4	-4.03
617	24.89	8.39	-4.04
618	24.93	8.4	-4.04
619	24.97	8.4	-4.03
620	25.01	8.4	-4.01
621	25.05	8.4	-4.01
622	25.09	8.39	-4.01
623	25.13	8.39	-4.01
624	25.17	8.39	-4.02
625	25.21	8.38	-4.02
626	25.25	8.38	-4.02
627	25.29	8.38	-4.02
628	25.33	8.38	-4.02
629	25.37	8.39	-4.02
630	25.41	8.4	-4.02
631	25.45	8.39	-4.02
632	25.49	8.39	-4.03
633	25.53	8.38	-4.04
634	25.57	8.38	-4.04
635	25.61	8.39	-4.04
636	25.65	8.39	-4.04
637	25.69	8.39	-4.04
638	25.73	8.39	-4.04
639	25.77	8.39	-4.05
640	25.81	8.39	-4.05
641	25.85	8.38	-4.05
642	25.89	8.38	-4.05
643	25.93	8.37	-4.05
644	25.97	8.37	-4.05
645	26.01	8.37	-4.05
646	26.05	8.37	-4.05
647	26.09	8.38	-4.05
648	26.13	8.38	-4.05
649	26.17	8.39	-4.05
650	26.21	8.4	-4.06
651	26.25	8.41	-4.07
652	26.29	8.43	-4.08
653	26.33	8.45	-4.07
654	26.37	8.47	-4.06
655	26.41	8.47	-4.05
656	26.45	8.48	-4.04
657	26.49	8.47	-4.05
658	26.53	8.47	-4.06
659	26.57	8.48	-4.06
660	26.61	8.47	-4.07
661	26.65	8.48	-4.05
662	26.69	8.48	-4.04
663	26.73	8.47	-4.03
664	26.77	8.47	-4.02
665	26.81	8.46	-4.04
666	26.85	8.45	-4.04
667	26.89	8.45	-4.04
668	26.93	8.45	-4.04
669	26.97	8.45	-4.03
670	27.01	8.45	-4.03
671	27.05	8.47	-4.03
672	27.09	8.47	-4.03
673	27.13	8.47	-4.02
674	27.17	8.47	-4.03
675	27.21	8.46	-4.02
676	27.25	8.46	-4.01
677	27.29	8.46	-4.02
678	27.33	8.46	-4.01
679	27.37	8.47	-4.02
680	27.41	8.46	-4.03
681	27.45	8.45	-4.03
682	27.49	8.45	-4.04
683	27.53	8.44	-4.04
684	27.57	8.44	-4.04
685	27.61	8.45	-4.05
686	27.65	8.45	-4.04
687	27.69	8.45	-4.04
688	27.73	8.45	-4.04
689	27.77	8.45	-4.03
690	27.81	8.45	-4.03
691	27.85	8.45	-4.03
692	27.89	8.45	-4.03
693	27.93	8.45	-4.04
694	27.97	8.44	-4.05
695	28.01	8.44	-4.05
696	28.05	8.44	-4.05
697	28.09	8.45	-4.04
698	28.13	8.45	-4.04
699	28.17	8.45	-4.03
700	28.21	8.45	-4.03
701	28.25	8.45	-4.03
702	28.29	8.45	-4.04
703	28.33	8.44	-4.03
704	28.37	8.44	-4.04
705	28.41	8.44	-4.03
706	28.45	8.44	-4.02
707	28.49	8.44	-4.02
708	28.53	8.44	-4.02
709	28.57	8.44	-4.04
710	28.61	8.43	-4.06
711	28.65	8.43	-4.07
712	28.69	8.42	-4.07
713	28.73	8.43	-4.05
714	28.77	8.43	-4.05
715	28.81	8.43	-4.05
716	28.85	8.43	-4.06
717	28.89	8.43	-4.09
718	28.93	8.43	-4.09
719	28.97	8.43	-4.08
720	29.01	8.43	-4.08
721	29.05	8.44	-4.06
722	29.09	8.45	-4.06
723	29.13	8.44	-4.05
724	29.17	8.45	-4.04
725	29.21	8.44	-4.04
726	29.25	8.44	-4.03
727	29.29	8.45	-4.02
728	29.33	8.45	-4.05
729	29.37	8.44	-4.06
730	29.41	8.42	-4.08
731	29.45	8.39	-4.11
732	29.49	8.36	-4.12
733	29.53	8.33	-4.14
734	29.57	8.31	-4.16
735	29.61	8.28	-4.2
736	29.65	8.25	-4.22
737	29.69	8.23	-4.23
738	29.73	8.2	-4.23
739	29.77	8.19	-4.22
740	29.81	8.2	-4.21
741	29.85	8.2	-4.21
742	29.89	8.19	-4.2
743	29.93	8.17	-4.19
744	29.97	8.14	-4.18
745	30.01	8.08	-4.17
746	30.05	8	-4.18
747	30.09	7.93	-4.19
748	30.13	7.87	-4.19
749	30.17	7.83	-4.2
750	30.21	7.81	-4.19
751	30.25	7.79	-4.18
752	30.29	7.79	-4.17
753	30.33	7.78	-4.17
754	30.37	7.77	-4.17
755	30.41	7.75	-4.18
756	30.45	7.75	-4.18
757	30.49	7.75	-4.19
758	30.53	7.75	-4.18
759	30.57	7.77	-4.18
760	30.61	7.77	-4.17
761	30.65	7.78	-4.16
762	30.69	7.79	-4.16
763	30.73	7.79	-4.16
764	30.77	7.8	-4.15
765	30.81	7.8	-4.14
766	30.85	7.79	-4.15
767	30.89	7.79	-4.15
768	30.93	7.79	-4.15
769	30.97	7.79	-4.15
770	31.01	7.79	-4.13
771	31.05	7.79	-4.13
772	31.09	7.79	-4.14
773	31.13	7.79	-4.14
774	31.17	7.8	-4.14
775	31.21	7.8	-4.14
776	31.25	7.8	-4.13
777	31.29	7.8	-4.15
778	31.33	7.81	-4.14
779	31.37	7.82	-4.14
780	31.41	7.82	-4.14
781	31.45	7.83	-4.13
782	31.49	7.83	-4.14
783	31.53	7.83	-4.15
784	31.57	7.82	-4.16
785	31.61	7.82	-4.16
786	31.65	7.82	-4.15
787	31.69	7.81	-4.16
788	31.73	7.81	-4.16
789	31.77	7.79	-4.17
790	31.81	7.76	-4.18
791	31.85	7.75	-4.17
792	31.89	7.74	-4.17
793	31.93	7.73	-4.16
794	31.97	7.73	-4.16
795	32.01	7.73	-4.16
796	32.05	7.73	-4.17
797	32.09	7.73	-4.18
798	32.13	7.73	-4.2
799	32.17	7.72	-4.22
800	32.21	7.73	-4.22
801	32.25	7.75	-4.21
802	32.29	7.79	-4.19
803	32.33	7.83	-4.18
804	32.37	7.87	-4.17
805	32.41	7.91	-4.16
806	32.45	7.95	-4.15
807	32.49	8	-4.14
808	32.53	8.06	-4.14
809	32.57	8.11	-4.15
810	32.61	8.15	-4.15
811	32.65	8.16	-4.16
812	32.69	8.17	-4.16
813	32.73	8.17	-4.15
814	32.77	8.17	-4.16
815	32.81	8.19	-4.15
816	32.85	8.18	-4.15
817	32.89	8.19	-4.15
818	32.93	8.21	-4.14
819	32.97	8.21	-4.14
820	33.01	8.22	-4.12
821	33.05	8.2	-4.12
822	33.09	8.16	-4.12
823	33.13	8.13	-4.13
824	33.17	8.08	-4.13
825	33.21	8.03	-4.14
826	33.25	7.99	-4.15
827	33.29	7.95	-4.16
828	33.33	7.92	-4.18
829	33.37	7.92	-4.19
830	33.41	7.92	-4.2
831	33.45	7.91	-4.19
832	33.49	7.92	-4.17
833	33.53	7.94	-4.16
834	33.57	7.95	-4.14
835	33.61	7.97	-4.12
836	33.65	7.98	-4.14
837	33.69	7.99	-4.13
838	33.73	8.02	-4.15
839	33.77	8.05	-4.17
840	33.81	8.07	-4.19
841	33.85	8.09	-4.22
842	33.89	8.09	-4.23
843	33.93	8.1	-4.22
844	33.97	8.11	-4.21
845	34.01	8.11	-4.22
846	34.05	8.11	-4.23
847	34.09	8.12	-4.25
848	34.13	8.1	-4.28
849	34.17	8.07	-4.32
850	34.21	8.02	-4.35
851	34.25	7.95	-4.39
852	34.29	7.9	-4.42
853	34.33	7.85	-4.45
854	34.37	7.83	-4.46
855	34.41	7.81	-4.46
856	34.45	7.79	-4.44
857	34.49	7.78	-4.39
858	34.53	7.75	-4.34
859	34.57	7.71	-4.29
860	34.61	7.67	-4.28
861	34.65	7.64	-4.25
862	34.69	7.59	-4.23
863	34.73	7.57	-4.2
864	34.77	7.53	-4.16
865	34.81	7.49	-4.13
866	34.85	7.46	-4.07
867	34.89	7.42	-4.01
868	34.93	7.39	-3.96
869	34.97	7.36	-3.9
870	35.01	7.32	-3.84
871	35.05	7.25	-3.79
872	35.09	7.18	-3.77
873	35.13	7.11	-3.76
874	35.17	7.02	-3.77
875	35.21	6.93	-3.8
876	35.25	6.8	-3.78
877	35.29	6.64	-3.76
878	35.33	6.51	-3.75
879	35.37	6.42	-3.73
880	35.41	6.37	-3.72
881	35.45	6.35	-3.72
882	35.49	6.33	-3.7
883	35.53	6.3	-3.66
884	35.57	6.25	-3.63
885	35.61	6.18	-3.59
886	35.65	6.1	-3.53
887	35.69	6.04	-3.5
888	35.73	5.99	-3.44
889	35.77	5.96	-3.37
890	35.81	5.94	-3.31
891	35.85	5.92	-3.25
892	35.89	5.9	-3.21
893	35.93	5.85	-3.19
894	35.97	5.77	-3.15
895	36.01	5.64	-3.12
896	36.05	5.52	-3.11
897	36.09	5.39	-3.09
898	36.13	5.27	-3.09
899	36.17	5.15	-3.07
900	36.21	5.01	-3.04
901	36.25	4.85	-3.01
902	36.29	4.66	-2.93
903	36.33	4.46	-2.86
904	36.37	4.23	-2.78
905	36.41	4.06	-2.73
906	36.45	3.96	-2.69
907	36.49	3.91	-2.65
908	36.53	3.9	-2.6
909	36.57	3.85	-2.53
910	36.61	3.79	-2.48
911	36.65	3.73	-2.42
912	36.69	3.69	-2.39
913	36.73	3.65	-2.37
914	36.77	3.61	-2.35
915	36.81	3.57	-2.32
916	36.85	3.52	-2.28
917	36.89	3.47	-2.24
918	36.93	3.41	-2.21
919	36.97	3.38	-2.19
920	37.01	3.36	-2.17
921	37.05	3.37	-2.17
922	37.09	3.39	-2.18
923	37.13	3.35	-2.19
924	37.17	3.33	-2.23
925	37.21	3.28	-2.26
926	37.25	3.26	-2.29
927	37.29	3.27	-2.33
928	37.33	3.26	-2.37
929	37.37	3.28	-2.42
930	37.41	3.29	-2.48
931	37.45	3.31	-2.54
932	37.49	3.31	-2.62
933	37.53	3.3	-2.67
934	37.57	3.29	-2.69
935	37.61	3.28	-2.69
936	37.65	3.32	-2.69
937	37.69	3.33	-2.71
938	37.73	3.34	-2.74
939	37.77	3.34	-2.76
940	37.81	3.3	-2.77
941	37.85	3.27	-2.77
942	37.89	3.27	-2.75
943	37.93	3.26	-2.75
944	37.97	3.26	-2.72
945	38.01	3.3	-2.69
946	38.05	3.33	-2.65
947	38.09	3.37	-2.6
948	38.13	3.42	-2.55
949	38.17	3.44	-2.52
950	38.21	3.46	-2.48
951	38.25	3.5	-2.45
952	38.29	3.52	-2.43
953	38.33	3.55	-2.4
954	38.37	3.58	-2.4
955	38.41	3.6	-2.39
956	38.45	3.62	-2.39
957	38.49	3.63	-2.38
958	38.53	3.65	-2.37
959	38.57	3.66	-2.37
960	38.61	3.68	-2.36
961	38.65	3.7	-2.35
962	38.69	3.71	-2.35
963	38.73	3.73	-2.36
964	38.77	3.75	-2.38
965	38.81	3.75	-2.38
966	38.85	3.75	-2.38
967	38.89	3.73	-2.36
968	38.93	3.71	-2.34
969	38.97	3.69	-2.33
970	39.01	3.68	-2.32
971	39.05	3.64	-2.29
972	39.09	3.6	-2.26
973	39.13	3.54	-2.21
974	39.17	3.49	-2.16
975	39.21	3.44	-2.12
976	39.25	3.39	-2.07
977	39.29	3.37	-2.03
978	39.33	3.33	-1.98
979	39.37	3.32	-1.94
980	39.41	3.32	-1.93
981	39.45	3.31	-1.93
982	39.49	3.32	-1.95
983	39.53	3.33	-1.98
984	39.57	3.33	-2.02
985	39.61	3.34	-2.06
986	39.65	3.37	-2.11
987	39.69	3.41	-2.15
988	39.73	3.43	-2.19
989	39.77	3.46	-2.21
990	39.81	3.48	-2.22
991	39.85	3.48	-2.22
992	39.89	3.5	-2.22
993	39.93	3.51	-2.24
994	39.97	3.53	-2.26
995	40.01	3.55	-2.28
996	40.05	3.57	-2.3
997	40.09	3.59	-2.32
998	40.13	3.61	-2.32
999	40.17	3.62	-2.32
1000	40.21	3.64	-2.33
1001	40.25	3.66	-2.34
1002	40.29	3.67	-2.35
1003	40.33	3.68	-2.36
1004	40.37	3.69	-2.36
1005	40.41	3.68	-2.36
1006	40.45	3.68	-2.35
1007	40.49	3.68	-2.35
1008	40.53	3.67	-2.36
1009	40.57	3.68	-2.37
1010	40.61	3.67	-2.38
1011	40.65	3.67	-2.38
1012	40.69	3.67	-2.38
1013	40.73	3.68	-2.39
1014	40.77	3.68	-2.39
1015	40.81	3.68	-2.4
1016	40.85	3.68	-2.4
1017	40.89	3.68	-2.41
1018	40.93	3.67	-2.41
1019	40.97	3.67	-2.41
1020	41.01	3.67	-2.41
1021	41.05	3.67	-2.41
1022	41.09	3.66	-2.41
1023	41.13	3.66	-2.41
1024	41.17	3.66	-2.41
1025	41.21	3.66	-2.41
1026	41.25	3.66	-2.4
1027	41.29	3.66	-2.4
1028	41.33	3.66	-2.41
1029	41.37	3.67	-2.42
1030	41.41	3.68	-2.43
1031	41.45	3.68	-2.44
1032	41.49	3.68	-2.44
1033	41.53	3.68	-2.44
1034	41.57	3.68	-2.44
1035	41.61	3.68	-2.44
1036	41.65	3.68	-2.44
1037	41.69	3.69	-2.44
1038	41.73	3.69	-2.44
1039	41.77	3.69	-2.45
1040	41.81	3.69	-2.45
1041	41.85	3.69	-2.45
1042	41.89	3.7	-2.45
1043	41.93	3.71	-2.46
1044	41.97	3.71	-2.47
1045	42.01	3.72	-2.47
1046	42.05	3.72	-2.47
1047	42.09	3.72	-2.47
1048	42.13	3.73	-2.47
1049	42.17	3.73	-2.48
1050	42.21	3.73	-2.48
1051	42.25	3.73	-2.48
1052	42.29	3.72	-2.47
1053	42.33	3.73	-2.48
1054	42.37	3.72	-2.47
1055	42.41	3.72	-2.46
1056	42.45	3.73	-2.47
1057	42.49	3.74	-2.48
1058	42.53	3.77	-2.52
1059	42.57	3.81	-2.57
1060	42.61	3.84	-2.64
1061	42.65	3.88	-2.7
1062	42.69	3.91	-2.75
1063	42.73	3.93	-2.78
1064	42.77	3.95	-2.77
1065	42.81	3.97	-2.74
1066	42.85	3.97	-2.71
1067	42.89	3.99	-2.68
1068	42.93	4	-2.66
1069	42.97	4	-2.66
1070	43.01	4.02	-2.64
1071	43.05	4.03	-2.62
1072	43.09	4.03	-2.6
1073	43.13	4.04	-2.59
1074	43.17	4.04	-2.59
1075	43.21	4.03	-2.58
1076	43.25	4.02	-2.58
1077	43.29	4.01	-2.57
1078	43.33	4.01	-2.55
1079	43.37	4	-2.54
1080	43.41	4	-2.53
1081	43.45	4.01	-2.51
1082	43.49	4.01	-2.51
1083	43.53	4	-2.5
1084	43.57	3.97	-2.49
1085	43.61	3.93	-2.46
1086	43.65	3.91	-2.43
1087	43.69	3.88	-2.41
1088	43.73	3.87	-2.38
1089	43.77	3.86	-2.38
1090	43.81	3.85	-2.38
1091	43.85	3.83	-2.38
1092	43.89	3.82	-2.4
1093	43.93	3.81	-2.39
1094	43.97	3.8	-2.38
1095	44.01	3.8	-2.39
1096	44.05	3.81	-2.38
1097	44.09	3.8	-2.38
1098	44.13	3.8	-2.38
1099	44.17	3.79	-2.38
1100	44.21	3.79	-2.39
1101	44.25	3.78	-2.39
1102	44.29	3.79	-2.4
1103	44.33	3.8	-2.42
1104	44.37	3.81	-2.42
1105	44.41	3.82	-2.43
1106	44.45	3.82	-2.43
1107	44.49	3.81	-2.43
1108	44.53	3.8	-2.44
1109	44.57	3.8	-2.44
1110	44.61	3.81	-2.44
1111	44.65	3.81	-2.45
1112	44.69	3.82	-2.45
1113	44.73	3.83	-2.45
1114	44.77	3.83	-2.46
1115	44.81	3.83	-2.45
1116	44.85	3.83	-2.44
1117	44.89	3.84	-2.44
1118	44.93	3.85	-2.43
1119	44.97	3.85	-2.43
1120	45.01	3.86	-2.43
1121	45.05	3.85	-2.42
1122	45.09	3.82	-2.41
1123	45.13	3.81	-2.4
1124	45.17	3.81	-2.39
1125	45.21	3.8	-2.38
1126	45.25	3.81	-2.39
1127	45.29	3.8	-2.39
1128	45.33	3.79	-2.4
1129	45.37	3.79	-2.41
1130	45.41	3.78	-2.4
1131	45.45	3.77	-2.4
1132	45.49	3.77	-2.39
1133	45.53	3.76	-2.38
1134	45.57	3.76	-2.37
1135	45.61	3.77	-2.36
1136	45.65	3.76	-2.35
1137	45.69	3.77	-2.36
1138	45.73	3.76	-2.37
1139	45.77	3.75	-2.38
1140	45.81	3.75	-2.38
1141	45.85	3.74	-2.38
1142	45.89	3.74	-2.38
1143	45.93	3.75	-2.38
1144	45.97	3.74	-2.38
1145	46.01	3.75	-2.39
1146	46.05	3.75	-2.4
1147	46.09	3.75	-2.41
1148	46.13	3.76	-2.42
1149	46.17	3.77	-2.43
1150	46.21	3.77	-2.42
1151	46.25	3.76	-2.42
1152	46.29	3.76	-2.42
1153	46.33	3.76	-2.41
1154	46.37	3.76	-2.42
1155	46.41	3.76	-2.41
1156	46.45	3.76	-2.42
1157	46.49	3.76	-2.43
1158	46.53	3.76	-2.43
1159	46.57	3.75	-2.43
1160	46.61	3.75	-2.43
1161	46.65	3.74	-2.42
1162	46.69	3.74	-2.42
1163	46.73	3.75	-2.42
1164	46.77	3.75	-2.42
1165	46.81	3.76	-2.42
1166	46.85	3.76	-2.43
1167	46.89	3.76	-2.43
1168	46.93	3.76	-2.43
1169	46.97	3.76	-2.43
1170	47.01	3.76	-2.44
1171	47.05	3.75	-2.44
1172	47.09	3.76	-2.44
1173	47.13	3.77	-2.44
1174	47.17	3.77	-2.44
1175	47.21	3.77	-2.44
1176	47.25	3.78	-2.45
1177	47.29	3.78	-2.46
1178	47.33	3.79	-2.46
1179	47.37	3.79	-2.47
1180	47.41	3.79	-2.47
1181	47.45	3.79	-2.47
1182	47.49	3.8	-2.47
1183	47.53	3.81	-2.48
1184	47.57	3.83	-2.47
1185	47.61	3.84	-2.47
1186	47.65	3.85	-2.46
1187	47.69	3.86	-2.46
1188	47.73	3.85	-2.46
1189	47.77	3.85	-2.46
1190	47.81	3.84	-2.46
1191	47.85	3.85	-2.46
1192	47.89	3.85	-2.46
1193	47.93	3.85	-2.45
1194	47.97	3.85	-2.46
1195	48.01	3.84	-2.45
1196	48.05	3.84	-2.46
1197	48.09	3.85	-2.45
1198	48.13	3.84	-2.46
1199	48.17	3.85	-2.45
1200	48.21	3.85	-2.45
1201	48.25	3.84	-2.46
1202	48.29	3.84	-2.46
1203	48.33	3.84	-2.46
1204	48.37	3.84	-2.46
1205	48.41	3.85	-2.46
1206	48.45	3.85	-2.46
1207	48.49	3.85	-2.47
1208	48.53	3.86	-2.49
1209	48.57	3.9	-2.51
1210	48.61	3.95	-2.54
1211	48.65	4.02	-2.55
1212	48.69	4.08	-2.53
1213	48.73	4.14	-2.49
1214	48.77	4.17	-2.43
1215	48.81	4.18	-2.38
1216	48.85	4.18	-2.35
1217	48.89	4.18	-2.33
1218	48.93	4.18	-2.31
1219	48.97	4.18	-2.3
1220	49.01	4.17	-2.28
1221	49.05	4.16	-2.26
1222	49.09	4.16	-2.24
1223	49.13	4.16	-2.23
1224	49.17	4.17	-2.22
1225	49.21	4.18	-2.22
1226	49.25	4.21	-2.22
1227	49.29	4.22	-2.21
1228	49.33	4.24	-2.19
1229	49.37	4.25	-2.17
1230	49.41	4.26	-2.17
1231	49.45	4.26	-2.15
1232	49.49	4.27	-2.15
1233	49.53	4.27	-2.14
1234	49.57	4.27	-2.14
1235	49.61	4.28	-2.15
1236	49.65	4.27	-2.17
1237	49.69	4.26	-2.18
1238	49.73	4.26	-2.19
1239	49.77	4.26	-2.2
1240	49.81	4.27	-2.2
1241	49.85	4.29	-2.21
1242	49.89	4.31	-2.23
1243	49.93	4.32	-2.23
1244	49.97	4.32	-2.23
1245	50.01	4.33	-2.25
1246	50.05	4.32	-2.27
1247	50.09	4.33	-2.31
1248	50.13	4.32	-2.34
1249	50.17	4.32	-2.36
1250	50.21	4.31	-2.35
1251	50.25	4.31	-2.34
1252	50.29	4.32	-2.33
1253	50.33	4.32	-2.33
1254	50.37	4.33	-2.34
1255	50.41	4.33	-2.35
1256	50.45	4.32	-2.35
1257	50.49	4.33	-2.35
1258	50.53	4.32	-2.34
1259	50.57	4.32	-2.34
1260	50.61	4.31	-2.34
1261	50.65	4.3	-2.33
1262	50.69	4.31	-2.34
1263	50.73	4.31	-2.34
1264	50.77	4.32	-2.34
1265	50.81	4.32	-2.34
1266	50.85	4.31	-2.34
1267	50.89	4.32	-2.35
1268	50.93	4.31	-2.36
1269	50.97	4.3	-2.35
1270	51.01	4.28	-2.35
1271	51.05	4.27	-2.34
1272	51.09	4.27	-2.34
1273	51.13	4.28	-2.33
1274	51.17	4.3	-2.34
1275	51.21	4.31	-2.34
1276	51.25	4.32	-2.35
1277	51.29	4.32	-2.36
1278	51.33	4.31	-2.36
1279	51.37	4.31	-2.37
1280	51.41	4.3	-2.36
1281	51.45	4.3	-2.37
1282	51.49	4.3	-2.37
1283	51.53	4.31	-2.38
1284	51.57	4.31	-2.38
1285	51.61	4.31	-2.38
1286	51.65	4.32	-2.37
1287	51.69	4.33	-2.38
1288	51.73	4.36	-2.4
1289	51.77	4.4	-2.43
1290	51.81	4.44	-2.47
1291	51.85	4.48	-2.49
1292	51.89	4.5	-2.5
1293	51.93	4.51	-2.5
1294	51.97	4.52	-2.51
1295	52.01	4.52	-2.51
1296	52.05	4.54	-2.53
1297	52.09	4.55	-2.54
1298	52.13	4.55	-2.54
1299	52.17	4.54	-2.55
1300	52.21	4.52	-2.53
1301	52.25	4.51	-2.53
1302	52.29	4.51	-2.53
1303	52.33	4.5	-2.53
1304	52.37	4.5	-2.53
1305	52.41	4.49	-2.52
1306	52.45	4.47	-2.5
1307	52.49	4.46	-2.5
1308	52.53	4.43	-2.49
1309	52.57	4.43	-2.48
1310	52.61	4.42	-2.48
1311	52.65	4.42	-2.48
1312	52.69	4.45	-2.49
1313	52.73	4.47	-2.51
1314	52.77	4.51	-2.54
1315	52.81	4.57	-2.57
1316	52.85	4.62	-2.6
1317	52.89	4.67	-2.62
1318	52.93	4.71	-2.61
1319	52.97	4.72	-2.6
1320	53.01	4.73	-2.59
1321	53.05	4.72	-2.58
1322	53.09	4.71	-2.56
1323	53.13	4.69	-2.53
1324	53.17	4.68	-2.5
1325	53.21	4.68	-2.46
1326	53.25	4.69	-2.44
1327	53.29	4.71	-2.45
1328	53.33	4.73	-2.49
1329	53.37	4.75	-2.52
1330	53.41	4.76	-2.56
1331	53.45	4.76	-2.58
1332	53.49	4.77	-2.57
1333	53.53	4.78	-2.57
1334	53.57	4.79	-2.55
1335	53.61	4.82	-2.53
1336	53.65	4.85	-2.5
1337	53.69	4.88	-2.47
1338	53.73	4.9	-2.45
1339	53.77	4.9	-2.43
1340	53.81	4.9	-2.43
1341	53.85	4.9	-2.4
1342	53.89	4.9	-2.38
1343	53.93	4.93	-2.37
1344	53.97	4.97	-2.35
1345	54.01	5.02	-2.34
1346	54.05	5.07	-2.32
1347	54.09	5.11	-2.28
1348	54.13	5.11	-2.26
1349	54.17	5.12	-2.24
1350	54.21	5.12	-2.2
1351	54.25	5.09	-2.15
1352	54.29	5.05	-2.09
1353	54.33	4.99	-2.05
1354	54.37	4.93	-2.03
1355	54.41	4.91	-2.04
1356	54.45	4.89	-2.06
1357	54.49	4.89	-2.07
1358	54.53	4.89	-2.06
1359	54.57	4.9	-2.06
1360	54.61	4.91	-2.07
1361	54.65	4.92	-2.07
1362	54.69	4.92	-2.08
1363	54.73	4.92	-2.08
1364	54.77	4.92	-2.07
1365	54.81	4.91	-2.07
1366	54.85	4.92	-2.06
1367	54.89	4.92	-2.05
1368	54.93	4.92	-2.05
1369	54.97	4.93	-2.06
1370	55.01	4.92	-2.06
1371	55.05	4.92	-2.06
1372	55.09	4.93	-2.06
1373	55.13	4.93	-2.06
1374	55.17	4.93	-2.06
1375	55.21	4.93	-2.06
1376	55.25	4.92	-2.06
1377	55.29	4.91	-2.07
1378	55.33	4.92	-2.06
1379	55.37	4.91	-2.06
1380	55.41	4.91	-2.07
1381	55.45	4.91	-2.07
1382	55.49	4.91	-2.07
1383	55.53	4.91	-2.07
1384	55.57	4.92	-2.07
1385	55.61	4.92	-2.06
1386	55.65	4.92	-2.06
1387	55.69	4.94	-2.05
1388	55.73	4.95	-2.05
1389	55.77	4.98	-2.05
1390	55.81	5.02	-2.04
1391	55.85	5.04	-2.05
1392	55.89	5.06	-2.05
1393	55.93	5.1	-2.04
1394	55.97	5.11	-2.04
1395	56.01	5.12	-2.03
1396	56.05	5.13	-2.04
1397	56.09	5.14	-2.05
1398	56.13	5.15	-2.06
1399	56.17	5.15	-2.08
1400	56.21	5.12	-2.1
1401	56.25	5.07	-2.13
1402	56.29	5.02	-2.18
1403	56.33	4.94	-2.24
1404	56.36	4.91	-2.31
1405	56.4	4.86	-2.38
1406	56.44	4.81	-2.44
1407	56.48	4.78	-2.5
1408	56.52	4.72	-2.55
1409	56.56	4.67	-2.58
1410	56.6	4.63	-2.61
1411	56.64	4.6	-2.64
1412	56.68	4.58	-2.65
1413	56.72	4.57	-2.67
1414	56.76	4.56	-2.67
1415	56.8	4.56	-2.67
1416	56.84	4.57	-2.66
1417	56.89	4.6	-2.65
1418	56.92	4.63	-2.63
1419	56.96	4.67	-2.61
1420	57	4.7	-2.59
1421	57.04	4.69	-2.57
1422	57.09	4.68	-2.55
1423	57.13	4.67	-2.54
1424	57.16	4.67	-2.53
1425	57.2	4.68	-2.53
1426	57.24	4.7	-2.52
1427	57.28	4.73	-2.52
1428	57.32	4.76	-2.52
1429	57.36	4.8	-2.55
1430	57.4	4.83	-2.6
1431	57.44	4.85	-2.68
1432	57.48	4.86	-2.78
1433	57.52	4.86	-2.87
1434	57.56	4.85	-2.95
1435	57.6	4.84	-3.01
1436	57.64	4.83	-3.05
1437	57.68	4.81	-3.07
1438	57.72	4.79	-3.07
1439	57.76	4.77	-3.09
1440	57.8	4.74	-3.1
1441	57.84	4.73	-3.13
1442	57.89	4.72	-3.16
1443	57.92	4.72	-3.17
1444	57.96	4.72	-3.19
1445	58	4.71	-3.19
1446	58.04	4.71	-3.19
1447	58.08	4.71	-3.18
1448	58.12	4.71	-3.17
1449	58.16	4.73	-3.14
1450	58.2	4.74	-3.11
1451	58.24	4.76	-3.09
1452	58.28	4.77	-3.07
1453	58.32	4.79	-3.03
1454	58.36	4.83	-2.97
1455	58.4	4.87	-2.92
1456	58.44	4.92	-2.85
1457	58.48	4.95	-2.81
1458	58.52	4.96	-2.78
1459	58.56	4.94	-2.76
1460	58.6	4.89	-2.74
1461	58.64	4.84	-2.73
1462	58.68	4.78	-2.72
1463	58.72	4.72	-2.71
1464	58.76	4.65	-2.72
1465	58.8	4.6	-2.73
1466	58.84	4.56	-2.74
1467	58.88	4.52	-2.77
1468	58.92	4.49	-2.8
1469	58.96	4.44	-2.84
1470	59	4.4	-2.87
1471	59.04	4.33	-2.88
1472	59.08	4.27	-2.88
1473	59.12	4.21	-2.89
1474	59.16	4.16	-2.89
1475	59.2	4.13	-2.9
1476	59.24	4.1	-2.9
1477	59.28	4.08	-2.89
1478	59.32	4.07	-2.88
1479	59.36	4.08	-2.87
1480	59.4	4.12	-2.86
1481	59.44	4.19	-2.85
1482	59.48	4.28	-2.82
1483	59.52	4.37	-2.8
1484	59.56	4.45	-2.78
1485	59.6	4.53	-2.75
1486	59.64	4.6	-2.73
1487	59.68	4.68	-2.71
1488	59.72	4.73	-2.68
1489	59.76	4.77	-2.67
1490	59.8	4.78	-2.67
1491	59.84	4.75	-2.66
1492	59.88	4.73	-2.65
1493	59.92	4.68	-2.62
1494	59.96	4.63	-2.6
1495	60	4.6	-2.6
1496	60.04	4.56	-2.58
1497	60.08	4.54	-2.58
1498	60.12	4.51	-2.57
1499	60.16	4.49	-2.56
1500	60.2	4.44	-2.56
1501	60.24	4.39	-2.56
1502	60.28	4.34	-2.56
1503	60.32	4.28	-2.56
1504	60.36	4.26	-2.55
1505	60.4	4.24	-2.54
1506	60.44	4.24	-2.55
1507	60.48	4.23	-2.56
1508	60.52	4.22	-2.56
1509	60.56	4.21	-2.57
1510	60.6	4.21	-2.58
1511	60.64	4.22	-2.58
1512	60.68	4.24	-2.58
1513	60.72	4.27	-2.58
1514	60.76	4.29	-2.58
1515	60.8	4.32	-2.58
1516	60.84	4.35	-2.58
1517	60.88	4.38	-2.59
1518	60.92	4.42	-2.58
1519	60.96	4.45	-2.58
1520	61	4.47	-2.58
1521	61.04	4.5	-2.57
1522	61.08	4.52	-2.56
1523	61.12	4.56	-2.55
1524	61.16	4.61	-2.53
1525	61.2	4.66	-2.5
1526	61.24	4.7	-2.48
1527	61.28	4.74	-2.45
1528	61.32	4.76	-2.42
1529	61.36	4.77	-2.38
1530	61.4	4.78	-2.36
1531	61.44	4.78	-2.33
1532	61.48	4.78	-2.31
1533	61.52	4.77	-2.29
1534	61.56	4.76	-2.28
1535	61.6	4.74	-2.28
1536	61.64	4.71	-2.29
1537	61.68	4.69	-2.29
1538	61.72	4.67	-2.31
1539	61.76	4.66	-2.31
1540	61.8	4.66	-2.31
1541	61.84	4.67	-2.33
1542	61.88	4.68	-2.35
1543	61.92	4.72	-2.4
1544	61.96	4.79	-2.46
1545	62	4.84	-2.55
1546	62.04	4.87	-2.63
1547	62.08	4.91	-2.71
1548	62.12	4.95	-2.79
1549	62.16	5.02	-2.86
1550	62.2	5.1	-2.9
1551	62.24	5.16	-2.92
1552	62.28	5.21	-2.93
1553	62.32	5.23	-2.94
1554	62.36	5.23	-2.95
1555	62.4	5.22	-2.96
1556	62.44	5.2	-2.98
1557	62.48	5.16	-3
1558	62.52	5.13	-3.03
1559	62.56	5.12	-3.06
1560	62.6	5.1	-3.08
1561	62.64	5.08	-3.08
1562	62.68	5.06	-3.09
1563	62.72	5.05	-3.08
1564	62.76	5.04	-3.07
1565	62.8	5.03	-3.06
1566	62.84	5.03	-3.04
1567	62.88	5.04	-3
1568	62.92	5.06	-2.98
1569	62.96	5.08	-2.95
1570	63	5.1	-2.94
1571	63.04	5.13	-2.93
1572	63.08	5.15	-2.91
1573	63.12	5.17	-2.9
1574	63.16	5.18	-2.89
1575	63.2	5.18	-2.91
1576	63.24	5.17	-2.95
1577	63.28	5.16	-3
1578	63.32	5.14	-3.06
1579	63.36	5.12	-3.13
1580	63.4	5.09	-3.22
1581	63.44	5.06	-3.29
1582	63.48	5.04	-3.38
1583	63.52	4.99	-3.47
1584	63.56	4.96	-3.52
1585	63.6	4.92	-3.57
1586	63.64	4.9	-3.59
1587	63.68	4.89	-3.61
1588	63.72	4.88	-3.63
1589	63.76	4.86	-3.66
1590	63.8	4.85	-3.68
1591	63.84	4.84	-3.69
1592	63.88	4.84	-3.69
1593	63.92	4.84	-3.69
1594	63.96	4.87	-3.67
1595	64	4.9	-3.64
1596	64.04	4.97	-3.59
1597	64.08	5.06	-3.51
1598	64.12	5.15	-3.43
1599	64.16	5.25	-3.34
1600	64.2	5.32	-3.28
1601	64.24	5.4	-3.23
1602	64.28	5.46	-3.2
1603	64.32	5.49	-3.2
1604	64.36	5.51	-3.21
1605	64.4	5.52	-3.23
1606	64.44	5.52	-3.26
1607	64.48	5.53	-3.3
1608	64.52	5.53	-3.31
1609	64.56	5.49	-3.31
1610	64.6	5.43	-3.3
1611	64.64	5.35	-3.28
1612	64.68	5.28	-3.28
1613	64.72	5.19	-3.28
1614	64.76	5.15	-3.29
1615	64.8	5.12	-3.29
1616	64.84	5.09	-3.3
1617	64.88	5.06	-3.31
1618	64.92	5.02	-3.3
1619	64.96	4.96	-3.28
1620	65	4.89	-3.27
1621	65.04	4.83	-3.26
1622	65.08	4.77	-3.26
1623	65.12	4.71	-3.26
1624	65.16	4.66	-3.26
1625	65.2	4.62	-3.26
1626	65.24	4.58	-3.26
1627	65.28	4.56	-3.26
1628	65.32	4.56	-3.26
1629	65.36	4.55	-3.27
1630	65.4	4.51	-3.3
1631	65.44	4.48	-3.34
1632	65.48	4.43	-3.39
1633	65.52	4.43	-3.43
1634	65.56	4.47	-3.45
1635	65.6	4.54	-3.46
1636	65.64	4.64	-3.44
1637	65.68	4.74	-3.42
1638	65.72	4.89	-3.39
1639	65.76	5.05	-3.35
1640	65.8	5.22	-3.36
1641	65.84	5.39	-3.4
1642	65.88	5.54	-3.45
1643	65.92	5.68	-3.47
1644	65.96	5.77	-3.48
1645	66	5.79	-3.45
1646	66.04	5.76	-3.38
1647	66.08	5.68	-3.33
1648	66.12	5.59	-3.26
1649	66.16	5.51	-3.22
1650	66.2	5.43	-3.18
1651	66.24	5.36	-3.12
1652	66.28	5.3	-3.06
1653	66.32	5.27	-2.98
1654	66.36	5.25	-2.92
1655	66.4	5.24	-2.87
1656	66.44	5.23	-2.82
1657	66.48	5.22	-2.79
1658	66.52	5.24	-2.78
1659	66.56	5.29	-2.78
1660	66.6	5.33	-2.8
1661	66.64	5.4	-2.81
1662	66.68	5.44	-2.84
1663	66.72	5.47	-2.84
1664	66.76	5.51	-2.83
1665	66.8	5.54	-2.87
1666	66.84	5.58	-2.88
1667	66.88	5.57	-2.89
1668	66.92	5.55	-2.92
1669	66.96	5.5	-2.92
1670	67	5.47	-2.91
1671	67.04	5.44	-2.93
1672	67.08	5.4	-2.92
1673	67.12	5.35	-2.89
1674	67.16	5.28	-2.86
1675	67.2	5.23	-2.82
1676	67.24	5.2	-2.8
1677	67.28	5.2	-2.8
1678	67.32	5.21	-2.8
1679	67.36	5.22	-2.8
1680	67.4	5.26	-2.79
1681	67.44	5.3	-2.8
1682	67.48	5.36	-2.8
1683	67.52	5.42	-2.83
1684	67.56	5.45	-2.86
1685	67.6	5.45	-2.89
1686	67.64	5.42	-2.92
1687	67.68	5.38	-2.91
1688	67.72	5.32	-2.89
1689	67.76	5.25	-2.83
1690	67.8	5.17	-2.73
1691	67.84	5.06	-2.62
1692	67.88	4.96	-2.51
1693	67.92	4.89	-2.44
1694	67.96	4.84	-2.41
1695	68	4.86	-2.41
1696	68.04	4.93	-2.45
1697	68.08	5.04	-2.5
1698	68.12	5.15	-2.56
1699	68.16	5.28	-2.62
1700	68.2	5.4	-2.66
1701	68.24	5.51	-2.68
1702	68.28	5.6	-2.68
1703	68.32	5.66	-2.66
1704	68.36	5.71	-2.61
1705	68.4	5.75	-2.58
1706	68.44	5.78	-2.55
1707	68.48	5.8	-2.52
1708	68.52	5.87	-2.49
1709	68.56	5.87	-2.45
1710	68.6	5.86	-2.39
1711	68.64	5.86	-2.3
1712	68.68	5.78	-2.19
1713	68.72	5.73	-2.06
1714	68.76	5.66	-1.92
1715	68.8	5.55	-1.79
1716	68.84	5.43	-1.66
1717	68.88	5.32	-1.55
1718	68.92	5.22	-1.46
1719	68.96	5.17	-1.42
1720	69	5.17	-1.39
1721	69.04	5.18	-1.39
1722	69.08	5.21	-1.41
1723	69.12	5.18	-1.43
1724	69.16	5.11	-1.47
1725	69.2	5.03	-1.54
1726	69.24	4.94	-1.64
1727	69.28	4.89	-1.77
1728	69.32	4.84	-1.93
1729	69.36	4.75	-2.11
1730	69.4	4.64	-2.27
1731	69.44	4.52	-2.41
1732	69.48	4.41	-2.51
1733	69.52	4.33	-2.58
1734	69.56	4.24	-2.65
1735	69.6	4.17	-2.72
1736	69.64	4.1	-2.79
1737	69.68	4.02	-2.85
1738	69.72	3.97	-2.91
1739	69.76	3.93	-2.96
1740	69.8	3.94	-3.01
1741	69.84	3.97	-3.07
1742	69.88	4.03	-3.12
1743	69.92	4.07	-3.17
1744	69.96	4.07	-3.22
1745	70	4.07	-3.28
1746	70.04	4.04	-3.33
1747	70.08	4.02	-3.38
1748	70.12	4.02	-3.44
1749	70.16	4.01	-3.48
1750	70.2	3.99	-3.5
1751	70.24	3.97	-3.51
1752	70.28	3.94	-3.5
1753	70.32	3.94	-3.48
1754	70.36	3.94	-3.46
1755	70.4	3.96	-3.43
1756	70.44	3.97	-3.42
1757	70.48	3.98	-3.4
1758	70.52	3.99	-3.39
1759	70.56	4.01	-3.38
1760	70.6	4.06	-3.37
1761	70.64	4.1	-3.37
1762	70.68	4.16	-3.35
1763	70.72	4.2	-3.34
1764	70.76	4.29	-3.32
1765	70.8	4.38	-3.3
1766	70.84	4.49	-3.29
1767	70.88	4.61	-3.29
1768	70.92	4.69	-3.27
1769	70.96	4.77	-3.26
1770	71	4.85	-3.24
1771	71.04	4.94	-3.21
1772	71.08	5.02	-3.19
1773	71.12	5.07	-3.18
1774	71.16	5.11	-3.17
1775	71.2	5.1	-3.15
1776	71.24	5.07	-3.15
1777	71.28	5.08	-3.14
1778	71.32	5.05	-3.14
1779	71.36	5.07	-3.15
1780	71.4	5.08	-3.16
1781	71.44	5.08	-3.15
1782	71.48	5.09	-3.13
1783	71.52	5.11	-3.11
1784	71.56	5.1	-3.05
1785	71.6	5.04	-3.01
1786	71.64	4.98	-2.97
1787	71.68	4.93	-2.94
1788	71.72	4.9	-2.94
1789	71.76	4.91	-2.96
1790	71.8	4.94	-2.97
1791	71.84	4.95	-2.99
1792	71.88	4.97	-2.99
1793	71.92	4.97	-3
1794	71.96	4.99	-3
1795	72	5.02	-3.01
1796	72.04	5.03	-3.02
1797	72.08	5.04	-3.02
1798	72.12	5.03	-3.05
1799	72.16	5	-3.06
1800	72.2	5.02	-3.06
1801	72.24	5.03	-3.05
1802	72.28	5.08	-3.04
1803	72.32	5.15	-3.05
1804	72.36	5.21	-3.09
1805	72.4	5.27	-3.14
1806	72.44	5.32	-3.21
1807	72.48	5.37	-3.29
1808	72.52	5.41	-3.37
1809	72.56	5.43	-3.47
1810	72.6	5.44	-3.59
1811	72.64	5.43	-3.75
1812	72.68	5.39	-3.94
1813	72.72	5.33	-4.1
1814	72.76	5.26	-4.26
1815	72.8	5.24	-4.34
1816	72.84	5.27	-4.39
1817	72.88	5.34	-4.42
1818	72.92	5.4	-4.46
1819	72.96	5.47	-4.49
1820	73	5.51	-4.51
1821	73.04	5.56	-4.53
1822	73.08	5.63	-4.52
1823	73.12	5.71	-4.53
1824	73.16	5.79	-4.58
1825	73.2	5.86	-4.65
1826	73.24	5.9	-4.73
1827	73.28	5.93	-4.81
1828	73.32	5.94	-4.84
1829	73.36	5.96	-4.82
1830	73.4	5.98	-4.77
1831	73.44	6	-4.7
1832	73.48	6.04	-4.63
1833	73.52	6.07	-4.58
1834	73.56	6.08	-4.54
1835	73.6	6.09	-4.48
1836	73.64	6.08	-4.41
1837	73.68	6.08	-4.32
1838	73.72	6.07	-4.24
1839	73.76	6.06	-4.15
1840	73.8	6.06	-4.08
1841	73.84	6.04	-4.02
1842	73.88	6.02	-3.98
1843	73.92	5.99	-3.96
1844	73.96	5.96	-3.96
1845	74	5.95	-3.98
1846	74.04	5.94	-4.02
1847	74.08	5.94	-4.08
1848	74.12	5.94	-4.14
1849	74.16	5.94	-4.21
1850	74.2	5.95	-4.29
1851	74.24	5.94	-4.35
1852	74.28	5.96	-4.39
1853	74.32	6.01	-4.45
1854	74.36	6.06	-4.53
1855	74.4	6.11	-4.59
1856	74.44	6.15	-4.66
1857	74.48	6.17	-4.72
1858	74.52	6.2	-4.77
1859	74.56	6.25	-4.89
1860	74.6	6.29	-5.02
1861	74.64	6.32	-5.14
1862	74.68	6.31	-5.22
1863	74.72	6.28	-5.23
1864	74.76	6.25	-5.21
1865	74.8	6.23	-5.18
1866	74.84	6.23	-5.16
1867	74.88	6.24	-5.18
1868	74.92	6.25	-5.21
1869	74.96	6.26	-5.24
1870	75	6.26	-5.26
1871	75.04	6.27	-5.25
1872	75.08	6.28	-5.24
1873	75.12	6.28	-5.24
1874	75.16	6.29	-5.25
1875	75.2	6.3	-5.26
1876	75.24	6.29	-5.26
1877	75.28	6.26	-5.23
1878	75.32	6.25	-5.21
1879	75.36	6.21	-5.2
1880	75.4	6.19	-5.18
1881	75.44	6.18	-5.18
1882	75.48	6.16	-5.14
1883	75.52	6.14	-5.08
1884	75.56	6.14	-5.03
1885	75.6	6.14	-4.95
1886	75.64	6.16	-4.89
1887	75.68	6.18	-4.83
1888	75.72	6.19	-4.8
1889	75.76	6.19	-4.79
1890	75.8	6.19	-4.8
1891	75.84	6.19	-4.82
1892	75.88	6.18	-4.84
1893	75.92	6.17	-4.85
1894	75.96	6.16	-4.84
1895	76	6.12	-4.83
1896	76.04	6.07	-4.83
1897	76.08	6.02	-4.85
1898	76.12	5.97	-4.88
1899	76.16	5.93	-4.92
1900	76.2	5.92	-4.95
1901	76.24	5.91	-4.99
1902	76.28	5.91	-5.01
1903	76.32	5.9	-5.02
1904	76.36	5.9	-5.01
1905	76.4	5.9	-5
1906	76.44	5.9	-5
1907	76.48	5.9	-4.99
1908	76.52	5.9	-4.98
1909	76.56	5.9	-4.98
1910	76.6	5.91	-4.96
1911	76.64	5.92	-4.92
1912	76.68	5.93	-4.84
1913	76.72	5.94	-4.73
1914	76.76	5.95	-4.61
1915	76.8	5.95	-4.48
1916	76.84	5.93	-4.37
1917	76.88	5.9	-4.27
1918	76.92	5.83	-4.2
1919	76.96	5.75	-4.16
1920	77	5.7	-4.14
1921	77.04	5.65	-4.16
1922	77.08	5.63	-4.2
1923	77.12	5.63	-4.24
1924	77.16	5.65	-4.29
1925	77.2	5.68	-4.36
1926	77.24	5.71	-4.41
1927	77.28	5.71	-4.46
1928	77.32	5.71	-4.48
1929	77.36	5.7	-4.46
1930	77.4	5.68	-4.42
1931	77.44	5.65	-4.37
1932	77.48	5.61	-4.33
1933	77.52	5.57	-4.3
1934	77.56	5.56	-4.29
1935	77.6	5.57	-4.28
1936	77.64	5.59	-4.27
1937	77.68	5.64	-4.26
1938	77.72	5.74	-4.26
1939	77.76	5.88	-4.27
1940	77.8	6.08	-4.32
1941	77.84	6.28	-4.37
1942	77.88	6.4	-4.36
1943	77.92	6.44	-4.4
1944	77.96	6.38	-4.42
1945	78	6.28	-4.45
1946	78.04	6.2	-4.53
1947	78.08	6.17	-4.54
1948	78.12	6.17	-4.55
1949	78.16	6.21	-4.54
1950	78.2	6.25	-4.52
1951	78.24	6.29	-4.52
1952	78.28	6.33	-4.54
1953	78.32	6.38	-4.56
1954	78.36	6.41	-4.58
1955	78.4	6.46	-4.62
1956	78.44	6.47	-4.63
1957	78.48	6.48	-4.65
1958	78.52	6.51	-4.69
1959	78.56	6.51	-4.68
1960	78.6	6.53	-4.73
1961	78.64	6.58	-4.79
1962	78.68	6.62	-4.84
1963	78.72	6.67	-4.92
1964	78.76	6.72	-4.99
1965	78.8	6.71	-5.01
1966	78.84	6.72	-5.02
1967	78.88	6.74	-5.03
1968	78.92	6.75	-5.03
1969	78.96	6.76	-5.05
1970	79	6.75	-5.05
1971	79.04	6.74	-5.07
1972	79.08	6.71	-5.08
1973	79.12	6.66	-5.1
1974	79.16	6.64	-5.14
1975	79.2	6.62	-5.16
1976	79.24	6.61	-5.19
1977	79.28	6.62	-5.22
1978	79.32	6.61	-5.22
1979	79.36	6.62	-5.23
1980	79.4	6.63	-5.2
1981	79.44	6.62	-5.13
1982	79.48	6.57	-5.03
1983	79.52	6.5	-4.9
1984	79.56	6.41	-4.78
1985	79.6	6.36	-4.69
1986	79.64	6.36	-4.65
1987	79.68	6.34	-4.61
1988	79.72	6.36	-4.61
1989	79.76	6.37	-4.6
1990	79.8	6.37	-4.6
1991	79.84	6.38	-4.59
1992	79.88	6.39	-4.57
1993	79.92	6.4	-4.53
1994	79.96	6.44	-4.5
1995	80	6.49	-4.45
1996	80.04	6.56	-4.4
1997	80.08	6.65	-4.35
1998	80.12	6.75	-4.27
1999	80.16	6.87	-4.21
2000	80.2	6.95	-4.16
2001	80.24	7.03	-4.12
2002	80.28	7.08	-4.06
2003	80.32	7.11	-4
2004	80.36	7.15	-3.93
2005	80.4	7.17	-3.84
2006	80.44	7.16	-3.77
2007	80.48	7.15	-3.7
2008	80.52	7.14	-3.66
2009	80.56	7.13	-3.66
2010	80.6	7.16	-3.66
2011	80.64	7.21	-3.67
2012	80.68	7.27	-3.66
2013	80.72	7.38	-3.63
2014	80.76	7.51	-3.64
2015	80.8	7.64	-3.66
2016	80.84	7.74	-3.73
2017	80.88	7.84	-3.8
2018	80.92	7.91	-3.86
2019	80.96	7.97	-3.92
2020	81	8.02	-3.95
2021	81.04	8.05	-3.96
2022	81.08	8.02	-3.95
2023	81.12	7.97	-3.95
2024	81.16	7.88	-3.94
2025	81.2	7.8	-3.92
2026	81.24	7.72	-3.9
2027	81.28	7.66	-3.88
2028	81.32	7.64	-3.85
2029	81.36	7.61	-3.82
2030	81.4	7.6	-3.81
2031	81.44	7.59	-3.78
2032	81.48	7.58	-3.76
2033	81.52	7.59	-3.72
2034	81.56	7.6	-3.68
2035	81.6	7.59	-3.65
2036	81.64	7.6	-3.63
2037	81.68	7.59	-3.63
2038	81.72	7.58	-3.65
2039	81.76	7.56	-3.68
2040	81.8	7.52	-3.72
2041	81.84	7.49	-3.75
2042	81.88	7.46	-3.79
2043	81.92	7.42	-3.82
2044	81.96	7.41	-3.84
2045	82	7.4	-3.85
2046	82.04	7.37	-3.88
2047	82.08	7.37	-3.9
2048	82.12	7.33	-3.94
2049	82.16	7.31	-3.96
2050	82.2	7.3	-3.97
2051	82.24	7.27	-3.99
2052	82.28	7.28	-3.99
2053	82.32	7.28	-4.02
2054	82.36	7.29	-4.03
2055	82.4	7.29	-4.05
2056	82.44	7.29	-4.07
2057	82.48	7.28	-4.07
2058	82.52	7.26	-4.08
2059	82.56	7.25	-4.08
2060	82.6	7.24	-4.07
2061	82.64	7.24	-4.07
2062	82.68	7.26	-4.08
2063	82.72	7.29	-4.08
2064	82.76	7.31	-4.1
2065	82.8	7.35	-4.12
2066	82.84	7.39	-4.14
2067	82.88	7.39	-4.16
2068	82.92	7.4	-4.16
2069	82.96	7.4	-4.16
2070	83	7.39	-4.17
2071	83.04	7.4	-4.17
2072	83.08	7.41	-4.18
2073	83.12	7.4	-4.18
2074	83.16	7.39	-4.17
2075	83.2	7.39	-4.16
2076	83.24	7.4	-4.14
2077	83.28	7.42	-4.13
2078	83.32	7.41	-4.12
2079	83.36	7.41	-4.12
2080	83.4	7.41	-4.1
2081	83.44	7.39	-4.1
2082	83.48	7.4	-4.08
2083	83.52	7.39	-4.08
2084	83.56	7.38	-4.07
2085	83.6	7.36	-4.07
2086	83.64	7.34	-4.06
2087	83.68	7.34	-4.07
2088	83.72	7.32	-4.07
2089	83.76	7.32	-4.07
2090	83.8	7.32	-4.07
2091	83.84	7.31	-4.07
2092	83.88	7.31	-4.07
2093	83.92	7.3	-4.07
2094	83.96	7.28	-4.07
2095	84	7.29	-4.06
2096	84.04	7.28	-4.07
2097	84.08	7.27	-4.08
2098	84.12	7.27	-4.08
2099	84.16	7.27	-4.08
2100	84.2	7.28	-4.08
2101	84.24	7.28	-4.08
2102	84.28	7.28	-4.07
2103	84.32	7.28	-4.07
2104	84.36	7.28	-4.07
2105	84.4	7.28	-4.07
2106	84.44	7.29	-4.07
2107	84.48	7.29	-4.07
2108	84.52	7.3	-4.07
2109	84.56	7.3	-4.07
2110	84.6	7.29	-4.07
2111	84.64	7.29	-4.07
2112	84.68	7.29	-4.08
2113	84.72	7.3	-4.07
2114	84.76	7.29	-4.07
2115	84.8	7.29	-4.08
2116	84.84	7.29	-4.08
2117	84.88	7.29	-4.08
2118	84.92	7.29	-4.09
2119	84.96	7.29	-4.08
2120	85	7.28	-4.08
2121	85.04	7.28	-4.08
2122	85.08	7.25	-4.09
2123	85.12	7.18	-4.11
2124	85.16	7.11	-4.12
2125	85.2	7.03	-4.13
2126	85.24	6.99	-4.13
2127	85.28	6.98	-4.11
2128	85.32	6.99	-4.1
2129	85.36	7	-4.09
2130	85.4	7.01	-4.08
2131	85.44	7.01	-4.07
2132	85.48	6.99	-4.08
2133	85.52	6.97	-4.08
2134	85.56	6.93	-4.08
2135	85.6	6.89	-4.07
2136	85.64	6.86	-4.07
2137	85.68	6.85	-4.08
2138	85.72	6.87	-4.1
2139	85.76	6.91	-4.13
2140	85.8	6.94	-4.15
2141	85.84	6.98	-4.17
2142	85.88	7.02	-4.18
2143	85.92	7.06	-4.18
2144	85.96	7.1	-4.18
2145	86	7.13	-4.18
2146	86.04	7.17	-4.18
2147	86.08	7.21	-4.19
2148	86.12	7.26	-4.19
2149	86.16	7.32	-4.2
2150	86.2	7.38	-4.2
2151	86.24	7.42	-4.21
2152	86.28	7.46	-4.2
2153	86.32	7.49	-4.2
2154	86.36	7.51	-4.2
2155	86.4	7.54	-4.18
2156	86.44	7.57	-4.18
2157	86.48	7.58	-4.17
2158	86.52	7.57	-4.15
2159	86.56	7.56	-4.15
2160	86.6	7.55	-4.15
2161	86.64	7.54	-4.15
2162	86.68	7.53	-4.15
2163	86.72	7.53	-4.15
2164	86.76	7.53	-4.14
2165	86.8	7.52	-4.14
2166	86.84	7.52	-4.14
2167	86.88	7.51	-4.14
2168	86.92	7.5	-4.14
2169	86.96	7.5	-4.14
2170	87	7.5	-4.13
2171	87.04	7.5	-4.13
2172	87.08	7.5	-4.14
2173	87.12	7.5	-4.13
2174	87.16	7.49	-4.14
2175	87.2	7.49	-4.14
2176	87.24	7.49	-4.14
2177	87.28	7.48	-4.15
2178	87.32	7.47	-4.14
2179	87.36	7.48	-4.14
2180	87.4	7.48	-4.14
2181	87.44	7.48	-4.14
2182	87.48	7.5	-4.14
2183	87.52	7.5	-4.15
2184	87.56	7.52	-4.15
2185	87.6	7.56	-4.13
2186	87.64	7.56	-4.13
2187	87.68	7.57	-4.12
2188	87.72	7.57	-4.12
2189	87.76	7.56	-4.14
2190	87.8	7.56	-4.14
2191	87.84	7.55	-4.14
2192	87.88	7.55	-4.14
2193	87.92	7.54	-4.14
2194	87.96	7.54	-4.14
2195	88	7.54	-4.14
2196	88.04	7.54	-4.15
2197	88.08	7.53	-4.15
2198	88.12	7.53	-4.15
2199	88.16	7.53	-4.15
2200	88.2	7.53	-4.15
2201	88.24	7.53	-4.15
2202	88.28	7.53	-4.15
2203	88.32	7.54	-4.14
2204	88.36	7.53	-4.15
2205	88.4	7.53	-4.14
2206	88.44	7.52	-4.14
2207	88.48	7.51	-4.15
2208	88.52	7.51	-4.14
2209	88.56	7.51	-4.15
2210	88.6	7.51	-4.15
2211	88.64	7.52	-4.14
2212	88.68	7.52	-4.14
2213	88.72	7.51	-4.14
2214	88.76	7.5	-4.14
2215	88.8	7.48	-4.15
2216	88.84	7.47	-4.16
2217	88.88	7.46	-4.16
2218	88.92	7.44	-4.17
2219	88.96	7.43	-4.17
2220	89	7.42	-4.17
2221	89.04	7.41	-4.17
2222	89.08	7.4	-4.18
2223	89.12	7.39	-4.18
2224	89.16	7.37	-4.19
2225	89.2	7.36	-4.19
2226	89.24	7.37	-4.17
2227	89.28	7.37	-4.17
2228	89.32	7.38	-4.16
2229	89.36	7.38	-4.15
2230	89.4	7.37	-4.15
2231	89.44	7.35	-4.15
2232	89.48	7.32	-4.17
2233	89.52	7.27	-4.21
2234	89.56	7.2	-4.25
2235	89.6	7.13	-4.28
2236	89.64	7.1	-4.25
2237	89.68	7.11	-4.22
2238	89.72	7.16	-4.17
2239	89.76	7.23	-4.13
2240	89.8	7.27	-4.12
2241	89.84	7.3	-4.11
2242	89.88	7.3	-4.09
2243	89.92	7.29	-4.06
2244	89.96	7.27	-4.03
2245	90	7.24	-4
2246	90.04	7.22	-3.97
2247	90.08	7.22	-3.96
2248	90.12	7.22	-3.98
2249	90.16	7.22	-4.01
2250	90.2	7.27	-4
2251	90.24	7.31	-3.94
2252	90.28	7.37	-3.83
2253	90.32	7.41	-3.71
2254	90.36	7.39	-3.68
2255	90.4	7.35	-3.78
2256	90.44	7.3	-3.94
2257	90.48	7.3	-4.07
2258	90.52	7.36	-4.09
2259	90.56	7.47	-3.97
2260	90.6	7.54	-3.82
2261	90.64	7.5	-3.73
2262	90.68	7.4	-3.71
2263	90.72	7.26	-3.7
2264	90.76	7.18	-3.69
2265	90.8	7.16	-3.67
2266	90.84	7.16	-3.68
2267	90.88	7.17	-3.73
2268	90.92	7.15	-3.8
2269	90.96	7.14	-3.87
2270	91	7.17	-3.87
2271	91.04	7.23	-3.83
2272	91.08	7.29	-3.73
2273	91.12	7.3	-3.6
2274	91.16	7.23	-3.53
2275	91.2	7.11	-3.5
2276	91.24	6.98	-3.51
2277	91.28	6.9	-3.54
2278	91.32	6.9	-3.55
2279	91.36	6.96	-3.55
2280	91.4	7.05	-3.54
2281	91.44	7.13	-3.53
2282	91.48	7.16	-3.53
2283	91.52	7.14	-3.53
2284	91.56	7.1	-3.54
2285	91.6	7.07	-3.53
2286	91.64	7.06	-3.52
2287	91.68	7.03	-3.54
2288	91.72	6.97	-3.58
2289	91.76	6.9	-3.65
2290	91.8	6.84	-3.71
2291	91.84	6.85	-3.75
2292	91.88	6.91	-3.75
2293	91.92	6.97	-3.72
2294	91.96	7.02	-3.7
2295	92	7.01	-3.7
2296	92.04	6.93	-3.73
2297	92.08	6.82	-3.79
2298	92.12	6.69	-3.88
2299	92.16	6.6	-3.95
2300	92.2	6.57	-3.99
2301	92.24	6.57	-4
2302	92.28	6.61	-3.95
2303	92.32	6.66	-3.89
2304	92.36	6.71	-3.84
2305	92.4	6.76	-3.82
2306	92.44	6.77	-3.82
2307	92.48	6.75	-3.84
2308	92.52	6.68	-3.91
2309	92.56	6.6	-3.97
2310	92.6	6.55	-4.01
2311	92.64	6.51	-4.04
2312	92.68	6.52	-4.01
2313	92.72	6.55	-3.99
2314	92.76	6.58	-3.95
2315	92.8	6.63	-3.92
2316	92.84	6.65	-3.93
2317	92.88	6.64	-3.96
2318	92.92	6.62	-4.06
2319	92.96	6.57	-4.16
2320	93	6.53	-4.24
2321	93.04	6.51	-4.26
2322	93.08	6.5	-4.23
2323	93.12	6.51	-4.17
2324	93.16	6.52	-4.14
2325	93.2	6.52	-4.13
2326	93.24	6.51	-4.11
2327	93.28	6.49	-4.09
2328	93.32	6.48	-4.06
2329	93.36	6.46	-4.04
2330	93.4	6.45	-4.04
2331	93.44	6.48	-4.05
2332	93.48	6.51	-4.08
2333	93.52	6.55	-4.08
2334	93.56	6.6	-4.05
2335	93.6	6.66	-3.98
2336	93.64	6.73	-3.88
2337	93.68	6.83	-3.82
2338	93.72	6.92	-3.79
2339	93.76	6.98	-3.79
2340	93.8	7.01	-3.81
2341	93.84	7	-3.82
2342	93.88	6.99	-3.81
2343	93.92	6.98	-3.81
2344	93.96	6.98	-3.82
2345	94	6.99	-3.84
2346	94.04	6.99	-3.85
2347	94.08	6.98	-3.86
2348	94.12	6.96	-3.85
2349	94.16	6.92	-3.85
2350	94.2	6.87	-3.87
2351	94.24	6.81	-3.89
2352	94.27	6.77	-3.91
2353	94.31	6.79	-3.9
2354	94.36	6.82	-3.89
2355	94.4	6.87	-3.88
2356	94.44	6.91	-3.87
2357	94.48	6.94	-3.88
2358	94.52	6.95	-3.87
2359	94.56	6.95	-3.87
2360	94.6	6.94	-3.87
2361	94.64	6.9	-3.87
2362	94.68	6.87	-3.88
2363	94.72	6.85	-3.88
2364	94.76	6.86	-3.86
2365	94.79	6.92	-3.84
2366	94.83	6.98	-3.82
2367	94.87	7.01	-3.79
2368	94.91	7.02	-3.79
2369	94.95	6.96	-3.79
2370	94.99	6.89	-3.84
2371	95.04	6.81	-3.88
2372	95.07	6.74	-3.93
2373	95.11	6.69	-3.97
2374	95.15	6.67	-3.97
2375	95.19	6.7	-3.96
2376	95.23	6.74	-3.94
2377	95.27	6.8	-3.92
2378	95.31	6.84	-3.89
2379	95.35	6.85	-3.87
2380	95.39	6.83	-3.9
2381	95.43	6.77	-3.94
2382	95.47	6.71	-4.01
2383	95.51	6.65	-4.07
2384	95.55	6.61	-4.1
2385	95.59	6.6	-4.11
2386	95.63	6.59	-4.09
2387	95.67	6.6	-4.09
2388	95.71	6.63	-4.09
2389	95.75	6.68	-4.07
2390	95.79	6.72	-4.07
2391	95.83	6.75	-4.05
2392	95.87	6.78	-4.03
2393	95.91	6.8	-4.03
2394	95.95	6.84	-4.01
2395	95.99	6.88	-4.01
2396	96.04	6.92	-4
2397	96.07	6.91	-4
2398	96.11	6.88	-4.02
2399	96.15	6.82	-4.05
2400	96.19	6.75	-4.08
2401	96.23	6.7	-4.11
2402	96.27	6.68	-4.13
2403	96.31	6.68	-4.15
2404	96.35	6.69	-4.18
2405	96.39	6.69	-4.21
2406	96.43	6.66	-4.27
2407	96.47	6.62	-4.34
2408	96.51	6.58	-4.4
2409	96.55	6.54	-4.45
2410	96.59	6.52	-4.48
2411	96.63	6.51	-4.48
2412	96.67	6.49	-4.5
2413	96.71	6.49	-4.52
2414	96.75	6.51	-4.52
2415	96.79	6.53	-4.51
2416	96.83	6.55	-4.51
2417	96.87	6.57	-4.5
2418	96.91	6.59	-4.5
2419	96.95	6.62	-4.55
2420	96.99	6.63	-4.59
2421	97.03	6.66	-4.65
2422	97.07	6.68	-4.72
2423	97.11	6.7	-4.79
2424	97.15	6.71	-4.86
2425	97.19	6.72	-4.91
2426	97.23	6.72	-4.96
2427	97.27	6.72	-4.98
2428	97.31	6.72	-5.01
2429	97.35	6.73	-5.04
2430	97.39	6.75	-5.08
2431	97.43	6.78	-5.1
2432	97.47	6.82	-5.11
2433	97.51	6.84	-5.11
2434	97.55	6.85	-5.09
2435	97.59	6.82	-5.11
2436	97.63	6.8	-5.13
2437	97.67	6.81	-5.17
2438	97.71	6.83	-5.2
2439	97.75	6.87	-5.21
2440	97.79	6.9	-5.23
2441	97.83	6.88	-5.25
2442	97.87	6.86	-5.26
2443	97.91	6.87	-5.23
2444	97.95	6.91	-5.16
2445	97.99	6.96	-5.1
2446	98.03	6.96	-5.1
2447	98.07	6.91	-5.17
2448	98.11	6.84	-5.24
2449	98.15	6.79	-5.28
2450	98.19	6.78	-5.24
2451	98.23	6.77	-5.19
2452	98.27	6.75	-5.18
2453	98.31	6.71	-5.17
2454	98.35	6.67	-5.16
2455	98.39	6.68	-5.12
2456	98.43	6.72	-5.03
2457	98.47	6.76	-4.95
2458	98.51	6.77	-4.93
2459	98.55	6.71	-5.01
2460	98.59	6.57	-5.15
2461	98.63	6.39	-5.28
2462	98.67	6.23	-5.35
2463	98.71	6.1	-5.35
2464	98.75	6.03	-5.31
2465	98.79	6.01	-5.27
2466	98.83	6	-5.23
2467	98.87	6.02	-5.17
2468	98.91	6.02	-5.14
2469	98.95	5.99	-5.12
2470	98.99	5.95	-5.14
2471	99.03	5.88	-5.19
2472	99.07	5.82	-5.24
2473	99.11	5.79	-5.29
2474	99.15	5.78	-5.33
2475	99.19	5.78	-5.34
2476	99.23	5.77	-5.36
2477	99.27	5.78	-5.37
2478	99.31	5.8	-5.36
2479	99.35	5.86	-5.33
2480	99.39	5.98	-5.22
2481	99.43	6.15	-5.08
2482	99.47	6.3	-4.91
2483	99.51	6.4	-4.79
2484	99.55	6.43	-4.75
2485	99.59	6.41	-4.75
2486	99.63	6.38	-4.78
2487	99.67	6.37	-4.79
2488	99.71	6.37	-4.8
2489	99.75	6.38	-4.8
2490	99.79	6.39	-4.79
2491	99.83	6.4	-4.78
2492	99.87	6.43	-4.76
2493	99.91	6.43	-4.75
2494	99.95	6.43	-4.77
2495	99.99	6.39	-4.82
2496	100.03	6.35	-4.88
2497	100.07	6.32	-4.94
2498	100.11	6.3	-4.98
2499	100.15	6.33	-4.99
2500	100.19	6.35	-4.99
2501	100.23	6.37	-4.99
2502	100.27	6.38	-5
2503	100.31	6.37	-5
2504	100.35	6.38	-5.02
2505	100.39	6.39	-5.04
2506	100.43	6.41	-5.06
2507	100.47	6.43	-5.09
2508	100.51	6.44	-5.1
2509	100.55	6.45	-5.12
2510	100.59	6.44	-5.12
2511	100.63	6.43	-5.13
2512	100.67	6.42	-5.14
2513	100.71	6.42	-5.15
2514	100.75	6.41	-5.16
2515	100.79	6.41	-5.17
2516	100.83	6.41	-5.19
2517	100.87	6.41	-5.19
2518	100.91	6.41	-5.21
2519	100.95	6.42	-5.22
2520	100.99	6.42	-5.24
2521	101.03	6.42	-5.24
2522	101.07	6.41	-5.25
2523	101.11	6.4	-5.26
2524	101.15	6.39	-5.25
2525	101.19	6.38	-5.25
2526	101.23	6.38	-5.26
2527	101.27	6.37	-5.27
2528	101.31	6.37	-5.28
2529	101.35	6.37	-5.28
2530	101.39	6.37	-5.29
2531	101.43	6.36	-5.3
2532	101.47	6.36	-5.3
2533	101.51	6.36	-5.31
2534	101.55	6.35	-5.33
2535	101.59	6.36	-5.35
2536	101.63	6.37	-5.39
2537	101.67	6.39	-5.44
2538	101.71	6.4	-5.49
2539	101.75	6.41	-5.54
2540	101.79	6.4	-5.57
2541	101.83	6.38	-5.61
2542	101.87	6.37	-5.64
2543	101.91	6.36	-5.65
2544	101.95	6.37	-5.66
2545	101.99	6.41	-5.64
2546	102.03	6.44	-5.64
2547	102.07	6.46	-5.63
2548	102.11	6.47	-5.66
2549	102.15	6.46	-5.71
2550	102.19	6.44	-5.77
2551	102.23	6.45	-5.81
2552	102.27	6.44	-5.82
2553	102.31	6.42	-5.79
2554	102.35	6.4	-5.7
2555	102.39	6.38	-5.61
2556	102.43	6.4	-5.56
2557	102.47	6.43	-5.52
2558	102.51	6.46	-5.54
2559	102.55	6.49	-5.57
2560	102.59	6.51	-5.61
2561	102.63	6.53	-5.66
2562	102.67	6.55	-5.7
2563	102.71	6.57	-5.73
2564	102.75	6.59	-5.74
2565	102.79	6.59	-5.75
2566	102.83	6.61	-5.75
2567	102.87	6.62	-5.76
2568	102.91	6.63	-5.75
2569	102.95	6.63	-5.76
2570	102.99	6.64	-5.77
2571	103.03	6.65	-5.79
2572	103.07	6.66	-5.8
2573	103.11	6.68	-5.81
2574	103.15	6.7	-5.82
2575	103.19	6.71	-5.82
2576	103.23	6.71	-5.83
2577	103.27	6.71	-5.85
2578	103.31	6.72	-5.86
2579	103.35	6.74	-5.87
2580	103.39	6.75	-5.89
2581	103.43	6.76	-5.9
2582	103.47	6.78	-5.92
2583	103.51	6.78	-5.95
2584	103.55	6.79	-5.97
2585	103.59	6.79	-5.99
2586	103.63	6.79	-6.01
2587	103.67	6.79	-6.01
2588	103.71	6.8	-6.01
2589	103.75	6.82	-6.02
2590	103.79	6.83	-6.05
2591	103.83	6.83	-6.06
2592	103.87	6.86	-6.06
2593	103.91	6.85	-6.07
2594	103.95	6.86	-6.06
2595	103.99	6.86	-6.06
2596	104.03	6.85	-6.08
2597	104.07	6.85	-6.08
2598	104.11	6.86	-6.07
2599	104.15	6.86	-6.07
2600	104.19	6.85	-6.07
2601	104.23	6.86	-6.08
2602	104.27	6.85	-6.09
2603	104.31	6.85	-6.06
2604	104.35	6.86	-6.05
2605	104.39	6.86	-6.02
2606	104.43	6.87	-5.99
2607	104.47	6.9	-6
2608	104.51	6.92	-5.99
2609	104.55	6.94	-6
2610	104.59	6.96	-6.03
2611	104.63	6.96	-6.03
2612	104.67	6.96	-6.03
2613	104.71	6.96	-6.03
2614	104.75	6.97	-6
2615	104.79	6.98	-6
2616	104.83	6.99	-5.99
2617	104.87	6.99	-6
2618	104.91	6.99	-6.02
2619	104.95	6.98	-6.03
2620	104.99	6.98	-6.03
2621	105.03	6.96	-6.03
2622	105.07	6.96	-6.03
2623	105.11	6.96	-6.05
2624	105.15	6.96	-6.09
2625	105.19	6.96	-6.14
2626	105.23	6.94	-6.2
2627	105.27	6.9	-6.27
2628	105.31	6.84	-6.34
2629	105.35	6.79	-6.41
2630	105.39	6.76	-6.48
2631	105.43	6.76	-6.55
2632	105.47	6.77	-6.6
2633	105.51	6.8	-6.65
2634	105.55	6.79	-6.68
2635	105.59	6.77	-6.69
2636	105.63	6.72	-6.71
2637	105.67	6.67	-6.73
2638	105.71	6.63	-6.78
2639	105.75	6.6	-6.8
2640	105.79	6.6	-6.8
2641	105.83	6.61	-6.77
2642	105.87	6.63	-6.73
2643	105.91	6.65	-6.73
2644	105.95	6.66	-6.75
2645	105.99	6.67	-6.78
2646	106.03	6.68	-6.82
2647	106.07	6.7	-6.86
2648	106.11	6.72	-6.88
2649	106.15	6.75	-6.9
2650	106.19	6.77	-6.91
2651	106.23	6.77	-6.91
2652	106.27	6.78	-6.93
2653	106.31	6.77	-6.95
2654	106.35	6.76	-6.96
2655	106.39	6.76	-6.97
2656	106.43	6.74	-6.96
2657	106.47	6.74	-6.95
2658	106.51	6.76	-6.95
2659	106.55	6.76	-6.95
2660	106.59	6.78	-6.96
2661	106.63	6.78	-6.95
2662	106.67	6.8	-6.95
2663	106.71	6.83	-6.95
2664	106.75	6.87	-6.96
2665	106.79	6.91	-6.97
2666	106.83	6.93	-6.98
2667	106.87	6.94	-6.98
2668	106.91	6.95	-6.97
2669	106.95	6.95	-6.97
2670	106.99	6.94	-6.97
2671	107.03	6.94	-6.96
2672	107.07	6.94	-6.97
2673	107.11	6.93	-6.97
2674	107.15	6.92	-6.98
2675	107.19	6.91	-6.96
2676	107.23	6.89	-6.95
2677	107.27	6.87	-6.92
2678	107.31	6.86	-6.9
2679	107.35	6.85	-6.9
2680	107.39	6.84	-6.89
2681	107.43	6.85	-6.91
2682	107.47	6.85	-6.92
2683	107.51	6.86	-6.94
2684	107.55	6.87	-6.98
2685	107.59	6.89	-7.03
2686	107.63	6.91	-7.06
2687	107.67	6.92	-7.08
2688	107.71	6.93	-7.09
2689	107.75	6.93	-7.09
2690	107.79	6.93	-7.08
2691	107.83	6.93	-7.07
2692	107.87	6.93	-7.07
2693	107.91	6.93	-7.05
2694	107.95	6.93	-7.04
2695	107.99	6.93	-7.04
2696	108.03	6.92	-7.02
2697	108.07	6.92	-7.03
2698	108.11	6.92	-7.03
2699	108.15	6.92	-7.02
2700	108.19	6.92	-7.02
2701	108.23	6.92	-7.02
2702	108.27	6.93	-7.02
2703	108.31	6.93	-7.02
2704	108.35	6.93	-7.02
2705	108.39	6.93	-7.03
2706	108.47	6.92	-7.02
2707	108.51	6.92	-7.02
2708	108.55	6.91	-7.03
2709	108.59	6.91	-7.03
2710	108.63	6.9	-7.02
2711	108.67	6.89	-7.02
2712	108.71	6.88	-7.02
2713	108.75	6.89	-7.02
2714	108.79	6.88	-7.03
2715	108.83	6.89	-7.02
2716	108.87	6.9	-7.02
2717	108.91	6.9	-7.02
2718	108.95	6.91	-7.03
2719	108.99	6.9	-7.03
2720	109.03	6.91	-7.03
2721	109.07	6.9	-7.02
2722	109.11	6.9	-7.01
2723	109.15	6.9	-7.01
2724	109.19	6.89	-6.99
2725	109.23	6.9	-6.99
2726	109.27	6.9	-6.98
2727	109.31	6.9	-6.98
2728	109.35	6.89	-6.98
2729	109.39	6.88	-6.97
2730	109.43	6.87	-6.96
2731	109.47	6.86	-6.95
2732	109.51	6.86	-6.95
2733	109.55	6.86	-6.95
2734	109.59	6.85	-6.94
2735	109.63	6.85	-6.94
2736	109.67	6.84	-6.93
2737	109.71	6.84	-6.92
2738	109.75	6.84	-6.92
2739	109.79	6.84	-6.91
2740	109.83	6.84	-6.91
2741	109.87	6.83	-6.91
2742	109.91	6.82	-6.93
2743	109.95	6.82	-6.94
2744	109.99	6.82	-6.93
2745	110.03	6.82	-6.92
2746	110.07	6.82	-6.92
2747	110.11	6.83	-6.93
2748	110.15	6.84	-6.94
2749	110.19	6.84	-6.95
2750	110.23	6.84	-6.95
2751	110.27	6.84	-6.94
2752	110.31	6.84	-6.95
2753	110.35	6.84	-6.95
2754	110.39	6.84	-6.95
2755	110.43	6.84	-6.95
2756	110.47	6.85	-6.95
2757	110.51	6.84	-6.95
2758	110.55	6.85	-6.96
2759	110.59	6.84	-6.97
2760	110.63	6.83	-6.99
2761	110.67	6.84	-7
2762	110.71	6.83	-7
2763	110.75	6.84	-7
2764	110.79	6.84	-7
2765	110.83	6.85	-7.01
2766	110.87	6.86	-7
2767	110.91	6.86	-7
2768	110.95	6.85	-6.99
2769	110.99	6.84	-6.98
2770	111.03	6.84	-6.97
2771	111.07	6.84	-6.97
2772	111.11	6.83	-6.94
2773	111.15	6.81	-6.92
2774	111.19	6.8	-6.9
2775	111.23	6.79	-6.88
2776	111.27	6.78	-6.86
2777	111.31	6.79	-6.87
2778	111.35	6.78	-6.86
2779	111.39	6.78	-6.87
2780	111.43	6.77	-6.89
2781	111.47	6.77	-6.89
2782	111.51	6.76	-6.9
2783	111.55	6.76	-6.9
2784	111.59	6.76	-6.9
2785	111.63	6.76	-6.9
2786	111.67	6.76	-6.91
2787	111.71	6.76	-6.9
2788	111.75	6.76	-6.9
2789	111.79	6.76	-6.9
2790	111.83	6.76	-6.89
2791	111.87	6.76	-6.9
2792	111.91	6.77	-6.91
2793	111.95	6.77	-6.91
2794	111.99	6.77	-6.92
2795	112.03	6.77	-6.91
2796	112.07	6.78	-6.93
2797	112.11	6.8	-6.95
2798	112.15	6.83	-6.99
2799	112.19	6.86	-7.05
2800	112.23	6.87	-7.1
2801	112.27	6.89	-7.15
2802	112.31	6.91	-7.21
2803	112.35	6.93	-7.3
2804	112.39	6.94	-7.41
2805	112.43	6.95	-7.54
2806	112.47	6.95	-7.63
2807	112.51	6.95	-7.71
2808	112.55	6.96	-7.76
2809	112.59	6.98	-7.78
2810	112.63	7	-7.77
2811	112.67	7.03	-7.69
2812	112.71	7.05	-7.53
2813	112.75	7.03	-7.29
2814	112.79	6.97	-7.01
2815	112.83	6.9	-6.79
2816	112.87	6.84	-6.66
2817	112.91	6.79	-6.66
2818	112.95	6.77	-6.73
2819	112.99	6.75	-6.79
2820	113.03	6.73	-6.83
2821	113.07	6.73	-6.85
2822	113.11	6.74	-6.87
2823	113.15	6.76	-6.92
2824	113.19	6.78	-6.98
2825	113.23	6.81	-7.04
2826	113.27	6.85	-7.09
2827	113.31	6.89	-7.14
2828	113.35	6.95	-7.16
2829	113.39	7.02	-7.18
2830	113.43	7.07	-7.15
2831	113.47	7.09	-7.09
2832	113.51	7.08	-7.05
2833	113.55	7.04	-6.99
2834	113.59	6.99	-6.96
2835	113.63	6.92	-6.96
2836	113.67	6.83	-6.96
2837	113.71	6.78	-7
2838	113.75	6.75	-7.07
2839	113.79	6.74	-7.15
2840	113.83	6.76	-7.25
2841	113.87	6.8	-7.32
2842	113.91	6.87	-7.39
2843	113.95	6.97	-7.43
2844	113.99	7.09	-7.45
2845	114.03	7.24	-7.45
2846	114.07	7.35	-7.43
2847	114.11	7.41	-7.42
2848	114.15	7.4	-7.42
2849	114.19	7.34	-7.46
2850	114.23	7.27	-7.53
2851	114.27	7.23	-7.63
2852	114.31	7.24	-7.74
2853	114.35	7.24	-7.79
2854	114.39	7.25	-7.78
2855	114.43	7.25	-7.71
2856	114.47	7.25	-7.58
2857	114.51	7.25	-7.46
2858	114.55	7.23	-7.38
2859	114.59	7.2	-7.37
2860	114.63	7.16	-7.39
2861	114.67	7.13	-7.43
2862	114.71	7.11	-7.45
2863	114.75	7.1	-7.44
2864	114.79	7.09	-7.41
2865	114.83	7.06	-7.36
2866	114.87	7.04	-7.29
2867	114.91	7.02	-7.24
2868	114.95	7.02	-7.21
2869	114.99	7.04	-7.18
2870	115.03	7.03	-7.18
2871	115.07	7.03	-7.18
2872	115.11	7	-7.17
2873	115.15	6.98	-7.16
2874	115.19	6.97	-7.14
2875	115.23	6.97	-7.14
2876	115.27	7.02	-7.17
2877	115.31	7.1	-7.24
2878	115.35	7.19	-7.36
2879	115.39	7.27	-7.5
2880	115.43	7.31	-7.64
2881	115.47	7.32	-7.78
2882	115.51	7.31	-7.93
2883	115.55	7.27	-8.04
2884	115.59	7.23	-8.15
2885	115.63	7.18	-8.24
2886	115.67	7.11	-8.31
2887	115.71	7.07	-8.35
2888	115.75	7.02	-8.32
2889	115.79	6.96	-8.24
2890	115.83	6.89	-8.12
2891	115.87	6.76	-7.99
2892	115.91	6.63	-7.88
2893	115.95	6.54	-7.8
2894	115.99	6.5	-7.73
2895	116.03	6.53	-7.7
2896	116.07	6.6	-7.7
2897	116.11	6.66	-7.71
2898	116.15	6.7	-7.71
2899	116.19	6.7	-7.68
2900	116.23	6.66	-7.64
2901	116.27	6.64	-7.62
2902	116.31	6.65	-7.6
2903	116.35	6.67	-7.61
2904	116.39	6.7	-7.65
2905	116.43	6.74	-7.68
2906	116.47	6.78	-7.73
2907	116.51	6.84	-7.77
2908	116.55	6.93	-7.77
2909	116.59	7	-7.78
2910	116.63	7.05	-7.79
2911	116.67	7.08	-7.82
2912	116.71	7.1	-7.84
2913	116.75	7.08	-7.82
2914	116.79	7.06	-7.79
2915	116.83	7.07	-7.78
2916	116.87	7.11	-7.82
2917	116.91	7.18	-7.93
2918	116.95	7.3	-8.07
2919	116.99	7.43	-8.2
2920	117.03	7.53	-8.33
2921	117.07	7.61	-8.43
2922	117.11	7.63	-8.48
2923	117.15	7.56	-8.48
2924	117.19	7.47	-8.43
2925	117.23	7.37	-8.33
2926	117.27	7.25	-8.23
2927	117.31	7.13	-8.1
2928	117.35	7.05	-7.99
2929	117.39	7	-7.92
2930	117.43	7	-7.9
2931	117.47	7.06	-7.96
2932	117.51	7.11	-8.04
2933	117.55	7.15	-8.09
2934	117.59	7.19	-8.13
2935	117.63	7.24	-8.14
2936	117.67	7.27	-8.16
2937	117.71	7.29	-8.18
2938	117.75	7.28	-8.19
2939	117.79	7.26	-8.17
2940	117.83	7.25	-8.14
2941	117.87	7.22	-8.09
2942	117.91	7.17	-8.02
2943	117.95	7.11	-7.96
2944	117.99	7.05	-7.9
2945	118.03	7.04	-7.88
2946	118.07	7.06	-7.9
2947	118.11	7.08	-7.94
2948	118.15	7.1	-8
2949	118.19	7.09	-8.02
2950	118.23	7.07	-8.02
2951	118.27	7.06	-8.01
2952	118.31	7.09	-8
2953	118.35	7.14	-8.01
2954	118.39	7.18	-8.03
2955	118.43	7.19	-8.03
2956	118.47	7.17	-8.02
2957	118.51	7.15	-8
2958	118.55	7.14	-7.98
2959	118.59	7.18	-7.98
2960	118.63	7.25	-8.01
2961	118.67	7.33	-8.07
2962	118.71	7.41	-8.14
2963	118.75	7.48	-8.21
2964	118.79	7.52	-8.3
2965	118.83	7.52	-8.33
2966	118.87	7.49	-8.33
2967	118.91	7.42	-8.26
2968	118.95	7.34	-8.13
2969	118.99	7.23	-7.97
2970	119.03	7.12	-7.82
2971	119.07	7.02	-7.71
2972	119.11	6.96	-7.66
2973	119.15	6.94	-7.67
2974	119.19	6.95	-7.73
2975	119.23	7.01	-7.83
2976	119.27	7.09	-7.98
2977	119.31	7.21	-8.15
2978	119.35	7.34	-8.33
2979	119.39	7.44	-8.46
2980	119.43	7.5	-8.52
2981	119.47	7.5	-8.54
2982	119.51	7.45	-8.5
2983	119.55	7.36	-8.4
2984	119.59	7.22	-8.27
2985	119.63	7.08	-8.11
2986	119.67	6.95	-7.96
2987	119.71	6.84	-7.85
2988	119.75	6.81	-7.79
2989	119.79	6.82	-7.8
2990	119.83	6.89	-7.86
2991	119.87	6.93	-7.9
2992	119.91	6.99	-7.94
