1	0.06	3.5	2.22
2	0.1	3.51	2.21
3	0.14	3.51	2.19
4	0.18	3.51	2.19
5	0.22	3.52	2.17
6	0.26	3.52	2.16
7	0.3	3.53	2.16
8	0.34	3.53	2.14
9	0.38	3.53	2.13
10	0.42	3.54	2.13
11	0.51	3.55	2.11
12	0.54	3.58	2.1
13	0.58	3.58	2.09
14	0.62	3.6	2.08
15	0.66	3.6	2.07
16	0.7	3.62	2.07
17	0.74	3.63	2.06
18	0.78	3.64	2.06
19	0.82	3.65	2.06
20	0.86	3.65	2.06
21	0.9	3.65	2.06
22	0.94	3.65	2.07
23	0.98	3.64	2.06
24	1.02	3.63	2.06
25	1.06	3.63	2.06
26	1.1	3.64	2.05
27	1.14	3.64	2.05
28	1.18	3.65	2.05
29	1.22	3.64	2.05
30	1.26	3.64	2.05
31	1.3	3.64	2.05
32	1.34	3.64	2.04
33	1.38	3.65	2.04
34	1.42	3.65	2.03
35	1.46	3.65	2.03
36	1.5	3.65	2.02
37	1.54	3.64	2.01
38	1.58	3.64	2.02
39	1.62	3.64	2.02
40	1.66	3.63	2.02
41	1.7	3.64	2.03
42	1.74	3.63	2.02
43	1.78	3.63	2.03
44	1.82	3.63	2.02
45	1.86	3.62	2.02
46	1.9	3.6	2.03
47	1.94	3.6	2.03
48	1.98	3.58	2.03
49	2.02	3.59	2.03
50	2.06	3.59	2.03
51	2.1	3.59	2.04
52	2.14	3.59	2.05
53	2.18	3.58	2.06
54	2.22	3.58	2.09
55	2.26	3.58	2.12
56	2.3	3.58	2.14
57	2.34	3.58	2.17
58	2.38	3.58	2.19
59	2.42	3.57	2.2
60	2.46	3.58	2.22
61	2.5	3.57	2.24
62	2.54	3.56	2.26
63	2.58	3.57	2.28
64	2.62	3.57	2.31
65	2.66	3.59	2.34
66	2.7	3.59	2.37
67	2.74	3.6	2.41
68	2.78	3.59	2.44
69	2.82	3.61	2.47
70	2.86	3.61	2.5
71	2.9	3.62	2.54
72	2.94	3.62	2.57
73	2.98	3.63	2.6
74	3.02	3.63	2.63
75	3.06	3.65	2.66
76	3.1	3.68	2.69
77	3.14	3.69	2.71
78	3.18	3.72	2.73
79	3.22	3.72	2.74
80	3.26	3.74	2.78
81	3.46	3.75	2.84
82	3.5	3.76	2.91
83	3.54	3.74	2.99
84	3.58	3.73	3.04
85	3.62	3.71	3.09
86	3.66	3.7	3.17
87	3.7	3.7	3.31
88	3.74	3.66	3.45
89	3.78	3.61	3.6
90	3.82	3.55	3.74
91	3.86	3.47	3.86
92	3.9	3.43	3.97
93	3.94	3.38	4.04
94	3.98	3.35	4.09
95	4.02	3.33	4.1
96	4.06	3.34	4.14
97	4.1	3.36	4.17
98	4.14	3.38	4.19
99	4.18	3.38	4.21
100	4.22	3.39	4.23
101	4.26	3.38	4.26
102	4.3	3.37	4.29
103	4.34	3.38	4.34
104	4.38	3.37	4.41
105	4.42	3.37	4.45
106	4.46	3.38	4.51
107	4.5	3.38	4.52
108	4.54	3.39	4.56
109	4.58	3.4	4.58
110	4.62	3.42	4.6
111	4.66	3.44	4.65
112	4.7	3.46	4.7
113	4.74	3.47	4.77
114	4.78	3.46	4.87
115	4.82	3.44	5
116	4.86	3.42	5.12
117	4.9	3.41	5.24
118	4.94	3.4	5.34
119	4.98	3.4	5.42
120	5.02	3.4	5.52
121	5.06	3.42	5.61
122	5.1	3.45	5.69
123	5.14	3.48	5.75
124	5.18	3.53	5.82
125	5.22	3.56	5.92
126	5.26	3.59	6.04
127	5.3	3.62	6.14
128	5.34	3.63	6.21
129	5.38	3.66	6.26
130	5.42	3.69	6.3
131	5.46	3.73	6.42
132	5.5	3.78	6.52
133	5.54	3.8	6.61
134	5.58	3.82	6.68
135	5.62	3.81	6.68
136	5.66	3.8	6.71
137	5.7	3.8	6.75
138	5.74	3.79	6.8
139	5.78	3.8	6.9
140	5.82	3.82	6.97
141	5.86	3.84	7.04
142	5.9	3.87	7.11
143	5.94	3.9	7.17
144	5.98	3.89	7.28
145	6.02	3.87	7.43
146	6.06	3.83	7.56
147	6.1	3.79	7.69
148	6.14	3.75	7.75
149	6.18	3.72	7.8
150	6.22	3.69	7.88
151	6.26	3.67	7.97
152	6.3	3.64	8.06
153	6.34	3.62	8.16
154	6.38	3.6	8.21
155	6.42	3.58	8.25
156	6.46	3.58	8.29
157	6.5	3.59	8.32
158	6.54	3.6	8.4
159	6.58	3.62	8.47
160	6.62	3.63	8.56
161	6.66	3.63	8.63
162	6.7	3.64	8.68
163	6.74	3.65	8.74
164	6.78	3.66	8.78
165	6.82	3.66	8.84
166	6.86	3.67	8.91
167	6.9	3.69	8.97
168	6.94	3.72	9.04
169	6.98	3.76	9.08
170	7.02	3.79	9.11
171	7.06	3.82	9.14
172	7.1	3.86	9.19
173	7.14	3.86	9.25
174	7.18	3.88	9.31
175	7.22	3.89	9.37
176	7.26	3.89	9.43
177	7.3	3.91	9.51
178	7.34	3.93	9.58
179	7.38	3.95	9.65
180	7.42	3.96	9.74
181	7.46	3.96	9.83
182	7.5	3.95	9.94
183	7.54	3.92	10.04
184	7.58	3.89	10.12
185	7.62	3.87	10.19
186	7.66	3.86	10.25
187	7.7	3.85	10.29
188	7.74	3.85	10.33
189	7.78	3.85	10.37
190	7.82	3.86	10.39
191	7.86	3.87	10.43
192	7.9	3.87	10.46
193	7.94	3.86	10.52
194	7.98	3.85	10.58
195	8.02	3.83	10.61
196	8.06	3.82	10.61
197	8.1	3.82	10.59
198	8.14	3.82	10.58
199	8.18	3.83	10.6
200	8.22	3.83	10.65
201	8.26	3.84	10.7
202	8.3	3.84	10.74
203	8.34	3.85	10.78
204	8.38	3.86	10.82
205	8.42	3.87	10.84
206	8.46	3.86	10.84
207	8.5	3.86	10.82
208	8.54	3.85	10.81
209	8.58	3.85	10.8
210	8.62	3.86	10.83
211	8.66	3.86	10.86
212	8.7	3.86	10.88
213	8.74	3.87	10.92
214	8.78	3.86	10.91
215	8.82	3.86	10.91
216	8.86	3.86	10.91
217	8.9	3.87	10.94
218	8.94	3.88	10.99
219	8.98	3.91	11.05
220	9.02	3.95	11.11
221	9.06	4	11.15
222	9.1	4.06	11.18
223	9.14	4.09	11.22
224	9.18	4.12	11.28
225	9.22	4.14	11.36
226	9.26	4.13	11.4
227	9.3	4.14	11.45
228	9.34	4.15	11.49
229	9.38	4.16	11.53
230	9.42	4.19	11.61
231	9.46	4.19	11.66
232	9.5	4.19	11.71
233	9.54	4.19	11.78
234	9.58	4.2	11.85
235	9.62	4.21	11.95
236	9.66	4.2	12.11
237	9.7	4.19	12.3
238	9.74	4.17	12.49
239	9.78	4.14	12.64
240	9.82	4.13	12.71
241	9.86	4.1	12.89
242	10.38	4.06	13.06
243	10.42	4.03	13.26
244	10.46	4.01	13.47
245	10.5	4.03	13.52
246	10.54	4.05	13.57
247	10.58	4.07	13.6
248	10.62	4.09	13.63
249	10.66	4.1	13.65
250	10.7	4.11	13.66
251	10.74	4.11	13.66
252	10.78	4.12	13.67
253	10.82	4.11	13.69
254	10.86	4.11	13.72
255	10.9	4.12	13.76
256	10.94	4.12	13.78
257	10.98	4.12	13.8
258	11.02	4.12	13.79
259	11.06	4.12	13.79
260	11.1	4.11	13.81
261	11.14	4.11	13.83
262	11.18	4.11	13.88
263	11.22	4.11	13.94
264	11.26	4.12	13.96
265	11.3	4.11	13.99
266	11.34	4.11	13.98
267	11.38	4.13	13.99
268	11.42	4.14	14.01
269	11.46	4.16	14.04
270	11.5	4.17	14.09
271	11.54	4.17	14.11
272	11.58	4.18	14.14
273	11.62	4.18	14.17
274	11.66	4.18	14.19
275	11.7	4.18	14.23
276	11.74	4.18	14.27
277	11.78	4.19	14.29
278	11.82	4.2	14.29
279	11.86	4.21	14.3
280	11.9	4.22	14.35
281	11.94	4.22	14.47
282	11.98	4.23	14.62
283	12.02	4.23	14.79
284	12.06	4.2	14.95
285	12.1	4.18	15.12
286	12.14	4.14	15.25
287	12.18	4.13	15.38
288	12.22	4.13	15.49
289	12.26	4.12	15.54
290	12.3	4.11	15.62
291	12.34	4.08	15.72
292	12.38	4.05	15.81
293	12.42	4.03	15.96
294	12.46	4.05	16.13
295	12.5	4.07	16.33
296	12.54	4.11	16.56
297	12.58	4.16	16.77
298	12.62	4.2	16.98
299	12.66	4.25	17.12
300	12.7	4.29	17.21
301	12.74	4.33	17.28
302	12.78	4.35	17.32
303	12.82	4.37	17.4
304	12.86	4.39	17.52
305	12.9	4.4	17.62
306	12.94	4.43	17.74
307	12.98	4.46	17.82
308	13.02	4.48	17.92
309	13.06	4.49	18.06
310	13.1	4.47	18.23
311	13.14	4.44	18.46
312	13.18	4.41	18.69
313	13.22	4.4	18.9
314	13.26	4.42	19.06
315	13.3	4.43	19.15
316	13.34	4.44	19.22
317	13.38	4.43	19.26
318	13.42	4.44	19.31
319	13.46	4.46	19.36
320	13.5	4.48	19.41
321	13.54	4.52	19.51
322	13.58	4.56	19.61
323	13.62	4.63	19.81
324	13.66	4.73	20
325	13.7	4.86	20.23
326	13.74	4.97	20.45
327	13.78	5.05	20.54
328	13.82	5.1	20.6
329	13.86	5.14	20.63
330	13.9	5.17	20.65
331	13.94	5.2	20.74
332	13.98	5.22	20.83
333	14.02	5.24	20.9
334	14.06	5.27	20.96
335	14.1	5.3	21
336	14.14	5.33	21.09
337	14.18	5.35	21.17
338	14.22	5.37	21.25
339	14.26	5.38	21.32
340	14.3	5.39	21.34
341	14.34	5.38	21.38
342	14.38	5.38	21.41
343	14.42	5.38	21.44
344	14.46	5.39	21.47
345	14.5	5.41	21.47
346	14.54	5.41	21.47
347	14.58	5.43	21.47
348	14.62	5.43	21.46
349	14.66	5.43	21.45
350	14.7	5.43	21.46
351	14.74	5.43	21.47
352	14.78	5.45	21.5
353	14.82	5.46	21.53
354	14.86	5.48	21.55
355	14.9	5.49	21.58
356	14.94	5.5	21.59
357	14.98	5.51	21.63
358	15.02	5.53	21.65
359	15.06	5.54	21.66
360	15.1	5.55	21.66
361	15.14	5.56	21.66
362	15.18	5.56	21.66
363	15.22	5.56	21.67
364	15.26	5.57	21.67
365	15.3	5.57	21.66
366	15.34	5.58	21.67
367	15.38	5.58	21.69
368	15.42	5.58	21.73
369	15.46	5.56	21.74
370	15.5	5.54	21.75
371	15.54	5.5	21.71
372	15.58	5.45	21.68
373	15.62	5.43	21.67
374	15.66	5.41	21.67
375	15.7	5.42	21.7
376	15.74	5.43	21.71
377	15.78	5.42	21.7
378	15.82	5.41	21.7
379	15.86	5.4	21.68
380	15.9	5.39	21.68
381	15.94	5.37	21.66
382	15.98	5.34	21.63
383	16.02	5.3	21.61
384	16.06	5.27	21.61
385	16.1	5.25	21.64
386	16.14	5.21	21.63
387	16.18	5.18	21.61
388	16.22	5.16	21.61
389	16.26	5.13	21.62
390	16.3	5.14	21.67
391	16.34	5.14	21.73
392	16.38	5.16	21.76
393	16.42	5.16	21.76
394	16.46	5.16	21.77
395	16.5	5.16	21.77
396	16.54	5.15	21.75
397	16.58	5.15	21.73
398	16.62	5.12	21.72
399	16.66	5.06	21.71
400	16.7	4.99	21.71
401	16.74	4.91	21.72
402	16.78	4.83	21.71
403	16.82	4.77	21.69
404	16.86	4.7	21.68
405	16.9	4.64	21.67
406	16.94	4.61	21.69
407	16.98	4.58	21.72
408	17.02	4.56	21.75
409	17.06	4.54	21.78
410	17.1	4.52	21.79
411	17.14	4.5	21.81
412	17.18	4.48	21.85
413	17.22	4.46	21.9
414	17.26	4.46	21.99
415	17.3	4.46	22.06
416	17.34	4.44	22.14
417	17.38	4.42	22.19
418	17.42	4.4	22.21
419	17.46	4.36	22.23
420	17.5	4.32	22.28
421	17.54	4.27	22.34
422	17.58	4.2	22.4
423	17.62	4.09	22.46
424	17.66	3.94	22.51
425	17.7	3.78	22.54
426	17.74	3.6	22.57
427	17.78	3.46	22.58
428	17.82	3.37	22.59
429	17.86	3.31	22.6
430	17.9	3.3	22.59
431	17.94	3.29	22.6
432	17.98	3.31	22.58
433	18.02	3.33	22.57
434	18.06	3.34	22.57
435	18.1	3.34	22.56
436	18.14	3.33	22.55
437	18.18	3.28	22.55
438	18.22	3.23	22.55
439	18.26	3.2	22.55
440	18.3	3.17	22.6
441	18.34	3.15	22.66
442	18.38	3.14	22.71
443	18.41	3.12	22.78
444	18.45	3.12	22.8
445	18.49	3.11	22.8
446	18.54	3.12	22.8
447	18.58	3.11	22.8
448	18.61	3.1	22.8
449	18.65	3.08	22.8
450	18.69	3.07	22.81
451	18.73	3.06	22.81
452	18.77	3.06	22.81
453	18.81	3.06	22.81
454	18.85	3.05	22.82
455	18.89	3.04	22.82
456	18.93	3.03	22.83
457	18.97	3.02	22.85
458	19.01	3	22.88
459	19.06	2.99	22.92
460	19.09	2.98	22.97
461	19.13	2.97	22.99
462	19.17	2.94	23.05
463	19.22	2.92	23.1
464	19.25	2.89	23.16
465	19.29	2.84	23.23
466	19.33	2.79	23.27
467	19.37	2.75	23.31
468	19.41	2.7	23.34
469	19.45	2.65	23.38
470	19.49	2.61	23.44
471	19.53	2.56	23.54
472	19.57	2.52	23.64
473	19.61	2.49	23.72
474	19.65	2.45	23.75
475	19.69	2.42	23.75
476	19.73	2.4	23.74
477	19.77	2.38	23.73
478	19.81	2.39	23.73
479	19.85	2.4	23.75
480	19.89	2.41	23.76
481	19.93	2.4	23.78
482	19.97	2.39	23.81
483	20.01	2.41	23.83
484	20.05	2.44	23.85
485	20.09	2.5	23.88
486	20.13	2.55	23.89
487	20.17	2.56	23.89
488	20.21	2.57	23.87
489	20.25	2.57	23.84
490	20.29	2.59	23.81
491	20.33	2.59	23.8
492	20.37	2.57	23.78
493	20.41	2.53	23.77
494	20.45	2.51	23.73
495	20.49	2.51	23.73
496	20.53	2.52	23.73
497	20.57	2.55	23.73
498	20.61	2.58	23.74
499	20.65	2.58	23.74
500	20.69	2.59	23.74
501	20.73	2.58	23.75
502	20.77	2.6	23.76
503	20.81	2.6	23.77
504	20.85	2.62	23.77
505	20.89	2.63	23.77
506	20.93	2.63	23.77
507	20.97	2.64	23.77
508	21.01	2.63	23.78
509	21.05	2.63	23.78
510	21.09	2.63	23.79
511	21.13	2.63	23.78
512	21.17	2.63	23.78
513	21.21	2.63	23.78
514	21.25	2.63	23.78
515	21.29	2.63	23.78
516	21.33	2.62	23.78
517	21.37	2.62	23.78
518	21.41	2.62	23.78
519	21.45	2.62	23.78
520	21.49	2.63	23.77
521	21.53	2.64	23.77
522	21.57	2.64	23.78
523	21.61	2.64	23.78
524	21.65	2.64	23.78
525	21.69	2.64	23.78
526	21.73	2.64	23.77
527	21.77	2.64	23.76
528	21.81	2.64	23.76
529	21.85	2.64	23.75
530	21.89	2.63	23.75
531	21.93	2.62	23.75
532	21.97	2.62	23.75
533	22.01	2.61	23.75
534	22.05	2.61	23.75
535	22.09	2.61	23.75
536	22.13	2.61	23.74
537	22.17	2.6	23.73
538	22.21	2.61	23.72
539	22.25	2.61	23.72
540	22.29	2.62	23.72
541	22.33	2.63	23.72
542	22.37	2.63	23.72
543	22.41	2.63	23.72
544	22.45	2.63	23.72
545	22.49	2.63	23.72
546	22.53	2.63	23.73
547	22.57	2.63	23.73
548	22.61	2.62	23.74
549	22.65	2.62	23.73
550	22.69	2.62	23.73
551	22.73	2.61	23.73
552	22.77	2.62	23.72
553	22.81	2.63	23.72
554	22.85	2.63	23.72
555	22.89	2.63	23.73
556	22.93	2.62	23.74
557	22.97	2.62	23.74
558	23.01	2.62	23.74
559	23.05	2.61	23.74
560	23.09	2.62	23.74
561	23.13	2.61	23.74
562	23.17	2.61	23.74
563	23.21	2.61	23.74
564	23.25	2.61	23.74
565	23.29	2.62	23.75
566	23.33	2.62	23.76
567	23.37	2.62	23.76
568	23.41	2.62	23.75
569	23.45	2.62	23.76
570	23.49	2.62	23.75
571	23.53	2.62	23.75
572	23.57	2.62	23.75
573	23.61	2.62	23.74
574	23.65	2.62	23.74
575	23.69	2.62	23.74
576	23.73	2.63	23.73
577	23.77	2.63	23.74
578	23.81	2.63	23.74
579	23.85	2.64	23.74
580	23.89	2.63	23.74
581	23.93	2.63	23.74
582	23.97	2.64	23.74
583	24.01	2.64	23.73
584	24.05	2.63	23.73
585	24.09	2.63	23.73
586	24.13	2.63	23.73
587	24.17	2.62	23.74
588	24.21	2.62	23.74
589	24.25	2.63	23.74
590	24.29	2.62	23.75
591	24.33	2.63	23.75
592	24.37	2.63	23.74
593	24.41	2.63	23.74
594	24.45	2.65	23.73
595	24.49	2.64	23.73
596	24.53	2.64	23.74
597	24.57	2.64	23.73
598	24.61	2.63	23.73
599	24.65	2.63	23.73
600	24.69	2.64	23.72
601	24.73	2.63	23.73
602	24.77	2.63	23.72
603	24.81	2.62	23.73
604	24.85	2.63	23.73
605	24.89	2.63	23.73
606	24.93	2.63	23.74
607	24.97	2.64	23.73
608	25.01	2.63	23.73
609	25.05	2.64	23.73
610	25.09	2.64	23.73
611	25.13	2.64	23.73
612	25.17	2.64	23.73
613	25.21	2.63	23.74
614	25.25	2.64	23.73
615	25.29	2.63	23.73
616	25.33	2.63	23.74
617	25.37	2.63	23.74
618	25.41	2.62	23.74
619	25.45	2.61	23.74
620	25.49	2.61	23.74
621	25.53	2.61	23.73
622	25.57	2.61	23.73
623	25.61	2.62	23.74
624	25.65	2.62	23.74
625	25.69	2.62	23.75
626	25.73	2.64	23.76
627	25.77	2.65	23.76
628	25.81	2.67	23.76
629	25.85	2.68	23.76
630	25.89	2.69	23.76
631	25.93	2.69	23.75
632	25.97	2.69	23.75
633	26.01	2.69	23.76
634	26.05	2.68	23.76
635	26.09	2.68	23.76
636	26.13	2.67	23.76
637	26.17	2.67	23.75
638	26.21	2.67	23.75
639	26.25	2.67	23.76
640	26.29	2.67	23.75
641	26.33	2.67	23.75
642	26.37	2.67	23.75
643	26.41	2.68	23.75
644	26.45	2.69	23.76
645	26.49	2.69	23.76
646	26.53	2.7	23.76
647	26.57	2.7	23.76
648	26.61	2.7	23.76
649	26.65	2.69	23.75
650	26.69	2.7	23.74
651	26.73	2.69	23.74
652	26.77	2.69	23.73
653	26.81	2.69	23.73
654	26.85	2.69	23.73
655	26.89	2.69	23.73
656	26.93	2.69	23.73
657	26.97	2.69	23.72
658	27.01	2.7	23.72
659	27.05	2.7	23.72
660	27.09	2.71	23.72
661	27.13	2.71	23.72
662	27.17	2.72	23.72
663	27.21	2.72	23.72
664	27.25	2.72	23.72
665	27.29	2.73	23.71
666	27.33	2.73	23.72
667	27.37	2.74	23.72
668	27.41	2.75	23.73
669	27.45	2.74	23.72
670	27.49	2.73	23.71
671	27.53	2.71	23.71
672	27.57	2.7	23.71
673	27.61	2.71	23.72
674	27.65	2.71	23.73
675	27.69	2.71	23.73
676	27.73	2.7	23.72
677	27.77	2.71	23.73
678	27.81	2.72	23.74
679	27.85	2.73	23.75
680	27.89	2.74	23.77
681	27.93	2.75	23.78
682	27.97	2.75	23.8
683	28.01	2.75	23.82
684	28.05	2.75	23.83
685	28.09	2.75	23.84
686	28.13	2.74	23.85
687	28.17	2.71	23.84
688	28.21	2.66	23.85
689	28.25	2.61	23.86
690	28.29	2.57	23.86
691	28.33	2.53	23.87
692	28.37	2.5	23.87
693	28.41	2.49	23.87
694	28.45	2.46	23.87
695	28.49	2.43	23.89
696	28.53	2.4	23.9
697	28.57	2.35	23.91
698	28.61	2.29	23.94
699	28.65	2.25	23.95
700	28.69	2.22	23.96
701	28.73	2.21	23.98
702	28.77	2.22	23.99
703	28.81	2.21	24.02
704	28.85	2.18	24.04
705	28.89	2.14	24.07
706	28.93	2.09	24.08
707	28.97	2.07	24.1
708	29.01	2.03	24.11
709	29.05	1.99	24.12
710	29.09	1.94	24.14
711	29.13	1.86	24.14
712	29.17	1.78	24.11
713	29.21	1.65	24.08
714	29.25	1.54	24.03
715	29.29	1.43	24
716	29.33	1.35	23.99
717	29.37	1.3	23.98
718	29.41	1.25	23.96
719	29.45	1.2	23.93
720	29.49	1.18	23.91
721	29.53	1.14	23.88
722	29.57	1.14	23.87
723	29.61	1.11	23.86
724	29.65	1.12	23.85
725	29.69	1.12	23.85
726	29.73	1.12	23.85
727	29.77	1.13	23.84
728	29.81	1.14	23.84
729	29.85	1.14	23.83
730	29.89	1.16	23.82
731	29.93	1.17	23.83
732	29.97	1.15	23.85
733	30.01	1.15	23.86
734	30.05	1.13	23.87
735	30.09	1.14	23.88
736	30.13	1.13	23.9
737	30.17	1.15	23.92
738	30.21	1.19	23.91
739	30.25	1.23	23.9
740	30.29	1.29	23.88
741	30.33	1.33	23.86
742	30.37	1.33	23.87
743	30.41	1.33	23.89
744	30.45	1.33	23.9
745	30.49	1.31	23.89
746	30.53	1.3	23.88
747	30.57	1.29	23.88
748	30.61	1.26	23.87
749	30.65	1.22	23.87
750	30.69	1.21	23.89
751	30.73	1.18	23.9
752	30.77	1.18	23.92
753	30.81	1.18	23.93
754	30.85	1.18	23.92
755	30.89	1.19	23.91
756	30.93	1.2	23.89
757	30.97	1.22	23.87
758	31.01	1.22	23.87
759	31.05	1.21	23.87
760	31.09	1.19	23.88
761	31.13	1.16	23.9
762	31.17	1.13	23.9
763	31.21	1.09	23.9
764	31.25	1.05	23.89
765	31.29	1	23.88
766	31.33	0.96	23.87
767	31.37	0.93	23.87
768	31.41	0.93	23.88
769	31.45	0.94	23.87
770	31.49	0.94	23.88
771	31.53	0.92	23.88
772	31.57	0.9	23.89
773	31.61	0.89	23.92
774	31.65	0.91	23.96
775	31.69	0.92	24.01
776	31.73	0.94	24.05
777	31.77	0.94	24.08
778	31.81	0.92	24.09
779	31.85	0.9	24.09
780	31.89	0.87	24.07
781	31.93	0.85	24.04
782	31.97	0.83	23.99
783	32.01	0.82	23.94
784	32.05	0.82	23.89
785	32.09	0.82	23.86
786	32.13	0.82	23.86
787	32.17	0.83	23.84
788	32.21	0.83	23.81
789	32.25	0.79	23.82
790	32.29	0.74	23.83
791	32.33	0.67	23.86
792	32.37	0.62	23.9
793	32.41	0.61	23.94
794	32.45	0.6	23.98
795	32.49	0.58	24.02
796	32.53	0.53	24.02
797	32.57	0.46	23.99
798	32.61	0.37	23.93
799	32.65	0.26	23.87
800	32.69	0.15	23.83
801	32.73	0.03	23.84
802	32.77	-0.07	23.87
803	32.81	-0.14	23.9
804	32.85	-0.2	23.92
805	32.89	-0.22	23.91
806	32.93	-0.25	23.9
807	32.97	-0.27	23.88
808	33.01	-0.28	23.86
809	33.05	-0.31	23.84
810	33.09	-0.33	23.81
811	33.13	-0.37	23.79
812	33.17	-0.41	23.78
813	33.21	-0.45	23.77
814	33.25	-0.53	23.77
815	33.29	-0.64	23.79
816	33.33	-0.76	23.81
817	33.37	-0.89	23.84
818	33.41	-1	23.85
819	33.45	-1.06	23.87
820	33.49	-1.15	23.91
821	33.53	-1.21	23.94
822	33.57	-1.24	23.97
823	33.61	-1.28	24.03
824	33.65	-1.34	24.06
825	33.69	-1.35	24.06
826	33.73	-1.44	24.06
827	33.77	-1.54	24.04
828	33.81	-1.57	24.02
829	33.85	-1.65	24.04
830	33.89	-1.66	24.05
831	33.93	-1.7	24.06
832	33.97	-1.77	24.06
833	34.01	-1.87	24.07
834	34.05	-1.97	24.07
835	34.09	-2.06	24.05
836	34.13	-2.13	24.04
837	34.17	-2.21	24.01
838	34.21	-2.33	23.98
839	34.25	-2.44	23.93
840	34.29	-2.57	23.88
841	34.33	-2.66	23.83
842	34.37	-2.72	23.8
843	34.41	-2.79	23.76
844	34.45	-2.82	23.74
845	34.49	-2.85	23.73
846	34.53	-2.85	23.71
847	34.57	-2.86	23.69
848	34.61	-2.9	23.67
849	34.65	-2.96	23.64
850	34.69	-3.02	23.62
851	34.73	-3.08	23.61
852	34.77	-3.11	23.59
853	34.81	-3.13	23.58
854	34.85	-3.15	23.57
855	34.89	-3.19	23.56
856	34.93	-3.22	23.56
857	34.97	-3.24	23.55
858	35.01	-3.26	23.54
859	35.05	-3.26	23.52
860	35.09	-3.27	23.5
861	35.13	-3.29	23.48
862	35.17	-3.33	23.48
863	35.21	-3.35	23.5
864	35.25	-3.41	23.53
865	35.29	-3.47	23.57
866	35.33	-3.5	23.62
867	35.37	-3.56	23.65
868	35.41	-3.59	23.67
869	35.45	-3.61	23.7
870	35.49	-3.63	23.72
871	35.53	-3.64	23.73
872	35.57	-3.64	23.75
873	35.61	-3.64	23.75
874	35.65	-3.63	23.75
875	35.69	-3.64	23.75
876	35.73	-3.65	23.74
877	35.77	-3.67	23.75
878	35.81	-3.73	23.76
879	35.85	-3.75	23.79
880	35.89	-3.77	23.8
881	35.93	-3.77	23.81
882	35.97	-3.76	23.81
883	36.01	-3.76	23.8
884	36.05	-3.76	23.8
885	36.09	-3.74	23.8
886	36.13	-3.72	23.81
887	36.17	-3.71	23.81
888	36.21	-3.73	23.81
889	36.25	-3.74	23.8
890	36.29	-3.79	23.76
891	36.33	-3.79	23.74
892	36.37	-3.8	23.72
893	36.41	-3.81	23.73
894	36.45	-3.81	23.74
895	36.49	-3.84	23.73
896	36.53	-3.87	23.72
897	36.57	-3.88	23.71
898	36.61	-3.88	23.71
899	36.65	-3.87	23.71
900	36.69	-3.85	23.72
901	36.73	-3.86	23.72
902	36.77	-3.85	23.71
903	36.81	-3.84	23.7
904	36.85	-3.85	23.71
905	36.89	-3.86	23.73
906	36.93	-3.89	23.75
907	36.97	-3.92	23.79
908	37.01	-3.96	23.82
909	37.05	-3.94	23.81
910	37.09	-3.95	23.82
911	37.13	-3.96	23.8
912	37.17	-3.97	23.79
913	37.21	-4.04	23.79
914	37.25	-4.07	23.79
915	37.29	-4.11	23.77
916	37.33	-4.14	23.77
917	37.37	-4.17	23.78
918	37.41	-4.18	23.81
919	37.45	-4.22	23.84
920	37.49	-4.24	23.87
921	37.53	-4.27	23.9
922	37.57	-4.32	23.89
923	37.61	-4.39	23.88
924	37.65	-4.47	23.84
925	37.69	-4.56	23.81
926	37.73	-4.65	23.79
927	37.77	-4.73	23.77
928	37.81	-4.8	23.75
929	37.85	-4.87	23.73
930	37.89	-4.93	23.72
931	37.93	-4.99	23.71
932	37.97	-5.05	23.72
933	38.01	-5.09	23.72
934	38.05	-5.14	23.72
935	38.09	-5.16	23.72
936	38.13	-5.18	23.72
937	38.17	-5.22	23.72
938	38.21	-5.25	23.72
939	38.25	-5.26	23.72
940	38.29	-5.27	23.73
941	38.33	-5.25	23.73
942	38.37	-5.25	23.72
943	38.41	-5.24	23.71
944	38.45	-5.23	23.69
945	38.49	-5.21	23.68
946	38.53	-5.2	23.67
947	38.57	-5.19	23.67
948	38.61	-5.21	23.66
949	38.65	-5.23	23.65
950	38.69	-5.24	23.64
951	38.73	-5.24	23.65
952	38.77	-5.21	23.65
953	38.81	-5.18	23.66
954	38.85	-5.15	23.66
955	38.89	-5.13	23.66
956	38.93	-5.12	23.65
957	38.97	-5.1	23.64
958	39.01	-5.08	23.63
959	39.05	-5.06	23.63
960	39.09	-5.04	23.62
961	39.13	-5.05	23.6
962	39.17	-5.06	23.59
963	39.21	-5.07	23.58
964	39.25	-5.08	23.58
965	39.29	-5.09	23.58
966	39.33	-5.09	23.57
967	39.37	-5.11	23.57
968	39.41	-5.11	23.57
969	39.45	-5.09	23.56
970	39.49	-5.1	23.56
971	39.53	-5.09	23.56
972	39.57	-5.09	23.57
973	39.61	-5.09	23.57
974	39.65	-5.08	23.57
975	39.69	-5.07	23.57
976	39.73	-5.05	23.57
977	39.77	-5.06	23.57
978	39.81	-5.06	23.57
979	39.85	-5.05	23.56
980	39.89	-5.06	23.56
981	39.93	-5.06	23.57
982	39.97	-5.04	23.59
983	40.01	-5.02	23.62
984	40.05	-4.98	23.64
985	40.09	-4.94	23.67
986	40.13	-4.92	23.71
987	40.17	-4.92	23.73
988	40.21	-4.92	23.74
989	40.25	-4.94	23.73
990	40.29	-4.99	23.72
991	40.33	-5.03	23.7
992	40.37	-5.08	23.7
993	40.41	-5.12	23.7
994	40.45	-5.12	23.69
995	40.49	-5.13	23.69
996	40.53	-5.15	23.69
997	40.57	-5.16	23.7
998	40.61	-5.17	23.71
999	40.65	-5.18	23.71
1000	40.69	-5.19	23.73
1001	40.73	-5.2	23.73
1002	40.77	-5.21	23.73
1003	40.81	-5.22	23.73
1004	40.85	-5.22	23.73
1005	40.89	-5.22	23.73
1006	40.93	-5.22	23.73
1007	40.97	-5.22	23.74
1008	41.01	-5.22	23.73
1009	41.05	-5.22	23.73
1010	41.09	-5.22	23.73
1011	41.13	-5.22	23.73
1012	41.17	-5.22	23.73
1013	41.21	-5.22	23.73
1014	41.25	-5.22	23.73
1015	41.29	-5.22	23.72
1016	41.33	-5.22	23.72
1017	41.37	-5.22	23.72
1018	41.41	-5.22	23.71
1019	41.45	-5.22	23.71
1020	41.49	-5.23	23.72
1021	41.53	-5.23	23.72
1022	41.57	-5.23	23.72
1023	41.61	-5.23	23.71
1024	41.65	-5.22	23.71
1025	41.69	-5.23	23.71
1026	41.73	-5.22	23.71
1027	41.77	-5.22	23.71
1028	41.81	-5.22	23.71
1029	41.85	-5.21	23.71
1030	41.89	-5.21	23.71
1031	41.93	-5.2	23.71
1032	41.97	-5.2	23.71
1033	42.01	-5.19	23.72
1034	42.05	-5.19	23.72
1035	42.09	-5.18	23.72
1036	42.13	-5.18	23.72
1037	42.17	-5.18	23.72
1038	42.21	-5.18	23.72
1039	42.25	-5.16	23.72
1040	42.29	-5.14	23.72
1041	42.33	-5.12	23.73
1042	42.37	-5.1	23.73
1043	42.41	-5.08	23.74
1044	42.45	-5.05	23.74
1045	42.49	-5.03	23.74
1046	42.53	-5.01	23.75
1047	42.57	-5	23.75
1048	42.61	-4.98	23.75
1049	42.65	-4.98	23.76
1050	42.69	-4.99	23.78
1051	42.73	-5	23.78
1052	42.77	-5.03	23.8
1053	42.81	-5.02	23.78
1054	42.85	-5.01	23.75
1055	42.89	-5	23.75
1056	42.93	-4.99	23.72
1057	42.97	-5	23.72
1058	43.01	-5.01	23.72
1059	43.05	-5.01	23.72
1060	43.09	-5.01	23.73
1061	43.13	-5.01	23.73
1062	43.17	-5.02	23.73
1063	43.21	-5.01	23.73
1064	43.25	-5.02	23.73
1065	43.29	-5.02	23.72
1066	43.33	-5.01	23.71
1067	43.37	-5.02	23.71
1068	43.41	-5.02	23.71
1069	43.45	-5.01	23.72
1070	43.49	-5.01	23.72
1071	43.53	-5.01	23.72
1072	43.57	-5.02	23.72
1073	43.61	-5.03	23.72
1074	43.65	-5.03	23.72
1075	43.69	-5.03	23.72
1076	43.73	-5.03	23.72
1077	43.77	-5.04	23.72
1078	43.81	-5.04	23.74
1079	43.85	-5.03	23.75
1080	43.89	-5.04	23.78
1081	43.93	-5.04	23.8
1082	43.97	-5.03	23.81
1083	44.01	-5.02	23.8
1084	44.05	-5	23.79
1085	44.09	-5	23.79
1086	44.13	-4.99	23.78
1087	44.17	-4.99	23.79
1088	44.21	-4.98	23.76
1089	44.25	-4.97	23.73
1090	44.29	-4.97	23.68
1091	44.33	-4.97	23.64
1092	44.37	-4.99	23.62
1093	44.41	-5	23.61
1094	44.45	-5.01	23.61
1095	44.49	-5.01	23.6
1096	44.53	-5	23.59
1097	44.57	-5	23.6
1098	44.61	-4.99	23.59
1099	44.65	-4.98	23.59
1100	44.69	-4.96	23.6
1101	44.73	-4.93	23.6
1102	44.77	-4.88	23.61
1103	44.81	-4.83	23.61
1104	44.85	-4.81	23.61
1105	44.89	-4.81	23.6
1106	44.93	-4.83	23.6
1107	44.97	-4.84	23.6
1108	45.01	-4.86	23.6
1109	45.05	-4.88	23.6
1110	45.09	-4.93	23.62
1111	45.13	-4.97	23.64
1112	45.17	-5	23.68
1113	45.21	-5	23.73
1114	45.25	-4.94	23.77
1115	45.29	-4.88	23.81
1116	45.33	-4.81	23.84
1117	45.37	-4.79	23.86
1118	45.41	-4.84	23.87
1119	45.45	-4.92	23.89
1120	45.49	-5	23.91
1121	45.53	-5.06	23.92
1122	45.57	-5.09	23.93
1123	45.61	-5.13	23.92
1124	45.65	-5.16	23.91
1125	45.69	-5.19	23.9
1126	45.73	-5.24	23.89
1127	45.77	-5.27	23.89
1128	45.81	-5.33	23.88
1129	45.85	-5.38	23.88
1130	45.89	-5.42	23.88
1131	45.93	-5.42	23.86
1132	45.97	-5.43	23.86
1133	46.01	-5.43	23.85
1134	46.05	-5.4	23.88
1135	46.09	-5.39	23.93
1136	46.13	-5.34	24.01
1137	46.17	-5.29	24.07
1138	46.21	-5.26	24.1
1139	46.25	-5.25	24.11
1140	46.29	-5.29	24.11
1141	46.33	-5.32	24.1
1142	46.37	-5.39	24.1
1143	46.41	-5.43	24.1
1144	46.45	-5.49	24.08
1145	46.49	-5.53	24.06
1146	46.53	-5.55	24.03
1147	46.57	-5.54	24.01
1148	46.61	-5.49	24.02
1149	46.65	-5.44	24.06
1150	46.69	-5.37	24.09
1151	46.73	-5.33	24.12
1152	46.77	-5.31	24.14
1153	46.81	-5.31	24.14
1154	46.85	-5.34	24.13
1155	46.89	-5.36	24.15
1156	46.93	-5.37	24.15
1157	46.97	-5.41	24.16
1158	47.01	-5.42	24.17
1159	47.05	-5.45	24.15
1160	47.09	-5.47	24.14
1161	47.13	-5.48	24.11
1162	47.17	-5.5	24.1
1163	47.21	-5.51	24.09
1164	47.25	-5.5	24.08
1165	47.29	-5.48	24.09
1166	47.33	-5.43	24.11
1167	47.37	-5.35	24.14
1168	47.41	-5.28	24.18
1169	47.45	-5.22	24.22
1170	47.49	-5.19	24.24
1171	47.53	-5.18	24.24
1172	47.57	-5.21	24.25
1173	47.61	-5.23	24.24
1174	47.65	-5.28	24.24
1175	47.69	-5.33	24.25
1176	47.73	-5.38	24.23
1177	47.77	-5.42	24.21
1178	47.81	-5.43	24.17
1179	47.85	-5.45	24.13
1180	47.89	-5.48	24.08
1181	47.93	-5.48	24.06
1182	47.97	-5.49	24.04
1183	48.01	-5.49	24.03
1184	48.05	-5.49	24.03
1185	48.09	-5.48	24.04
1186	48.13	-5.47	24.05
1187	48.17	-5.47	24.07
1188	48.21	-5.47	24.08
1189	48.25	-5.45	24.1
1190	48.29	-5.43	24.13
1191	48.33	-5.37	24.15
1192	48.37	-5.32	24.19
1193	48.41	-5.28	24.21
1194	48.45	-5.27	24.23
1195	48.49	-5.26	24.23
1196	48.53	-5.25	24.23
1197	48.57	-5.25	24.23
1198	48.61	-5.25	24.22
1199	48.65	-5.27	24.23
1200	48.69	-5.3	24.23
1201	48.73	-5.34	24.23
1202	48.77	-5.4	24.21
1203	48.81	-5.44	24.18
1204	48.85	-5.44	24.13
1205	48.89	-5.41	24.11
1206	48.93	-5.36	24.11
1207	48.97	-5.27	24.13
1208	49.01	-5.24	24.17
1209	49.05	-5.23	24.19
1210	49.09	-5.23	24.2
1211	49.13	-5.25	24.2
1212	49.17	-5.29	24.2
1213	49.21	-5.32	24.18
1214	49.25	-5.36	24.16
1215	49.29	-5.43	24.15
1216	49.33	-5.47	24.11
1217	49.37	-5.49	24.09
1218	49.41	-5.51	24.08
1219	49.45	-5.48	24.07
1220	49.49	-5.5	24.07
1221	49.53	-5.54	24.05
1222	49.57	-5.57	24.02
1223	49.61	-5.58	23.98
1224	49.65	-5.56	23.97
1225	49.69	-5.53	23.97
1226	49.73	-5.52	23.99
1227	49.77	-5.53	23.99
1228	49.81	-5.54	24
1229	49.85	-5.55	24
1230	49.89	-5.54	24
1231	49.93	-5.54	23.99
1232	49.97	-5.54	23.98
1233	50.01	-5.53	23.97
1234	50.05	-5.53	23.96
1235	50.09	-5.52	23.95
1236	50.13	-5.52	23.95
1237	50.17	-5.52	23.96
1238	50.21	-5.51	23.96
1239	50.25	-5.5	23.95
1240	50.29	-5.48	23.95
1241	50.33	-5.48	23.95
1242	50.37	-5.46	23.95
1243	50.41	-5.44	23.96
1244	50.45	-5.43	23.95
1245	50.49	-5.4	23.95
1246	50.53	-5.38	23.96
1247	50.57	-5.37	23.97
1248	50.61	-5.35	23.98
1249	50.65	-5.33	23.99
1250	50.69	-5.32	24
1251	50.73	-5.3	23.99
1252	50.77	-5.28	24
1253	50.81	-5.27	24.01
1254	50.85	-5.27	24.03
1255	50.89	-5.25	24.05
1256	50.93	-5.27	24.06
1257	50.97	-5.29	24.06
1258	51.01	-5.3	24.06
1259	51.05	-5.31	24.05
1260	51.09	-5.31	24.05
1261	51.13	-5.29	24.06
1262	51.17	-5.26	24.05
1263	51.21	-5.21	24.05
1264	51.25	-5.15	24.06
1265	51.29	-5.08	24.09
1266	51.33	-5.03	24.13
1267	51.37	-5	24.16
1268	51.41	-4.99	24.19
1269	51.45	-5.02	24.19
1270	51.49	-5.07	24.2
1271	51.53	-5.1	24.2
1272	51.57	-5.12	24.2
1273	51.61	-5.09	24.2
1274	51.65	-5.07	24.2
1275	51.69	-5.05	24.19
1276	51.73	-5.05	24.2
1277	51.77	-5.06	24.19
1278	51.81	-5.07	24.18
1279	51.85	-5.12	24.18
1280	51.89	-5.17	24.16
1281	51.93	-5.23	24.14
1282	51.97	-5.29	24.13
1283	52.01	-5.34	24.1
1284	52.05	-5.36	24.07
1285	52.09	-5.38	24.05
1286	52.13	-5.4	24.01
1287	52.17	-5.39	24
1288	52.21	-5.39	23.99
1289	52.25	-5.38	23.98
1290	52.29	-5.37	23.96
1291	52.33	-5.37	23.94
1292	52.37	-5.36	23.93
1293	52.41	-5.36	23.92
1294	52.45	-5.36	23.93
1295	52.49	-5.36	23.95
1296	52.53	-5.33	23.98
1297	52.57	-5.29	24.01
1298	52.61	-5.23	24.07
1299	52.65	-5.15	24.12
1300	52.69	-5.07	24.15
1301	52.73	-5.02	24.17
1302	52.77	-4.97	24.17
1303	52.81	-4.96	24.18
1304	52.85	-4.96	24.18
1305	52.89	-4.96	24.18
1306	52.93	-5	24.18
1307	52.97	-5.04	24.16
1308	53.01	-5.11	24.14
1309	53.05	-5.17	24.12
1310	53.09	-5.2	24.1
1311	53.13	-5.21	24.08
1312	53.17	-5.19	24.07
1313	53.21	-5.17	24.06
1314	53.25	-5.14	24.05
1315	53.29	-5.12	24.05
1316	53.33	-5.12	24.06
1317	53.37	-5.11	24.06
1318	53.41	-5.12	24.05
1319	53.45	-5.14	24.04
1320	53.49	-5.14	24.02
1321	53.53	-5.15	24.03
1322	53.57	-5.15	24.05
1323	53.61	-5.15	24.07
1324	53.65	-5.14	24.1
1325	53.69	-5.13	24.09
1326	53.73	-5.12	24.1
1327	53.77	-5.11	24.09
1328	53.81	-5.11	24.08
1329	53.85	-5.11	24.07
1330	53.89	-5.11	24.05
1331	53.93	-5.1	24.04
1332	53.97	-5.09	24.03
1333	54.01	-5.07	24.05
1334	54.05	-5.05	24.08
1335	54.09	-5.02	24.13
1336	54.13	-4.98	24.17
1337	54.17	-4.95	24.21
1338	54.21	-4.93	24.23
1339	54.25	-4.93	24.23
1340	54.29	-4.95	24.24
1341	54.33	-4.96	24.25
1342	54.37	-4.96	24.25
1343	54.41	-4.98	24.26
1344	54.45	-4.96	24.26
1345	54.49	-4.96	24.25
1346	54.53	-4.98	24.24
1347	54.57	-5	24.23
1348	54.61	-5.02	24.2
1349	54.65	-5.03	24.19
1350	54.69	-5.01	24.19
1351	54.73	-4.97	24.2
1352	54.77	-4.91	24.21
1353	54.81	-4.88	24.22
1354	54.85	-4.85	24.21
1355	54.89	-4.84	24.2
1356	54.93	-4.86	24.21
1357	54.97	-4.87	24.21
1358	55.01	-4.9	24.21
1359	55.05	-4.93	24.2
1360	55.09	-4.94	24.19
1361	55.13	-4.98	24.18
1362	55.17	-5.02	24.17
1363	55.21	-5.07	24.16
1364	55.25	-5.14	24.14
1365	55.29	-5.17	24.12
1366	55.33	-5.2	24.09
1367	55.37	-5.21	24.05
1368	55.41	-5.21	24.02
1369	55.45	-5.2	23.98
1370	55.49	-5.22	23.96
1371	55.53	-5.24	23.94
1372	55.57	-5.26	23.94
1373	55.61	-5.27	23.96
1374	55.65	-5.25	23.97
1375	55.69	-5.22	24
1376	55.73	-5.18	24.04
1377	55.77	-5.14	24.09
1378	55.81	-5.11	24.13
1379	55.85	-5.05	24.17
1380	55.89	-5.02	24.18
1381	55.93	-5.01	24.19
1382	55.97	-5.03	24.18
1383	56.01	-5.09	24.15
1384	56.05	-5.15	24.11
1385	56.09	-5.2	24.07
1386	56.13	-5.25	24.05
1387	56.17	-5.25	24.03
1388	56.21	-5.27	24.03
1389	56.25	-5.29	24.01
1390	56.29	-5.3	23.99
1391	56.33	-5.32	23.98
1392	56.37	-5.31	23.95
1393	56.41	-5.32	23.93
1394	56.45	-5.32	23.91
1395	56.49	-5.33	23.89
1396	56.53	-5.34	23.85
1397	56.56	-5.35	23.83
1398	56.6	-5.35	23.81
1399	56.65	-5.37	23.78
1400	56.68	-5.39	23.78
1401	56.72	-5.42	23.8
1402	56.76	-5.46	23.85
1403	56.8	-5.49	23.9
1404	56.84	-5.54	23.97
1405	56.88	-5.55	23.99
1406	56.92	-5.56	23.98
1407	56.96	-5.56	23.98
1408	57	-5.55	23.93
1409	57.04	-5.55	23.9
1410	57.08	-5.55	23.86
1411	57.12	-5.54	23.84
1412	57.16	-5.52	23.86
1413	57.2	-5.51	23.84
1414	57.24	-5.5	23.87
1415	57.28	-5.48	23.86
1416	57.32	-5.46	23.85
1417	57.36	-5.45	23.84
1418	57.4	-5.44	23.83
1419	57.44	-5.43	23.84
1420	57.48	-5.41	23.85
1421	57.52	-5.4	23.84
1422	57.56	-5.38	23.81
1423	57.6	-5.38	23.8
1424	57.64	-5.39	23.77
1425	57.68	-5.4	23.76
1426	57.72	-5.41	23.77
1427	57.76	-5.42	23.76
1428	57.8	-5.41	23.79
1429	57.84	-5.39	23.81
1430	57.88	-5.37	23.82
1431	57.92	-5.36	23.83
1432	57.96	-5.35	23.85
1433	58	-5.35	23.84
1434	58.04	-5.38	23.86
1435	58.08	-5.39	23.86
1436	58.12	-5.41	23.87
1437	58.16	-5.42	23.89
1438	58.2	-5.42	23.9
1439	58.24	-5.41	23.92
1440	58.28	-5.43	23.92
1441	58.32	-5.45	23.93
1442	58.36	-5.46	23.93
1443	58.4	-5.48	23.92
1444	58.44	-5.49	23.92
1445	58.48	-5.49	23.91
1446	58.52	-5.5	23.91
1447	58.56	-5.5	23.91
1448	58.6	-5.51	23.91
1449	58.64	-5.51	23.92
1450	58.68	-5.5	23.93
1451	58.72	-5.5	23.93
1452	58.76	-5.5	23.93
1453	58.8	-5.51	23.92
1454	58.84	-5.51	23.9
1455	58.88	-5.51	23.9
1456	58.92	-5.52	23.9
1457	58.96	-5.52	23.9
1458	59	-5.53	23.91
1459	59.04	-5.54	23.91
1460	59.08	-5.54	23.91
1461	59.12	-5.53	23.9
1462	59.16	-5.53	23.89
1463	59.2	-5.52	23.9
1464	59.24	-5.51	23.9
1465	59.28	-5.51	23.91
1466	59.32	-5.52	23.9
1467	59.36	-5.51	23.9
1468	59.4	-5.51	23.9
1469	59.44	-5.51	23.9
1470	59.48	-5.5	23.89
1471	59.52	-5.51	23.89
1472	59.56	-5.52	23.89
1473	59.6	-5.51	23.88
1474	59.64	-5.51	23.89
1475	59.68	-5.5	23.89
1476	59.72	-5.5	23.89
1477	59.76	-5.51	23.89
1478	59.8	-5.52	23.89
1479	59.84	-5.52	23.89
1480	59.88	-5.52	23.89
1481	59.92	-5.51	23.9
1482	59.96	-5.52	23.9
1483	60	-5.52	23.89
1484	60.04	-5.52	23.89
1485	60.08	-5.52	23.89
1486	60.12	-5.52	23.89
1487	60.16	-5.51	23.89
1488	60.2	-5.52	23.89
1489	60.24	-5.52	23.89
1490	60.28	-5.53	23.89
1491	60.32	-5.53	23.89
1492	60.36	-5.53	23.89
1493	60.4	-5.53	23.9
1494	60.44	-5.53	23.9
1495	60.48	-5.53	23.91
1496	60.52	-5.53	23.92
1497	60.56	-5.53	23.92
1498	60.6	-5.53	23.93
1499	60.64	-5.53	23.93
1500	60.68	-5.52	23.94
1501	60.72	-5.53	23.94
1502	60.76	-5.52	23.95
1503	60.8	-5.54	23.94
1504	60.84	-5.54	23.93
1505	60.88	-5.54	23.92
1506	60.92	-5.54	23.91
1507	60.96	-5.54	23.91
1508	61	-5.54	23.9
1509	61.04	-5.54	23.91
1510	61.08	-5.55	23.92
1511	61.12	-5.54	23.92
1512	61.16	-5.55	23.93
1513	61.2	-5.55	23.93
1514	61.24	-5.54	23.94
1515	61.28	-5.54	23.93
1516	61.32	-5.54	23.93
1517	61.36	-5.55	23.92
1518	61.4	-5.55	23.91
1519	61.44	-5.54	23.91
1520	61.48	-5.54	23.9
1521	61.52	-5.55	23.9
1522	61.56	-5.55	23.89
1523	61.6	-5.57	23.9
1524	61.64	-5.57	23.9
1525	61.68	-5.57	23.9
1526	61.72	-5.56	23.9
1527	61.76	-5.57	23.9
1528	61.8	-5.57	23.9
1529	61.84	-5.57	23.9
1530	61.88	-5.57	23.9
1531	61.92	-5.57	23.9
1532	61.96	-5.57	23.9
1533	62	-5.57	23.9
1534	62.04	-5.57	23.89
1535	62.08	-5.56	23.89
1536	62.12	-5.56	23.89
1537	62.16	-5.55	23.9
1538	62.2	-5.55	23.9
1539	62.24	-5.55	23.9
1540	62.28	-5.54	23.9
1541	62.32	-5.54	23.9
1542	62.36	-5.54	23.9
1543	62.4	-5.55	23.89
1544	62.44	-5.56	23.89
1545	62.48	-5.55	23.9
1546	62.52	-5.55	23.9
1547	62.56	-5.55	23.9
1548	62.6	-5.55	23.9
1549	62.64	-5.55	23.9
1550	62.68	-5.56	23.91
1551	62.72	-5.56	23.91
1552	62.76	-5.56	23.9
1553	62.8	-5.56	23.9
1554	62.84	-5.56	23.9
1555	62.88	-5.55	23.9
1556	62.92	-5.55	23.9
1557	62.96	-5.55	23.9
1558	63	-5.55	23.89
1559	63.04	-5.55	23.89
1560	63.08	-5.54	23.9
1561	63.12	-5.55	23.9
1562	63.16	-5.55	23.9
1563	63.2	-5.55	23.9
1564	63.24	-5.56	23.9
1565	63.28	-5.56	23.89
1566	63.32	-5.56	23.9
1567	63.36	-5.57	23.9
1568	63.4	-5.56	23.89
1569	63.44	-5.56	23.89
1570	63.48	-5.56	23.89
1571	63.52	-5.55	23.89
1572	63.56	-5.56	23.89
1573	63.6	-5.56	23.89
1574	63.64	-5.56	23.89
1575	63.68	-5.56	23.89
1576	63.72	-5.56	23.89
1577	63.76	-5.56	23.9
1578	63.8	-5.56	23.9
1579	63.84	-5.56	23.9
1580	63.88	-5.55	23.91
1581	63.92	-5.54	23.91
1582	63.96	-5.55	23.91
1583	64	-5.55	23.93
1584	64.04	-5.55	23.93
1585	64.08	-5.56	23.92
1586	64.12	-5.57	23.92
1587	64.16	-5.57	23.9
1588	64.2	-5.56	23.9
1589	64.24	-5.56	23.9
1590	64.28	-5.56	23.9
1591	64.32	-5.56	23.9
1592	64.36	-5.55	23.91
1593	64.4	-5.54	23.91
1594	64.44	-5.55	23.91
1595	64.48	-5.55	23.91
1596	64.52	-5.56	23.91
1597	64.56	-5.56	23.9
1598	64.6	-5.56	23.9
1599	64.64	-5.55	23.91
1600	64.68	-5.56	23.91
1601	64.72	-5.56	23.91
1602	64.76	-5.56	23.91
1603	64.8	-5.58	23.92
1604	64.84	-5.58	23.93
1605	64.88	-5.58	23.93
1606	64.92	-5.58	23.93
1607	64.96	-5.57	23.92
1608	65	-5.57	23.92
1609	65.04	-5.57	23.91
1610	65.08	-5.58	23.92
1611	65.12	-5.58	23.91
1612	65.16	-5.58	23.92
1613	65.2	-5.58	23.91
1614	65.24	-5.57	23.91
1615	65.28	-5.58	23.91
1616	65.32	-5.57	23.91
1617	65.36	-5.57	23.91
1618	65.4	-5.56	23.9
1619	65.44	-5.55	23.91
1620	65.48	-5.54	23.9
1621	65.52	-5.52	23.9
1622	65.56	-5.51	23.9
1623	65.6	-5.5	23.92
1624	65.64	-5.47	23.92
1625	65.68	-5.45	23.94
1626	65.72	-5.44	23.95
1627	65.76	-5.43	23.93
1628	65.8	-5.43	23.94
1629	65.84	-5.45	23.95
1630	65.88	-5.46	23.96
1631	65.92	-5.47	23.98
1632	65.96	-5.47	23.99
1633	66	-5.47	24
1634	66.04	-5.45	23.99
1635	66.08	-5.44	23.99
1636	66.12	-5.43	24
1637	66.16	-5.43	24.01
1638	66.2	-5.41	24.04
1639	66.24	-5.39	24.1
1640	66.28	-5.35	24.15
1641	66.32	-5.28	24.19
1642	66.36	-5.24	24.23
1643	66.4	-5.19	24.23
1644	66.44	-5.18	24.25
1645	66.48	-5.18	24.26
1646	66.52	-5.19	24.26
1647	66.56	-5.19	24.28
1648	66.6	-5.18	24.27
1649	66.64	-5.17	24.27
1650	66.68	-5.16	24.26
1651	66.72	-5.16	24.24
1652	66.76	-5.17	24.23
1653	66.8	-5.17	24.23
1654	66.84	-5.17	24.22
1655	66.88	-5.2	24.22
1656	66.92	-5.25	24.21
1657	66.99	-5.3	24.19
1658	67.01	-5.37	24.18
1659	67.05	-5.37	24.19
1660	67.08	-5.35	24.21
1661	67.12	-5.33	24.24
1662	67.16	-5.31	24.26
1663	67.2	-5.32	24.27
1664	67.24	-5.36	24.27
1665	67.28	-5.4	24.27
1666	67.32	-5.45	24.25
1667	67.36	-5.48	24.24
1668	67.4	-5.5	24.22
1669	67.44	-5.52	24.2
1670	67.48	-5.52	24.2
1671	67.52	-5.53	24.2
1672	67.56	-5.52	24.21
1673	67.6	-5.52	24.22
1674	67.64	-5.54	24.22
1675	67.68	-5.57	24.21
1676	67.72	-5.6	24.2
1677	67.76	-5.62	24.19
1678	67.8	-5.61	24.17
1679	67.84	-5.59	24.15
1680	67.88	-5.56	24.13
1681	67.92	-5.52	24.11
1682	67.96	-5.49	24.13
1683	68	-5.46	24.12
1684	68.04	-5.45	24.13
1685	68.08	-5.45	24.14
1686	68.12	-5.46	24.14
1687	68.16	-5.48	24.16
1688	68.2	-5.49	24.17
1689	68.24	-5.49	24.17
1690	68.28	-5.46	24.17
1691	68.32	-5.43	24.18
1692	68.36	-5.41	24.17
1693	68.4	-5.41	24.18
1694	68.44	-5.44	24.2
1695	68.48	-5.45	24.2
1696	68.52	-5.44	24.23
1697	68.56	-5.39	24.24
1698	68.6	-5.33	24.25
1699	68.64	-5.27	24.27
1700	68.68	-5.23	24.29
1701	68.72	-5.21	24.31
1702	68.76	-5.19	24.31
1703	68.8	-5.18	24.32
1704	68.84	-5.19	24.31
1705	68.88	-5.2	24.29
1706	68.92	-5.23	24.28
1707	68.96	-5.27	24.26
1708	69	-5.3	24.24
1709	69.04	-5.33	24.22
1710	69.08	-5.38	24.2
1711	69.12	-5.4	24.18
1712	69.16	-5.41	24.15
1713	69.2	-5.4	24.15
1714	69.24	-5.37	24.13
1715	69.28	-5.35	24.12
1716	69.32	-5.33	24.11
1717	69.36	-5.33	24.1
1718	69.4	-5.35	24.09
1719	69.44	-5.4	24.08
1720	69.48	-5.44	24.08
1721	69.52	-5.47	24.06
1722	69.56	-5.47	24.04
1723	69.6	-5.45	24.04
1724	69.64	-5.44	24.03
1725	69.68	-5.43	24.02
1726	69.72	-5.42	24.03
1727	69.76	-5.41	24.03
1728	69.8	-5.37	24.04
1729	69.84	-5.31	24.05
1730	69.88	-5.23	24.07
1731	69.92	-5.14	24.09
1732	69.96	-5.06	24.12
1733	70	-5.04	24.16
1734	70.04	-5.07	24.18
1735	70.08	-5.1	24.2
1736	70.12	-5.13	24.2
1737	70.16	-5.13	24.21
1738	70.2	-5.1	24.22
1739	70.24	-5.07	24.24
1740	70.28	-5.1	24.25
1741	70.32	-5.14	24.25
1742	70.36	-5.16	24.24
1743	70.4	-5.16	24.24
1744	70.44	-5.11	24.25
1745	70.48	-5.06	24.26
1746	70.52	-5.07	24.27
1747	70.56	-5.13	24.26
1748	70.6	-5.17	24.25
1749	70.64	-5.19	24.25
1750	70.68	-5.16	24.25
1751	70.72	-5.1	24.26
1752	70.76	-5.07	24.26
1753	70.8	-5.1	24.24
1754	70.84	-5.14	24.23
1755	70.88	-5.16	24.22
1756	70.92	-5.15	24.23
1757	70.96	-5.11	24.24
1758	71	-5.07	24.24
1759	71.04	-5.06	24.24
1760	71.08	-5.08	24.24
1761	71.12	-5.1	24.23
1762	71.16	-5.12	24.23
1763	71.2	-5.1	24.23
1764	71.24	-5.05	24.24
1765	71.28	-5.02	24.24
1766	71.32	-4.98	24.24
1767	71.36	-4.96	24.24
1768	71.4	-4.98	24.22
1769	71.44	-4.98	24.21
1770	71.48	-5.01	24.2
1771	71.52	-5.05	24.2
1772	71.56	-5.04	24.21
1773	71.6	-5.04	24.22
1774	71.64	-5.01	24.24
1775	71.68	-4.96	24.25
1776	71.72	-4.93	24.26
1777	71.76	-4.9	24.26
1778	71.8	-4.89	24.26
1779	71.84	-4.89	24.26
1780	71.88	-4.9	24.25
1781	71.92	-4.94	24.23
1782	71.96	-5	24.21
1783	72	-5.08	24.19
1784	72.04	-5.17	24.17
1785	72.08	-5.23	24.16
1786	72.12	-5.28	24.14
1787	72.16	-5.31	24.13
1788	72.2	-5.31	24.13
1789	72.24	-5.3	24.12
1790	72.28	-5.26	24.1
1791	72.32	-5.21	24.07
1792	72.36	-5.19	24.04
1793	72.4	-5.18	24.01
1794	72.44	-5.18	24
1795	72.48	-5.19	23.99
1796	72.52	-5.2	23.98
1797	72.56	-5.19	23.99
1798	72.6	-5.18	23.98
1799	72.64	-5.17	23.99
1800	72.68	-5.16	24
1801	72.72	-5.17	24
1802	72.76	-5.17	24
1803	72.8	-5.2	23.99
1804	72.84	-5.24	23.96
1805	72.88	-5.27	23.93
1806	72.92	-5.31	23.91
1807	72.96	-5.31	23.91
1808	73	-5.33	23.9
1809	73.04	-5.34	23.88
1810	73.08	-5.33	23.85
1811	73.12	-5.31	23.79
1812	73.16	-5.29	23.78
1813	73.2	-5.29	23.79
1814	73.24	-5.32	23.82
1815	73.28	-5.36	23.89
1816	73.32	-5.38	23.92
1817	73.36	-5.41	23.93
1818	73.4	-5.44	23.91
1819	73.44	-5.47	23.87
1820	73.48	-5.52	23.85
1821	73.52	-5.54	23.83
1822	73.56	-5.55	23.84
1823	73.6	-5.57	23.86
1824	73.64	-5.59	23.85
1825	73.68	-5.59	23.85
1826	73.72	-5.59	23.84
1827	73.76	-5.58	23.83
1828	73.8	-5.55	23.85
1829	73.84	-5.53	23.87
1830	73.88	-5.51	23.88
1831	73.92	-5.5	23.89
1832	73.96	-5.51	23.89
1833	74	-5.52	23.89
1834	74.04	-5.51	23.87
1835	74.08	-5.52	23.87
1836	74.12	-5.51	23.87
1837	74.16	-5.49	23.88
1838	74.2	-5.5	23.9
1839	74.24	-5.48	23.91
1840	74.28	-5.49	23.92
1841	74.32	-5.49	23.92
1842	74.36	-5.49	23.92
1843	74.4	-5.49	23.89
1844	74.44	-5.48	23.87
1845	74.48	-5.47	23.84
1846	74.52	-5.48	23.81
1847	74.56	-5.47	23.8
1848	74.6	-5.46	23.8
1849	74.64	-5.46	23.8
1850	74.68	-5.45	23.8
1851	74.72	-5.46	23.8
1852	74.76	-5.46	23.8
1853	74.8	-5.47	23.79
1854	74.84	-5.49	23.78
1855	74.88	-5.5	23.78
1856	74.92	-5.5	23.78
1857	74.96	-5.5	23.78
1858	75	-5.5	23.78
1859	75.04	-5.5	23.78
1860	75.08	-5.5	23.77
1861	75.12	-5.49	23.77
1862	75.16	-5.5	23.77
1863	75.2	-5.49	23.78
1864	75.24	-5.49	23.78
1865	75.28	-5.49	23.78
1866	75.32	-5.49	23.79
1867	75.36	-5.49	23.79
1868	75.4	-5.49	23.79
1869	75.44	-5.48	23.79
1870	75.48	-5.46	23.8
1871	75.52	-5.45	23.8
1872	75.56	-5.45	23.79
1873	75.6	-5.46	23.78
1874	75.64	-5.47	23.77
1875	75.68	-5.48	23.77
1876	75.72	-5.47	23.77
1877	75.76	-5.46	23.76
1878	75.8	-5.45	23.77
1879	75.84	-5.45	23.78
1880	75.88	-5.44	23.77
1881	75.92	-5.44	23.78
1882	75.96	-5.44	23.78
1883	76	-5.44	23.78
1884	76.04	-5.45	23.78
1885	76.08	-5.46	23.78
1886	76.12	-5.46	23.78
1887	76.16	-5.47	23.78
1888	76.2	-5.45	23.78
1889	76.24	-5.44	23.78
1890	76.28	-5.44	23.78
1891	76.32	-5.44	23.78
1892	76.36	-5.44	23.78
1893	76.4	-5.45	23.78
1894	76.44	-5.45	23.78
1895	76.48	-5.45	23.78
1896	76.52	-5.46	23.78
1897	76.56	-5.46	23.78
1898	76.6	-5.47	23.78
1899	76.64	-5.48	23.78
1900	76.68	-5.48	23.78
1901	76.81	-5.48	23.77
1902	76.84	-5.49	23.76
1903	76.88	-5.49	23.74
1904	76.92	-5.48	23.73
1905	76.96	-5.48	23.72
1906	77	-5.47	23.72
1907	77.04	-5.46	23.72
1908	77.08	-5.45	23.72
1909	77.12	-5.46	23.72
1910	77.16	-5.45	23.71
1911	77.2	-5.46	23.7
1912	77.24	-5.47	23.69
1913	77.28	-5.47	23.69
1914	77.32	-5.46	23.69
1915	77.36	-5.46	23.7
1916	77.4	-5.45	23.7
1917	77.44	-5.44	23.7
1918	77.48	-5.45	23.7
1919	77.52	-5.44	23.7
1920	77.56	-5.43	23.7
1921	77.6	-5.42	23.7
1922	77.64	-5.42	23.7
1923	77.68	-5.43	23.7
1924	77.72	-5.44	23.7
1925	77.76	-5.45	23.7
1926	77.8	-5.45	23.7
1927	77.84	-5.45	23.7
1928	77.88	-5.45	23.7
1929	77.92	-5.44	23.7
1930	77.96	-5.44	23.7
1931	78	-5.45	23.69
1932	78.04	-5.45	23.69
1933	78.08	-5.45	23.69
1934	78.12	-5.46	23.69
1935	78.16	-5.45	23.7
1936	78.2	-5.45	23.7
1937	78.24	-5.45	23.69
1938	78.28	-5.45	23.69
1939	78.32	-5.46	23.69
1940	78.36	-5.46	23.69
1941	78.4	-5.46	23.69
1942	78.44	-5.46	23.7
1943	78.48	-5.45	23.7
1944	78.52	-5.45	23.7
1945	78.56	-5.45	23.7
1946	78.6	-5.47	23.69
1947	78.64	-5.48	23.68
1948	78.68	-5.48	23.68
1949	78.72	-5.47	23.68
1950	78.76	-5.47	23.68
1951	78.8	-5.47	23.68
1952	78.84	-5.48	23.68
1953	78.88	-5.48	23.68
1954	78.92	-5.48	23.68
1955	78.96	-5.47	23.69
1956	79	-5.47	23.69
1957	79.04	-5.46	23.7
1958	79.08	-5.46	23.7
1959	79.12	-5.45	23.71
1960	79.16	-5.45	23.71
1961	79.2	-5.45	23.72
1962	79.24	-5.44	23.72
1963	79.28	-5.44	23.72
1964	79.32	-5.43	23.73
1965	79.36	-5.44	23.73
1966	79.4	-5.44	23.73
1967	79.44	-5.44	23.72
1968	79.48	-5.44	23.72
1969	79.52	-5.45	23.7
1970	79.56	-5.46	23.7
1971	79.6	-5.47	23.69
1972	79.64	-5.48	23.69
1973	79.68	-5.49	23.7
1974	79.72	-5.49	23.69
1975	79.76	-5.49	23.69
1976	79.8	-5.48	23.69
1977	79.84	-5.48	23.68
1978	79.88	-5.47	23.68
1979	79.92	-5.47	23.69
1980	79.96	-5.47	23.69
1981	80	-5.48	23.69
1982	80.04	-5.48	23.7
1983	80.08	-5.48	23.69
1984	80.12	-5.47	23.69
1985	80.16	-5.46	23.7
1986	80.2	-5.46	23.7
1987	80.24	-5.46	23.7
1988	80.28	-5.47	23.7
1989	80.32	-5.48	23.7
1990	80.36	-5.49	23.7
1991	80.4	-5.49	23.7
1992	80.44	-5.49	23.69
1993	80.48	-5.49	23.7
1994	80.52	-5.49	23.7
1995	80.56	-5.48	23.7
1996	80.6	-5.48	23.7
1997	80.64	-5.48	23.7
1998	80.68	-5.48	23.71
1999	80.72	-5.47	23.71
2000	80.76	-5.48	23.71
2001	80.8	-5.48	23.71
2002	80.84	-5.48	23.71
2003	80.88	-5.49	23.71
2004	80.92	-5.49	23.71
2005	80.96	-5.49	23.71
2006	81	-5.49	23.71
2007	81.04	-5.49	23.7
2008	81.08	-5.49	23.71
2009	81.12	-5.49	23.71
2010	81.16	-5.49	23.71
2011	81.2	-5.49	23.71
2012	81.24	-5.49	23.71
2013	81.28	-5.49	23.71
2014	81.32	-5.5	23.71
2015	81.36	-5.5	23.71
2016	81.4	-5.5	23.71
2017	81.44	-5.5	23.71
2018	81.48	-5.51	23.71
2019	81.52	-5.51	23.7
2020	81.56	-5.52	23.7
2021	81.6	-5.52	23.7
2022	81.64	-5.51	23.7
2023	81.68	-5.51	23.7
2024	81.72	-5.51	23.7
2025	81.76	-5.51	23.7
2026	81.8	-5.52	23.7
2027	81.84	-5.52	23.7
2028	81.88	-5.52	23.7
2029	81.92	-5.52	23.7
2030	81.96	-5.52	23.7
2031	82	-5.51	23.7
2032	82.04	-5.51	23.7
2033	82.08	-5.52	23.7
2034	82.12	-5.52	23.7
2035	82.16	-5.51	23.7
2036	82.2	-5.51	23.7
2037	82.24	-5.51	23.71
2038	82.28	-5.51	23.71
2039	82.32	-5.51	23.71
2040	82.36	-5.51	23.72
2041	82.4	-5.51	23.72
2042	82.44	-5.51	23.71
2043	82.48	-5.51	23.71
2044	82.52	-5.52	23.7
2045	82.56	-5.52	23.7
2046	82.6	-5.52	23.7
2047	82.64	-5.52	23.7
2048	82.68	-5.52	23.69
2049	82.72	-5.52	23.7
2050	82.76	-5.53	23.7
2051	82.8	-5.54	23.7
2052	82.84	-5.54	23.7
2053	82.88	-5.54	23.7
2054	82.92	-5.53	23.7
2055	82.96	-5.53	23.7
2056	83	-5.53	23.7
2057	83.04	-5.53	23.7
2058	83.08	-5.53	23.69
2059	83.12	-5.52	23.69
2060	83.16	-5.52	23.69
2061	83.2	-5.52	23.69
2062	83.24	-5.52	23.69
2063	83.28	-5.53	23.69
2064	83.32	-5.54	23.68
2065	83.36	-5.54	23.69
2066	83.4	-5.54	23.69
2067	83.44	-5.54	23.69
2068	83.48	-5.54	23.69
2069	83.52	-5.54	23.68
2070	83.56	-5.55	23.67
2071	83.6	-5.55	23.67
2072	83.64	-5.56	23.66
2073	83.68	-5.58	23.65
2074	83.72	-5.58	23.64
2075	83.76	-5.59	23.63
2076	83.8	-5.59	23.63
2077	83.84	-5.58	23.63
2078	83.88	-5.58	23.63
2079	83.92	-5.59	23.63
2080	83.96	-5.59	23.61
2081	84	-5.59	23.61
2082	84.04	-5.58	23.59
2083	84.08	-5.57	23.58
2084	84.12	-5.57	23.58
2085	84.16	-5.58	23.57
2086	84.2	-5.58	23.57
2087	84.24	-5.58	23.56
2088	84.28	-5.56	23.56
2089	84.32	-5.54	23.54
2090	84.36	-5.52	23.53
2091	84.4	-5.5	23.5
2092	84.44	-5.5	23.48
2093	84.48	-5.49	23.46
2094	84.52	-5.48	23.44
2095	84.56	-5.47	23.42
2096	84.6	-5.47	23.4
2097	84.64	-5.47	23.39
2098	84.68	-5.48	23.37
2099	84.72	-5.48	23.36
2100	84.76	-5.46	23.35
2101	84.8	-5.45	23.33
2102	84.84	-5.44	23.32
2103	84.88	-5.43	23.32
2104	84.92	-5.42	23.32
2105	84.96	-5.41	23.32
2106	85	-5.4	23.33
2107	85.04	-5.39	23.31
2108	85.08	-5.38	23.28
2109	85.12	-5.38	23.26
2110	85.16	-5.38	23.23
2111	85.2	-5.38	23.22
2112	85.24	-5.4	23.22
2113	85.28	-5.41	23.22
2114	85.32	-5.42	23.22
2115	85.36	-5.43	23.21
2116	85.4	-5.43	23.21
2117	85.44	-5.43	23.2
2118	85.48	-5.42	23.2
2119	85.52	-5.41	23.18
2120	85.56	-5.41	23.16
2121	85.6	-5.39	23.15
2122	85.64	-5.38	23.12
2123	85.68	-5.38	23.1
2124	85.72	-5.38	23.04
2125	85.76	-5.38	22.99
2126	85.8	-5.39	22.95
2127	85.84	-5.38	22.91
2128	85.88	-5.37	22.9
2129	85.92	-5.37	22.89
2130	85.96	-5.36	22.88
2131	86	-5.35	22.87
2132	86.04	-5.34	22.86
2133	86.08	-5.33	22.85
2134	86.12	-5.31	22.84
2135	86.16	-5.3	22.84
2136	86.2	-5.3	22.85
2137	86.24	-5.31	22.85
2138	86.28	-5.31	22.85
2139	86.32	-5.32	22.83
2140	86.36	-5.32	22.81
2141	86.4	-5.33	22.79
2142	86.44	-5.33	22.78
2143	86.48	-5.33	22.77
2144	86.52	-5.33	22.76
2145	86.56	-5.34	22.76
2146	86.6	-5.34	22.75
2147	86.64	-5.34	22.76
2148	86.68	-5.35	22.76
2149	86.72	-5.35	22.74
2150	86.76	-5.34	22.74
2151	86.8	-5.34	22.73
2152	86.84	-5.34	22.72
2153	86.88	-5.34	22.72
2154	86.92	-5.35	22.71
2155	86.96	-5.36	22.71
2156	87	-5.37	22.71
2157	87.04	-5.38	22.7
2158	87.08	-5.4	22.71
2159	87.12	-5.41	22.7
2160	87.16	-5.43	22.7
2161	87.2	-5.44	22.71
2162	87.24	-5.46	22.71
2163	87.28	-5.47	22.72
2164	87.32	-5.48	22.74
2165	87.36	-5.49	22.76
2166	87.4	-5.51	22.78
2167	87.44	-5.52	22.81
2168	87.48	-5.52	22.82
2169	87.52	-5.53	22.84
2170	87.56	-5.54	22.85
2171	87.6	-5.54	22.87
2172	87.64	-5.55	22.89
2173	87.68	-5.56	22.91
2174	87.72	-5.58	22.93
2175	87.76	-5.59	22.95
2176	87.8	-5.6	22.97
2177	87.84	-5.6	22.99
2178	87.88	-5.6	23.01
2179	87.92	-5.6	23.04
2180	87.96	-5.6	23.06
2181	88	-5.6	23.09
2182	88.04	-5.58	23.13
2183	88.08	-5.58	23.16
2184	88.12	-5.56	23.18
2185	88.16	-5.55	23.2
2186	88.2	-5.55	23.21
2187	88.24	-5.54	23.21
2188	88.28	-5.54	23.22
2189	88.32	-5.54	23.23
2190	88.36	-5.54	23.23
2191	88.4	-5.54	23.23
2192	88.44	-5.54	23.23
2193	88.48	-5.54	23.23
2194	88.52	-5.54	23.23
2195	88.56	-5.54	23.24
2196	88.6	-5.55	23.24
2197	88.64	-5.54	23.25
2198	88.68	-5.54	23.25
2199	88.72	-5.55	23.25
2200	88.76	-5.55	23.24
2201	88.8	-5.56	23.24
2202	88.84	-5.56	23.23
2203	88.88	-5.56	23.23
2204	88.92	-5.55	23.23
2205	88.96	-5.55	23.23
2206	89	-5.55	23.23
2207	89.04	-5.56	23.23
2208	89.08	-5.56	23.23
2209	89.12	-5.56	23.23
2210	89.16	-5.57	23.23
2211	89.2	-5.57	23.23
2212	89.24	-5.58	23.22
2213	89.28	-5.59	23.21
2214	89.32	-5.6	23.19
2215	89.36	-5.61	23.18
2216	89.4	-5.62	23.18
2217	89.44	-5.62	23.17
2218	89.48	-5.62	23.17
2219	89.52	-5.62	23.16
2220	89.56	-5.62	23.15
2221	89.6	-5.63	23.14
2222	89.64	-5.63	23.13
2223	89.68	-5.62	23.13
2224	89.72	-5.62	23.13
2225	89.76	-5.62	23.13
2226	89.8	-5.62	23.13
2227	89.84	-5.62	23.13
2228	89.88	-5.62	23.13
2229	89.92	-5.62	23.13
2230	89.96	-5.63	23.13
2231	90	-5.63	23.13
2232	90.04	-5.62	23.13
2233	90.08	-5.63	23.13
2234	90.12	-5.63	23.13
2235	90.16	-5.62	23.13
2236	90.2	-5.61	23.13
2237	90.24	-5.59	23.14
2238	90.28	-5.56	23.15
2239	90.32	-5.54	23.15
2240	90.36	-5.52	23.15
2241	90.4	-5.51	23.14
2242	90.44	-5.51	23.13
2243	90.48	-5.51	23.12
2244	90.52	-5.51	23.12
2245	90.56	-5.5	23.12
2246	90.6	-5.5	23.12
2247	90.64	-5.49	23.12
2248	90.68	-5.49	23.12
2249	90.72	-5.49	23.13
2250	90.76	-5.49	23.12
2251	90.8	-5.49	23.12
2252	90.84	-5.49	23.12
2253	90.88	-5.49	23.12
2254	90.92	-5.49	23.12
2255	90.96	-5.48	23.13
2256	91	-5.48	23.12
2257	91.04	-5.48	23.12
2258	91.08	-5.48	23.12
2259	91.12	-5.49	23.11
2260	91.16	-5.49	23.11
2261	91.2	-5.49	23.11
2262	91.24	-5.49	23.11
2263	91.28	-5.48	23.12
2264	91.32	-5.48	23.12
2265	91.36	-5.49	23.13
2266	91.4	-5.49	23.13
2267	91.44	-5.5	23.13
2268	91.48	-5.51	23.12
2269	91.52	-5.51	23.11
2270	91.56	-5.51	23.1
2271	91.6	-5.51	23.09
2272	91.64	-5.52	23.09
2273	91.68	-5.51	23.1
2274	91.72	-5.51	23.1
2275	91.76	-5.51	23.1
2276	91.8	-5.5	23.1
2277	91.84	-5.5	23.09
2278	91.88	-5.5	23.09
2279	91.92	-5.5	23.09
2280	91.96	-5.49	23.1
2281	92	-5.49	23.1
2282	92.04	-5.48	23.1
2283	92.08	-5.49	23.1
2284	92.12	-5.5	23.09
2285	92.16	-5.51	23.08
2286	92.2	-5.51	23.09
2287	92.24	-5.51	23.09
2288	92.28	-5.51	23.09
2289	92.32	-5.51	23.1
2290	92.36	-5.51	23.1
2291	92.4	-5.51	23.09
2292	92.44	-5.51	23.09
2293	92.48	-5.5	23.09
2294	92.52	-5.5	23.07
2295	92.56	-5.49	23.05
2296	92.6	-5.48	23.02
2297	92.64	-5.47	22.99
2298	92.68	-5.46	22.96
2299	92.72	-5.45	22.95
2300	92.76	-5.44	22.94
2301	92.8	-5.43	22.93
2302	92.84	-5.42	22.92
2303	92.88	-5.41	22.91
2304	92.92	-5.4	22.89
2305	92.96	-5.38	22.87
2306	93	-5.37	22.85
2307	93.04	-5.35	22.83
2308	93.08	-5.33	22.83
2309	93.12	-5.31	22.83
2310	93.16	-5.29	22.84
2311	93.2	-5.27	22.86
2312	93.24	-5.25	22.86
2313	93.28	-5.23	22.85
2314	93.32	-5.2	22.84
2315	93.36	-5.17	22.83
2316	93.4	-5.14	22.82
2317	93.44	-5.11	22.81
2318	93.48	-5.09	22.81
2319	93.52	-5.06	22.81
2320	93.56	-5.04	22.81
2321	93.6	-5.02	22.81
2322	93.64	-5	22.81
2323	93.68	-4.98	22.81
2324	93.72	-4.96	22.81
2325	93.76	-4.95	22.8
2326	93.8	-4.93	22.8
2327	93.84	-4.92	22.79
2328	93.88	-4.9	22.78
2329	93.92	-4.89	22.77
2330	93.96	-4.87	22.76
2331	94	-4.85	22.75
2332	94.04	-4.82	22.75
2333	94.08	-4.8	22.74
2334	94.12	-4.79	22.73
2335	94.16	-4.77	22.73
2336	94.2	-4.77	22.73
2337	94.24	-4.76	22.74
2338	94.28	-4.75	22.74
2339	94.32	-4.75	22.74
2340	94.36	-4.73	22.73
2341	94.4	-4.72	22.72
2342	94.44	-4.71	22.71
2343	94.48	-4.7	22.71
2344	94.52	-4.69	22.72
2345	94.56	-4.69	22.73
2346	94.6	-4.68	22.75
2347	94.64	-4.66	22.77
2348	94.68	-4.64	22.78
2349	94.71	-4.63	22.78
2350	94.75	-4.62	22.78
2351	94.8	-4.62	22.76
2352	94.84	-4.61	22.74
2353	94.87	-4.61	22.72
2354	94.91	-4.6	22.7
2355	94.95	-4.61	22.7
2356	94.99	-4.62	22.7
2357	95.03	-4.63	22.69
2358	95.07	-4.64	22.67
2359	95.11	-4.65	22.65
2360	95.15	-4.65	22.63
2361	95.19	-4.67	22.63
2362	95.23	-4.67	22.62
2363	95.27	-4.67	22.61
2364	95.31	-4.67	22.61
2365	95.35	-4.67	22.61
2366	95.39	-4.68	22.62
2367	95.43	-4.69	22.63
2368	95.47	-4.71	22.63
2369	95.52	-4.75	22.63
2370	95.55	-4.8	22.65
2371	95.59	-4.85	22.66
2372	95.63	-4.9	22.67
2373	95.67	-4.95	22.68
2374	95.71	-5.01	22.67
2375	95.75	-5.05	22.66
2376	95.79	-5.1	22.64
2377	95.83	-5.13	22.62
2378	95.87	-5.16	22.59
2379	95.91	-5.18	22.56
2380	95.95	-5.18	22.56
2381	95.99	-5.18	22.56
2382	96.03	-5.18	22.58
2383	96.07	-5.19	22.61
2384	96.11	-5.21	22.64
2385	96.15	-5.22	22.68
2386	96.19	-5.25	22.71
2387	96.23	-5.28	22.75
2388	96.27	-5.31	22.8
2389	96.31	-5.34	22.84
2390	96.35	-5.36	22.89
2391	96.39	-5.39	22.93
2392	96.43	-5.41	22.94
2393	96.47	-5.42	22.95
2394	96.51	-5.44	22.94
2395	96.55	-5.46	22.93
2396	96.59	-5.46	22.92
2397	96.63	-5.48	22.92
2398	96.67	-5.49	22.91
2399	96.71	-5.49	22.92
2400	96.75	-5.5	22.92
2401	96.79	-5.5	22.93
2402	96.83	-5.5	22.93
2403	96.87	-5.49	22.93
2404	96.91	-5.49	22.94
2405	96.95	-5.48	22.95
2406	96.99	-5.48	22.96
2407	97.03	-5.48	22.97
2408	97.07	-5.48	22.97
2409	97.11	-5.48	22.97
2410	97.15	-5.49	22.97
2411	97.19	-5.49	22.97
2412	97.23	-5.5	22.97
2413	97.27	-5.5	22.97
2414	97.31	-5.51	22.97
2415	97.35	-5.52	22.97
2416	97.39	-5.52	22.97
2417	97.43	-5.53	22.98
2418	97.47	-5.52	22.98
2419	97.52	-5.53	22.97
2420	97.55	-5.53	22.97
2421	97.59	-5.52	22.98
2422	97.63	-5.52	22.98
2423	97.67	-5.52	22.99
2424	97.71	-5.52	22.99
2425	97.75	-5.52	22.99
2426	97.79	-5.52	22.99
2427	97.83	-5.52	23
2428	97.87	-5.52	23
2429	97.91	-5.52	22.99
2430	97.95	-5.52	23
2431	98.03	-5.52	22.98
2432	98.07	-5.52	22.98
2433	98.11	-5.52	23
2434	98.15	-5.52	22.99
2435	98.19	-5.51	23.01
2436	98.23	-5.51	23.01
2437	98.27	-5.51	23.02
2438	98.31	-5.51	23.03
2439	98.35	-5.51	23.03
2440	98.39	-5.5	23.04
2441	98.43	-5.5	23.03
2442	98.47	-5.51	23.03
2443	98.51	-5.51	23.04
2444	98.55	-5.52	23.04
2445	98.59	-5.52	23.05
2446	98.63	-5.52	23.05
2447	98.67	-5.52	23.05
2448	98.71	-5.53	23.04
2449	98.75	-5.53	23.04
2450	98.79	-5.53	23.04
2451	98.83	-5.53	23.04
2452	98.87	-5.52	23.04
2453	98.91	-5.52	23.05
2454	98.95	-5.52	23.04
2455	98.99	-5.52	23.04
2456	99.03	-5.52	23.04
2457	99.07	-5.52	23.04
2458	99.11	-5.53	23.04
2459	99.15	-5.52	23.04
2460	99.19	-5.52	23.03
2461	99.23	-5.52	23.03
2462	99.27	-5.52	23.03
2463	99.31	-5.52	23.03
2464	99.35	-5.52	23.03
2465	99.39	-5.52	23.02
2466	99.43	-5.52	23.03
2467	99.47	-5.52	23.04
2468	99.51	-5.52	23.03
2469	99.55	-5.53	23.04
2470	99.59	-5.53	23.03
2471	99.63	-5.53	23.03
2472	99.67	-5.53	23.04
2473	99.71	-5.53	23.03
2474	99.75	-5.53	23.03
2475	99.79	-5.53	23.02
2476	99.83	-5.53	23.03
2477	99.87	-5.52	23.03
2478	99.91	-5.52	23.03
2479	99.95	-5.52	23.03
2480	99.99	-5.52	23.03
2481	100.03	-5.52	23.04
2482	100.07	-5.52	23.04
2483	100.11	-5.52	23.04
2484	100.15	-5.52	23.04
2485	100.19	-5.53	23.04
2486	100.23	-5.53	23.04
2487	100.27	-5.53	23.04
2488	100.31	-5.53	23.05
2489	100.35	-5.53	23.05
2490	100.39	-5.53	23.04
2491	100.43	-5.54	23.05
2492	100.47	-5.54	23.04
2493	100.51	-5.54	23.04
2494	100.55	-5.54	23.05
2495	100.59	-5.53	23.05
2496	100.63	-5.52	23.06
2497	100.67	-5.52	23.06
2498	100.71	-5.51	23.06
2499	100.75	-5.51	23.05
2500	100.79	-5.5	23.05
2501	100.83	-5.5	23.05
2502	100.87	-5.5	23.06
2503	100.91	-5.5	23.06
2504	100.95	-5.5	23.06
2505	100.99	-5.49	23.08
2506	101.03	-5.48	23.08
2507	101.07	-5.47	23.1
2508	101.11	-5.46	23.1
2509	101.15	-5.46	23.1
2510	101.19	-5.46	23.1
2511	101.23	-5.46	23.1
2512	101.27	-5.47	23.1
2513	101.31	-5.47	23.1
2514	101.35	-5.48	23.1
2515	101.39	-5.48	23.1
2516	101.43	-5.48	23.1
2517	101.47	-5.48	23.1
2518	101.51	-5.48	23.1
2519	101.55	-5.47	23.11
2520	101.59	-5.47	23.11
2521	101.63	-5.47	23.11
2522	101.67	-5.47	23.11
2523	101.71	-5.47	23.1
2524	101.75	-5.47	23.11
2525	101.79	-5.47	23.11
2526	101.83	-5.47	23.11
2527	101.87	-5.47	23.11
2528	101.91	-5.47	23.11
2529	101.95	-5.47	23.11
2530	101.99	-5.47	23.11
2531	102.03	-5.47	23.11
2532	102.07	-5.45	23.1
2533	102.11	-5.45	23.08
2534	102.15	-5.44	23.08
2535	102.19	-5.42	23.07
2536	102.23	-5.4	23.07
2537	102.27	-5.4	23.06
2538	102.31	-5.39	23.06
2539	102.35	-5.38	23.05
2540	102.39	-5.38	23.05
2541	102.43	-5.37	23.05
2542	102.47	-5.36	23.05
2543	102.51	-5.36	23.05
2544	102.55	-5.36	23.05
2545	102.59	-5.36	23.03
2546	102.63	-5.35	23.03
2547	102.67	-5.33	23.03
2548	102.71	-5.32	23.02
2549	102.75	-5.29	23.02
2550	102.79	-5.29	23.01
2551	102.83	-5.28	23
2552	102.87	-5.28	23
2553	102.91	-5.28	22.99
2554	102.95	-5.28	22.97
2555	102.99	-5.28	22.96
2556	103.03	-5.28	22.94
2557	103.07	-5.28	22.93
2558	103.11	-5.28	22.92
2559	103.15	-5.27	22.91
2560	103.19	-5.26	22.9
2561	103.23	-5.24	22.9
2562	103.27	-5.22	22.9
2563	103.31	-5.2	22.9
2564	103.35	-5.17	22.88
2565	103.39	-5.14	22.88
2566	103.43	-5.12	22.86
2567	103.47	-5.09	22.86
2568	103.51	-5.07	22.86
2569	103.55	-5.06	22.85
2570	103.59	-5.05	22.86
2571	103.63	-5.03	22.84
2572	103.67	-5	22.81
2573	103.71	-4.97	22.78
2574	103.75	-4.93	22.74
2575	103.79	-4.9	22.73
2576	103.83	-4.87	22.72
2577	103.87	-4.84	22.72
2578	103.91	-4.83	22.73
2579	103.95	-4.81	22.73
2580	103.99	-4.78	22.73
2581	104.03	-4.76	22.74
2582	104.07	-4.74	22.73
2583	104.11	-4.71	22.72
2584	104.15	-4.68	22.72
2585	104.19	-4.66	22.71
2586	104.23	-4.64	22.71
2587	104.27	-4.64	22.69
2588	104.31	-4.64	22.66
2589	104.35	-4.63	22.64
2590	104.39	-4.63	22.62
2591	104.43	-4.63	22.62
2592	104.47	-4.63	22.6
2593	104.51	-4.63	22.58
2594	104.55	-4.63	22.56
2595	104.59	-4.65	22.54
2596	104.63	-4.66	22.51
2597	104.67	-4.68	22.47
2598	104.71	-4.71	22.45
2599	104.75	-4.75	22.43
2600	104.79	-4.8	22.44
2601	104.83	-4.84	22.45
2602	104.87	-4.88	22.45
2603	104.91	-4.91	22.44
2604	104.95	-4.94	22.43
2605	104.99	-4.98	22.42
2606	105.03	-5.03	22.43
2607	105.07	-5.07	22.43
2608	105.11	-5.1	22.44
2609	105.15	-5.13	22.45
2610	105.19	-5.16	22.46
2611	105.23	-5.19	22.45
2612	105.27	-5.21	22.46
2613	105.31	-5.23	22.44
2614	105.35	-5.25	22.41
2615	105.39	-5.27	22.4
2616	105.43	-5.29	22.38
2617	105.47	-5.31	22.36
2618	105.51	-5.33	22.36
2619	105.55	-5.34	22.37
2620	105.59	-5.34	22.39
2621	105.63	-5.34	22.42
2622	105.67	-5.34	22.45
2623	105.71	-5.34	22.48
2624	105.75	-5.34	22.51
2625	105.79	-5.35	22.55
2626	105.83	-5.34	22.6
2627	105.87	-5.35	22.65
2628	105.91	-5.36	22.7
2629	105.95	-5.37	22.76
2630	105.99	-5.38	22.81
2631	106.03	-5.39	22.87
2632	106.07	-5.39	22.93
2633	106.11	-5.38	22.99
2634	106.15	-5.38	23.04
2635	106.19	-5.37	23.1
2636	106.23	-5.37	23.12
2637	106.27	-5.37	23.15
2638	106.31	-5.36	23.17
2639	106.35	-5.37	23.17
2640	106.39	-5.37	23.19
2641	106.43	-5.36	23.2
2642	106.47	-5.36	23.2
2643	106.51	-5.35	23.23
2644	106.55	-5.35	23.23
2645	106.59	-5.36	23.24
2646	106.63	-5.35	23.24
2647	106.67	-5.35	23.23
2648	106.71	-5.36	23.23
2649	106.75	-5.35	23.24
2650	106.79	-5.36	23.23
2651	106.83	-5.36	23.23
2652	106.87	-5.36	23.23
2653	106.91	-5.36	23.22
2654	106.95	-5.36	23.23
2655	106.99	-5.36	23.22
2656	107.03	-5.35	23.23
2657	107.07	-5.35	23.22
2658	107.11	-5.34	23.21
2659	107.15	-5.33	23.21
2660	107.19	-5.33	23.19
2661	107.23	-5.32	23.18
2662	107.27	-5.3	23.17
2663	107.31	-5.28	23.15
2664	107.35	-5.27	23.15
2665	107.39	-5.27	23.12
2666	107.43	-5.27	23.09
2667	107.47	-5.27	23.06
2668	107.51	-5.27	23.02
2669	107.55	-5.27	23
2670	107.59	-5.26	22.99
2671	107.63	-5.25	22.99
2672	107.67	-5.22	22.98
2673	107.71	-5.2	22.98
2674	107.75	-5.19	22.97
2675	107.79	-5.19	22.95
2676	107.83	-5.19	22.94
2677	107.87	-5.18	22.91
2678	107.91	-5.17	22.9
2679	107.95	-5.17	22.89
2680	107.99	-5.16	22.88
2681	108.03	-5.17	22.87
2682	108.07	-5.17	22.86
2683	108.11	-5.17	22.84
2684	108.15	-5.16	22.83
2685	108.19	-5.16	22.82
2686	108.23	-5.15	22.8
2687	108.27	-5.14	22.79
2688	108.31	-5.13	22.77
2689	108.35	-5.13	22.75
2690	108.39	-5.12	22.72
2691	108.43	-5.12	22.7
2692	108.47	-5.11	22.68
2693	108.51	-5.12	22.67
2694	108.55	-5.12	22.65
2695	108.59	-5.13	22.64
2696	108.63	-5.13	22.64
2697	108.67	-5.13	22.64
2698	108.71	-5.13	22.64
2699	108.75	-5.14	22.65
2700	108.79	-5.14	22.65
2701	108.83	-5.14	22.65
2702	108.87	-5.15	22.65
2703	108.91	-5.14	22.65
2704	108.95	-5.14	22.66
2705	108.99	-5.14	22.68
2706	109.03	-5.13	22.72
2707	109.07	-5.12	22.77
2708	109.11	-5.1	22.81
2709	109.15	-5.09	22.86
2710	109.19	-5.09	22.86
2711	109.23	-5.08	22.85
2712	109.27	-5.06	22.86
2713	109.31	-5.04	22.85
2714	109.35	-5.02	22.86
2715	109.39	-5	22.86
2716	109.43	-4.98	22.87
2717	109.47	-4.96	22.87
2718	109.51	-4.93	22.85
2719	109.55	-4.92	22.84
2720	109.59	-4.91	22.82
2721	109.63	-4.9	22.8
2722	109.67	-4.89	22.78
2723	109.71	-4.88	22.76
2724	109.75	-4.85	22.76
2725	109.79	-4.83	22.76
2726	109.83	-4.82	22.76
2727	109.87	-4.8	22.76
2728	109.91	-4.79	22.76
2729	109.95	-4.79	22.76
2730	109.99	-4.79	22.76
2731	110.03	-4.79	22.76
2732	110.07	-4.79	22.77
2733	110.11	-4.78	22.77
2734	110.15	-4.78	22.78
2735	110.19	-4.78	22.79
2736	110.23	-4.78	22.79
2737	110.27	-4.77	22.8
2738	110.31	-4.77	22.8
2739	110.35	-4.78	22.79
2740	110.39	-4.78	22.79
2741	110.43	-4.78	22.79
2742	110.47	-4.78	22.79
2743	110.51	-4.79	22.8
2744	110.55	-4.8	22.81
2745	110.59	-4.8	22.81
2746	110.63	-4.81	22.81
2747	110.67	-4.81	22.8
2748	110.71	-4.81	22.79
2749	110.75	-4.81	22.78
2750	110.79	-4.8	22.77
2751	110.83	-4.81	22.77
2752	110.87	-4.81	22.77
2753	110.91	-4.81	22.77
2754	110.95	-4.81	22.77
2755	110.99	-4.81	22.77
2756	111.03	-4.82	22.76
2757	111.07	-4.83	22.77
2758	111.11	-4.84	22.79
2759	111.15	-4.84	22.82
2760	111.19	-4.85	22.86
2761	111.23	-4.85	22.91
2762	111.27	-4.86	22.94
2763	111.31	-4.86	22.95
2764	111.35	-4.86	22.97
2765	111.39	-4.86	22.96
2766	111.43	-4.85	22.95
2767	111.47	-4.86	22.92
2768	111.51	-4.86	22.89
2769	111.55	-4.87	22.86
2770	111.59	-4.87	22.85
2771	111.63	-4.88	22.85
2772	111.67	-4.88	22.84
2773	111.71	-4.88	22.82
2774	111.75	-4.88	22.79
2775	111.79	-4.87	22.77
2776	111.83	-4.87	22.75
2777	111.87	-4.88	22.76
2778	111.91	-4.88	22.76
2779	111.95	-4.88	22.76
2780	111.99	-4.88	22.76
2781	112.03	-4.89	22.77
2782	112.07	-4.9	22.76
2783	112.11	-4.9	22.76
2784	112.15	-4.91	22.76
2785	112.19	-4.91	22.76
2786	112.23	-4.92	22.75
2787	112.27	-4.92	22.75
2788	112.31	-4.92	22.75
2789	112.35	-4.92	22.75
2790	112.39	-4.92	22.75
2791	112.43	-4.92	22.75
2792	112.47	-4.93	22.74
2793	112.51	-4.93	22.74
2794	112.55	-4.93	22.74
2795	112.59	-4.93	22.74
2796	112.63	-4.93	22.74
2797	112.67	-4.93	22.75
2798	112.71	-4.93	22.75
2799	112.75	-4.94	22.74
2800	112.79	-4.94	22.75
2801	112.83	-4.95	22.75
2802	112.87	-4.96	22.74
2803	112.91	-4.96	22.74
2804	112.95	-4.97	22.73
2805	112.99	-4.97	22.72
2806	113.03	-4.98	22.73
2807	113.07	-4.98	22.74
2808	113.11	-4.99	22.75
2809	113.15	-4.99	22.75
2810	113.19	-5	22.75
2811	113.23	-5	22.74
2812	113.27	-5	22.75
2813	113.31	-5.01	22.76
2814	113.35	-5.01	22.76
2815	113.39	-5.02	22.76
2816	113.43	-5.04	22.76
2817	113.47	-5.05	22.76
2818	113.51	-5.06	22.76
2819	113.55	-5.06	22.76
2820	113.59	-5.07	22.76
2821	113.63	-5.07	22.76
2822	113.67	-5.07	22.75
2823	113.71	-5.07	22.76
2824	113.75	-5.07	22.77
2825	113.79	-5.07	22.77
2826	113.83	-5.07	22.78
2827	113.87	-5.07	22.78
2828	113.91	-5.07	22.77
2829	113.95	-5.08	22.77
2830	113.99	-5.08	22.78
2831	114.03	-5.08	22.79
2832	114.07	-5.08	22.8
2833	114.11	-5.09	22.81
2834	114.15	-5.08	22.82
2835	114.19	-5.08	22.84
2836	114.23	-5.08	22.85
2837	114.27	-5.09	22.88
2838	114.31	-5.1	22.88
2839	114.35	-5.12	22.9
2840	114.39	-5.14	22.92
2841	114.43	-5.17	22.96
2842	114.47	-5.19	22.99
2843	114.51	-5.21	23.03
2844	114.55	-5.22	23.04
2845	114.59	-5.24	23.05
2846	114.63	-5.25	23.05
2847	114.67	-5.25	23.05
2848	114.71	-5.25	23.05
2849	114.75	-5.26	23.05
2850	114.79	-5.26	23.06
2851	114.83	-5.25	23.05
2852	114.87	-5.26	23.06
2853	114.91	-5.26	23.07
2854	114.95	-5.26	23.07
2855	114.99	-5.27	23.08
2856	115.03	-5.27	23.09
2857	115.07	-5.26	23.11
2858	115.11	-5.24	23.15
2859	115.15	-5.21	23.2
2860	115.19	-5.19	23.24
2861	115.23	-5.18	23.27
2862	115.27	-5.17	23.29
2863	115.31	-5.17	23.31
2864	115.35	-5.16	23.35
2865	115.39	-5.16	23.39
2866	115.43	-5.16	23.41
2867	115.47	-5.17	23.43
2868	115.51	-5.18	23.43
2869	115.55	-5.19	23.43
2870	115.59	-5.2	23.43
2871	115.63	-5.21	23.43
2872	115.67	-5.2	23.43
2873	115.71	-5.2	23.43
2874	115.75	-5.2	23.43
2875	115.79	-5.2	23.45
2876	115.83	-5.2	23.46
2877	115.87	-5.2	23.46
2878	115.91	-5.2	23.48
2879	115.95	-5.2	23.48
2880	115.99	-5.21	23.48
2881	116.03	-5.22	23.49
2882	116.07	-5.24	23.49
2883	116.11	-5.24	23.5
2884	116.15	-5.24	23.49
2885	116.19	-5.24	23.5
2886	116.23	-5.24	23.5
2887	116.27	-5.24	23.5
2888	116.31	-5.24	23.5
2889	116.35	-5.24	23.5
2890	116.39	-5.24	23.5
2891	116.43	-5.24	23.5
2892	116.47	-5.23	23.51
2893	116.51	-5.21	23.52
2894	116.55	-5.18	23.53
2895	116.59	-5.17	23.53
2896	116.63	-5.16	23.54
2897	116.67	-5.15	23.54
2898	116.71	-5.14	23.54
2899	116.75	-5.13	23.54
2900	116.79	-5.13	23.53
2901	116.83	-5.13	23.52
2902	116.87	-5.13	23.52
2903	116.91	-5.15	23.51
2904	116.95	-5.14	23.52
2905	116.99	-5.15	23.53
2906	117.03	-5.15	23.52
2907	117.07	-5.15	23.52
2908	117.11	-5.16	23.49
2909	117.15	-5.16	23.46
2910	117.19	-5.17	23.42
2911	117.23	-5.18	23.38
2912	117.27	-5.18	23.35
2913	117.31	-5.18	23.33
2914	117.35	-5.18	23.32
2915	117.39	-5.18	23.31
2916	117.43	-5.18	23.29
2917	117.47	-5.2	23.29
2918	117.51	-5.21	23.27
2919	117.55	-5.23	23.26
2920	117.59	-5.24	23.23
2921	117.63	-5.24	23.21
2922	117.67	-5.25	23.17
2923	117.71	-5.25	23.14
2924	117.75	-5.26	23.12
2925	117.79	-5.26	23.09
2926	117.83	-5.26	23.1
2927	117.87	-5.26	23.09
2928	117.91	-5.25	23.09
2929	117.95	-5.24	23.08
2930	117.99	-5.23	23.08
2931	118.03	-5.24	23.08
2932	118.07	-5.25	23.08
2933	118.11	-5.26	23.08
2934	118.15	-5.26	23.08
2935	118.19	-5.26	23.08
2936	118.23	-5.27	23.08
2937	118.27	-5.27	23.07
2938	118.31	-5.27	23.07
2939	118.35	-5.27	23.07
2940	118.39	-5.27	23.07
2941	118.43	-5.27	23.07
2942	118.47	-5.26	23.07
2943	118.51	-5.26	23.06
2944	118.55	-5.26	23.05
2945	118.59	-5.26	23.04
2946	118.63	-5.26	23.04
2947	118.67	-5.25	23.03
2948	118.71	-5.24	23.02
2949	118.75	-5.23	23.01
2950	118.79	-5.22	23
2951	118.83	-5.22	23
2952	118.87	-5.21	22.99
2953	118.91	-5.21	23
2954	118.95	-5.2	22.99
2955	118.99	-5.19	23
2956	119.03	-5.18	22.99
2957	119.07	-5.16	22.98
2958	119.11	-5.15	22.97
2959	119.15	-5.13	22.97
2960	119.19	-5.11	22.95
2961	119.23	-5.09	22.94
2962	119.27	-5.08	22.93
2963	119.31	-5.06	22.92
2964	119.35	-5.04	22.9
2965	119.39	-5.02	22.88
2966	119.43	-5	22.86
2967	119.47	-4.98	22.83
2968	119.51	-4.97	22.81
2969	119.55	-4.96	22.79
2970	119.59	-4.95	22.76
2971	119.63	-4.94	22.75
2972	119.67	-4.93	22.73
2973	119.71	-4.91	22.73
2974	119.75	-4.89	22.72
2975	119.79	-4.88	22.7
2976	119.83	-4.87	22.68
2977	119.87	-4.87	22.68
2978	119.91	-4.87	22.67
