1	0.06	-4.29	-0.06
2	0.1	-4.3	-0.09
3	0.14	-4.35	-0.15
4	0.18	-4.38	-0.23
5	0.22	-4.4	-0.29
6	0.26	-4.44	-0.36
7	0.3	-4.47	-0.4
8	0.34	-4.5	-0.42
9	0.38	-4.52	-0.43
10	0.42	-4.54	-0.43
11	0.51	-4.58	-0.4
12	0.54	-4.65	-0.36
13	0.58	-4.75	-0.27
14	0.62	-4.86	-0.18
15	0.66	-4.96	-0.1
16	0.7	-5.04	-0.03
17	0.74	-5.13	0.02
18	0.78	-5.21	0.06
19	0.82	-5.32	0.09
20	0.86	-5.44	0.12
21	0.9	-5.53	0.13
22	0.94	-5.61	0.12
23	0.98	-5.69	0.1
24	1.02	-5.76	0.06
25	1.06	-5.83	0.02
26	1.1	-5.9	-0.01
27	1.14	-5.96	-0.05
28	1.18	-6.01	-0.09
29	1.22	-6.06	-0.13
30	1.26	-6.1	-0.16
31	1.3	-6.16	-0.18
32	1.34	-6.24	-0.19
33	1.38	-6.31	-0.21
34	1.42	-6.39	-0.25
35	1.46	-6.45	-0.31
36	1.5	-6.51	-0.36
37	1.54	-6.56	-0.42
38	1.58	-6.59	-0.47
39	1.62	-6.64	-0.52
40	1.66	-6.63	-0.55
41	1.7	-6.62	-0.58
42	1.74	-6.62	-0.6
43	1.78	-6.57	-0.61
44	1.82	-6.56	-0.63
45	1.86	-6.57	-0.65
46	1.9	-6.6	-0.68
47	1.94	-6.65	-0.71
48	1.98	-6.69	-0.73
49	2.02	-6.69	-0.73
50	2.06	-6.7	-0.73
51	2.1	-6.71	-0.73
52	2.14	-6.73	-0.73
53	2.18	-6.76	-0.74
54	2.22	-6.8	-0.75
55	2.26	-6.81	-0.75
56	2.3	-6.82	-0.73
57	2.34	-6.86	-0.73
58	2.38	-6.86	-0.72
59	2.42	-6.88	-0.72
60	2.46	-6.88	-0.72
61	2.5	-6.86	-0.72
62	2.54	-6.85	-0.71
63	2.58	-6.84	-0.72
64	2.62	-6.84	-0.71
65	2.66	-6.84	-0.71
66	2.7	-6.84	-0.72
67	2.74	-6.84	-0.73
68	2.78	-6.85	-0.74
69	2.82	-6.85	-0.76
70	2.86	-6.85	-0.75
71	2.9	-6.85	-0.76
72	2.94	-6.84	-0.75
73	2.98	-6.86	-0.75
74	3.02	-6.86	-0.76
75	3.06	-6.87	-0.75
76	3.1	-6.89	-0.75
77	3.14	-6.89	-0.75
78	3.18	-6.89	-0.75
79	3.22	-6.9	-0.76
80	3.26	-6.91	-0.76
81	3.3	-6.92	-0.76
82	3.34	-6.92	-0.76
83	3.38	-6.92	-0.76
84	3.42	-6.92	-0.77
85	3.62	-6.92	-0.77
86	3.66	-6.92	-0.76
87	3.7	-6.92	-0.76
88	3.74	-6.92	-0.75
89	3.78	-6.91	-0.76
90	3.82	-6.91	-0.76
91	3.86	-6.94	-0.77
92	3.9	-6.94	-0.78
93	3.94	-6.94	-0.77
94	3.98	-6.93	-0.77
95	4.02	-6.93	-0.78
96	4.06	-6.92	-0.78
97	4.1	-6.94	-0.79
98	4.14	-6.94	-0.79
99	4.18	-6.94	-0.79
100	4.22	-6.94	-0.79
101	4.26	-6.93	-0.79
102	4.3	-6.93	-0.79
103	4.34	-6.95	-0.79
104	4.38	-6.94	-0.79
105	4.42	-6.94	-0.79
106	4.46	-6.93	-0.79
107	4.5	-6.92	-0.79
108	4.54	-6.92	-0.78
109	4.58	-6.93	-0.78
110	4.62	-6.94	-0.78
111	4.66	-6.94	-0.79
112	4.7	-6.95	-0.79
113	4.74	-6.94	-0.79
114	4.78	-6.94	-0.78
115	4.82	-6.93	-0.77
116	4.86	-6.92	-0.76
117	4.9	-6.92	-0.76
118	4.94	-6.92	-0.76
119	4.98	-6.91	-0.76
120	5.02	-6.92	-0.76
121	5.06	-6.93	-0.76
122	5.1	-6.93	-0.76
123	5.14	-6.93	-0.77
124	5.18	-6.93	-0.78
125	5.22	-6.92	-0.78
126	5.26	-6.89	-0.78
127	5.3	-6.86	-0.79
128	5.34	-6.84	-0.8
129	5.38	-6.83	-0.81
130	5.42	-6.83	-0.83
131	5.46	-6.83	-0.85
132	5.5	-6.83	-0.87
133	5.54	-6.82	-0.9
134	5.58	-6.81	-0.93
135	5.62	-6.79	-0.99
136	5.66	-6.78	-1.05
137	5.7	-6.78	-1.09
138	5.74	-6.79	-1.14
139	5.78	-6.8	-1.18
140	5.82	-6.8	-1.23
141	5.86	-6.8	-1.28
142	5.9	-6.79	-1.33
143	5.94	-6.81	-1.35
144	5.98	-6.82	-1.35
145	6.02	-6.84	-1.35
146	6.06	-6.86	-1.36
147	6.1	-6.84	-1.37
148	6.14	-6.85	-1.43
149	6.18	-6.85	-1.51
150	6.22	-6.84	-1.6
151	6.26	-6.84	-1.69
152	6.3	-6.81	-1.75
153	6.34	-6.77	-1.79
154	6.38	-6.73	-1.82
155	6.42	-6.68	-1.83
156	6.46	-6.67	-1.84
157	6.5	-6.67	-1.84
158	6.54	-6.68	-1.85
159	6.58	-6.69	-1.86
160	6.62	-6.69	-1.86
161	6.66	-6.7	-1.87
162	6.7	-6.71	-1.87
163	6.74	-6.71	-1.86
164	6.78	-6.71	-1.86
165	6.82	-6.7	-1.86
166	6.86	-6.71	-1.85
167	6.9	-6.71	-1.85
168	6.94	-6.7	-1.83
169	6.98	-6.69	-1.8
170	7.02	-6.68	-1.76
171	7.06	-6.68	-1.73
172	7.1	-6.72	-1.7
173	7.14	-6.73	-1.66
174	7.18	-6.75	-1.63
175	7.22	-6.75	-1.6
176	7.26	-6.75	-1.59
177	7.3	-6.76	-1.58
178	7.34	-6.76	-1.57
179	7.38	-6.76	-1.56
180	7.42	-6.76	-1.55
181	7.46	-6.74	-1.53
182	7.5	-6.74	-1.52
183	7.54	-6.74	-1.5
184	7.58	-6.74	-1.5
185	7.62	-6.75	-1.5
186	7.66	-6.75	-1.49
187	7.7	-6.75	-1.49
188	7.74	-6.75	-1.48
189	7.78	-6.76	-1.48
190	7.82	-6.77	-1.49
191	7.86	-6.79	-1.5
192	7.9	-6.8	-1.51
193	7.94	-6.81	-1.51
194	7.98	-6.82	-1.51
195	8.02	-6.83	-1.51
196	8.06	-6.83	-1.5
197	8.1	-6.83	-1.51
198	8.14	-6.82	-1.5
199	8.18	-6.81	-1.5
200	8.22	-6.8	-1.49
201	8.26	-6.8	-1.48
202	8.3	-6.8	-1.47
203	8.34	-6.8	-1.46
204	8.38	-6.81	-1.47
205	8.42	-6.8	-1.46
206	8.46	-6.81	-1.46
207	8.5	-6.81	-1.46
208	8.54	-6.82	-1.46
209	8.58	-6.82	-1.46
210	8.62	-6.81	-1.46
211	8.66	-6.81	-1.46
212	8.7	-6.81	-1.45
213	8.74	-6.81	-1.45
214	8.78	-6.81	-1.45
215	8.82	-6.8	-1.45
216	8.86	-6.8	-1.45
217	8.9	-6.8	-1.44
218	8.94	-6.8	-1.44
219	8.98	-6.79	-1.43
220	9.02	-6.8	-1.45
221	9.06	-6.81	-1.46
222	9.1	-6.83	-1.47
223	9.14	-6.85	-1.5
224	9.18	-6.85	-1.5
225	9.22	-6.86	-1.53
226	9.26	-6.86	-1.55
227	9.3	-6.85	-1.57
228	9.34	-6.83	-1.6
229	9.38	-6.82	-1.62
230	9.42	-6.8	-1.65
231	9.46	-6.79	-1.67
232	9.5	-6.78	-1.68
233	9.54	-6.77	-1.69
234	9.58	-6.74	-1.7
235	9.62	-6.71	-1.7
236	9.66	-6.7	-1.71
237	9.7	-6.69	-1.73
238	9.74	-6.7	-1.77
239	9.78	-6.7	-1.8
240	9.82	-6.69	-1.83
241	9.86	-6.68	-1.85
242	9.9	-6.68	-1.87
243	9.94	-6.68	-1.89
244	9.98	-6.66	-1.91
245	10.02	-6.66	-1.93
246	10.06	-6.63	-1.93
247	10.1	-6.61	-1.95
248	10.14	-6.6	-1.97
249	10.18	-6.58	-1.98
250	10.22	-6.57	-2.01
251	10.26	-6.56	-2.05
252	10.3	-6.53	-2.08
253	10.34	-6.48	-2.11
254	10.38	-6.43	-2.13
255	10.42	-6.39	-2.14
256	10.46	-6.36	-2.16
257	10.5	-6.35	-2.18
258	10.54	-6.34	-2.21
259	10.58	-6.33	-2.23
260	10.62	-6.32	-2.24
261	10.66	-6.31	-2.24
262	10.7	-6.32	-2.25
263	10.74	-6.33	-2.24
264	10.78	-6.34	-2.21
265	10.82	-6.36	-2.18
266	10.86	-6.37	-2.13
267	10.9	-6.38	-2.07
268	10.94	-6.39	-2.03
269	10.98	-6.41	-1.97
270	11.02	-6.45	-1.93
271	11.06	-6.49	-1.88
272	11.1	-6.53	-1.84
273	11.14	-6.56	-1.8
274	11.18	-6.57	-1.74
275	11.22	-6.57	-1.69
276	11.26	-6.56	-1.62
277	11.3	-6.57	-1.57
278	11.34	-6.58	-1.51
279	11.38	-6.58	-1.47
280	11.42	-6.61	-1.44
281	11.46	-6.62	-1.41
282	11.5	-6.64	-1.38
283	11.54	-6.68	-1.31
284	11.58	-6.7	-1.22
285	11.62	-6.76	-1.12
286	11.66	-6.81	-1.05
287	11.7	-6.88	-1
288	11.74	-6.95	-0.97
289	11.78	-7	-0.94
290	11.82	-7.05	-0.9
291	11.86	-7.08	-0.85
292	11.9	-7.1	-0.79
293	11.94	-7.11	-0.72
294	11.98	-7.13	-0.64
295	12.02	-7.16	-0.57
296	12.06	-7.17	-0.52
297	12.1	-7.2	-0.46
298	12.14	-7.21	-0.42
299	12.18	-7.24	-0.34
300	12.22	-7.3	-0.27
301	12.26	-7.34	-0.21
302	12.3	-7.41	-0.14
303	12.34	-7.46	-0.07
304	12.38	-7.5	0.03
305	12.42	-7.54	0.15
306	12.46	-7.57	0.29
307	12.5	-7.56	0.4
308	12.54	-7.55	0.5
309	12.58	-7.53	0.58
310	12.62	-7.5	0.64
311	12.66	-7.49	0.72
312	12.7	-7.48	0.8
313	12.74	-7.47	0.86
314	12.78	-7.48	0.92
315	12.82	-7.52	0.97
316	12.86	-7.55	1
317	12.9	-7.6	1.02
318	12.94	-7.65	1.07
319	12.98	-7.7	1.15
320	13.02	-7.74	1.23
321	13.06	-7.78	1.34
322	13.1	-7.8	1.45
323	13.14	-7.79	1.51
324	13.18	-7.78	1.6
325	13.22	-7.77	1.68
326	13.26	-7.74	1.73
327	13.3	-7.73	1.78
328	13.34	-7.73	1.82
329	13.38	-7.76	1.87
330	13.42	-7.78	1.88
331	13.46	-7.79	1.88
332	13.5	-7.8	1.87
333	13.54	-7.8	1.84
334	13.58	-7.81	1.84
335	13.62	-7.82	1.83
336	13.66	-7.84	1.83
337	13.7	-7.85	1.84
338	13.74	-7.85	1.85
339	13.78	-7.86	1.87
340	13.82	-7.86	1.87
341	13.86	-7.86	1.88
342	13.9	-7.87	1.9
343	13.94	-7.84	1.88
344	13.98	-7.83	1.9
345	14.02	-7.78	1.88
346	14.06	-7.73	1.87
347	14.1	-7.69	1.85
348	14.14	-7.63	1.83
349	14.18	-7.59	1.82
350	14.22	-7.59	1.82
351	14.26	-7.57	1.84
352	14.3	-7.54	1.83
353	14.34	-7.52	1.84
354	14.38	-7.48	1.82
355	14.42	-7.46	1.82
356	14.46	-7.45	1.82
357	14.5	-7.44	1.82
358	14.54	-7.43	1.82
359	14.58	-7.39	1.78
360	14.62	-7.37	1.76
361	14.66	-7.35	1.74
362	14.7	-7.33	1.71
363	14.74	-7.32	1.72
364	14.78	-7.3	1.72
365	14.82	-7.28	1.74
366	14.86	-7.26	1.77
367	14.9	-7.24	1.78
368	14.94	-7.22	1.77
369	14.98	-7.22	1.78
370	15.02	-7.22	1.78
371	15.06	-7.24	1.79
372	15.1	-7.27	1.84
373	15.14	-7.29	1.89
374	15.18	-7.32	1.95
375	15.22	-7.34	2.03
376	15.26	-7.34	2.05
377	15.3	-7.33	2.05
378	15.34	-7.34	2.05
379	15.38	-7.34	2.05
380	15.42	-7.33	2.1
381	15.46	-7.3	2.16
382	15.5	-7.25	2.22
383	15.54	-7.19	2.27
384	15.58	-7.13	2.3
385	15.62	-7.1	2.32
386	15.66	-7.07	2.36
387	15.7	-7.05	2.43
388	15.74	-7.03	2.48
389	15.78	-7.02	2.57
390	15.82	-6.99	2.64
391	15.86	-6.96	2.67
392	15.9	-6.91	2.7
393	15.94	-6.85	2.73
394	15.98	-6.8	2.74
395	16.02	-6.74	2.77
396	16.06	-6.7	2.79
397	16.1	-6.66	2.8
398	16.14	-6.62	2.81
399	16.18	-6.59	2.79
400	16.22	-6.54	2.79
401	16.26	-6.51	2.76
402	16.3	-6.45	2.76
403	16.34	-6.35	2.79
404	16.38	-6.23	2.81
405	16.45	-6.09	2.81
406	16.5	-5.96	2.82
407	16.54	-5.85	2.78
408	16.58	-5.77	2.75
409	16.62	-5.72	2.74
410	16.66	-5.68	2.72
411	16.7	-5.66	2.69
412	16.74	-5.63	2.67
413	16.78	-5.61	2.67
414	16.82	-5.6	2.65
415	16.86	-5.58	2.66
416	16.9	-5.56	2.69
417	16.94	-5.53	2.7
418	16.98	-5.51	2.73
419	17.02	-5.5	2.74
420	17.06	-5.49	2.74
421	17.1	-5.49	2.74
422	17.14	-5.49	2.74
423	17.18	-5.48	2.74
424	17.22	-5.48	2.74
425	17.26	-5.49	2.74
426	17.3	-5.49	2.74
427	17.34	-5.49	2.73
428	17.38	-5.49	2.73
429	17.42	-5.49	2.74
430	17.46	-5.49	2.75
431	17.5	-5.5	2.75
432	17.54	-5.49	2.75
433	17.58	-5.49	2.75
434	17.62	-5.49	2.74
435	17.66	-5.49	2.74
436	17.7	-5.49	2.75
437	17.74	-5.53	2.72
438	17.78	-5.54	2.71
439	17.82	-5.56	2.7
440	17.86	-5.58	2.66
441	17.9	-5.57	2.67
442	17.94	-5.57	2.67
443	17.98	-5.6	2.64
444	18.02	-5.63	2.63
445	18.06	-5.64	2.63
446	18.1	-5.66	2.59
447	18.14	-5.65	2.61
448	18.18	-5.64	2.6
449	18.22	-5.63	2.59
450	18.26	-5.64	2.59
451	18.3	-5.64	2.55
452	18.34	-5.65	2.54
453	18.38	-5.66	2.52
454	18.41	-5.67	2.52
455	18.46	-5.66	2.52
456	18.49	-5.66	2.5
457	18.54	-5.67	2.49
458	18.58	-5.67	2.48
459	18.61	-5.69	2.47
460	18.66	-5.68	2.46
461	18.7	-5.67	2.47
462	18.73	-5.66	2.47
463	18.77	-5.65	2.46
464	18.81	-5.65	2.46
465	18.85	-5.67	2.46
466	18.89	-5.68	2.46
467	18.94	-5.67	2.47
468	18.97	-5.67	2.47
469	19.01	-5.67	2.47
470	19.05	-5.67	2.47
471	19.09	-5.69	2.47
472	19.13	-5.7	2.46
473	19.18	-5.72	2.45
474	19.21	-5.72	2.45
475	19.25	-5.73	2.41
476	19.29	-5.73	2.39
477	19.33	-5.72	2.36
478	19.37	-5.74	2.34
479	19.41	-5.75	2.31
480	19.45	-5.77	2.27
481	19.49	-5.79	2.25
482	19.53	-5.8	2.2
483	19.58	-5.79	2.16
484	19.69	-5.76	2.1
485	19.73	-5.73	2
486	19.77	-5.71	1.91
487	19.81	-5.7	1.86
488	19.85	-5.71	1.84
489	19.89	-5.72	1.85
490	19.94	-5.72	1.87
491	19.97	-5.72	1.86
492	20.01	-5.72	1.86
493	20.05	-5.72	1.84
494	20.09	-5.7	1.84
495	20.13	-5.7	1.85
496	20.17	-5.69	1.83
497	20.21	-5.69	1.83
498	20.25	-5.71	1.82
499	20.29	-5.7	1.81
500	20.33	-5.7	1.83
501	20.37	-5.69	1.84
502	20.41	-5.69	1.84
503	20.45	-5.68	1.86
504	20.49	-5.68	1.88
505	20.53	-5.68	1.92
506	20.57	-5.67	1.96
507	20.61	-5.68	2
508	20.65	-5.7	2.04
509	20.69	-5.74	2.09
510	20.73	-5.75	2.17
511	20.77	-5.77	2.25
512	20.81	-5.78	2.33
513	20.85	-5.75	2.42
514	20.89	-5.76	2.48
515	20.93	-5.76	2.55
516	20.97	-5.77	2.62
517	21.01	-5.79	2.67
518	21.05	-5.8	2.72
519	21.09	-5.8	2.77
520	21.13	-5.8	2.83
521	21.17	-5.81	2.87
522	21.21	-5.82	2.93
523	21.25	-5.83	2.96
524	21.29	-5.85	3
525	21.33	-5.87	3.03
526	21.37	-5.88	3.08
527	21.41	-5.9	3.12
528	21.45	-5.92	3.16
529	21.49	-5.94	3.21
530	21.53	-5.96	3.26
531	21.57	-5.98	3.29
532	21.61	-6	3.31
533	21.65	-6.02	3.34
534	21.69	-6.04	3.37
535	21.73	-6.07	3.41
536	21.77	-6.1	3.44
537	21.81	-6.15	3.46
538	21.85	-6.21	3.47
539	21.89	-6.25	3.5
540	21.93	-6.29	3.54
541	21.97	-6.31	3.59
542	22.01	-6.31	3.64
543	22.05	-6.31	3.66
544	22.09	-6.3	3.67
545	22.13	-6.29	3.67
546	22.17	-6.28	3.69
547	22.21	-6.27	3.7
548	22.25	-6.26	3.7
549	22.29	-6.26	3.71
550	22.33	-6.25	3.72
551	22.37	-6.24	3.71
552	22.41	-6.22	3.72
553	22.45	-6.22	3.72
554	22.49	-6.21	3.72
555	22.53	-6.2	3.7
556	22.57	-6.19	3.7
557	22.61	-6.18	3.68
558	22.65	-6.17	3.67
559	22.69	-6.16	3.67
560	22.73	-6.16	3.65
561	22.77	-6.15	3.64
562	22.81	-6.14	3.63
563	22.85	-6.14	3.62
564	22.89	-6.14	3.62
565	22.93	-6.14	3.61
566	22.97	-6.14	3.61
567	23.01	-6.13	3.61
568	23.05	-6.12	3.62
569	23.09	-6.12	3.63
570	23.13	-6.12	3.63
571	23.17	-6.12	3.63
572	23.21	-6.12	3.64
573	23.25	-6.12	3.62
574	23.29	-6.11	3.62
575	23.33	-6.11	3.61
576	23.37	-6.11	3.59
577	23.41	-6.12	3.57
578	23.45	-6.12	3.55
579	23.49	-6.12	3.55
580	23.53	-6.12	3.54
581	23.57	-6.12	3.53
582	23.61	-6.11	3.51
583	23.65	-6.11	3.5
584	23.69	-6.12	3.51
585	23.73	-6.11	3.52
586	23.77	-6.12	3.55
587	23.81	-6.12	3.55
588	23.85	-6.11	3.54
589	23.89	-6.12	3.55
590	23.93	-6.13	3.55
591	23.97	-6.13	3.55
592	24.01	-6.13	3.57
593	24.05	-6.13	3.6
594	24.09	-6.13	3.61
595	24.13	-6.13	3.61
596	24.17	-6.13	3.61
597	24.21	-6.13	3.61
598	24.25	-6.13	3.61
599	24.29	-6.13	3.61
600	24.33	-6.13	3.63
601	24.37	-6.13	3.64
602	24.41	-6.13	3.66
603	24.45	-6.12	3.68
604	24.49	-6.12	3.68
605	24.53	-6.12	3.68
606	24.57	-6.12	3.69
607	24.61	-6.12	3.68
608	24.65	-6.13	3.68
609	24.69	-6.13	3.68
610	24.73	-6.13	3.67
611	24.77	-6.13	3.67
612	24.81	-6.13	3.66
613	24.85	-6.14	3.65
614	24.89	-6.15	3.65
615	24.93	-6.16	3.63
616	24.97	-6.18	3.61
617	25.01	-6.19	3.59
618	25.05	-6.21	3.56
619	25.09	-6.22	3.56
620	25.13	-6.23	3.56
621	25.17	-6.25	3.54
622	25.21	-6.25	3.54
623	25.25	-6.26	3.51
624	25.29	-6.27	3.48
625	25.33	-6.28	3.48
626	25.37	-6.3	3.47
627	25.41	-6.32	3.48
628	25.45	-6.33	3.48
629	25.49	-6.33	3.46
630	25.53	-6.33	3.44
631	25.57	-6.33	3.41
632	25.61	-6.33	3.41
633	25.65	-6.34	3.41
634	25.69	-6.35	3.4
635	25.73	-6.35	3.38
636	25.77	-6.35	3.34
637	25.81	-6.34	3.3
638	25.85	-6.34	3.28
639	25.89	-6.34	3.29
640	25.93	-6.34	3.28
641	25.97	-6.34	3.3
642	26.01	-6.33	3.31
643	26.05	-6.32	3.31
644	26.09	-6.31	3.35
645	26.13	-6.3	3.38
646	26.17	-6.29	3.42
647	26.21	-6.26	3.46
648	26.25	-6.23	3.47
649	26.29	-6.19	3.49
650	26.33	-6.14	3.52
651	26.37	-6.1	3.55
652	26.45	-6.06	3.55
653	26.49	-6.02	3.55
654	26.53	-5.99	3.51
655	26.57	-5.96	3.5
656	26.61	-5.92	3.5
657	26.65	-5.89	3.51
658	26.69	-5.86	3.52
659	26.73	-5.83	3.52
660	26.77	-5.79	3.55
661	26.81	-5.73	3.55
662	26.85	-5.66	3.56
663	26.89	-5.6	3.55
664	26.93	-5.55	3.54
665	26.97	-5.52	3.53
666	27.01	-5.49	3.51
667	27.05	-5.47	3.49
668	27.09	-5.46	3.45
669	27.13	-5.44	3.4
670	27.17	-5.41	3.4
671	27.21	-5.39	3.38
672	27.25	-5.37	3.38
673	27.29	-5.35	3.37
674	27.33	-5.34	3.32
675	27.37	-5.31	3.32
676	27.41	-5.29	3.32
677	27.45	-5.26	3.35
678	27.49	-5.23	3.39
679	27.53	-5.22	3.41
680	27.57	-5.23	3.4
681	27.61	-5.22	3.41
682	27.65	-5.22	3.41
683	27.69	-5.2	3.41
684	27.73	-5.14	3.43
685	27.77	-5.09	3.43
686	27.81	-5.02	3.41
687	27.85	-4.95	3.38
688	27.89	-4.9	3.34
689	27.93	-4.85	3.3
690	27.97	-4.81	3.27
691	28.01	-4.78	3.24
692	28.05	-4.74	3.23
693	28.09	-4.7	3.24
694	28.13	-4.65	3.27
695	28.17	-4.59	3.31
696	28.21	-4.53	3.35
697	28.25	-4.47	3.36
698	28.29	-4.41	3.37
699	28.33	-4.35	3.39
700	28.37	-4.31	3.38
701	28.41	-4.3	3.38
702	28.45	-4.29	3.37
703	28.49	-4.3	3.33
704	28.53	-4.3	3.3
705	28.57	-4.3	3.27
706	28.61	-4.3	3.23
707	28.65	-4.31	3.22
708	28.69	-4.31	3.22
709	28.73	-4.32	3.21
710	28.77	-4.34	3.19
711	28.81	-4.36	3.14
712	28.85	-4.41	3.01
713	28.89	-4.44	2.9
714	28.93	-4.46	2.82
715	28.97	-4.48	2.76
716	29.01	-4.51	2.78
717	29.05	-4.55	2.78
718	29.09	-4.61	2.74
719	29.13	-4.66	2.68
720	29.17	-4.69	2.61
721	29.21	-4.71	2.52
722	29.25	-4.72	2.44
723	29.29	-4.73	2.38
724	29.33	-4.73	2.28
725	29.37	-4.74	2.2
726	29.41	-4.74	2.11
727	29.45	-4.78	1.98
728	29.49	-4.85	1.82
729	29.53	-4.94	1.63
730	29.65	-5.09	1.37
731	29.69	-5.24	1.12
732	29.73	-5.38	0.92
733	29.77	-5.48	0.74
734	29.81	-5.54	0.64
735	29.85	-5.57	0.56
736	29.89	-5.58	0.45
737	29.93	-5.61	0.35
738	29.97	-5.63	0.27
739	30.01	-5.65	0.19
740	30.05	-5.66	0.17
741	30.09	-5.67	0.13
742	30.13	-5.7	0.08
743	30.17	-5.78	0.02
744	30.21	-5.89	-0.04
745	30.25	-6.02	-0.07
746	30.29	-6.16	-0.08
747	30.33	-6.28	-0.09
748	30.37	-6.4	-0.09
749	30.41	-6.52	-0.1
750	30.45	-6.62	-0.13
751	30.49	-6.69	-0.15
752	30.53	-6.74	-0.22
753	30.57	-6.77	-0.29
754	30.61	-6.8	-0.36
755	30.65	-6.84	-0.44
756	30.69	-6.89	-0.51
757	30.73	-6.95	-0.59
758	30.77	-7.01	-0.66
759	30.81	-7.07	-0.72
760	30.85	-7.11	-0.77
761	30.89	-7.16	-0.81
762	30.93	-7.23	-0.89
763	30.97	-7.37	-1.01
764	31.01	-7.53	-1.11
765	31.05	-7.7	-1.21
766	31.09	-7.85	-1.28
767	31.13	-7.97	-1.32
768	31.17	-8.08	-1.36
769	31.21	-8.18	-1.38
770	31.25	-8.25	-1.4
771	31.29	-8.31	-1.42
772	31.33	-8.38	-1.47
773	31.37	-8.45	-1.55
774	31.41	-8.51	-1.62
775	31.45	-8.54	-1.67
776	31.49	-8.57	-1.71
777	31.53	-8.57	-1.76
778	31.57	-8.58	-1.84
779	31.61	-8.58	-1.93
780	31.65	-8.56	-2.02
781	31.69	-8.54	-2.09
782	31.73	-8.53	-2.14
783	31.77	-8.51	-2.18
784	31.81	-8.49	-2.19
785	31.85	-8.47	-2.2
786	31.89	-8.45	-2.2
787	31.93	-8.43	-2.19
788	31.97	-8.41	-2.17
789	32.01	-8.41	-2.14
790	32.05	-8.42	-2.11
791	32.09	-8.44	-2.09
792	32.13	-8.47	-2.08
793	32.17	-8.5	-2.08
794	32.21	-8.53	-2.08
795	32.25	-8.55	-2.06
796	32.29	-8.56	-2
797	32.33	-8.58	-1.95
798	32.37	-8.59	-1.88
799	32.41	-8.58	-1.81
800	32.45	-8.59	-1.75
801	32.49	-8.6	-1.68
802	32.53	-8.62	-1.59
803	32.57	-8.65	-1.49
804	32.61	-8.66	-1.41
805	32.65	-8.66	-1.34
806	32.69	-8.67	-1.28
807	32.73	-8.72	-1.24
808	32.77	-8.8	-1.17
809	32.81	-8.88	-1.06
810	32.85	-8.93	-0.93
811	32.89	-8.94	-0.78
812	32.93	-8.95	-0.62
813	32.97	-8.96	-0.5
814	33.01	-8.95	-0.36
815	33.05	-8.98	-0.21
816	33.09	-9	-0.11
817	33.13	-9.04	0
818	33.17	-9.08	0.07
819	33.21	-9.12	0.12
820	33.25	-9.18	0.2
821	33.29	-9.24	0.32
822	33.33	-9.31	0.47
823	33.37	-9.36	0.64
824	33.41	-9.4	0.83
825	33.45	-9.43	1
826	33.49	-9.45	1.17
827	33.53	-9.48	1.31
828	33.57	-9.52	1.44
829	33.61	-9.53	1.54
830	33.65	-9.58	1.64
831	33.69	-9.5	2.09
832	34.22	-9.38	2.57
833	34.25	-9.24	3.06
834	34.29	-9.07	3.55
835	34.33	-9.03	3.73
836	34.37	-9.03	3.86
837	34.41	-9.03	4
838	34.45	-9.01	4.16
839	34.49	-8.9	4.22
840	34.53	-8.77	4.32
841	34.57	-8.63	4.48
842	34.61	-8.5	4.65
843	34.66	-8.41	4.86
844	34.69	-8.33	5.08
845	34.73	-8.25	5.19
846	34.77	-8.2	5.26
847	34.81	-8.16	5.31
848	34.85	-8.14	5.37
849	34.89	-8.15	5.44
850	34.93	-8.17	5.52
851	34.97	-8.2	5.61
852	35.01	-8.23	5.66
853	35.05	-8.24	5.7
854	35.09	-8.25	5.73
855	35.13	-8.25	5.75
856	35.17	-8.26	5.76
857	35.21	-8.28	5.8
858	35.25	-8.31	5.79
859	35.29	-8.33	5.79
860	35.33	-8.37	5.8
861	35.37	-8.39	5.79
862	35.41	-8.42	5.8
863	35.45	-8.45	5.79
864	35.49	-8.48	5.77
865	35.53	-8.5	5.77
866	35.57	-8.53	5.77
867	35.61	-8.55	5.78
868	35.65	-8.57	5.81
869	35.69	-8.58	5.82
870	35.73	-8.58	5.84
871	35.77	-8.59	5.86
872	35.81	-8.58	5.87
873	35.85	-8.57	5.87
874	35.89	-8.57	5.88
875	35.93	-8.56	5.89
876	35.97	-8.55	5.9
877	36.01	-8.56	5.9
878	36.05	-8.55	5.9
879	36.09	-8.55	5.92
880	36.13	-8.57	5.94
881	36.17	-8.57	5.98
882	36.21	-8.56	6
883	36.25	-8.55	6.02
884	36.29	-8.52	6.02
885	36.33	-8.51	6.05
886	36.37	-8.51	6.08
887	36.41	-8.5	6.1
888	36.45	-8.49	6.13
889	36.49	-8.48	6.11
890	36.53	-8.46	6.07
891	36.57	-8.46	6.02
892	36.61	-8.45	5.99
893	36.65	-8.45	5.98
894	36.69	-8.44	5.98
895	36.73	-8.43	5.99
896	36.77	-8.41	5.99
897	36.81	-8.38	5.98
898	36.85	-8.34	5.98
899	36.89	-8.32	5.96
900	36.93	-8.28	5.92
901	36.97	-8.25	5.88
902	37.01	-8.2	5.82
903	37.05	-8.16	5.76
904	37.09	-8.12	5.71
905	37.13	-8.08	5.68
906	37.21	-8.05	5.63
907	37.25	-8.02	5.59
908	37.29	-7.99	5.57
909	37.33	-7.98	5.54
910	37.37	-7.96	5.53
911	37.41	-7.95	5.53
912	37.45	-7.94	5.51
913	37.49	-7.91	5.49
914	37.53	-7.89	5.46
915	37.57	-7.86	5.42
916	37.61	-7.82	5.37
917	37.65	-7.78	5.32
918	37.69	-7.74	5.29
919	37.73	-7.72	5.26
920	37.77	-7.71	5.26
921	37.81	-7.72	5.25
922	37.85	-7.71	5.26
923	37.89	-7.7	5.25
924	37.93	-7.69	5.25
925	37.97	-7.68	5.25
926	38.01	-7.68	5.25
927	38.05	-7.67	5.25
928	38.09	-7.68	5.24
929	38.13	-7.68	5.24
930	38.17	-7.68	5.23
931	38.21	-7.67	5.23
932	38.25	-7.67	5.23
933	38.3	-7.67	5.22
934	38.33	-7.66	5.22
935	38.37	-7.66	5.22
936	38.41	-7.66	5.21
937	38.45	-7.66	5.2
938	38.49	-7.66	5.21
939	38.53	-7.65	5.22
940	38.57	-7.64	5.22
941	38.61	-7.63	5.23
942	38.65	-7.62	5.23
943	38.69	-7.62	5.23
944	38.73	-7.62	5.24
945	38.77	-7.62	5.23
946	38.81	-7.61	5.24
947	38.85	-7.61	5.24
948	38.89	-7.61	5.24
949	38.93	-7.61	5.25
950	38.97	-7.61	5.24
951	39.01	-7.62	5.25
952	39.05	-7.62	5.26
953	39.09	-7.63	5.27
954	39.13	-7.65	5.28
955	39.17	-7.66	5.29
956	39.21	-7.68	5.29
957	39.25	-7.69	5.29
958	39.29	-7.71	5.3
959	39.33	-7.73	5.31
960	39.37	-7.75	5.32
961	39.41	-7.77	5.34
962	39.45	-7.78	5.35
963	39.49	-7.8	5.37
964	39.53	-7.82	5.38
965	39.57	-7.84	5.39
966	39.61	-7.86	5.4
967	39.65	-7.87	5.43
968	39.69	-7.89	5.44
969	39.73	-7.89	5.46
970	39.77	-7.9	5.49
971	39.81	-7.92	5.5
972	39.85	-7.92	5.53
973	39.89	-7.94	5.56
974	39.93	-7.95	5.59
975	39.97	-7.96	5.62
976	40.01	-7.97	5.65
977	40.05	-7.98	5.67
978	40.09	-7.98	5.71
979	40.13	-7.99	5.73
980	40.17	-7.99	5.75
981	40.21	-7.99	5.78
982	40.25	-7.99	5.77
983	40.29	-8	5.78
984	40.33	-7.99	5.78
985	40.37	-8	5.77
986	40.41	-8	5.76
987	40.45	-8	5.73
988	40.49	-8	5.69
989	40.53	-7.99	5.66
990	40.57	-7.99	5.63
991	40.61	-7.99	5.64
992	40.65	-7.99	5.65
993	40.77	-8	5.65
994	40.81	-8	5.68
995	40.85	-7.99	5.67
996	40.89	-8	5.66
997	40.93	-7.99	5.67
998	40.97	-7.98	5.66
999	41.01	-7.98	5.66
1000	41.05	-7.97	5.67
1001	41.09	-7.96	5.67
1002	41.13	-7.95	5.66
1003	41.17	-7.95	5.65
1004	41.21	-7.94	5.63
1005	41.25	-7.93	5.63
1006	41.29	-7.9	5.62
1007	41.33	-7.87	5.62
1008	41.37	-7.84	5.6
1009	41.41	-7.8	5.56
1010	41.45	-7.77	5.54
1011	41.49	-7.74	5.52
1012	41.53	-7.73	5.51
1013	41.57	-7.71	5.52
1014	41.61	-7.69	5.52
1015	41.65	-7.68	5.53
1016	41.69	-7.67	5.52
1017	41.73	-7.67	5.51
1018	41.77	-7.66	5.51
1019	41.81	-7.66	5.51
1020	41.85	-7.64	5.5
1021	41.89	-7.64	5.46
1022	41.93	-7.65	5.41
1023	41.97	-7.64	5.36
1024	42.01	-7.62	5.33
1025	42.05	-7.58	5.32
1026	42.09	-7.53	5.33
1027	42.13	-7.48	5.32
1028	42.17	-7.44	5.31
1029	42.21	-7.42	5.29
1030	42.25	-7.38	5.26
1031	42.29	-7.37	5.22
1032	42.33	-7.35	5.18
1033	42.37	-7.34	5.15
1034	42.41	-7.34	5.13
1035	42.45	-7.33	5.13
1036	42.49	-7.33	5.14
1037	42.53	-7.33	5.14
1038	42.57	-7.33	5.14
1039	42.61	-7.33	5.14
1040	42.65	-7.32	5.14
1041	42.69	-7.32	5.13
1042	42.73	-7.31	5.13
1043	42.77	-7.32	5.13
1044	42.81	-7.32	5.13
1045	42.85	-7.32	5.13
1046	42.89	-7.32	5.12
1047	42.93	-7.32	5.12
1048	42.97	-7.31	5.12
1049	43.01	-7.32	5.11
1050	43.05	-7.31	5.11
1051	43.09	-7.31	5.1
1052	43.13	-7.32	5.09
1053	43.17	-7.31	5.1
1054	43.21	-7.32	5.09
1055	43.25	-7.32	5.1
1056	43.29	-7.32	5.12
1057	43.33	-7.33	5.13
1058	43.37	-7.31	5.17
1059	43.41	-7.29	5.22
1060	43.45	-7.29	5.25
1061	43.49	-7.29	5.29
1062	43.53	-7.29	5.33
1063	43.57	-7.31	5.35
1064	43.61	-7.33	5.37
1065	43.65	-7.34	5.38
1066	43.69	-7.37	5.39
1067	43.73	-7.4	5.39
1068	43.77	-7.42	5.38
1069	43.81	-7.45	5.38
1070	43.85	-7.48	5.39
1071	43.89	-7.51	5.39
1072	43.93	-7.54	5.41
1073	43.97	-7.57	5.43
1074	44.01	-7.59	5.46
1075	44.05	-7.59	5.51
1076	44.09	-7.59	5.56
1077	44.13	-7.6	5.61
1078	44.17	-7.61	5.64
1079	44.21	-7.62	5.68
1080	44.25	-7.65	5.73
1081	44.29	-7.67	5.78
1082	44.33	-7.68	5.86
1083	44.37	-7.69	5.91
1084	44.41	-7.69	5.97
1085	44.45	-7.69	6
1086	44.49	-7.7	6.04
1087	44.53	-7.69	6.07
1088	44.57	-7.69	6.09
1089	44.61	-7.69	6.12
1090	44.65	-7.68	6.14
1091	44.69	-7.67	6.15
1092	44.73	-7.67	6.15
1093	44.77	-7.66	6.14
1094	44.81	-7.67	6.12
1095	44.85	-7.66	6.11
1096	44.89	-7.66	6.1
1097	44.93	-7.66	6.09
1098	44.97	-7.66	6.1
1099	45.01	-7.66	6.09
1100	45.05	-7.66	6.08
1101	45.09	-7.65	6.09
1102	45.13	-7.65	6.09
1103	45.17	-7.65	6.08
1104	45.21	-7.65	6.09
1105	45.25	-7.65	6.1
1106	45.29	-7.64	6.1
1107	45.33	-7.64	6.11
1108	45.37	-7.64	6.1
1109	45.41	-7.63	6.1
1110	45.45	-7.63	6.1
1111	45.49	-7.62	6.08
1112	45.53	-7.6	6.07
1113	45.57	-7.59	6.05
1114	45.61	-7.57	6.03
1115	45.65	-7.55	6.02
1116	45.69	-7.53	6.01
1117	45.73	-7.51	6.01
1118	45.77	-7.5	6
1119	45.81	-7.5	5.99
1120	45.85	-7.49	5.99
1121	45.89	-7.49	5.98
1122	45.93	-7.49	5.96
1123	45.97	-7.5	5.93
1124	46.01	-7.49	5.88
1125	46.05	-7.47	5.85
1126	46.09	-7.44	5.81
1127	46.13	-7.41	5.78
1128	46.17	-7.39	5.74
1129	46.21	-7.37	5.72
1130	46.25	-7.36	5.68
1131	46.29	-7.35	5.64
1132	46.33	-7.34	5.62
1133	46.41	-7.33	5.61
1134	46.45	-7.32	5.6
1135	46.49	-7.31	5.62
1136	46.53	-7.3	5.61
1137	46.57	-7.29	5.62
1138	46.61	-7.29	5.61
1139	46.65	-7.3	5.61
1140	46.69	-7.3	5.61
1141	46.73	-7.29	5.61
1142	46.77	-7.29	5.62
1143	46.81	-7.29	5.62
1144	46.85	-7.28	5.62
1145	46.89	-7.29	5.61
1146	46.93	-7.28	5.61
1147	46.97	-7.28	5.6
1148	47.01	-7.27	5.59
1149	47.05	-7.27	5.59
1150	47.09	-7.27	5.59
1151	47.13	-7.27	5.58
1152	47.17	-7.27	5.58
1153	47.21	-7.26	5.6
1154	47.25	-7.26	5.6
1155	47.29	-7.25	5.6
1156	47.33	-7.25	5.61
1157	47.37	-7.24	5.61
1158	47.41	-7.23	5.61
1159	47.45	-7.22	5.61
1160	47.49	-7.22	5.61
1161	47.53	-7.21	5.61
1162	47.57	-7.2	5.61
1163	47.61	-7.21	5.61
1164	47.65	-7.19	5.62
1165	47.69	-7.18	5.64
1166	47.73	-7.18	5.64
1167	47.77	-7.17	5.65
1168	47.81	-7.17	5.65
1169	47.85	-7.16	5.65
1170	47.89	-7.15	5.64
1171	47.93	-7.15	5.65
1172	47.97	-7.14	5.65
1173	48.01	-7.14	5.65
1174	48.05	-7.14	5.65
1175	48.09	-7.14	5.66
1176	48.13	-7.13	5.68
1177	48.17	-7.14	5.69
1178	48.21	-7.13	5.72
1179	48.25	-7.13	5.73
1180	48.29	-7.15	5.72
1181	48.33	-7.14	5.74
1182	48.37	-7.15	5.74
1183	48.41	-7.14	5.74
1184	48.45	-7.13	5.76
1185	48.49	-7.14	5.76
1186	48.53	-7.13	5.75
1187	48.57	-7.13	5.74
1188	48.61	-7.13	5.75
1189	48.65	-7.13	5.75
1190	48.69	-7.13	5.76
1191	48.73	-7.13	5.75
1192	48.77	-7.13	5.74
1193	48.81	-7.13	5.74
1194	48.85	-7.13	5.73
1195	48.89	-7.13	5.74
1196	48.93	-7.12	5.73
1197	48.97	-7.11	5.75
1198	49.01	-7.1	5.76
1199	49.05	-7.11	5.75
1200	49.09	-7.11	5.76
1201	49.13	-7.13	5.75
1202	49.17	-7.14	5.72
1203	49.21	-7.15	5.72
1204	49.25	-7.16	5.7
1205	49.29	-7.16	5.7
1206	49.33	-7.16	5.69
1207	49.37	-7.18	5.67
1208	49.41	-7.19	5.65
1209	49.45	-7.21	5.62
1210	49.49	-7.21	5.62
1211	49.53	-7.21	5.62
1212	49.57	-7.21	5.62
1213	49.61	-7.21	5.62
1214	49.65	-7.21	5.61
1215	49.69	-7.2	5.61
1216	49.73	-7.19	5.62
1217	49.77	-7.19	5.6
1218	49.81	-7.2	5.6
1219	49.85	-7.19	5.59
1220	49.89	-7.2	5.58
1221	49.93	-7.19	5.59
1222	49.97	-7.18	5.59
1223	50.01	-7.19	5.58
1224	50.05	-7.19	5.57
1225	50.09	-7.2	5.57
1226	50.13	-7.21	5.55
1227	50.17	-7.21	5.56
1228	50.21	-7.22	5.56
1229	50.25	-7.23	5.56
1230	50.29	-7.24	5.57
1231	50.33	-7.26	5.56
1232	50.37	-7.26	5.58
1233	50.41	-7.26	5.58
1234	50.45	-7.26	5.58
1235	50.49	-7.26	5.58
1236	50.53	-7.26	5.57
1237	50.57	-7.26	5.55
1238	50.61	-7.27	5.52
1239	50.65	-7.27	5.49
1240	50.69	-7.27	5.46
1241	50.73	-7.27	5.44
1242	50.77	-7.28	5.43
1243	50.81	-7.31	5.39
1244	50.85	-7.34	5.37
1245	50.89	-7.37	5.35
1246	50.93	-7.4	5.33
1247	50.97	-7.42	5.3
1248	51.01	-7.44	5.27
1249	51.05	-7.47	5.22
1250	51.09	-7.51	5.18
1251	51.13	-7.55	5.15
1252	51.17	-7.59	5.12
1253	51.21	-7.62	5.1
1254	51.25	-7.63	5.1
1255	51.29	-7.63	5.11
1256	51.33	-7.62	5.12
1257	51.37	-7.6	5.12
1258	51.41	-7.56	5.1
1259	51.45	-7.54	5.07
1260	51.49	-7.53	5.03
1261	51.53	-7.53	5
1262	51.57	-7.54	4.99
1263	51.61	-7.53	4.99
1264	51.65	-7.53	4.98
1265	51.69	-7.51	4.97
1266	51.73	-7.51	4.96
1267	51.77	-7.5	4.95
1268	51.81	-7.5	4.93
1269	51.85	-7.52	4.9
1270	51.89	-7.52	4.88
1271	51.93	-7.52	4.85
1272	52.05	-7.49	4.79
1273	52.09	-7.47	4.72
1274	52.13	-7.44	4.65
1275	52.17	-7.4	4.59
1276	52.21	-7.37	4.58
1277	52.25	-7.31	4.58
1278	52.29	-7.26	4.6
1279	52.33	-7.21	4.62
1280	52.37	-7.17	4.63
1281	52.41	-7.12	4.64
1282	52.45	-7.06	4.66
1283	52.49	-7.01	4.66
1284	52.53	-6.93	4.69
1285	52.57	-6.86	4.72
1286	52.61	-6.79	4.75
1287	52.65	-6.73	4.78
1288	52.69	-6.69	4.79
1289	52.73	-6.64	4.81
1290	52.77	-6.62	4.83
1291	52.81	-6.57	4.85
1292	52.85	-6.56	4.87
1293	52.89	-6.53	4.88
1294	52.93	-6.52	4.9
1295	52.97	-6.52	4.92
1296	53.01	-6.49	4.95
1297	53.05	-6.5	4.96
1298	53.09	-6.49	4.97
1299	53.13	-6.51	4.97
1300	53.17	-6.52	4.97
1301	53.21	-6.54	4.99
1302	53.25	-6.57	5
1303	53.29	-6.6	5.03
1304	53.33	-6.62	5.05
1305	53.37	-6.64	5.06
1306	53.41	-6.66	5.08
1307	53.45	-6.68	5.09
1308	53.49	-6.71	5.1
1309	53.53	-6.74	5.11
1310	53.57	-6.78	5.12
1311	53.61	-6.82	5.12
1312	53.65	-6.86	5.14
1313	53.69	-6.91	5.15
1314	53.73	-6.95	5.17
1315	53.77	-6.97	5.22
1316	53.81	-7	5.27
1317	53.85	-7.02	5.34
1318	53.89	-7.04	5.39
1319	53.93	-7.06	5.43
1320	53.97	-7.09	5.45
1321	54.01	-7.11	5.43
1322	54.05	-7.12	5.42
1323	54.09	-7.14	5.39
1324	54.13	-7.14	5.37
1325	54.17	-7.15	5.38
1326	54.21	-7.16	5.39
1327	54.25	-7.16	5.41
1328	54.29	-7.17	5.42
1329	54.33	-7.18	5.44
1330	54.37	-7.18	5.45
1331	54.41	-7.19	5.47
1332	54.45	-7.19	5.49
1333	54.49	-7.19	5.5
1334	54.53	-7.19	5.52
1335	54.57	-7.19	5.53
1336	54.61	-7.19	5.53
1337	54.65	-7.2	5.54
1338	54.69	-7.21	5.55
1339	54.73	-7.2	5.56
1340	54.77	-7.21	5.56
1341	54.81	-7.21	5.56
1342	54.85	-7.22	5.56
1343	54.89	-7.23	5.55
1344	54.93	-7.23	5.55
1345	54.97	-7.23	5.55
1346	55.01	-7.22	5.55
1347	55.05	-7.22	5.56
1348	55.09	-7.22	5.56
1349	55.13	-7.22	5.58
1350	55.17	-7.22	5.6
1351	55.21	-7.21	5.62
1352	55.25	-7.2	5.64
1353	55.29	-7.21	5.65
1354	55.33	-7.2	5.65
1355	55.37	-7.19	5.66
1356	55.41	-7.18	5.67
1357	55.45	-7.16	5.68
1358	55.49	-7.14	5.69
1359	55.53	-7.12	5.69
1360	55.57	-7.11	5.68
1361	55.61	-7.1	5.66
1362	55.65	-7.08	5.65
1363	55.69	-7.04	5.64
1364	55.73	-7.01	5.61
1365	55.77	-6.98	5.59
1366	55.81	-6.95	5.55
1367	55.85	-6.94	5.5
1368	55.89	-6.93	5.48
1369	55.93	-6.93	5.45
1370	55.97	-6.92	5.45
1371	56.01	-6.92	5.45
1372	56.05	-6.91	5.45
1373	56.09	-6.9	5.46
1374	56.13	-6.91	5.44
1375	56.17	-6.9	5.44
1376	56.21	-6.89	5.42
1377	56.25	-6.87	5.4
1378	56.29	-6.85	5.39
1379	56.33	-6.84	5.37
1380	56.37	-6.84	5.34
1381	56.41	-6.84	5.3
1382	56.45	-6.84	5.26
1383	56.49	-6.84	5.24
1384	56.53	-6.85	5.21
1385	56.57	-6.84	5.19
1386	56.61	-6.82	5.17
1387	56.65	-6.81	5.13
1388	56.69	-6.78	5.1
1389	56.73	-6.75	5.07
1390	56.77	-6.74	5.04
1391	56.81	-6.7	5.04
1392	56.85	-6.67	5.04
1393	56.89	-6.65	5.04
1394	56.93	-6.62	5.04
1395	56.97	-6.61	5.04
1396	57.01	-6.61	5.04
1397	57.05	-6.61	5.04
1398	57.09	-6.61	5.03
1399	57.13	-6.6	5.03
1400	57.17	-6.6	5.02
1401	57.21	-6.6	5.02
1402	57.25	-6.6	5.02
1403	57.29	-6.61	5.01
1404	57.33	-6.61	5.01
1405	57.37	-6.62	5
1406	57.41	-6.64	4.98
1407	57.45	-6.67	4.96
1408	57.49	-6.69	4.95
1409	57.57	-6.7	4.92
1410	57.61	-6.7	4.91
1411	57.65	-6.71	4.89
1412	57.69	-6.72	4.88
1413	57.73	-6.74	4.86
1414	57.77	-6.74	4.85
1415	57.81	-6.73	4.85
1416	57.85	-6.73	4.84
1417	57.89	-6.72	4.84
1418	57.93	-6.71	4.84
1419	57.97	-6.71	4.83
1420	58.01	-6.7	4.82
1421	58.05	-6.7	4.82
1422	58.09	-6.68	4.82
1423	58.13	-6.68	4.82
1424	58.16	-6.68	4.83
1425	58.2	-6.69	4.82
1426	58.24	-6.72	4.81
1427	58.29	-6.73	4.81
1428	58.33	-6.73	4.81
1429	58.37	-6.74	4.8
1430	58.4	-6.73	4.8
1431	58.44	-6.75	4.8
1432	58.49	-6.76	4.79
1433	58.53	-6.79	4.78
1434	58.56	-6.78	4.78
1435	58.61	-6.77	4.77
1436	58.64	-6.77	4.75
1437	58.68	-6.76	4.72
1438	58.72	-6.78	4.7
1439	58.76	-6.8	4.67
1440	58.8	-6.82	4.65
1441	58.84	-6.83	4.64
1442	58.89	-6.82	4.63
1443	58.92	-6.82	4.62
1444	58.96	-6.82	4.63
1445	59	-6.82	4.63
1446	59.04	-6.83	4.62
1447	59.08	-6.83	4.62
1448	59.12	-6.83	4.62
1449	59.16	-6.83	4.62
1450	59.2	-6.82	4.62
1451	59.24	-6.82	4.63
1452	59.28	-6.8	4.62
1453	59.32	-6.8	4.62
1454	59.36	-6.8	4.61
1455	59.4	-6.81	4.61
1456	59.44	-6.81	4.62
1457	59.48	-6.8	4.62
1458	59.52	-6.8	4.62
1459	59.56	-6.79	4.62
1460	59.6	-6.79	4.62
1461	59.64	-6.8	4.62
1462	59.68	-6.8	4.62
1463	59.72	-6.8	4.62
1464	59.76	-6.81	4.62
1465	59.8	-6.8	4.62
1466	59.84	-6.8	4.62
1467	59.88	-6.79	4.63
1468	59.93	-6.78	4.64
1469	59.96	-6.76	4.65
1470	60	-6.76	4.65
1471	60.04	-6.76	4.64
1472	60.08	-6.77	4.63
1473	60.12	-6.79	4.62
1474	60.16	-6.79	4.62
1475	60.2	-6.79	4.62
1476	60.24	-6.78	4.63
1477	60.29	-6.76	4.64
1478	60.32	-6.75	4.64
1479	60.36	-6.74	4.64
1480	60.4	-6.74	4.64
1481	60.44	-6.74	4.64
1482	60.48	-6.74	4.64
1483	60.52	-6.74	4.65
1484	60.56	-6.74	4.65
1485	60.6	-6.73	4.65
1486	60.64	-6.72	4.64
1487	60.68	-6.73	4.63
1488	60.72	-6.73	4.63
1489	60.76	-6.74	4.62
1490	60.8	-6.75	4.63
1491	60.84	-6.73	4.63
1492	60.88	-6.73	4.64
1493	60.92	-6.73	4.64
1494	60.96	-6.72	4.63
1495	61	-6.74	4.63
1496	61.12	-6.74	4.62
1497	61.16	-6.75	4.62
1498	61.2	-6.77	4.62
1499	61.24	-6.77	4.62
1500	61.28	-6.78	4.62
1501	61.32	-6.77	4.61
1502	61.36	-6.77	4.61
1503	61.4	-6.77	4.61
1504	61.44	-6.78	4.6
1505	61.48	-6.78	4.61
1506	61.52	-6.77	4.61
1507	61.56	-6.77	4.61
1508	61.6	-6.78	4.61
1509	61.64	-6.77	4.61
1510	61.68	-6.77	4.61
1511	61.72	-6.76	4.62
1512	61.76	-6.76	4.6
1513	61.8	-6.77	4.6
1514	61.84	-6.77	4.6
1515	61.88	-6.77	4.6
1516	61.92	-6.77	4.61
1517	61.96	-6.76	4.61
1518	62	-6.75	4.61
1519	62.04	-6.75	4.61
1520	62.08	-6.76	4.61
1521	62.12	-6.76	4.61
1522	62.16	-6.76	4.62
1523	62.2	-6.77	4.61
1524	62.24	-6.77	4.62
1525	62.28	-6.78	4.62
1526	62.32	-6.78	4.62
1527	62.36	-6.76	4.62
1528	62.4	-6.75	4.62
1529	62.44	-6.76	4.62
1530	62.48	-6.75	4.62
1531	62.52	-6.75	4.62
1532	62.56	-6.76	4.62
1533	62.6	-6.75	4.61
1534	62.64	-6.75	4.61
1535	62.68	-6.74	4.61
1536	62.72	-6.73	4.61
1537	62.76	-6.73	4.6
1538	62.8	-6.73	4.6
1539	62.84	-6.75	4.59
1540	62.88	-6.75	4.58
1541	62.92	-6.74	4.57
1542	62.96	-6.73	4.56
1543	63	-6.73	4.55
1544	63.04	-6.76	4.54
1545	63.08	-6.77	4.53
1546	63.12	-6.78	4.53
1547	63.16	-6.77	4.52
1548	63.2	-6.76	4.52
1549	63.24	-6.74	4.51
1550	63.28	-6.74	4.5
1551	63.32	-6.74	4.49
1552	63.36	-6.74	4.48
1553	63.4	-6.73	4.48
1554	63.44	-6.73	4.48
1555	63.48	-6.72	4.48
1556	63.52	-6.72	4.49
1557	63.56	-6.75	4.48
1558	63.6	-6.75	4.49
1559	63.64	-6.74	4.48
1560	63.68	-6.74	4.47
1561	63.72	-6.71	4.48
1562	63.76	-6.73	4.47
1563	63.8	-6.72	4.47
1564	63.84	-6.74	4.48
1565	63.88	-6.76	4.49
1566	63.92	-6.75	4.5
1567	63.96	-6.77	4.51
1568	64	-6.75	4.53
1569	64.04	-6.75	4.55
1570	64.08	-6.74	4.56
1571	64.12	-6.75	4.58
1572	64.16	-6.76	4.59
1573	64.2	-6.77	4.61
1574	64.24	-6.77	4.63
1575	64.28	-6.76	4.63
1576	64.32	-6.77	4.64
1577	64.36	-6.76	4.65
1578	64.4	-6.77	4.66
1579	64.44	-6.78	4.66
1580	64.48	-6.79	4.67
1581	64.52	-6.79	4.67
1582	64.56	-6.78	4.68
1583	64.6	-6.78	4.69
1584	64.64	-6.76	4.71
1585	64.68	-6.77	4.72
1586	64.72	-6.77	4.74
1587	64.76	-6.77	4.76
1588	64.8	-6.79	4.77
1589	64.88	-6.8	4.79
1590	64.92	-6.81	4.81
1591	64.96	-6.85	4.82
1592	65	-6.85	4.84
1593	65.04	-6.86	4.85
1594	65.08	-6.86	4.88
1595	65.12	-6.85	4.91
1596	65.16	-6.84	4.94
1597	65.2	-6.83	4.99
1598	65.24	-6.82	5.03
1599	65.28	-6.8	5.08
1600	65.32	-6.79	5.14
1601	65.36	-6.76	5.19
1602	65.4	-6.72	5.25
1603	65.44	-6.68	5.31
1604	65.48	-6.66	5.33
1605	65.52	-6.64	5.35
1606	65.56	-6.63	5.36
1607	65.6	-6.62	5.36
1608	65.64	-6.59	5.38
1609	65.68	-6.55	5.39
1610	65.72	-6.53	5.39
1611	65.76	-6.51	5.4
1612	65.8	-6.5	5.39
1613	65.84	-6.5	5.4
1614	65.88	-6.49	5.4
1615	65.92	-6.49	5.4
1616	65.96	-6.49	5.4
1617	66	-6.48	5.4
1618	66.04	-6.49	5.4
1619	66.08	-6.49	5.4
1620	66.12	-6.49	5.4
1621	66.16	-6.5	5.39
1622	66.2	-6.49	5.39
1623	66.24	-6.5	5.38
1624	66.28	-6.5	5.39
1625	66.32	-6.49	5.39
1626	66.36	-6.49	5.39
1627	66.4	-6.48	5.39
1628	66.44	-6.48	5.4
1629	66.48	-6.47	5.4
1630	66.52	-6.47	5.41
1631	66.56	-6.46	5.42
1632	66.6	-6.45	5.42
1633	66.64	-6.44	5.42
1634	66.69	-6.44	5.43
1635	66.75	-6.43	5.43
1636	66.8	-6.42	5.44
1637	66.84	-6.41	5.44
1638	66.88	-6.41	5.45
1639	66.92	-6.41	5.45
1640	66.96	-6.41	5.45
1641	67	-6.41	5.45
1642	67.05	-6.4	5.45
1643	67.08	-6.41	5.44
1644	67.12	-6.41	5.43
1645	67.16	-6.41	5.43
1646	67.2	-6.41	5.43
1647	67.24	-6.42	5.43
1648	67.28	-6.43	5.41
1649	67.32	-6.42	5.41
1650	67.36	-6.42	5.4
1651	67.4	-6.41	5.39
1652	67.44	-6.41	5.39
1653	67.48	-6.42	5.38
1654	67.52	-6.43	5.36
1655	67.56	-6.43	5.34
1656	67.6	-6.43	5.33
1657	67.64	-6.44	5.31
1658	67.68	-6.45	5.3
1659	67.72	-6.45	5.28
1660	67.76	-6.46	5.27
1661	67.8	-6.46	5.27
1662	67.84	-6.46	5.26
1663	67.88	-6.45	5.27
1664	67.92	-6.45	5.27
1665	67.96	-6.45	5.27
1666	68	-6.44	5.26
1667	68.04	-6.44	5.26
1668	68.08	-6.44	5.26
1669	68.12	-6.44	5.26
1670	68.16	-6.44	5.26
1671	68.2	-6.44	5.26
1672	68.24	-6.44	5.25
1673	68.28	-6.44	5.25
1674	68.32	-6.44	5.25
1675	68.36	-6.44	5.25
1676	68.4	-6.44	5.25
1677	68.44	-6.44	5.25
1678	68.48	-6.44	5.25
1679	68.52	-6.44	5.25
1680	68.56	-6.44	5.26
1681	68.6	-6.43	5.26
1682	68.64	-6.43	5.27
1683	68.68	-6.43	5.27
1684	68.72	-6.44	5.26
1685	68.76	-6.43	5.25
1686	68.8	-6.44	5.24
1687	68.84	-6.44	5.24
1688	68.88	-6.44	5.24
1689	68.92	-6.46	5.23
1690	68.96	-6.46	5.23
1691	69	-6.46	5.23
1692	69.04	-6.45	5.24
1693	69.08	-6.45	5.24
1694	69.12	-6.44	5.24
1695	69.16	-6.44	5.24
1696	69.2	-6.44	5.24
1697	69.24	-6.43	5.24
1698	69.28	-6.43	5.25
1699	69.32	-6.43	5.25
1700	69.36	-6.44	5.25
1701	69.4	-6.43	5.25
1702	69.44	-6.43	5.24
1703	69.48	-6.44	5.24
1704	69.52	-6.44	5.25
1705	69.56	-6.44	5.24
1706	69.6	-6.44	5.25
1707	69.64	-6.43	5.25
1708	69.68	-6.43	5.25
1709	69.72	-6.44	5.24
1710	69.76	-6.44	5.24
1711	69.8	-6.44	5.24
1712	69.84	-6.46	5.23
1713	69.88	-6.47	5.24
1714	69.92	-6.49	5.23
1715	69.96	-6.5	5.23
1716	70	-6.51	5.23
1717	70.04	-6.52	5.22
1718	70.08	-6.53	5.22
1719	70.12	-6.54	5.2
1720	70.16	-6.55	5.2
1721	70.2	-6.56	5.2
1722	70.24	-6.55	5.21
1723	70.28	-6.55	5.21
1724	70.32	-6.54	5.22
1725	70.45	-6.55	5.22
1726	70.48	-6.56	5.2
1727	70.52	-6.56	5.19
1728	70.56	-6.57	5.18
1729	70.6	-6.56	5.17
1730	70.64	-6.55	5.18
1731	70.68	-6.54	5.19
1732	70.72	-6.54	5.19
1733	70.76	-6.54	5.19
1734	70.8	-6.55	5.19
1735	70.84	-6.54	5.18
1736	70.88	-6.55	5.17
1737	70.92	-6.55	5.16
1738	70.96	-6.55	5.15
1739	71	-6.54	5.14
1740	71.04	-6.53	5.12
1741	71.08	-6.52	5.12
1742	71.12	-6.52	5.11
1743	71.16	-6.53	5.1
1744	71.2	-6.54	5.09
1745	71.24	-6.55	5.08
1746	71.28	-6.56	5.08
1747	71.32	-6.55	5.08
1748	71.36	-6.53	5.09
1749	71.4	-6.51	5.1
1750	71.44	-6.5	5.1
1751	71.48	-6.5	5.1
1752	71.52	-6.5	5.1
1753	71.56	-6.5	5.1
1754	71.6	-6.5	5.1
1755	71.64	-6.51	5.1
1756	71.68	-6.51	5.1
1757	71.72	-6.51	5.11
1758	71.76	-6.51	5.11
1759	71.8	-6.5	5.11
1760	71.84	-6.49	5.11
1761	71.88	-6.49	5.1
1762	71.92	-6.49	5.09
1763	71.96	-6.49	5.1
1764	72	-6.49	5.1
1765	72.04	-6.49	5.1
1766	72.08	-6.5	5.11
1767	72.12	-6.5	5.11
1768	72.16	-6.5	5.11
1769	72.2	-6.49	5.12
1770	72.24	-6.49	5.12
1771	72.28	-6.49	5.12
1772	72.32	-6.49	5.12
1773	72.36	-6.49	5.11
1774	72.4	-6.49	5.1
1775	72.44	-6.49	5.11
1776	72.48	-6.49	5.11
1777	72.52	-6.5	5.11
1778	72.56	-6.5	5.11
1779	72.6	-6.5	5.11
1780	72.64	-6.5	5.11
1781	72.68	-6.49	5.1
1782	72.72	-6.5	5.11
1783	72.76	-6.5	5.11
1784	72.8	-6.5	5.11
1785	72.84	-6.5	5.11
1786	72.88	-6.5	5.1
1787	72.92	-6.5	5.1
1788	72.96	-6.5	5.11
1789	73	-6.5	5.11
1790	73.04	-6.5	5.11
1791	73.08	-6.51	5.11
1792	73.12	-6.52	5.11
1793	73.16	-6.52	5.11
1794	73.2	-6.52	5.1
1795	73.24	-6.53	5.1
1796	73.28	-6.53	5.09
1797	73.32	-6.53	5.09
1798	73.36	-6.53	5.09
1799	73.4	-6.53	5.09
1800	73.44	-6.53	5.1
1801	73.48	-6.53	5.1
1802	73.52	-6.53	5.1
1803	73.56	-6.53	5.1
1804	73.6	-6.53	5.11
1805	73.64	-6.53	5.12
1806	73.68	-6.53	5.12
1807	73.72	-6.53	5.12
1808	73.76	-6.53	5.11
1809	73.8	-6.54	5.1
1810	73.84	-6.55	5.11
1811	73.88	-6.56	5.12
1812	73.92	-6.58	5.13
1813	73.96	-6.59	5.15
1814	74	-6.6	5.15
1815	74.04	-6.62	5.16
1816	74.08	-6.62	5.17
1817	74.12	-6.62	5.19
1818	74.16	-6.63	5.2
1819	74.2	-6.63	5.21
1820	74.24	-6.64	5.22
1821	74.28	-6.66	5.22
1822	74.32	-6.68	5.22
1823	74.36	-6.71	5.22
1824	74.4	-6.73	5.21
1825	74.44	-6.74	5.21
1826	74.48	-6.75	5.22
1827	74.52	-6.75	5.23
1828	74.56	-6.75	5.26
1829	74.6	-6.75	5.27
1830	74.64	-6.76	5.28
1831	74.68	-6.77	5.29
1832	74.72	-6.78	5.29
1833	74.76	-6.79	5.3
1834	74.8	-6.78	5.32
1835	74.84	-6.8	5.35
1836	74.88	-6.81	5.35
1837	74.92	-6.83	5.36
1838	74.96	-6.85	5.34
1839	75	-6.87	5.31
1840	75.04	-6.88	5.3
1841	75.08	-6.88	5.31
1842	75.12	-6.89	5.33
1843	75.16	-6.89	5.35
1844	75.2	-6.9	5.38
1845	75.24	-6.92	5.39
1846	75.28	-6.92	5.39
1847	75.32	-6.92	5.41
1848	75.36	-6.93	5.42
1849	75.4	-6.92	5.43
1850	75.44	-6.93	5.42
1851	75.48	-6.93	5.42
1852	75.52	-6.93	5.42
1853	75.56	-6.92	5.43
1854	75.6	-6.91	5.46
1855	75.68	-6.91	5.46
1856	75.72	-6.89	5.49
1857	75.76	-6.88	5.5
1858	75.8	-6.86	5.5
1859	75.84	-6.85	5.49
1860	75.88	-6.83	5.46
1861	75.92	-6.83	5.44
1862	75.96	-6.83	5.43
1863	76	-6.83	5.41
1864	76.04	-6.84	5.39
1865	76.08	-6.84	5.37
1866	76.12	-6.83	5.34
1867	76.16	-6.82	5.33
1868	76.2	-6.8	5.3
1869	76.24	-6.77	5.28
1870	76.28	-6.75	5.26
1871	76.32	-6.75	5.22
1872	76.36	-6.74	5.2
1873	76.4	-6.76	5.14
1874	76.44	-6.76	5.11
1875	76.48	-6.77	5.07
1876	76.52	-6.76	5.05
1877	76.56	-6.74	5.06
1878	76.6	-6.71	5.06
1879	76.64	-6.69	5.06
1880	76.68	-6.69	5.05
1881	76.72	-6.69	5.03
1882	76.76	-6.69	5.01
1883	76.8	-6.69	5
1884	76.84	-6.69	5
1885	76.88	-6.69	5
1886	76.92	-6.68	5
1887	76.96	-6.67	5.01
1888	77	-6.67	5.01
1889	77.04	-6.66	5.02
1890	77.08	-6.65	5.02
1891	77.12	-6.65	5.01
1892	77.16	-6.66	5.01
1893	77.2	-6.65	5.01
1894	77.24	-6.66	5.01
1895	77.28	-6.65	5
1896	77.32	-6.64	5
1897	77.36	-6.65	5
1898	77.4	-6.65	5
1899	77.44	-6.65	5
1900	77.48	-6.65	5
1901	77.52	-6.64	5
1902	77.56	-6.63	5
1903	77.6	-6.63	4.99
1904	77.64	-6.63	5
1905	77.68	-6.63	5
1906	77.72	-6.62	5
1907	77.76	-6.62	5
1908	77.8	-6.62	5
1909	77.84	-6.62	5
1910	77.88	-6.62	5
1911	77.92	-6.62	5
1912	77.96	-6.62	5
1913	78	-6.62	5
1914	78.04	-6.62	5
1915	78.08	-6.61	5
1916	78.12	-6.6	5.01
1917	78.16	-6.59	5.01
1918	78.2	-6.59	5.02
1919	78.24	-6.6	5.02
1920	78.28	-6.6	5.02
1921	78.32	-6.61	5.01
1922	78.36	-6.62	5
1923	78.4	-6.61	5
1924	78.44	-6.62	5
1925	78.48	-6.62	4.99
1926	78.52	-6.62	4.99
1927	78.56	-6.63	4.99
1928	78.6	-6.63	4.99
1929	78.64	-6.63	4.99
1930	78.68	-6.63	4.99
1931	78.72	-6.63	4.99
1932	78.76	-6.63	4.99
1933	78.8	-6.62	5
1934	78.84	-6.61	5
1935	78.88	-6.61	5
1936	78.92	-6.6	5.01
1937	78.96	-6.6	5.01
1938	79	-6.61	5.01
1939	79.04	-6.61	5.01
1940	79.08	-6.62	5
1941	79.12	-6.62	5
1942	79.16	-6.62	5
1943	79.2	-6.63	5
1944	79.31	-6.63	5
1945	79.36	-6.64	4.99
1946	79.4	-6.64	4.99
1947	79.44	-6.64	4.99
1948	79.48	-6.64	4.99
1949	79.52	-6.65	4.99
1950	79.56	-6.64	4.99
1951	79.6	-6.64	4.99
1952	79.64	-6.65	4.99
1953	79.68	-6.65	4.99
1954	79.72	-6.66	4.98
1955	79.76	-6.67	4.97
1956	79.8	-6.67	4.96
1957	79.84	-6.67	4.95
1958	79.88	-6.67	4.95
1959	79.92	-6.68	4.94
1960	79.96	-6.68	4.94
1961	80	-6.67	4.95
1962	80.04	-6.66	4.95
1963	80.08	-6.65	4.96
1964	80.12	-6.65	4.96
1965	80.16	-6.65	4.96
1966	80.2	-6.65	4.97
1967	80.24	-6.65	4.97
1968	80.28	-6.66	4.97
1969	80.32	-6.65	4.97
1970	80.36	-6.66	4.96
1971	80.4	-6.66	4.96
1972	80.44	-6.65	4.96
1973	80.48	-6.65	4.96
1974	80.52	-6.64	4.97
1975	80.56	-6.63	4.98
1976	80.6	-6.62	4.99
1977	80.64	-6.63	4.98
1978	80.68	-6.64	4.98
1979	80.72	-6.67	4.96
1980	80.76	-6.68	4.96
1981	80.8	-6.68	4.97
1982	80.84	-6.68	4.97
1983	80.88	-6.68	4.97
1984	80.92	-6.67	4.98
1985	80.96	-6.67	4.99
1986	81	-6.67	4.99
1987	81.04	-6.68	5
1988	81.08	-6.7	5
1989	81.12	-6.72	5.01
1990	81.16	-6.75	5.02
1991	81.2	-6.77	5.03
1992	81.24	-6.77	5.04
1993	81.28	-6.78	5.05
1994	81.32	-6.79	5.05
1995	81.36	-6.79	5.06
1996	81.4	-6.8	5.06
1997	81.44	-6.81	5.04
1998	81.48	-6.8	5.05
1999	81.52	-6.8	5.05
2000	81.56	-6.78	5.07
2001	81.6	-6.77	5.09
2002	81.64	-6.76	5.1
2003	81.68	-6.76	5.09
2004	81.72	-6.78	5.06
2005	81.76	-6.81	5.03
2006	81.8	-6.84	4.99
2007	81.84	-6.87	4.96
2008	81.88	-6.88	4.94
2009	81.92	-6.9	4.91
2010	81.96	-6.91	4.89
2011	82	-6.9	4.87
2012	82.04	-6.9	4.86
2013	82.08	-6.88	4.87
2014	82.12	-6.85	4.88
2015	82.16	-6.84	4.87
2016	82.2	-6.83	4.87
2017	82.24	-6.84	4.86
2018	82.28	-6.84	4.85
2019	82.32	-6.85	4.85
2020	82.36	-6.85	4.84
2021	82.4	-6.86	4.82
2022	82.44	-6.85	4.81
2023	82.48	-6.85	4.79
2024	82.52	-6.84	4.79
2025	82.56	-6.83	4.78
2026	82.6	-6.84	4.77
2027	82.64	-6.84	4.76
2028	82.68	-6.85	4.74
2029	82.72	-6.86	4.73
2030	82.76	-6.87	4.73
2031	82.8	-6.87	4.73
2032	82.84	-6.87	4.73
2033	82.88	-6.87	4.73
2034	82.92	-6.87	4.73
2035	82.96	-6.87	4.73
2036	83	-6.87	4.72
2037	83.04	-6.88	4.72
2038	83.08	-6.88	4.71
2039	83.12	-6.89	4.7
2040	83.16	-6.89	4.7
2041	83.2	-6.89	4.7
2042	83.24	-6.89	4.7
2043	83.28	-6.89	4.7
2044	83.32	-6.89	4.69
2045	83.36	-6.88	4.69
2046	83.4	-6.88	4.68
2047	83.44	-6.88	4.68
2048	83.48	-6.88	4.68
2049	83.52	-6.88	4.69
2050	83.56	-6.89	4.69
2051	83.6	-6.89	4.69
2052	83.64	-6.89	4.69
2053	83.68	-6.88	4.69
2054	83.72	-6.88	4.68
2055	83.76	-6.87	4.69
2056	83.8	-6.88	4.68
2057	83.84	-6.88	4.67
2058	83.88	-6.88	4.67
2059	83.92	-6.88	4.68
2060	83.96	-6.87	4.68
2061	84	-6.86	4.68
2062	84.04	-6.88	4.68
2063	84.08	-6.88	4.68
2064	84.12	-6.88	4.67
2065	84.16	-6.87	4.69
2066	84.2	-6.86	4.69
2067	84.24	-6.86	4.68
2068	84.28	-6.86	4.68
2069	84.32	-6.86	4.69
2070	84.36	-6.86	4.68
2071	84.4	-6.86	4.69
2072	84.44	-6.85	4.69
2073	84.48	-6.86	4.67
2074	84.52	-6.86	4.67
2075	84.56	-6.87	4.67
2076	84.6	-6.88	4.67
2077	84.64	-6.87	4.68
2078	84.68	-6.87	4.69
2079	84.72	-6.87	4.69
2080	84.76	-6.86	4.68
2081	84.8	-6.86	4.69
2082	84.84	-6.86	4.69
2083	84.88	-6.85	4.69
2084	84.92	-6.86	4.69
2085	84.96	-6.86	4.69
2086	85	-6.87	4.68
2087	85.08	-6.85	4.69
2088	85.12	-6.85	4.69
2089	85.16	-6.84	4.69
2090	85.2	-6.84	4.7
2091	85.24	-6.85	4.69
2092	85.28	-6.85	4.69
2093	85.32	-6.86	4.69
2094	85.36	-6.86	4.68
2095	85.4	-6.86	4.68
2096	85.44	-6.85	4.69
2097	85.48	-6.84	4.69
2098	85.52	-6.83	4.7
2099	85.56	-6.83	4.7
2100	85.6	-6.83	4.69
2101	85.64	-6.83	4.68
2102	85.68	-6.83	4.68
2103	85.72	-6.84	4.69
2104	85.76	-6.85	4.68
2105	85.8	-6.85	4.69
2106	85.84	-6.86	4.69
2107	85.88	-6.86	4.68
2108	85.92	-6.86	4.68
2109	85.96	-6.87	4.67
2110	86	-6.9	4.66
2111	86.04	-6.91	4.66
2112	86.08	-6.92	4.67
2113	86.12	-6.92	4.68
2114	86.16	-6.9	4.71
2115	86.2	-6.9	4.71
2116	86.24	-6.89	4.73
2117	86.28	-6.89	4.73
2118	86.32	-6.9	4.73
2119	86.36	-6.9	4.75
2120	86.4	-6.91	4.75
2121	86.44	-6.91	4.78
2122	86.48	-6.91	4.78
2123	86.52	-6.92	4.79
2124	86.56	-6.93	4.81
2125	86.6	-6.95	4.81
2126	86.64	-6.96	4.84
2127	86.68	-6.96	4.86
2128	86.72	-6.96	4.89
2129	86.76	-6.96	4.9
2130	86.8	-6.96	4.93
2131	86.84	-6.94	4.95
2132	86.88	-6.92	4.98
2133	86.92	-6.91	5.01
2134	86.96	-6.9	5.03
2135	87	-6.89	5.05
2136	87.04	-6.86	5.08
2137	87.08	-6.84	5.09
2138	87.12	-6.81	5.12
2139	87.16	-6.78	5.15
2140	87.2	-6.76	5.18
2141	87.24	-6.73	5.23
2142	87.28	-6.7	5.27
2143	87.32	-6.66	5.3
2144	87.36	-6.64	5.32
2145	87.4	-6.62	5.33
2146	87.44	-6.62	5.33
2147	87.48	-6.62	5.32
2148	87.52	-6.62	5.31
2149	87.56	-6.62	5.32
2150	87.6	-6.62	5.32
2151	87.64	-6.63	5.33
2152	87.68	-6.63	5.32
2153	87.72	-6.63	5.32
2154	87.76	-6.63	5.32
2155	87.8	-6.63	5.31
2156	87.84	-6.63	5.32
2157	87.88	-6.64	5.3
2158	87.92	-6.65	5.29
2159	87.96	-6.65	5.28
2160	88	-6.67	5.26
2161	88.04	-6.67	5.25
2162	88.08	-6.67	5.25
2163	88.12	-6.67	5.24
2164	88.16	-6.67	5.24
2165	88.2	-6.67	5.24
2166	88.24	-6.68	5.23
2167	88.28	-6.67	5.24
2168	88.32	-6.67	5.23
2169	88.36	-6.66	5.23
2170	88.4	-6.66	5.23
2171	88.44	-6.68	5.22
2172	88.48	-6.68	5.21
2173	88.52	-6.68	5.21
2174	88.56	-6.68	5.21
2175	88.6	-6.67	5.21
2176	88.64	-6.68	5.22
2177	88.68	-6.67	5.22
2178	88.72	-6.68	5.21
2179	88.76	-6.68	5.21
2180	88.8	-6.68	5.22
2181	88.84	-6.68	5.22
2182	88.88	-6.67	5.22
2183	88.92	-6.67	5.23
2184	88.96	-6.66	5.22
2185	89	-6.66	5.23
2186	89.04	-6.67	5.22
2187	89.08	-6.66	5.23
2188	89.12	-6.65	5.23
2189	89.23	-6.65	5.22
2190	89.28	-6.65	5.22
2191	89.32	-6.66	5.22
2192	89.36	-6.67	5.21
2193	89.4	-6.67	5.21
2194	89.44	-6.66	5.22
2195	89.48	-6.67	5.21
2196	89.52	-6.66	5.22
2197	89.56	-6.66	5.22
2198	89.6	-6.66	5.22
2199	89.64	-6.66	5.23
2200	89.68	-6.66	5.22
2201	89.72	-6.65	5.21
2202	89.76	-6.66	5.19
2203	89.8	-6.66	5.18
2204	89.84	-6.67	5.17
2205	89.88	-6.68	5.17
2206	89.92	-6.67	5.18
2207	89.96	-6.67	5.18
2208	90	-6.67	5.18
2209	90.04	-6.67	5.18
2210	90.08	-6.67	5.17
2211	90.12	-6.67	5.18
2212	90.16	-6.66	5.19
2213	90.2	-6.65	5.18
2214	90.24	-6.65	5.18
2215	90.28	-6.65	5.18
2216	90.32	-6.67	5.17
2217	90.36	-6.67	5.17
2218	90.4	-6.67	5.17
2219	90.44	-6.67	5.17
2220	90.48	-6.66	5.18
2221	90.52	-6.67	5.18
2222	90.56	-6.67	5.18
2223	90.6	-6.67	5.18
2224	90.64	-6.68	5.17
2225	90.68	-6.68	5.17
2226	90.72	-6.68	5.16
2227	90.76	-6.68	5.16
2228	90.8	-6.68	5.16
2229	90.84	-6.67	5.16
2230	90.88	-6.67	5.16
2231	90.92	-6.67	5.16
2232	90.96	-6.67	5.16
2233	91	-6.67	5.15
2234	91.04	-6.66	5.16
2235	91.08	-6.66	5.16
2236	91.12	-6.67	5.16
2237	91.16	-6.67	5.16
2238	91.2	-6.68	5.15
2239	91.24	-6.67	5.16
2240	91.28	-6.67	5.15
2241	91.32	-6.65	5.16
2242	91.36	-6.65	5.16
2243	91.4	-6.65	5.16
2244	91.44	-6.65	5.17
2245	91.48	-6.64	5.18
2246	91.52	-6.64	5.18
2247	91.56	-6.64	5.17
2248	91.6	-6.63	5.18
2249	91.64	-6.65	5.17
2250	91.68	-6.63	5.18
2251	91.72	-6.63	5.18
2252	91.76	-6.64	5.18
2253	91.8	-6.64	5.17
2254	91.84	-6.65	5.16
2255	91.88	-6.66	5.15
2256	91.92	-6.66	5.15
2257	91.96	-6.65	5.16
2258	92	-6.65	5.16
2259	92.04	-6.66	5.16
2260	92.08	-6.66	5.15
2261	92.12	-6.67	5.14
2262	92.16	-6.68	5.14
2263	92.2	-6.67	5.14
2264	92.24	-6.68	5.14
2265	92.28	-6.68	5.14
2266	92.32	-6.68	5.15
2267	92.36	-6.68	5.15
2268	92.4	-6.67	5.16
2269	92.44	-6.68	5.16
2270	92.48	-6.67	5.18
2271	92.52	-6.68	5.19
2272	92.56	-6.69	5.19
2273	92.6	-6.69	5.19
2274	92.64	-6.71	5.18
2275	92.68	-6.72	5.19
2276	92.72	-6.72	5.19
2277	92.76	-6.74	5.19
2278	92.8	-6.76	5.19
2279	92.84	-6.77	5.19
2280	92.88	-6.79	5.18
2281	92.92	-6.81	5.17
2282	92.96	-6.82	5.18
2283	93	-6.83	5.19
2284	93.04	-6.82	5.2
2285	93.08	-6.82	5.22
2286	93.12	-6.83	5.22
2287	93.16	-6.82	5.23
2288	93.2	-6.82	5.23
2289	93.24	-6.82	5.23
2290	93.28	-6.8	5.26
2291	93.32	-6.79	5.25
2292	93.36	-6.76	5.26
2293	93.4	-6.75	5.24
2294	93.44	-6.75	5.21
2295	93.48	-6.76	5.18
2296	93.52	-6.77	5.15
2297	93.56	-6.78	5.1
2298	93.6	-6.79	5.07
2299	93.64	-6.8	5.04
2300	93.68	-6.82	5
2301	93.72	-6.83	4.98
2302	93.76	-6.85	4.94
2303	93.8	-6.87	4.91
2304	93.84	-6.9	4.9
2305	93.88	-6.93	4.89
2306	93.92	-6.95	4.88
2307	93.96	-6.98	4.86
2308	94	-6.98	4.84
2309	94.04	-6.99	4.82
2310	94.08	-7	4.81
2311	94.12	-7	4.81
2312	94.16	-6.99	4.81
2313	94.2	-6.98	4.82
2314	94.24	-6.98	4.82
2315	94.28	-6.98	4.82
2316	94.32	-6.98	4.82
2317	94.36	-6.98	4.83
2318	94.4	-6.98	4.83
2319	94.44	-6.97	4.83
2320	94.48	-6.97	4.82
2321	94.52	-6.96	4.82
2322	94.56	-6.96	4.82
2323	94.6	-6.96	4.82
2324	94.64	-6.96	4.83
2325	94.68	-6.96	4.82
2326	94.72	-6.96	4.83
2327	94.76	-6.95	4.83
2328	94.8	-6.94	4.82
2329	94.84	-6.93	4.82
2330	94.88	-6.92	4.81
2331	94.92	-6.93	4.8
2332	94.96	-6.93	4.81
2333	95	-6.94	4.8
2334	95.04	-6.94	4.8
2335	95.08	-6.94	4.8
2336	95.12	-6.93	4.8
2337	95.16	-6.93	4.8
2338	95.2	-6.92	4.8
2339	95.24	-6.92	4.81
2340	95.29	-6.92	4.8
2341	95.36	-6.92	4.8
2342	95.4	-6.91	4.81
2343	95.44	-6.91	4.81
2344	95.48	-6.9	4.81
2345	95.52	-6.9	4.82
2346	95.56	-6.9	4.81
2347	95.6	-6.91	4.81
2348	95.64	-6.92	4.81
2349	95.68	-6.92	4.8
2350	95.72	-6.92	4.8
2351	95.76	-6.93	4.8
2352	95.8	-6.93	4.8
2353	95.84	-6.91	4.8
2354	95.88	-6.91	4.81
2355	95.92	-6.91	4.81
2356	95.96	-6.91	4.8
2357	96	-6.92	4.8
2358	96.04	-6.92	4.8
2359	96.08	-6.91	4.8
2360	96.12	-6.91	4.8
2361	96.16	-6.92	4.8
2362	96.2	-6.91	4.8
2363	96.24	-6.92	4.8
2364	96.28	-6.92	4.8
2365	96.32	-6.91	4.8
2366	96.36	-6.92	4.8
2367	96.4	-6.91	4.8
2368	96.44	-6.91	4.8
2369	96.48	-6.9	4.81
2370	96.52	-6.9	4.81
2371	96.56	-6.9	4.8
2372	96.6	-6.91	4.8
2373	96.64	-6.91	4.8
2374	96.68	-6.91	4.8
2375	96.72	-6.9	4.8
2376	96.76	-6.9	4.8
2377	96.8	-6.9	4.8
2378	96.84	-6.91	4.81
2379	96.88	-6.91	4.8
2380	96.92	-6.91	4.8
2381	96.96	-6.91	4.8
2382	97	-6.91	4.79
2383	97.04	-6.91	4.8
2384	97.08	-6.92	4.8
2385	97.12	-6.92	4.8
2386	97.16	-6.92	4.8
2387	97.2	-6.91	4.79
2388	97.24	-6.91	4.79
2389	97.28	-6.9	4.79
2390	97.32	-6.9	4.8
2391	97.36	-6.9	4.8
2392	97.4	-6.91	4.79
2393	97.44	-6.91	4.79
2394	97.48	-6.91	4.79
2395	97.52	-6.91	4.8
2396	97.56	-6.9	4.8
2397	97.6	-6.91	4.8
2398	97.64	-6.93	4.8
2399	97.68	-6.96	4.77
2400	97.72	-6.98	4.75
2401	97.76	-6.99	4.74
2402	97.8	-7	4.73
2403	97.84	-7.01	4.74
2404	97.88	-7.01	4.74
2405	97.92	-7.02	4.75
2406	97.96	-7.04	4.74
2407	98	-7.04	4.75
2408	98.04	-7.05	4.75
2409	98.08	-7.06	4.74
2410	98.12	-7.05	4.75
2411	98.16	-7.06	4.75
2412	98.2	-7.08	4.75
2413	98.24	-7.09	4.77
2414	98.28	-7.11	4.8
2415	98.32	-7.13	4.81
2416	98.36	-7.14	4.83
2417	98.39	-7.17	4.84
2418	98.43	-7.2	4.82
2419	98.48	-7.22	4.81
2420	98.52	-7.26	4.8
2421	98.56	-7.29	4.79
2422	98.59	-7.33	4.78
2423	98.63	-7.37	4.78
2424	98.68	-7.39	4.79
2425	98.72	-7.4	4.81
2426	98.76	-7.4	4.83
2427	98.79	-7.39	4.85
2428	98.84	-7.38	4.88
2429	98.88	-7.36	4.9
2430	98.91	-7.36	4.93
2431	98.95	-7.36	4.96
2432	98.99	-7.36	4.98
2433	99.03	-7.34	5
2434	99.07	-7.31	5.02
2435	99.11	-7.27	5.04
2436	99.15	-7.25	5.07
2437	99.19	-7.25	5.1
2438	99.23	-7.27	5.13
2439	99.27	-7.3	5.16
2440	99.32	-7.33	5.19
2441	99.35	-7.37	5.23
2442	99.39	-7.38	5.26
2443	99.44	-7.4	5.28
2444	99.48	-7.41	5.29
2445	99.51	-7.42	5.27
2446	99.55	-7.45	5.25
2447	99.59	-7.47	5.23
2448	99.63	-7.5	5.21
2449	99.67	-7.53	5.22
2450	99.71	-7.56	5.22
2451	99.75	-7.57	5.23
2452	99.8	-7.58	5.24
2453	99.91	-7.6	5.27
2454	99.95	-7.61	5.31
2455	99.99	-7.64	5.36
2456	100.03	-7.67	5.41
2457	100.07	-7.68	5.45
2458	100.11	-7.71	5.49
2459	100.15	-7.72	5.54
2460	100.19	-7.73	5.57
2461	100.23	-7.75	5.62
2462	100.27	-7.76	5.65
2463	100.31	-7.76	5.7
2464	100.35	-7.76	5.74
2465	100.39	-7.76	5.77
2466	100.43	-7.76	5.8
2467	100.47	-7.77	5.82
2468	100.51	-7.78	5.84
2469	100.55	-7.78	5.86
2470	100.59	-7.78	5.88
2471	100.63	-7.78	5.89
2472	100.67	-7.77	5.9
2473	100.71	-7.76	5.9
2474	100.75	-7.75	5.89
2475	100.79	-7.75	5.89
2476	100.83	-7.75	5.9
2477	100.87	-7.74	5.91
2478	100.91	-7.73	5.92
2479	100.95	-7.7	5.93
2480	100.99	-7.66	5.9
2481	101.03	-7.63	5.88
2482	101.07	-7.6	5.87
2483	101.11	-7.57	5.85
2484	101.15	-7.55	5.85
2485	101.19	-7.52	5.85
2486	101.23	-7.49	5.84
2487	101.27	-7.47	5.85
2488	101.31	-7.45	5.86
2489	101.35	-7.44	5.85
2490	101.39	-7.42	5.86
2491	101.43	-7.4	5.84
2492	101.47	-7.39	5.82
2493	101.51	-7.36	5.81
2494	101.55	-7.35	5.79
2495	101.59	-7.33	5.78
2496	101.63	-7.32	5.78
2497	101.67	-7.32	5.77
2498	101.71	-7.31	5.77
2499	101.75	-7.3	5.77
2500	101.79	-7.28	5.77
2501	101.83	-7.27	5.78
2502	101.87	-7.25	5.79
2503	101.91	-7.24	5.79
2504	101.95	-7.22	5.78
2505	101.99	-7.21	5.78
2506	102.03	-7.19	5.78
2507	102.07	-7.19	5.78
2508	102.11	-7.19	5.8
2509	102.15	-7.19	5.81
2510	102.19	-7.18	5.83
2511	102.23	-7.17	5.85
2512	102.27	-7.17	5.85
2513	102.31	-7.16	5.87
2514	102.35	-7.17	5.88
2515	102.39	-7.18	5.87
2516	102.43	-7.19	5.87
2517	102.47	-7.2	5.84
2518	102.51	-7.21	5.84
2519	102.55	-7.21	5.85
2520	102.59	-7.22	5.86
2521	102.63	-7.23	5.86
2522	102.67	-7.25	5.85
2523	102.71	-7.26	5.84
2524	102.75	-7.27	5.83
2525	102.79	-7.28	5.84
2526	102.83	-7.28	5.85
2527	102.87	-7.3	5.84
2528	102.91	-7.31	5.84
2529	102.95	-7.32	5.84
2530	102.99	-7.33	5.84
2531	103.03	-7.33	5.84
2532	103.07	-7.33	5.86
2533	103.11	-7.34	5.85
2534	103.15	-7.36	5.84
2535	103.19	-7.37	5.83
2536	103.23	-7.38	5.81
2537	103.27	-7.38	5.81
2538	103.31	-7.39	5.81
2539	103.35	-7.39	5.82
2540	103.39	-7.39	5.83
2541	103.43	-7.4	5.82
2542	103.47	-7.41	5.84
2543	103.51	-7.41	5.84
2544	103.55	-7.41	5.83
2545	103.59	-7.42	5.82
2546	103.63	-7.42	5.8
2547	103.67	-7.43	5.8
2548	103.71	-7.43	5.81
2549	103.75	-7.44	5.8
2550	103.79	-7.44	5.81
2551	103.83	-7.44	5.81
2552	103.87	-7.43	5.8
2553	103.91	-7.43	5.8
2554	103.95	-7.43	5.8
2555	103.99	-7.43	5.79
2556	104.03	-7.44	5.79
2557	104.07	-7.44	5.78
2558	104.11	-7.45	5.78
2559	104.15	-7.44	5.77
2560	104.19	-7.44	5.76
2561	104.23	-7.44	5.76
2562	104.27	-7.44	5.76
2563	104.31	-7.44	5.76
2564	104.35	-7.44	5.77
2565	104.39	-7.43	5.78
2566	104.43	-7.43	5.8
2567	104.47	-7.43	5.81
2568	104.51	-7.43	5.8
2569	104.55	-7.44	5.8
2570	104.59	-7.44	5.79
2571	104.63	-7.45	5.8
2572	104.67	-7.45	5.81
2573	104.71	-7.45	5.8
2574	104.75	-7.45	5.8
2575	104.79	-7.45	5.79
2576	104.83	-7.46	5.79
2577	104.87	-7.46	5.8
2578	104.91	-7.45	5.8
2579	104.95	-7.44	5.8
2580	104.99	-7.44	5.8
2581	105.03	-7.43	5.82
2582	105.07	-7.43	5.82
2583	105.11	-7.43	5.83
2584	105.15	-7.43	5.82
2585	105.19	-7.43	5.8
2586	105.23	-7.43	5.8
2587	105.27	-7.42	5.8
2588	105.31	-7.42	5.81
2589	105.35	-7.42	5.81
2590	105.39	-7.42	5.81
2591	105.43	-7.43	5.81
2592	105.47	-7.42	5.79
2593	105.51	-7.42	5.78
2594	105.55	-7.43	5.78
2595	105.59	-7.44	5.75
2596	105.63	-7.47	5.74
2597	105.67	-7.48	5.74
2598	105.71	-7.5	5.74
2599	105.75	-7.51	5.74
2600	105.79	-7.51	5.75
2601	105.83	-7.52	5.75
2602	105.87	-7.53	5.77
2603	105.91	-7.55	5.8
2604	105.95	-7.55	5.81
2605	105.99	-7.57	5.85
2606	106.03	-7.58	5.86
2607	106.07	-7.58	5.88
2608	106.11	-7.59	5.9
2609	106.15	-7.58	5.9
2610	106.19	-7.6	5.92
2611	106.23	-7.61	5.91
2612	106.27	-7.63	5.93
2613	106.31	-7.66	5.93
2614	106.35	-7.68	5.94
2615	106.39	-7.71	5.94
2616	106.43	-7.75	5.95
2617	106.47	-7.79	5.95
2618	106.51	-7.83	5.94
2619	106.55	-7.85	5.92
2620	106.59	-7.87	5.87
2621	106.63	-7.9	5.82
2622	106.67	-7.93	5.8
2623	106.71	-7.94	5.8
2624	106.75	-7.96	5.81
2625	106.79	-7.98	5.81
2626	106.83	-7.98	5.81
2627	106.87	-8	5.81
2628	106.91	-8.01	5.82
2629	106.95	-8.03	5.84
2630	106.99	-8.04	5.85
2631	107.03	-8.06	5.83
2632	107.07	-8.06	5.82
2633	107.11	-8.07	5.8
2634	107.15	-8.09	5.79
2635	107.19	-8.12	5.81
2636	107.23	-8.17	5.84
2637	107.27	-8.2	5.88
2638	107.31	-8.23	5.91
2639	107.35	-8.26	5.92
2640	107.39	-8.27	5.91
2641	107.43	-8.27	5.88
2642	107.47	-8.29	5.87
2643	107.51	-8.32	5.85
2644	107.55	-8.37	5.86
2645	107.59	-8.41	5.85
2646	107.63	-8.45	5.84
2647	107.67	-8.47	5.83
2648	107.71	-8.49	5.8
2649	107.75	-8.5	5.79
2650	107.79	-8.52	5.77
2651	107.83	-8.52	5.75
2652	107.87	-8.53	5.74
2653	107.91	-8.54	5.72
2654	107.95	-8.54	5.71
2655	107.99	-8.53	5.7
2656	108.03	-8.53	5.7
2657	108.07	-8.52	5.7
2658	108.11	-8.52	5.71
2659	108.15	-8.52	5.72
2660	108.19	-8.53	5.71
2661	108.23	-8.53	5.72
2662	108.27	-8.55	5.74
2663	108.31	-8.55	5.77
2664	108.35	-8.56	5.78
2665	108.39	-8.56	5.8
2666	108.43	-8.55	5.79
2667	108.47	-8.55	5.78
2668	108.51	-8.54	5.79
2669	108.55	-8.53	5.8
2670	108.59	-8.52	5.81
2671	108.63	-8.51	5.82
2672	108.67	-8.49	5.83
2673	108.71	-8.47	5.84
2674	108.75	-8.45	5.86
2675	108.79	-8.42	5.87
2676	108.83	-8.41	5.88
2677	108.87	-8.39	5.87
2678	108.91	-8.37	5.88
2679	108.95	-8.35	5.87
2680	108.99	-8.33	5.84
2681	109.03	-8.33	5.84
2682	109.07	-8.32	5.81
2683	109.11	-8.32	5.81
2684	109.15	-8.32	5.83
2685	109.19	-8.31	5.84
2686	109.23	-8.3	5.88
2687	109.27	-8.27	5.9
2688	109.31	-8.25	5.91
2689	109.35	-8.24	5.92
2690	109.39	-8.24	5.92
2691	109.43	-8.24	5.92
2692	109.47	-8.24	5.9
2693	109.51	-8.24	5.88
2694	109.55	-8.24	5.86
2695	109.59	-8.24	5.86
2696	109.63	-8.24	5.85
2697	109.67	-8.24	5.85
2698	109.71	-8.24	5.85
2699	109.75	-8.22	5.83
2700	109.79	-8.21	5.84
2701	109.83	-8.18	5.84
2702	109.87	-8.17	5.84
2703	109.91	-8.17	5.85
2704	109.95	-8.18	5.86
2705	109.99	-8.2	5.85
2706	110.03	-8.22	5.83
2707	110.07	-8.23	5.8
2708	110.11	-8.23	5.78
2709	110.15	-8.24	5.78
2710	110.19	-8.24	5.78
2711	110.23	-8.24	5.78
2712	110.27	-8.25	5.79
2713	110.31	-8.25	5.8
2714	110.35	-8.25	5.8
2715	110.39	-8.25	5.8
2716	110.43	-8.25	5.8
2717	110.47	-8.24	5.8
2718	110.51	-8.25	5.81
2719	110.55	-8.25	5.81
2720	110.59	-8.26	5.82
2721	110.63	-8.26	5.83
2722	110.67	-8.26	5.83
2723	110.71	-8.26	5.83
2724	110.75	-8.26	5.82
2725	110.79	-8.26	5.81
2726	110.83	-8.26	5.82
2727	110.87	-8.26	5.82
2728	110.92	-8.25	5.83
2729	110.99	-8.24	5.83
2730	111.03	-8.22	5.84
2731	111.07	-8.21	5.82
2732	111.11	-8.2	5.83
2733	111.15	-8.19	5.81
2734	111.19	-8.2	5.81
2735	111.23	-8.19	5.79
2736	111.27	-8.19	5.77
2737	111.31	-8.18	5.76
2738	111.35	-8.18	5.76
2739	111.39	-8.18	5.76
2740	111.43	-8.18	5.76
2741	111.47	-8.17	5.76
2742	111.51	-8.17	5.75
2743	111.55	-8.17	5.76
2744	111.59	-8.17	5.77
2745	111.63	-8.16	5.77
2746	111.67	-8.16	5.77
2747	111.71	-8.15	5.77
2748	111.75	-8.15	5.78
2749	111.79	-8.16	5.78
2750	111.83	-8.16	5.78
2751	111.87	-8.16	5.78
2752	111.91	-8.15	5.78
2753	111.95	-8.15	5.79
2754	111.99	-8.15	5.8
2755	112.03	-8.15	5.81
2756	112.07	-8.15	5.81
2757	112.11	-8.15	5.82
2758	112.15	-8.15	5.83
2759	112.19	-8.14	5.83
2760	112.23	-8.14	5.83
2761	112.27	-8.14	5.83
2762	112.31	-8.14	5.82
2763	112.35	-8.15	5.82
2764	112.39	-8.15	5.82
2765	112.47	-8.15	5.83
2766	112.51	-8.14	5.83
2767	112.55	-8.14	5.83
2768	112.59	-8.13	5.82
2769	112.63	-8.12	5.81
2770	112.67	-8.12	5.81
2771	112.71	-8.12	5.79
2772	112.75	-8.12	5.79
2773	112.79	-8.12	5.79
2774	112.83	-8.12	5.8
2775	112.87	-8.12	5.81
2776	112.91	-8.12	5.81
2777	112.95	-8.12	5.81
2778	112.99	-8.12	5.82
2779	113.03	-8.12	5.82
2780	113.07	-8.13	5.82
2781	113.11	-8.13	5.82
2782	113.15	-8.13	5.82
2783	113.19	-8.13	5.81
2784	113.23	-8.13	5.8
2785	113.27	-8.12	5.79
2786	113.31	-8.12	5.78
2787	113.35	-8.12	5.78
2788	113.39	-8.12	5.79
2789	113.43	-8.13	5.79
2790	113.47	-8.13	5.8
2791	113.51	-8.13	5.8
2792	113.55	-8.14	5.8
2793	113.59	-8.13	5.8
2794	113.63	-8.14	5.79
2795	113.67	-8.14	5.79
2796	113.71	-8.13	5.78
2797	113.75	-8.13	5.78
2798	113.79	-8.13	5.77
2799	113.83	-8.14	5.75
2800	113.87	-8.15	5.72
2801	113.91	-8.17	5.7
2802	113.95	-8.18	5.68
2803	113.99	-8.2	5.67
2804	114.03	-8.21	5.64
2805	114.07	-8.22	5.63
2806	114.11	-8.23	5.61
2807	114.15	-8.24	5.6
2808	114.19	-8.26	5.6
2809	114.23	-8.28	5.6
2810	114.27	-8.31	5.61
2811	114.31	-8.34	5.62
2812	114.35	-8.37	5.64
2813	114.39	-8.4	5.65
2814	114.43	-8.41	5.64
2815	114.47	-8.43	5.64
2816	114.51	-8.44	5.63
2817	114.55	-8.46	5.61
2818	114.59	-8.48	5.62
2819	114.63	-8.52	5.62
2820	114.67	-8.55	5.63
2821	114.71	-8.58	5.66
2822	114.75	-8.62	5.67
2823	114.79	-8.64	5.68
2824	114.83	-8.67	5.68
2825	114.87	-8.69	5.67
2826	114.91	-8.7	5.67
2827	114.95	-8.72	5.68
2828	114.99	-8.72	5.68
2829	115.03	-8.72	5.68
2830	115.07	-8.71	5.68
2831	115.11	-8.72	5.68
2832	115.22	-8.71	5.67
2833	115.27	-8.71	5.67
2834	115.31	-8.7	5.67
2835	115.35	-8.7	5.68
2836	115.39	-8.7	5.68
2837	115.43	-8.69	5.67
2838	115.47	-8.69	5.67
2839	115.51	-8.69	5.66
2840	115.55	-8.69	5.66
2841	115.59	-8.69	5.66
2842	115.63	-8.69	5.67
2843	115.67	-8.68	5.67
2844	115.71	-8.68	5.68
2845	115.75	-8.67	5.69
2846	115.79	-8.68	5.71
2847	115.83	-8.67	5.71
2848	115.87	-8.66	5.72
2849	115.91	-8.65	5.72
2850	115.95	-8.63	5.71
2851	115.99	-8.62	5.7
2852	116.03	-8.61	5.69
2853	116.07	-8.6	5.66
2854	116.11	-8.59	5.66
2855	116.15	-8.58	5.66
2856	116.19	-8.56	5.67
2857	116.23	-8.54	5.68
2858	116.27	-8.51	5.67
2859	116.31	-8.49	5.66
2860	116.35	-8.46	5.65
2861	116.39	-8.45	5.65
2862	116.43	-8.45	5.66
2863	116.47	-8.44	5.67
2864	116.51	-8.43	5.7
2865	116.55	-8.42	5.72
2866	116.59	-8.41	5.75
2867	116.63	-8.39	5.74
2868	116.67	-8.38	5.73
2869	116.71	-8.36	5.72
2870	116.75	-8.33	5.71
2871	116.79	-8.31	5.7
2872	116.83	-8.29	5.7
2873	116.87	-8.28	5.68
2874	116.91	-8.28	5.69
2875	116.95	-8.27	5.69
2876	116.99	-8.27	5.68
2877	117.03	-8.26	5.68
2878	117.07	-8.27	5.67
2879	117.11	-8.28	5.67
2880	117.15	-8.29	5.67
2881	117.19	-8.3	5.66
2882	117.23	-8.32	5.65
2883	117.27	-8.33	5.62
2884	117.31	-8.35	5.61
2885	117.35	-8.36	5.59
2886	117.39	-8.36	5.56
2887	117.43	-8.36	5.55
2888	117.47	-8.36	5.54
2889	117.51	-8.37	5.52
2890	117.55	-8.37	5.51
2891	117.59	-8.38	5.5
2892	117.63	-8.4	5.5
2893	117.67	-8.41	5.52
2894	117.71	-8.43	5.54
2895	117.75	-8.45	5.56
2896	117.79	-8.46	5.58
2897	117.83	-8.47	5.6
2898	117.87	-8.48	5.61
2899	117.91	-8.48	5.63
2900	117.95	-8.49	5.65
2901	117.99	-8.5	5.66
2902	118.03	-8.51	5.65
2903	118.07	-8.52	5.64
2904	118.11	-8.52	5.63
2905	118.15	-8.52	5.61
2906	118.19	-8.53	5.6
2907	118.23	-8.54	5.6
2908	118.27	-8.53	5.59
2909	118.31	-8.54	5.59
2910	118.35	-8.53	5.58
2911	118.39	-8.54	5.58
2912	118.43	-8.54	5.59
2913	118.47	-8.53	5.59
2914	118.51	-8.54	5.6
2915	118.55	-8.53	5.6
2916	118.59	-8.53	5.6
2917	118.63	-8.53	5.61
2918	118.67	-8.53	5.62
2919	118.71	-8.54	5.62
2920	118.75	-8.54	5.63
2921	118.79	-8.54	5.63
2922	118.83	-8.54	5.62
2923	118.87	-8.54	5.61
2924	118.91	-8.54	5.61
2925	118.95	-8.54	5.62
2926	118.99	-8.54	5.62
2927	119.03	-8.53	5.61
2928	119.07	-8.53	5.6
2929	119.11	-8.52	5.59
2930	119.15	-8.52	5.59
2931	119.19	-8.52	5.59
2932	119.23	-8.53	5.6
2933	119.27	-8.54	5.6
2934	119.31	-8.54	5.61
2935	119.35	-8.54	5.6
2936	119.39	-8.53	5.6
2937	119.43	-8.51	5.59
2938	119.47	-8.5	5.6
2939	119.51	-8.49	5.6
2940	119.55	-8.48	5.61
2941	119.59	-8.47	5.62
2942	119.63	-8.46	5.61
2943	119.67	-8.46	5.62
2944	119.71	-8.46	5.62
2945	119.75	-8.46	5.62
2946	119.79	-8.47	5.64
2947	119.83	-8.47	5.64
2948	119.87	-8.47	5.64
2949	119.91	-8.47	5.65
