1	0.06	-2.07	0.21
2	0.1	-2.09	0.2
3	0.14	-2.12	0.18
4	0.18	-2.14	0.16
5	0.22	-2.15	0.14
6	0.26	-2.16	0.13
7	0.3	-2.19	0.11
8	0.34	-2.25	0.08
9	0.38	-2.32	0.06
10	0.42	-2.41	0.06
11	0.5	-2.51	0.09
12	0.54	-2.58	0.11
13	0.58	-2.64	0.13
14	0.62	-2.7	0.11
15	0.66	-2.75	0.07
16	0.7	-2.81	0.01
17	0.74	-2.86	-0.03
18	0.78	-2.9	-0.05
19	0.82	-2.92	-0.08
20	0.86	-2.94	-0.1
21	0.9	-2.98	-0.16
22	0.94	-3.03	-0.26
23	0.98	-3.07	-0.35
24	1.02	-3.09	-0.41
25	1.06	-3.1	-0.43
26	1.1	-3.1	-0.46
27	1.14	-3.12	-0.49
28	1.18	-3.14	-0.55
29	1.22	-3.14	-0.66
30	1.26	-3.1	-0.73
31	1.3	-3.02	-0.81
32	1.34	-2.97	-0.85
33	1.38	-2.94	-0.9
34	1.42	-2.94	-0.94
35	1.46	-2.96	-0.99
36	1.5	-2.98	-1.05
37	1.54	-3.03	-1.1
38	1.58	-3.1	-1.13
39	1.62	-3.19	-1.18
40	1.66	-3.28	-1.23
41	1.7	-3.36	-1.27
42	1.74	-3.41	-1.29
43	1.78	-3.44	-1.29
44	1.82	-3.44	-1.28
45	1.86	-3.47	-1.28
46	1.9	-3.5	-1.3
47	1.94	-3.57	-1.33
48	1.98	-3.64	-1.33
49	2.02	-3.68	-1.29
50	2.06	-3.72	-1.26
51	2.1	-3.75	-1.22
52	2.14	-3.78	-1.19
53	2.18	-3.82	-1.19
54	2.22	-3.86	-1.19
55	2.26	-3.9	-1.19
56	2.3	-3.93	-1.2
57	2.34	-3.97	-1.21
58	2.38	-4.04	-1.22
59	2.42	-4.12	-1.24
60	2.46	-4.2	-1.25
61	2.5	-4.29	-1.25
62	2.54	-4.37	-1.25
63	2.58	-4.45	-1.25
64	2.62	-4.52	-1.25
65	2.66	-4.56	-1.24
66	2.7	-4.57	-1.21
67	2.74	-4.57	-1.17
68	2.78	-4.62	-1.14
69	2.82	-4.7	-1.11
70	2.86	-4.79	-1.1
71	2.9	-4.9	-1.1
72	2.94	-4.99	-1.1
73	2.98	-5.09	-1.12
74	3.02	-5.19	-1.15
75	3.06	-5.26	-1.21
76	3.1	-5.29	-1.28
77	3.14	-5.33	-1.36
78	3.18	-5.42	-1.41
79	3.22	-5.53	-1.4
80	3.26	-5.66	-1.4
81	3.3	-5.77	-1.4
82	3.34	-5.88	-1.39
83	3.38	-6.02	-1.35
84	3.42	-6.17	-1.24
85	3.46	-6.33	-1.1
86	3.5	-6.46	-0.97
87	3.54	-6.52	-0.87
88	3.58	-6.56	-0.81
89	3.62	-6.61	-0.77
90	3.66	-6.64	-0.72
91	3.7	-6.71	-0.67
92	3.74	-6.87	-0.64
93	3.78	-7	-0.62
94	3.82	-7.16	-0.57
95	3.86	-7.29	-0.55
96	3.9	-7.33	-0.52
97	3.94	-7.4	-0.5
98	3.98	-7.4	-0.51
99	4.02	-7.44	-0.54
100	4.06	-7.5	-0.59
101	4.1	-7.55	-0.65
102	4.14	-7.65	-0.71
103	4.18	-7.75	-0.75
104	4.22	-7.87	-0.76
105	4.26	-7.97	-0.74
106	4.3	-8.06	-0.7
107	4.34	-8.13	-0.64
108	4.38	-8.16	-0.6
109	4.42	-8.23	-0.62
110	4.46	-8.31	-0.63
111	4.5	-8.37	-0.64
112	4.54	-8.46	-0.62
113	4.58	-8.53	-0.57
114	4.62	-8.58	-0.49
115	4.66	-8.64	-0.43
116	4.7	-8.66	-0.39
117	4.74	-8.68	-0.32
118	4.78	-8.71	-0.25
119	4.82	-8.75	-0.17
120	4.86	-8.8	-0.05
121	4.9	-8.85	0.06
122	4.94	-8.93	0.16
123	4.98	-9.02	0.27
124	5.02	-9.09	0.36
125	5.06	-9.17	0.43
126	5.1	-9.25	0.5
127	5.14	-9.3	0.56
128	5.18	-9.35	0.63
129	5.22	-9.44	0.71
130	5.26	-9.52	0.78
131	5.3	-9.59	0.82
132	5.34	-9.7	0.85
133	5.38	-9.81	0.92
134	5.42	-9.9	1
135	5.46	-10.01	1.12
136	5.5	-10.08	1.23
137	5.54	-10.1	1.3
138	5.58	-10.1	1.35
139	5.62	-10.11	1.41
140	5.66	-10.15	1.51
141	5.7	-10.22	1.62
142	5.74	-10.26	1.69
143	5.78	-10.34	1.79
144	5.82	-10.38	1.86
145	5.86	-10.41	1.93
146	5.9	-10.49	2.03
147	5.94	-10.52	2.08
148	5.98	-10.6	2.14
149	6.02	-10.68	2.19
150	6.06	-10.74	2.23
151	6.1	-10.82	2.26
152	6.14	-10.86	2.27
153	6.18	-10.86	2.24
154	6.22	-10.87	2.19
155	6.26	-10.87	2.11
156	6.3	-10.88	2.02
157	6.34	-10.92	1.93
158	6.38	-10.92	1.86
159	6.42	-10.91	1.8
160	6.46	-10.87	1.75
161	6.5	-10.85	1.71
162	6.54	-10.85	1.68
163	6.58	-10.85	1.64
164	6.62	-10.9	1.6
165	6.66	-10.95	1.58
166	6.7	-10.98	1.55
167	6.74	-10.99	1.55
168	6.78	-11	1.56
169	6.82	-11	1.57
170	6.86	-11.02	1.6
171	6.9	-11.05	1.62
172	6.94	-11.08	1.62
173	6.98	-11.09	1.61
174	7.02	-11.1	1.58
175	7.06	-11.11	1.55
176	7.1	-11.13	1.51
177	7.14	-11.16	1.47
178	7.18	-11.22	1.46
179	7.22	-11.28	1.43
180	7.26	-11.32	1.41
181	7.3	-11.35	1.39
182	7.34	-11.36	1.36
183	7.38	-11.35	1.34
184	7.42	-11.32	1.32
185	7.46	-11.3	1.3
186	7.5	-11.27	1.28
187	7.54	-11.23	1.28
188	7.58	-11.18	1.26
189	7.62	-11.14	1.24
190	7.66	-11.09	1.23
191	7.7	-11.07	1.21
192	7.74	-11.07	1.2
193	7.78	-11.03	1.18
194	7.82	-11	1.17
195	7.86	-10.96	1.15
196	7.9	-10.9	1.15
197	7.94	-10.85	1.15
198	7.98	-10.79	1.16
199	8.02	-10.76	1.16
200	8.06	-10.75	1.16
201	8.1	-10.73	1.14
202	8.14	-10.73	1.13
203	8.18	-10.7	1.1
204	8.22	-10.71	1.08
205	8.26	-10.73	1.07
206	8.3	-10.74	1.07
207	8.34	-10.75	1.08
208	8.38	-10.74	1.09
209	8.42	-10.72	1.1
210	8.46	-10.72	1.11
211	8.5	-10.74	1.13
212	8.54	-10.76	1.17
213	8.58	-10.82	1.2
214	8.62	-10.88	1.26
215	8.66	-10.92	1.3
216	8.7	-10.96	1.32
217	8.74	-11	1.35
218	8.78	-11.02	1.37
219	8.82	-11.07	1.39
220	8.86	-11.1	1.41
221	8.9	-11.13	1.44
222	8.94	-11.14	1.48
223	8.98	-11.16	1.54
224	9.02	-11.19	1.59
225	9.06	-11.23	1.64
226	9.1	-11.29	1.68
227	9.14	-11.38	1.72
228	9.18	-11.46	1.75
229	9.22	-11.54	1.77
230	9.26	-11.62	1.78
231	9.3	-11.71	1.76
232	9.34	-11.79	1.75
233	9.38	-11.86	1.73
234	9.42	-11.93	1.73
235	9.46	-11.98	1.75
236	9.5	-12.06	1.78
237	9.54	-12.13	1.84
238	9.58	-12.19	1.89
239	9.62	-12.24	1.95
240	9.66	-12.26	2.03
241	9.7	-12.32	2.12
242	9.74	-12.37	2.25
243	9.78	-12.45	2.43
244	9.82	-12.55	2.61
245	9.86	-12.61	2.75
246	9.9	-12.68	2.88
247	9.94	-12.77	2.99
248	10.02	-12.88	3.07
249	10.06	-13.01	3.15
250	10.1	-13.16	3.23
251	10.14	-13.25	3.29
252	10.18	-13.32	3.36
253	10.22	-13.36	3.43
254	10.26	-13.37	3.5
255	10.3	-13.42	3.56
256	10.34	-13.42	3.62
257	10.38	-13.39	3.72
258	10.42	-13.33	3.82
259	10.46	-13.2	3.95
260	10.5	-13.11	4.09
261	10.54	-13.02	4.19
262	10.58	-12.95	4.31
263	10.62	-12.91	4.43
264	10.66	-12.87	4.52
265	10.7	-12.89	4.66
266	10.74	-12.91	4.76
267	10.78	-12.91	4.85
268	10.82	-12.92	4.95
269	10.86	-12.91	5
270	10.9	-12.91	5.04
271	10.94	-12.9	5.06
272	10.98	-12.91	5.1
273	11.02	-12.92	5.13
274	11.06	-12.93	5.17
275	11.1	-12.94	5.22
276	11.14	-12.94	5.3
277	11.18	-12.92	5.44
278	11.22	-12.87	5.62
279	11.26	-12.82	5.85
280	11.3	-12.77	6.05
281	11.34	-12.73	6.21
282	11.38	-12.72	6.36
283	11.42	-12.71	6.49
284	11.46	-12.7	6.63
285	11.5	-12.72	6.81
286	11.54	-12.75	6.95
287	11.58	-12.8	7.08
288	11.62	-12.86	7.19
289	11.66	-12.92	7.27
290	11.7	-12.95	7.35
291	11.74	-13.01	7.51
292	11.78	-13.03	7.64
293	11.82	-13.06	7.8
294	11.86	-13.09	7.97
295	11.9	-13.09	8.04
296	11.94	-13.11	8.15
297	11.98	-13.1	8.19
298	12.02	-13.07	8.24
299	12.06	-13.06	8.27
300	12.1	-13.05	8.26
301	12.14	-13.04	8.23
302	12.18	-13.03	8.2
303	12.22	-13.03	8.21
304	12.26	-13.02	8.24
305	12.3	-13	8.31
306	12.34	-12.95	8.39
307	12.38	-12.89	8.46
308	12.42	-12.82	8.56
309	12.46	-12.76	8.67
310	12.5	-12.69	8.78
311	12.54	-12.62	8.89
312	12.58	-12.55	8.96
313	12.62	-12.5	9.02
314	12.66	-12.48	9.04
315	12.7	-12.49	9.09
316	12.74	-12.51	9.14
317	12.78	-12.53	9.19
318	12.82	-12.53	9.25
319	12.86	-12.53	9.3
320	12.9	-12.52	9.33
321	12.94	-12.5	9.37
322	12.98	-12.47	9.4
323	13.02	-12.45	9.43
324	13.06	-12.44	9.46
325	13.1	-12.43	9.46
326	13.14	-12.43	9.45
327	13.18	-12.43	9.41
328	13.22	-12.43	9.4
329	13.26	-12.43	9.4
330	13.3	-12.43	9.39
331	13.34	-12.43	9.39
332	13.38	-12.43	9.38
333	13.42	-12.43	9.38
334	13.46	-12.44	9.36
335	13.5	-12.44	9.35
336	13.54	-12.46	9.35
337	13.58	-12.47	9.35
338	13.62	-12.48	9.37
339	13.66	-12.48	9.38
340	13.7	-12.48	9.41
341	13.74	-12.47	9.43
342	13.78	-12.45	9.45
343	13.82	-12.45	9.48
344	13.86	-12.43	9.48
345	13.9	-12.42	9.49
346	13.94	-12.42	9.54
347	13.98	-12.41	9.56
348	14.02	-12.41	9.58
349	14.06	-12.41	9.6
350	14.1	-12.41	9.62
351	14.14	-12.42	9.68
352	14.18	-12.43	9.73
353	14.22	-12.45	9.77
354	14.26	-12.47	9.78
355	14.3	-12.48	9.77
356	14.34	-12.48	9.77
357	14.38	-12.48	9.76
358	14.42	-12.49	9.78
359	14.46	-12.49	9.79
360	14.5	-12.49	9.81
361	14.54	-12.5	9.84
362	14.58	-12.5	9.85
363	14.62	-12.51	9.87
364	14.66	-12.53	9.87
365	14.7	-12.53	9.88
366	14.74	-12.54	9.89
367	14.78	-12.55	9.92
368	14.82	-12.56	9.94
369	14.86	-12.56	9.95
370	14.9	-12.56	9.97
371	14.94	-12.55	9.97
372	14.98	-12.55	10.01
373	15.02	-12.56	10.04
374	15.06	-12.55	10.05
375	15.1	-12.54	10.03
376	15.14	-12.54	10.03
377	15.18	-12.52	10.06
378	15.22	-12.51	10.09
379	15.26	-12.51	10.13
380	15.3	-12.53	10.11
381	15.34	-12.55	10.07
382	15.38	-12.58	10.04
383	15.42	-12.59	10.01
384	15.46	-12.59	9.98
385	15.5	-12.6	9.96
386	15.54	-12.6	9.94
387	15.58	-12.62	9.95
388	15.62	-12.64	9.98
389	15.66	-12.65	10
390	15.7	-12.66	10.03
391	15.74	-12.67	10.04
392	15.78	-12.68	10.05
393	15.82	-12.71	10.06
394	15.86	-12.75	10.06
395	15.9	-12.78	10.08
396	15.94	-12.82	10.09
397	15.98	-12.85	10.13
398	16.02	-12.89	10.14
399	16.06	-12.93	10.14
400	16.1	-12.96	10.11
401	16.14	-13	10.11
402	16.18	-13.03	10.1
403	16.22	-13.06	10.08
404	16.26	-13.07	10.08
405	16.3	-13.08	10.08
406	16.34	-13.09	10.09
407	16.38	-13.11	10.12
408	16.42	-13.14	10.18
409	16.46	-13.16	10.22
410	16.5	-13.19	10.26
411	16.54	-13.2	10.29
412	16.58	-13.21	10.3
413	16.62	-13.22	10.33
414	16.66	-13.22	10.33
415	16.7	-13.23	10.36
416	16.74	-13.24	10.37
417	16.78	-13.24	10.39
418	16.82	-13.25	10.42
419	16.86	-13.25	10.43
420	16.9	-13.23	10.43
421	16.94	-13.22	10.43
422	16.98	-13.22	10.44
423	17.02	-13.22	10.45
424	17.06	-13.22	10.46
425	17.1	-13.22	10.47
426	17.14	-13.21	10.44
427	17.18	-13.2	10.42
428	17.22	-13.19	10.4
429	17.26	-13.17	10.36
430	17.3	-13.16	10.34
431	17.34	-13.15	10.27
432	17.38	-13.13	10.17
433	17.42	-13.11	10.08
434	17.46	-13.09	9.98
435	17.5	-13.07	9.89
436	17.54	-13.05	9.82
437	17.58	-13.03	9.73
438	17.62	-12.99	9.67
439	17.66	-12.97	9.63
440	17.7	-12.97	9.57
441	17.74	-13	9.57
442	17.78	-13.04	9.56
443	17.82	-13.1	9.54
444	17.86	-13.14	9.51
445	17.9	-13.17	9.44
446	17.94	-13.19	9.35
447	17.98	-13.21	9.29
448	18.02	-13.24	9.24
449	18.06	-13.27	9.2
450	18.1	-13.29	9.17
451	18.14	-13.32	9.09
452	18.18	-13.33	9.02
453	18.22	-13.34	8.96
454	18.26	-13.33	8.93
455	18.3	-13.32	8.92
456	18.34	-13.31	8.94
457	18.38	-13.29	8.93
458	18.42	-13.3	8.92
459	18.46	-13.32	8.94
460	18.5	-13.35	8.94
461	18.54	-13.38	8.95
462	18.58	-13.41	8.98
463	18.62	-13.42	9.02
464	18.66	-13.43	9.06
465	18.7	-13.42	9.12
466	18.74	-13.41	9.13
467	18.78	-13.4	9.13
468	18.82	-13.36	9.15
469	18.86	-13.35	9.2
470	18.9	-13.34	9.27
471	18.94	-13.36	9.33
472	18.98	-13.39	9.37
473	19.01	-13.41	9.39
474	19.05	-13.4	9.42
475	19.09	-13.39	9.45
476	19.13	-13.38	9.47
477	19.18	-13.38	9.48
478	19.21	-13.37	9.48
479	19.25	-13.37	9.46
480	19.29	-13.37	9.45
481	19.33	-13.37	9.42
482	19.37	-13.37	9.41
483	19.41	-13.37	9.39
484	19.45	-13.38	9.37
485	19.49	-13.38	9.36
486	19.53	-13.38	9.33
487	19.57	-13.38	9.3
488	19.61	-13.38	9.27
489	19.65	-13.38	9.26
490	19.69	-13.39	9.24
491	19.73	-13.39	9.26
492	19.77	-13.39	9.24
493	19.82	-13.43	9.24
494	19.85	-13.47	9.25
495	19.89	-13.49	9.24
496	19.93	-13.51	9.27
497	19.97	-13.52	9.27
498	20.01	-13.52	9.28
499	20.05	-13.53	9.29
500	20.09	-13.54	9.32
501	20.13	-13.53	9.36
502	20.17	-13.5	9.41
503	20.21	-13.47	9.46
504	20.25	-13.44	9.5
505	20.29	-13.43	9.53
506	20.33	-13.42	9.58
507	20.37	-13.43	9.61
508	20.41	-13.44	9.65
509	20.45	-13.45	9.66
510	20.49	-13.49	9.65
511	20.53	-13.54	9.61
512	20.57	-13.59	9.57
513	20.61	-13.64	9.55
514	20.65	-13.7	9.51
515	20.69	-13.74	9.49
516	20.73	-13.8	9.46
517	20.77	-13.86	9.4
518	20.81	-13.92	9.33
519	20.85	-13.97	9.27
520	20.89	-14.02	9.21
521	20.93	-14.06	9.18
522	20.97	-14.11	9.18
523	21.01	-14.18	9.17
524	21.05	-14.25	9.15
525	21.09	-14.35	9.1
526	21.13	-14.44	9.03
527	21.17	-14.52	8.97
528	21.21	-14.61	8.92
529	21.25	-14.69	8.9
530	21.29	-14.78	8.88
531	21.33	-14.88	8.87
532	21.37	-14.97	8.88
533	21.41	-15.06	8.85
534	21.45	-15.14	8.82
535	21.49	-15.21	8.79
536	21.53	-15.29	8.74
537	21.57	-15.38	8.73
538	21.61	-15.47	8.75
539	21.65	-15.57	8.75
540	21.69	-15.66	8.75
541	21.73	-15.77	8.73
542	21.77	-15.87	8.68
543	21.81	-15.98	8.64
544	21.85	-16.09	8.61
545	21.89	-16.16	8.57
546	21.93	-16.23	8.56
547	21.97	-16.3	8.53
548	22.01	-16.38	8.51
549	22.05	-16.47	8.52
550	22.09	-16.56	8.55
551	22.13	-16.65	8.6
552	22.17	-16.75	8.65
553	22.21	-16.86	8.72
554	22.25	-16.97	8.77
555	22.29	-17.09	8.84
556	22.33	-17.19	8.9
557	22.37	-17.27	8.95
558	22.41	-17.35	9
559	22.45	-17.41	9.03
560	22.49	-17.47	9.07
561	22.53	-17.5	9.11
562	22.57	-17.54	9.16
563	22.61	-17.56	9.2
564	22.65	-17.59	9.22
565	22.69	-17.61	9.22
566	22.73	-17.62	9.18
567	22.77	-17.63	9.12
568	22.81	-17.63	9.07
569	22.85	-17.65	9.05
570	22.89	-17.67	9.04
571	22.93	-17.67	9.03
572	22.97	-17.67	9.04
573	23.01	-17.65	9.04
574	23.05	-17.64	9.03
575	23.09	-17.63	9.01
576	23.13	-17.61	8.97
577	23.17	-17.58	8.93
578	23.21	-17.54	8.89
579	23.25	-17.49	8.84
580	23.29	-17.47	8.82
581	23.33	-17.46	8.82
582	23.37	-17.45	8.81
583	23.41	-17.44	8.78
584	23.45	-17.41	8.73
585	23.49	-17.37	8.68
586	23.53	-17.32	8.62
587	23.57	-17.29	8.57
588	23.61	-17.27	8.5
589	23.65	-17.26	8.41
590	23.69	-17.27	8.31
591	23.73	-17.27	8.2
592	23.77	-17.25	8.12
593	23.81	-17.23	8.08
594	23.85	-17.16	8.06
595	23.89	-17.11	8.02
596	23.93	-17.09	8
597	23.97	-17.08	7.93
598	24.01	-17.11	7.88
599	24.05	-17.15	7.86
600	24.09	-17.17	7.81
601	24.13	-17.17	7.76
602	24.17	-17.17	7.72
603	24.21	-17.14	7.65
604	24.25	-17.13	7.6
605	24.29	-17.14	7.57
606	24.33	-17.12	7.53
607	24.37	-17.15	7.52
608	24.41	-17.18	7.53
609	24.45	-17.19	7.54
610	24.49	-17.23	7.55
611	24.53	-17.24	7.56
612	24.57	-17.28	7.56
613	24.61	-17.31	7.56
614	24.65	-17.34	7.55
615	24.69	-17.34	7.54
616	24.73	-17.33	7.52
617	24.77	-17.31	7.49
618	24.81	-17.29	7.46
619	24.85	-17.29	7.44
620	24.89	-17.28	7.42
621	24.93	-17.26	7.4
622	24.97	-17.25	7.39
623	25.01	-17.24	7.37
624	25.05	-17.23	7.36
625	25.09	-17.25	7.37
626	25.13	-17.25	7.37
627	25.17	-17.27	7.4
628	25.21	-17.28	7.43
629	25.25	-17.28	7.45
630	25.29	-17.29	7.49
631	25.33	-17.28	7.5
632	25.37	-17.28	7.53
633	25.41	-17.28	7.57
634	25.45	-17.27	7.59
635	25.49	-17.27	7.61
636	25.53	-17.27	7.61
637	25.57	-17.27	7.59
638	25.61	-17.27	7.57
639	25.65	-17.29	7.57
640	25.69	-17.29	7.54
641	25.73	-17.3	7.53
642	25.77	-17.3	7.53
643	25.81	-17.29	7.52
644	25.85	-17.28	7.55
645	25.89	-17.26	7.55
646	25.93	-17.24	7.54
647	25.97	-17.21	7.51
648	26.01	-17.17	7.48
649	26.05	-17.14	7.49
650	26.09	-17.12	7.51
651	26.13	-17.1	7.56
652	26.17	-17.08	7.61
653	26.21	-17.05	7.67
654	26.25	-17.02	7.72
655	26.29	-16.99	7.77
656	26.33	-16.97	7.84
657	26.37	-16.98	7.93
658	26.41	-17.01	8.02
659	26.45	-17.04	8.11
660	26.49	-17.03	8.15
661	26.53	-17.01	8.18
662	26.57	-16.95	8.22
663	26.61	-16.89	8.26
664	26.65	-16.81	8.31
665	26.69	-16.7	8.39
666	26.73	-16.61	8.46
667	26.77	-16.49	8.51
668	26.81	-16.39	8.55
669	26.85	-16.28	8.57
670	26.89	-16.18	8.56
671	26.93	-16.09	8.58
672	26.97	-16.02	8.61
673	27.01	-15.94	8.65
674	27.05	-15.86	8.74
675	27.09	-15.73	8.81
676	27.13	-15.59	8.89
677	27.17	-15.43	8.97
678	27.21	-15.26	9.03
679	27.25	-15.07	9.13
680	27.29	-14.86	9.27
681	27.33	-14.65	9.42
682	27.37	-14.49	9.56
683	27.41	-14.38	9.69
684	27.45	-14.33	9.77
685	27.49	-14.32	9.81
686	27.53	-14.34	9.88
687	27.57	-14.38	9.95
688	27.61	-14.39	10.05
689	27.65	-14.38	10.2
690	27.69	-14.33	10.33
691	27.73	-14.28	10.48
692	27.77	-14.26	10.6
693	27.81	-14.25	10.74
694	27.85	-14.25	10.9
695	27.89	-14.25	11.03
696	27.93	-14.26	11.16
697	27.97	-14.29	11.22
698	28.01	-14.3	11.27
699	28.05	-14.32	11.33
700	28.09	-14.33	11.36
701	28.13	-14.32	11.41
702	28.17	-14.32	11.42
703	28.21	-14.32	11.45
704	28.25	-14.31	11.5
705	28.29	-14.3	11.54
706	28.33	-14.29	11.58
707	28.37	-14.26	11.61
708	28.41	-14.23	11.64
709	28.45	-14.19	11.67
710	28.49	-14.16	11.69
711	28.53	-14.14	11.71
712	28.57	-14.12	11.74
713	28.61	-14.08	11.76
714	28.65	-14.05	11.78
715	28.69	-13.99	11.78
716	28.73	-13.95	11.75
717	28.77	-13.9	11.75
718	28.81	-13.85	11.73
719	28.85	-13.79	11.72
720	28.89	-13.72	11.74
721	28.93	-13.67	11.77
722	28.97	-13.61	11.8
723	29.01	-13.57	11.85
724	29.05	-13.53	11.87
725	29.09	-13.52	11.86
726	29.13	-13.53	11.85
727	29.17	-13.57	11.82
728	29.21	-13.61	11.8
729	29.25	-13.63	11.78
730	29.29	-13.65	11.77
731	29.33	-13.66	11.76
732	29.37	-13.66	11.75
733	29.41	-13.66	11.75
734	29.45	-13.66	11.75
735	29.49	-13.67	11.73
736	29.53	-13.69	11.71
737	29.57	-13.7	11.7
738	29.61	-13.73	11.69
739	29.65	-13.75	11.68
740	29.69	-13.77	11.66
741	29.73	-13.8	11.62
742	29.77	-13.82	11.57
743	29.81	-13.84	11.52
744	29.85	-13.85	11.48
745	29.89	-13.87	11.44
746	29.93	-13.87	11.41
747	29.97	-13.89	11.32
748	30.01	-13.9	11.23
749	30.05	-13.92	11.12
750	30.09	-13.95	10.99
751	30.13	-13.99	10.9
752	30.17	-14.03	10.82
753	30.21	-14.09	10.76
754	30.25	-14.12	10.7
755	30.29	-14.14	10.65
756	30.33	-14.15	10.61
757	30.37	-14.16	10.6
758	30.41	-14.16	10.62
759	30.45	-14.18	10.65
760	30.49	-14.2	10.68
761	30.53	-14.21	10.7
762	30.57	-14.22	10.72
763	30.61	-14.21	10.78
764	30.65	-14.19	10.86
765	30.69	-14.16	10.95
766	30.73	-14.14	11
767	30.77	-14.13	11.04
768	30.81	-14.11	11.06
769	30.85	-14.09	11.09
770	30.89	-14.07	11.13
771	30.93	-14.05	11.16
772	30.97	-14.06	11.17
773	31.01	-14.09	11.17
774	31.05	-14.11	11.18
775	31.09	-14.14	11.21
776	31.13	-14.14	11.25
777	31.17	-14.14	11.28
778	31.21	-14.16	11.32
779	31.25	-14.16	11.34
780	31.29	-14.18	11.34
781	31.33	-14.21	11.34
782	31.37	-14.23	11.33
783	31.41	-14.26	11.34
784	31.45	-14.29	11.34
785	31.49	-14.32	11.35
786	31.53	-14.34	11.35
787	31.57	-14.39	11.32
788	31.61	-14.43	11.27
789	31.65	-14.46	11.23
790	31.69	-14.52	11.17
791	31.73	-14.56	11.13
792	31.77	-14.6	11.08
793	31.81	-14.65	11
794	31.85	-14.67	10.93
795	31.89	-14.66	10.87
796	31.93	-14.62	10.82
797	31.97	-14.57	10.79
798	32.01	-14.53	10.75
799	32.05	-14.51	10.71
800	32.09	-14.52	10.66
801	32.13	-14.52	10.63
802	32.17	-14.51	10.61
803	32.21	-14.51	10.6
804	32.25	-14.49	10.6
805	32.29	-14.47	10.58
806	32.33	-14.45	10.55
807	32.37	-14.42	10.53
808	32.41	-14.4	10.51
809	32.45	-14.38	10.5
810	32.49	-14.34	10.5
811	32.53	-14.3	10.49
812	32.57	-14.25	10.47
813	32.61	-14.19	10.46
814	32.65	-14.16	10.45
815	32.69	-14.13	10.45
816	32.73	-14.04	10.46
817	32.77	-13.93	10.44
818	32.81	-13.8	10.39
819	32.85	-13.66	10.33
820	32.89	-13.57	10.24
821	32.93	-13.51	10.16
822	32.97	-13.46	10.08
823	33.01	-13.4	10
824	33.05	-13.35	9.96
825	33.09	-13.28	9.95
826	33.13	-13.22	9.96
827	33.17	-13.18	9.97
828	33.21	-13.15	9.99
829	33.25	-13.12	10
830	33.29	-13.09	10.01
831	33.33	-13.04	10.03
832	33.37	-12.99	10.03
833	33.41	-12.94	10.03
834	33.45	-12.91	10.02
835	33.49	-12.89	10.01
836	33.53	-12.86	9.99
837	33.57	-12.88	9.96
838	33.61	-12.91	9.92
839	33.65	-12.94	9.88
840	33.69	-13	9.83
841	33.73	-13.02	9.8
842	33.77	-13.03	9.78
843	33.81	-13.04	9.76
844	33.85	-13.05	9.75
845	33.89	-13.04	9.72
846	33.93	-13.01	9.7
847	33.97	-13	9.67
848	34.01	-12.98	9.64
849	34.05	-13.01	9.62
850	34.09	-13.04	9.61
851	34.13	-13.06	9.59
852	34.17	-13.06	9.58
853	34.21	-13.05	9.57
854	34.25	-13.04	9.55
855	34.29	-13.02	9.54
856	34.33	-12.98	9.53
857	34.37	-12.95	9.55
858	34.41	-12.91	9.61
859	34.45	-12.87	9.68
860	34.49	-12.84	9.77
861	34.53	-12.8	9.81
862	34.57	-12.79	9.83
863	34.61	-12.79	9.8
864	34.65	-12.8	9.73
865	34.69	-12.81	9.68
866	34.73	-12.83	9.6
867	34.77	-12.88	9.53
868	34.81	-12.94	9.45
869	34.85	-13.01	9.34
870	34.89	-13.05	9.25
871	34.93	-13.09	9.18
872	34.97	-13.09	9.13
873	35.01	-13.08	9.12
874	35.05	-13.06	9.13
875	35.09	-13.04	9.13
876	35.13	-13.01	9.12
877	35.17	-13	9.07
878	35.21	-12.98	8.98
879	35.25	-13	8.9
880	35.29	-13.04	8.85
881	35.33	-13.08	8.82
882	35.37	-13.13	8.79
883	35.41	-13.14	8.76
884	35.45	-13.16	8.72
885	35.49	-13.17	8.7
886	35.53	-13.18	8.71
887	35.57	-13.16	8.71
888	35.61	-13.12	8.7
889	35.65	-13.05	8.67
890	35.69	-12.95	8.64
891	35.73	-12.86	8.7
892	35.77	-12.75	8.76
893	35.81	-12.65	8.82
894	35.85	-12.59	8.86
895	35.89	-12.55	8.86
896	35.93	-12.56	8.89
897	35.97	-12.57	8.92
898	36.01	-12.58	8.95
899	36.05	-12.6	8.95
900	36.09	-12.6	8.96
901	36.13	-12.6	8.95
902	36.17	-12.6	8.96
903	36.21	-12.61	8.97
904	36.25	-12.61	8.97
905	36.29	-12.63	8.98
906	36.33	-12.65	9
907	36.37	-12.66	9.02
908	36.41	-12.66	9.06
909	36.45	-12.66	9.13
910	36.49	-12.66	9.21
911	36.53	-12.66	9.27
912	36.57	-12.68	9.33
913	36.61	-12.69	9.36
914	36.65	-12.72	9.4
915	36.69	-12.76	9.45
916	36.73	-12.8	9.49
917	36.77	-12.86	9.52
918	36.81	-12.93	9.55
919	36.85	-12.99	9.59
920	36.89	-13.06	9.63
921	36.93	-13.11	9.68
922	36.97	-13.14	9.72
923	37.01	-13.19	9.74
924	37.05	-13.21	9.77
925	37.09	-13.25	9.79
926	37.13	-13.27	9.8
927	37.17	-13.28	9.8
928	37.21	-13.28	9.79
929	37.25	-13.28	9.77
930	37.29	-13.27	9.77
931	37.33	-13.27	9.8
932	37.37	-13.28	9.86
933	37.41	-13.32	9.93
934	37.45	-13.38	10
935	37.49	-13.44	10.06
936	37.53	-13.49	10.1
937	37.57	-13.52	10.14
938	37.61	-13.56	10.18
939	37.65	-13.62	10.23
940	37.69	-13.67	10.26
941	37.73	-13.73	10.33
942	37.77	-13.79	10.41
943	37.81	-13.84	10.47
944	37.85	-13.9	10.54
945	37.89	-13.95	10.56
946	37.93	-14	10.59
947	37.97	-14.04	10.64
948	38.01	-14.07	10.7
949	38.05	-14.1	10.76
950	38.09	-14.13	10.81
951	38.13	-14.17	10.87
952	38.17	-14.21	10.92
953	38.21	-14.26	10.97
954	38.25	-14.32	11.02
955	38.29	-14.37	11.1
956	38.33	-14.43	11.18
957	38.37	-14.49	11.27
958	38.41	-14.55	11.35
959	38.45	-14.59	11.4
960	38.49	-14.61	11.45
961	38.53	-14.61	11.49
962	38.57	-14.61	11.51
963	38.61	-14.62	11.51
964	38.65	-14.62	11.53
965	38.69	-14.64	11.53
966	38.73	-14.66	11.53
967	38.77	-14.7	11.55
968	38.81	-14.74	11.57
969	38.85	-14.77	11.58
970	38.89	-14.78	11.61
971	38.93	-14.79	11.61
972	38.97	-14.78	11.64
973	39.01	-14.77	11.69
974	39.05	-14.76	11.8
975	39.09	-14.74	11.97
976	39.13	-14.72	12.12
977	39.17	-14.7	12.29
978	39.21	-14.67	12.44
979	39.25	-14.66	12.55
980	39.29	-14.68	12.63
981	39.33	-14.69	12.67
982	39.37	-14.7	12.67
983	39.41	-14.71	12.64
984	39.45	-14.67	12.65
985	39.49	-14.59	12.7
986	39.53	-14.52	12.73
987	39.57	-14.45	12.75
988	39.61	-14.4	12.77
989	39.65	-14.36	12.77
990	39.69	-14.31	12.79
991	39.73	-14.26	12.79
992	39.77	-14.24	12.8
993	39.81	-14.23	12.8
994	39.85	-14.22	12.81
995	39.89	-14.21	12.87
996	39.93	-14.21	12.9
997	39.97	-14.24	12.96
998	40.01	-14.28	13.03
999	40.05	-14.32	13.11
1000	40.09	-14.37	13.21
1001	40.13	-14.4	13.32
1002	40.17	-14.41	13.41
1003	40.21	-14.44	13.45
1004	40.25	-14.45	13.45
1005	40.29	-14.49	13.42
1006	40.33	-14.52	13.4
1007	40.37	-14.52	13.42
1008	40.41	-14.54	13.47
1009	40.45	-14.55	13.53
1010	40.49	-14.57	13.59
1011	40.53	-14.59	13.62
1012	40.57	-14.58	13.64
1013	40.61	-14.54	13.66
1014	40.65	-14.46	13.68
1015	40.69	-14.38	13.73
1016	40.73	-14.32	13.8
1017	40.77	-14.27	13.86
1018	40.81	-14.25	13.94
1019	40.85	-14.27	14.01
1020	40.89	-14.3	14.08
1021	40.93	-14.36	14.15
1022	40.97	-14.48	14.22
1023	41.01	-14.61	14.26
1024	41.05	-14.74	14.26
1025	41.09	-14.87	14.27
1026	41.13	-14.95	14.25
1027	41.17	-14.98	14.27
1028	41.21	-14.97	14.34
1029	41.25	-14.93	14.43
1030	41.29	-14.88	14.54
1031	41.33	-14.84	14.62
1032	41.37	-14.8	14.68
1033	41.41	-14.78	14.72
1034	41.45	-14.76	14.79
1035	41.49	-14.73	14.88
1036	41.53	-14.69	14.98
1037	41.57	-14.64	15.1
1038	41.61	-14.6	15.23
1039	41.65	-14.55	15.34
1040	41.69	-14.5	15.43
1041	41.73	-14.45	15.5
1042	41.77	-14.41	15.58
1043	41.81	-14.4	15.66
1044	41.85	-14.38	15.76
1045	41.89	-14.36	15.85
1046	41.93	-14.34	15.92
1047	41.97	-14.33	15.99
1048	42.01	-14.29	16.07
1049	42.05	-14.23	16.16
1050	42.09	-14.14	16.26
1051	42.13	-14.03	16.36
1052	42.17	-13.92	16.41
1053	42.21	-13.83	16.43
1054	42.25	-13.75	16.47
1055	42.29	-13.68	16.5
1056	42.33	-13.61	16.57
1057	42.37	-13.56	16.67
1058	42.41	-13.51	16.76
1059	42.45	-13.47	16.86
1060	42.49	-13.45	16.96
1061	42.53	-13.46	17.06
1062	42.57	-13.49	17.19
1063	42.61	-13.53	17.3
1064	42.65	-13.57	17.42
1065	42.69	-13.58	17.52
1066	42.73	-13.56	17.64
1067	42.77	-13.52	17.74
1068	42.81	-13.46	17.82
1069	42.85	-13.4	17.87
1070	42.89	-13.35	17.86
1071	42.93	-13.32	17.85
1072	42.97	-13.28	17.83
1073	43.01	-13.23	17.81
1074	43.05	-13.17	17.81
1075	43.09	-13.09	17.81
1076	43.13	-12.98	17.86
1077	43.17	-12.83	17.95
1078	43.21	-12.66	18.08
1079	43.25	-12.46	18.25
1080	43.29	-12.26	18.43
1081	43.33	-12.06	18.59
1082	43.37	-11.86	18.77
1083	43.41	-11.73	18.93
1084	43.45	-11.67	19.09
1085	43.49	-11.69	19.24
1086	43.53	-11.74	19.36
1087	43.57	-11.77	19.43
1088	43.61	-11.78	19.46
1089	43.65	-11.77	19.49
1090	43.69	-11.78	19.52
1091	43.73	-11.79	19.57
1092	43.77	-11.78	19.61
1093	43.81	-11.75	19.65
1094	43.85	-11.7	19.64
1095	43.89	-11.68	19.65
1096	43.93	-11.64	19.71
1097	43.97	-11.58	19.8
1098	44.01	-11.49	19.93
1099	44.05	-11.35	20.09
1100	44.09	-11.2	20.22
1101	44.13	-11.05	20.34
1102	44.17	-10.91	20.44
1103	44.21	-10.76	20.55
1104	44.25	-10.63	20.64
1105	44.29	-10.54	20.73
1106	44.33	-10.47	20.83
1107	44.37	-10.44	20.87
1108	44.41	-10.41	20.92
1109	44.45	-10.39	20.94
1110	44.49	-10.38	20.97
1111	44.53	-10.36	20.98
1112	44.57	-10.33	20.99
1113	44.61	-10.3	21.02
1114	44.65	-10.27	21.03
1115	44.69	-10.26	21.06
1116	44.73	-10.27	21.08
1117	44.77	-10.28	21.09
1118	44.81	-10.28	21.08
1119	44.85	-10.27	21.07
1120	44.89	-10.26	21.02
1121	44.93	-10.25	20.98
1122	44.97	-10.25	20.93
1123	45.01	-10.26	20.86
1124	45.05	-10.27	20.81
1125	45.09	-10.27	20.76
1126	45.13	-10.29	20.73
1127	45.17	-10.29	20.71
1128	45.21	-10.29	20.72
1129	45.25	-10.29	20.71
1130	45.29	-10.28	20.7
1131	45.33	-10.29	20.67
1132	45.37	-10.28	20.61
1133	45.41	-10.27	20.55
1134	45.45	-10.23	20.5
1135	45.49	-10.2	20.44
1136	45.53	-10.17	20.37
1137	45.57	-10.16	20.32
1138	45.61	-10.13	20.26
1139	45.65	-10.07	20.21
1140	45.69	-9.98	20.14
1141	45.73	-9.86	20.05
1142	45.77	-9.74	19.96
1143	45.81	-9.65	19.87
1144	45.85	-9.6	19.81
1145	45.89	-9.56	19.79
1146	45.93	-9.54	19.79
1147	45.97	-9.52	19.81
1148	46.01	-9.52	19.85
1149	46.05	-9.51	19.89
1150	46.09	-9.5	19.91
1151	46.13	-9.49	19.92
1152	46.17	-9.49	19.92
1153	46.21	-9.49	19.9
1154	46.25	-9.5	19.88
1155	46.29	-9.52	19.86
1156	46.33	-9.55	19.82
1157	46.37	-9.59	19.78
1158	46.41	-9.63	19.72
1159	46.45	-9.65	19.67
1160	46.49	-9.67	19.63
1161	46.53	-9.69	19.59
1162	46.57	-9.69	19.57
1163	46.61	-9.69	19.57
1164	46.65	-9.65	19.56
1165	46.69	-9.61	19.56
1166	46.73	-9.56	19.54
1167	46.77	-9.53	19.52
1168	46.81	-9.5	19.52
1169	46.85	-9.49	19.54
1170	46.89	-9.48	19.59
1171	46.93	-9.48	19.64
1172	46.97	-9.48	19.66
1173	47.01	-9.48	19.67
1174	47.05	-9.5	19.66
1175	47.09	-9.5	19.66
1176	47.13	-9.51	19.66
1177	47.17	-9.49	19.68
1178	47.21	-9.46	19.7
1179	47.25	-9.43	19.7
1180	47.29	-9.39	19.71
1181	47.33	-9.38	19.7
1182	47.37	-9.37	19.67
1183	47.41	-9.38	19.66
1184	47.45	-9.39	19.66
1185	47.49	-9.4	19.66
1186	47.53	-9.4	19.67
1187	47.57	-9.4	19.68
1188	47.61	-9.4	19.68
1189	47.65	-9.39	19.68
1190	47.69	-9.37	19.68
1191	47.73	-9.38	19.68
1192	47.77	-9.39	19.68
1193	47.81	-9.4	19.68
1194	47.85	-9.39	19.7
1195	47.89	-9.38	19.73
1196	47.93	-9.36	19.78
1197	47.97	-9.35	19.82
1198	48.01	-9.35	19.85
1199	48.05	-9.35	19.87
1200	48.09	-9.35	19.91
1201	48.13	-9.36	19.94
1202	48.17	-9.37	19.97
1203	48.21	-9.38	20.01
1204	48.25	-9.41	20.04
1205	48.29	-9.43	20.08
1206	48.33	-9.47	20.1
1207	48.37	-9.51	20.12
1208	48.41	-9.54	20.14
1209	48.45	-9.57	20.15
1210	48.49	-9.59	20.18
1211	48.53	-9.61	20.21
1212	48.57	-9.61	20.24
1213	48.61	-9.61	20.29
1214	48.65	-9.61	20.33
1215	48.69	-9.64	20.35
1216	48.73	-9.68	20.37
1217	48.77	-9.74	20.38
1218	48.81	-9.81	20.37
1219	48.85	-9.85	20.38
1220	48.89	-9.9	20.36
1221	48.93	-9.93	20.36
1222	48.97	-9.96	20.35
1223	49.01	-10.01	20.33
1224	49.05	-10.06	20.31
1225	49.09	-10.1	20.29
1226	49.13	-10.17	20.24
1227	49.17	-10.22	20.2
1228	49.21	-10.27	20.17
1229	49.25	-10.32	20.15
1230	49.29	-10.36	20.15
1231	49.33	-10.41	20.12
1232	49.37	-10.48	20.07
1233	49.41	-10.53	19.99
1234	49.45	-10.59	19.93
1235	49.49	-10.64	19.88
1236	49.53	-10.67	19.83
1237	49.57	-10.71	19.81
1238	49.61	-10.74	19.79
1239	49.65	-10.77	19.77
1240	49.69	-10.82	19.76
1241	49.73	-10.89	19.74
1242	49.77	-10.99	19.7
1243	49.81	-11.09	19.63
1244	49.85	-11.2	19.58
1245	49.89	-11.29	19.53
1246	49.93	-11.35	19.5
1247	49.97	-11.41	19.49
1248	50.01	-11.46	19.48
1249	50.05	-11.54	19.5
1250	50.09	-11.63	19.53
1251	50.13	-11.73	19.57
1252	50.17	-11.82	19.61
1253	50.21	-11.92	19.66
1254	50.25	-12.02	19.69
1255	50.29	-12.13	19.72
1256	50.33	-12.23	19.73
1257	50.37	-12.33	19.72
1258	50.41	-12.43	19.72
1259	50.45	-12.54	19.71
1260	50.49	-12.67	19.73
1261	50.53	-12.79	19.74
1262	50.57	-12.93	19.75
1263	50.61	-13.05	19.78
1264	50.65	-13.15	19.81
1265	50.69	-13.27	19.86
1266	50.73	-13.41	19.96
1267	50.77	-13.59	20.06
1268	50.81	-13.78	20.16
1269	50.85	-13.94	20.24
1270	50.89	-14.06	20.31
1271	50.93	-14.13	20.36
1272	50.97	-14.16	20.41
1273	51.01	-14.22	20.49
1274	51.05	-14.27	20.55
1275	51.09	-14.32	20.62
1276	51.13	-14.35	20.68
1277	51.17	-14.36	20.71
1278	51.21	-14.36	20.74
1279	51.25	-14.35	20.75
1280	51.29	-14.35	20.78
1281	51.33	-14.34	20.83
1282	51.37	-14.34	20.86
1283	51.41	-14.33	20.9
1284	51.45	-14.31	20.9
1285	51.49	-14.29	20.89
1286	51.53	-14.26	20.87
1287	51.57	-14.24	20.84
1288	51.61	-14.22	20.83
1289	51.65	-14.22	20.81
1290	51.69	-14.22	20.83
1291	51.73	-14.23	20.86
1292	51.77	-14.25	20.9
1293	51.81	-14.27	20.96
1294	51.85	-14.28	21.01
1295	51.89	-14.3	21.06
1296	51.93	-14.31	21.1
1297	51.97	-14.31	21.09
1298	52.01	-14.31	21.05
1299	52.05	-14.3	21
1300	52.09	-14.28	20.92
1301	52.13	-14.27	20.86
1302	52.17	-14.26	20.82
1303	52.21	-14.26	20.75
1304	52.25	-14.27	20.71
1305	52.29	-14.28	20.65
1306	52.33	-14.3	20.59
1307	52.37	-14.33	20.56
1308	52.41	-14.36	20.53
1309	52.45	-14.39	20.49
1310	52.49	-14.42	20.48
1311	52.53	-14.46	20.47
1312	52.57	-14.48	20.44
1313	52.61	-14.52	20.44
1314	52.65	-14.56	20.44
1315	52.69	-14.59	20.42
1316	52.73	-14.61	20.4
1317	52.77	-14.63	20.39
1318	52.81	-14.63	20.36
1319	52.85	-14.62	20.33
1320	52.89	-14.62	20.3
1321	52.93	-14.6	20.27
1322	52.97	-14.59	20.23
1323	53.01	-14.58	20.2
1324	53.05	-14.57	20.17
1325	53.09	-14.57	20.16
1326	53.13	-14.56	20.17
1327	53.17	-14.55	20.17
1328	53.21	-14.54	20.19
1329	53.25	-14.55	20.21
1330	53.29	-14.55	20.22
1331	53.33	-14.53	20.22
1332	53.37	-14.49	20.2
1333	53.41	-14.42	20.16
1334	53.45	-14.35	20.1
1335	53.49	-14.29	20.05
1336	53.53	-14.19	19.97
1337	53.57	-14.07	19.91
1338	53.61	-13.93	19.83
1339	53.65	-13.82	19.78
1340	53.69	-13.8	19.79
1341	53.73	-13.81	19.78
1342	53.77	-13.86	19.79
1343	53.81	-13.9	19.78
1344	53.85	-13.87	19.71
1345	53.89	-13.83	19.66
1346	53.93	-13.77	19.6
1347	53.97	-13.7	19.55
1348	54.01	-13.65	19.52
1349	54.05	-13.62	19.49
1350	54.09	-13.61	19.41
1351	54.13	-13.59	19.33
1352	54.17	-13.55	19.22
1353	54.21	-13.48	19.11
1354	54.25	-13.4	19.05
1355	54.29	-13.33	19.01
1356	54.33	-13.28	18.97
1357	54.37	-13.23	18.95
1358	54.41	-13.18	18.89
1359	54.45	-13.14	18.83
1360	54.49	-13.1	18.77
1361	54.53	-13.12	18.74
1362	54.57	-13.13	18.71
1363	54.61	-13.12	18.69
1364	54.65	-13.11	18.67
1365	54.69	-13.06	18.62
1366	54.73	-13.02	18.59
1367	54.77	-12.96	18.54
1368	54.81	-12.91	18.52
1369	54.85	-12.87	18.49
1370	54.89	-12.82	18.46
1371	54.93	-12.77	18.42
1372	54.97	-12.74	18.39
1373	55.01	-12.73	18.35
1374	55.05	-12.74	18.33
1375	55.09	-12.76	18.32
1376	55.13	-12.77	18.3
1377	55.17	-12.79	18.28
1378	55.21	-12.8	18.25
1379	55.25	-12.83	18.22
1380	55.29	-12.83	18.18
1381	55.33	-12.83	18.14
1382	55.37	-12.85	18.1
1383	55.41	-12.84	18.06
1384	55.45	-12.85	18.03
1385	55.49	-12.86	18.01
1386	55.53	-12.87	17.99
1387	55.57	-12.87	17.99
1388	55.61	-12.88	17.97
1389	55.65	-12.88	17.96
1390	55.69	-12.89	17.96
1391	55.73	-12.91	17.97
1392	55.77	-12.9	17.98
1393	55.81	-12.91	18
1394	55.85	-12.9	18.02
1395	55.89	-12.88	18.04
1396	55.93	-12.86	18.06
1397	55.97	-12.83	18.07
1398	56.01	-12.82	18.07
1399	56.05	-12.81	18.07
1400	56.09	-12.8	18.05
1401	56.13	-12.81	18.06
1402	56.17	-12.83	18.05
1403	56.21	-12.85	18.06
1404	56.25	-12.87	18.09
1405	56.29	-12.88	18.1
1406	56.33	-12.89	18.13
1407	56.37	-12.9	18.17
1408	56.41	-12.92	18.21
1409	56.45	-12.96	18.28
1410	56.49	-12.98	18.33
1411	56.53	-12.98	18.38
1412	56.57	-12.96	18.43
1413	56.61	-12.89	18.45
1414	56.65	-12.84	18.5
1415	56.69	-12.78	18.58
1416	56.73	-12.72	18.65
1417	56.77	-12.69	18.76
1418	56.81	-12.68	18.84
1419	56.85	-12.7	18.88
1420	56.89	-12.71	18.92
1421	56.93	-12.71	18.94
1422	56.97	-12.69	18.97
1423	57.01	-12.65	19.02
1424	57.05	-12.62	19.07
1425	57.09	-12.61	19.12
1426	57.13	-12.57	19.14
1427	57.17	-12.53	19.16
1428	57.2	-12.48	19.18
1429	57.25	-12.43	19.2
1430	57.29	-12.38	19.23
1431	57.33	-12.34	19.25
1432	57.37	-12.31	19.31
1433	57.4	-12.31	19.38
1434	57.44	-12.33	19.45
1435	57.48	-12.34	19.54
1436	57.52	-12.35	19.62
1437	57.56	-12.36	19.69
1438	57.6	-12.37	19.77
1439	57.64	-12.39	19.83
1440	57.68	-12.41	19.86
1441	57.73	-12.43	19.9
1442	57.77	-12.45	19.92
1443	57.8	-12.45	19.95
1444	57.84	-12.45	19.98
1445	57.88	-12.45	19.98
1446	57.93	-12.45	19.99
1447	57.97	-12.44	20.01
1448	58	-12.43	20.02
1449	58.04	-12.4	20.05
1450	58.08	-12.37	20.06
1451	58.12	-12.34	20.06
1452	58.16	-12.31	20.05
1453	58.2	-12.28	20.03
1454	58.24	-12.25	20.04
1455	58.28	-12.21	20.04
1456	58.32	-12.17	20.05
1457	58.36	-12.14	20.06
1458	58.4	-12.11	20.06
1459	58.44	-12.08	20.05
1460	58.48	-12.04	20.06
1461	58.52	-12	20.03
1462	58.56	-11.96	20
1463	58.6	-11.93	19.94
1464	58.64	-11.91	19.83
1465	58.68	-11.89	19.73
1466	58.72	-11.87	19.63
1467	58.76	-11.85	19.56
1468	58.8	-11.84	19.47
1469	58.84	-11.82	19.37
1470	58.88	-11.8	19.27
1471	58.92	-11.79	19.17
1472	58.96	-11.78	19.1
1473	59	-11.78	19.05
1474	59.04	-11.81	19
1475	59.08	-11.87	18.92
1476	59.12	-11.91	18.87
1477	59.16	-11.91	18.76
1478	59.2	-11.87	18.64
1479	59.24	-11.79	18.55
1480	59.28	-11.7	18.44
1481	59.32	-11.63	18.35
1482	59.36	-11.59	18.23
1483	59.4	-11.59	18.09
1484	59.44	-11.63	17.94
1485	59.48	-11.67	17.83
1486	59.52	-11.7	17.79
1487	59.56	-11.72	17.78
1488	59.6	-11.75	17.78
1489	59.64	-11.82	17.81
1490	59.68	-11.95	17.89
1491	59.72	-12.13	18.02
1492	59.76	-12.33	18.19
1493	59.8	-12.5	18.32
1494	59.84	-12.61	18.41
1495	59.88	-12.68	18.41
1496	59.92	-12.72	18.34
1497	59.96	-12.76	18.25
1498	60	-12.79	18.12
1499	60.04	-12.77	17.99
1500	60.08	-12.75	17.86
1501	60.12	-12.72	17.77
1502	60.16	-12.7	17.69
1503	60.2	-12.71	17.63
1504	60.24	-12.7	17.61
1505	60.28	-12.69	17.55
1506	60.32	-12.66	17.5
1507	60.36	-12.64	17.44
1508	60.4	-12.62	17.37
1509	60.44	-12.6	17.33
1510	60.48	-12.57	17.32
1511	60.52	-12.55	17.3
1512	60.56	-12.49	17.29
1513	60.6	-12.42	17.25
1514	60.64	-12.35	17.16
1515	60.68	-12.25	17.09
1516	60.72	-12.17	17
1517	60.76	-12.11	16.93
1518	60.8	-12.06	16.88
1519	60.84	-12.02	16.81
1520	60.88	-11.97	16.72
1521	60.92	-11.9	16.61
1522	60.96	-11.79	16.51
1523	61	-11.7	16.42
1524	61.04	-11.63	16.39
1525	61.08	-11.56	16.38
1526	61.12	-11.5	16.38
1527	61.16	-11.4	16.38
1528	61.2	-11.27	16.35
1529	61.24	-11.14	16.32
1530	61.28	-11.02	16.28
1531	61.32	-10.92	16.24
1532	61.36	-10.84	16.22
1533	61.4	-10.74	16.17
1534	61.44	-10.66	16.12
1535	61.48	-10.62	16.08
1536	61.52	-10.57	16.04
1537	61.56	-10.54	16.02
1538	61.6	-10.51	16
1539	61.64	-10.49	15.95
1540	61.68	-10.48	15.9
1541	61.72	-10.47	15.85
1542	61.76	-10.5	15.8
1543	61.8	-10.51	15.77
1544	61.84	-10.52	15.74
1545	61.88	-10.5	15.7
1546	61.92	-10.49	15.68
1547	61.96	-10.49	15.67
1548	62	-10.48	15.65
1549	62.04	-10.45	15.64
1550	62.08	-10.4	15.61
1551	62.12	-10.29	15.56
1552	62.16	-10.2	15.51
1553	62.2	-10.16	15.48
1554	62.24	-10.11	15.45
1555	62.28	-10.1	15.43
1556	62.32	-10.11	15.41
1557	62.36	-10.12	15.39
1558	62.4	-10.14	15.37
1559	62.44	-10.17	15.36
1560	62.48	-10.17	15.37
1561	62.52	-10.19	15.36
1562	62.56	-10.22	15.36
1563	62.6	-10.24	15.36
1564	62.64	-10.25	15.34
1565	62.68	-10.27	15.34
1566	62.72	-10.26	15.34
1567	62.76	-10.25	15.34
1568	62.8	-10.26	15.35
1569	62.84	-10.25	15.36
1570	62.88	-10.25	15.37
1571	62.92	-10.26	15.39
1572	62.96	-10.25	15.4
1573	63	-10.27	15.42
1574	63.04	-10.24	15.42
1575	63.08	-10.24	15.43
1576	63.12	-10.23	15.44
1577	63.16	-10.22	15.43
1578	63.2	-10.24	15.44
1579	63.24	-10.28	15.45
1580	63.28	-10.36	15.47
1581	63.32	-10.44	15.48
1582	63.36	-10.51	15.49
1583	63.4	-10.55	15.47
1584	63.44	-10.57	15.43
1585	63.48	-10.61	15.42
1586	63.52	-10.63	15.39
1587	63.56	-10.65	15.37
1588	63.6	-10.65	15.36
1589	63.64	-10.63	15.33
1590	63.68	-10.6	15.3
1591	63.72	-10.57	15.27
1592	63.76	-10.54	15.23
1593	63.8	-10.53	15.2
1594	63.84	-10.52	15.18
1595	63.88	-10.51	15.17
1596	63.92	-10.54	15.2
1597	63.96	-10.55	15.22
1598	64	-10.57	15.25
1599	64.04	-10.58	15.29
1600	64.08	-10.57	15.31
1601	64.12	-10.58	15.33
1602	64.16	-10.6	15.35
1603	64.2	-10.64	15.38
1604	64.24	-10.69	15.41
1605	64.28	-10.74	15.45
1606	64.32	-10.78	15.49
1607	64.36	-10.83	15.53
1608	64.4	-10.89	15.6
1609	64.44	-10.94	15.64
1610	64.48	-11.01	15.67
1611	64.52	-11.07	15.69
1612	64.56	-11.11	15.65
1613	64.6	-11.15	15.61
1614	64.64	-11.19	15.6
1615	64.68	-11.23	15.58
1616	64.72	-11.28	15.61
1617	64.76	-11.32	15.67
1618	64.8	-11.35	15.73
1619	64.84	-11.4	15.8
1620	64.88	-11.51	15.91
1621	64.92	-11.61	15.99
1622	64.96	-11.73	16.06
1623	65	-11.84	16.13
1624	65.04	-11.92	16.18
1625	65.08	-12.03	16.24
1626	65.12	-12.12	16.32
1627	65.16	-12.21	16.4
1628	65.2	-12.28	16.49
1629	65.24	-12.31	16.57
1630	65.28	-12.33	16.63
1631	65.32	-12.35	16.66
1632	65.36	-12.37	16.67
1633	65.4	-12.37	16.7
1634	65.44	-12.37	16.74
1635	65.48	-12.34	16.79
1636	65.52	-12.34	16.81
1637	65.56	-12.35	16.82
1638	65.6	-12.39	16.81
1639	65.64	-12.47	16.79
1640	65.68	-12.57	16.76
1641	65.72	-12.67	16.7
1642	65.76	-12.77	16.64
1643	65.8	-12.87	16.57
1644	65.84	-12.98	16.53
1645	65.88	-13.12	16.49
1646	65.92	-13.26	16.47
1647	65.96	-13.38	16.44
1648	66	-13.48	16.46
1649	66.04	-13.55	16.51
1650	66.08	-13.62	16.55
1651	66.12	-13.69	16.61
1652	66.16	-13.74	16.63
1653	66.2	-13.79	16.58
1654	66.24	-13.85	16.52
1655	66.28	-13.92	16.45
1656	66.32	-13.98	16.37
1657	66.36	-14.06	16.34
1658	66.4	-14.12	16.32
1659	66.44	-14.16	16.32
1660	66.48	-14.21	16.34
1661	66.52	-14.26	16.36
1662	66.56	-14.33	16.39
1663	66.6	-14.42	16.4
1664	66.64	-14.5	16.39
1665	66.68	-14.58	16.38
1666	66.72	-14.67	16.37
1667	66.76	-14.76	16.38
1668	66.8	-14.86	16.38
1669	66.84	-14.97	16.39
1670	66.88	-15.05	16.37
1671	66.92	-15.12	16.35
1672	66.96	-15.17	16.32
1673	67	-15.23	16.3
1674	67.04	-15.28	16.32
1675	67.08	-15.32	16.31
1676	67.12	-15.34	16.31
1677	67.16	-15.34	16.29
1678	67.2	-15.31	16.27
1679	67.24	-15.3	16.25
1680	67.28	-15.3	16.24
1681	67.32	-15.28	16.23
1682	67.36	-15.27	16.2
1683	67.4	-15.25	16.18
1684	67.44	-15.23	16.18
1685	67.48	-15.23	16.15
1686	67.52	-15.23	16.14
1687	67.56	-15.23	16.13
1688	67.6	-15.22	16.11
1689	67.64	-15.2	16.12
1690	67.68	-15.19	16.12
1691	67.72	-15.18	16.11
1692	67.76	-15.18	16.11
1693	67.8	-15.17	16.11
1694	67.84	-15.16	16.12
1695	67.88	-15.13	16.16
1696	67.92	-15.09	16.22
1697	67.96	-15.04	16.32
1698	68	-14.99	16.42
1699	68.04	-14.93	16.55
1700	68.08	-14.87	16.65
1701	68.12	-14.81	16.72
1702	68.16	-14.73	16.81
1703	68.2	-14.65	16.87
1704	68.24	-14.57	16.96
1705	68.28	-14.48	17.05
1706	68.32	-14.42	17.14
1707	68.36	-14.38	17.23
1708	68.4	-14.34	17.34
1709	68.44	-14.3	17.4
1710	68.48	-14.24	17.46
1711	68.52	-14.17	17.53
1712	68.56	-14.09	17.61
1713	68.6	-14.02	17.74
1714	68.64	-13.96	17.89
1715	68.68	-13.9	18.03
1716	68.72	-13.85	18.12
1717	68.76	-13.8	18.16
1718	68.8	-13.74	18.2
1719	68.84	-13.69	18.21
1720	68.88	-13.64	18.23
1721	68.92	-13.59	18.27
1722	68.96	-13.54	18.29
1723	69	-13.41	18.3
1724	69.04	-13.32	18.23
1725	69.08	-13.23	18.15
1726	69.12	-13.14	18.08
1727	69.16	-13.11	18.03
1728	69.2	-13.08	18.04
1729	69.24	-13.06	18.07
1730	69.28	-13.04	18.11
1731	69.32	-13.06	18.14
1732	69.36	-13.05	18.21
1733	69.4	-13.06	18.28
1734	69.44	-13.08	18.34
1735	69.48	-13.09	18.39
1736	69.52	-13.1	18.41
1737	69.56	-13.1	18.43
1738	69.6	-13.06	18.45
1739	69.64	-12.96	18.46
1740	69.68	-12.82	18.49
1741	69.72	-12.7	18.52
1742	69.76	-12.6	18.58
1743	69.8	-12.54	18.64
1744	69.84	-12.54	18.7
1745	69.88	-12.51	18.77
1746	69.92	-12.47	18.83
1747	69.96	-12.45	18.91
1748	70	-12.42	19.02
1749	70.04	-12.39	19.13
1750	70.08	-12.35	19.25
1751	70.12	-12.31	19.36
1752	70.16	-12.28	19.43
1753	70.2	-12.28	19.47
1754	70.24	-12.28	19.47
1755	70.28	-12.29	19.46
1756	70.32	-12.29	19.46
1757	70.36	-12.3	19.46
1758	70.4	-12.3	19.47
1759	70.44	-12.3	19.5
1760	70.48	-12.31	19.52
1761	70.52	-12.31	19.55
1762	70.56	-12.3	19.6
1763	70.6	-12.26	19.66
1764	70.64	-12.22	19.71
1765	70.68	-12.19	19.76
1766	70.72	-12.17	19.81
1767	70.76	-12.17	19.87
1768	70.8	-12.15	19.93
1769	70.84	-12.11	20.01
1770	70.88	-12.08	20.09
1771	70.92	-12.04	20.15
1772	70.96	-12.03	20.2
1773	71	-12.01	20.24
1774	71.04	-12.02	20.28
1775	71.08	-12.01	20.33
1776	71.12	-11.99	20.38
1777	71.16	-11.96	20.45
1778	71.2	-11.89	20.51
1779	71.24	-11.83	20.56
1780	71.28	-11.77	20.61
1781	71.32	-11.73	20.65
1782	71.36	-11.71	20.65
1783	71.4	-11.7	20.65
1784	71.44	-11.7	20.62
1785	71.48	-11.71	20.57
1786	71.52	-11.74	20.51
1787	71.56	-11.79	20.44
1788	71.6	-11.84	20.35
1789	71.64	-11.88	20.27
1790	71.68	-11.87	20.19
1791	71.72	-11.83	20.12
1792	71.76	-11.76	20.06
1793	71.8	-11.68	20.01
1794	71.84	-11.62	19.96
1795	71.88	-11.57	19.88
1796	71.92	-11.52	19.79
1797	71.96	-11.45	19.7
1798	72	-11.42	19.64
1799	72.04	-11.42	19.59
1800	72.08	-11.46	19.55
1801	72.12	-11.5	19.49
1802	72.16	-11.51	19.44
1803	72.2	-11.5	19.38
1804	72.24	-11.48	19.32
1805	72.28	-11.48	19.28
1806	72.32	-11.48	19.24
1807	72.36	-11.49	19.19
1808	72.4	-11.47	19.16
1809	72.44	-11.45	19.1
1810	72.48	-11.41	19.05
1811	72.52	-11.38	19.01
1812	72.56	-11.34	18.97
1813	72.6	-11.33	18.94
1814	72.64	-11.31	18.92
1815	72.68	-11.29	18.88
1816	72.72	-11.26	18.84
1817	72.76	-11.21	18.79
1818	72.8	-11.16	18.73
1819	72.84	-11.11	18.68
1820	72.88	-11.08	18.62
1821	72.92	-11.08	18.53
1822	72.96	-11.08	18.45
1823	73	-11.07	18.4
1824	73.04	-11.05	18.36
1825	73.08	-11.02	18.37
1826	73.12	-11.01	18.37
1827	73.16	-11.01	18.36
1828	73.2	-11.03	18.35
1829	73.24	-11.05	18.34
1830	73.28	-11.04	18.32
1831	73.32	-11.02	18.32
1832	73.36	-10.99	18.33
1833	73.4	-10.95	18.34
1834	73.44	-10.92	18.35
1835	73.48	-10.88	18.35
1836	73.52	-10.84	18.38
1837	73.56	-10.8	18.39
1838	73.6	-10.77	18.42
1839	73.64	-10.75	18.44
1840	73.68	-10.75	18.44
1841	73.72	-10.78	18.47
1842	73.76	-10.82	18.5
1843	73.8	-10.86	18.54
1844	73.84	-10.9	18.59
1845	73.88	-10.91	18.6
1846	73.92	-10.94	18.63
1847	73.96	-10.99	18.64
1848	74	-11.04	18.63
1849	74.04	-11.09	18.62
1850	74.08	-11.12	18.57
1851	74.12	-11.12	18.52
1852	74.16	-11.1	18.46
1853	74.2	-11.08	18.41
1854	74.24	-11.06	18.39
1855	74.28	-11.04	18.37
1856	74.32	-11.05	18.37
1857	74.36	-11.06	18.38
1858	74.4	-11.08	18.38
1859	74.44	-11.12	18.38
1860	74.48	-11.13	18.4
1861	74.52	-11.16	18.41
1862	74.56	-11.17	18.44
1863	74.6	-11.2	18.47
1864	74.64	-11.21	18.51
1865	74.68	-11.22	18.55
1866	74.72	-11.24	18.57
1867	74.76	-11.23	18.61
1868	74.8	-11.21	18.64
1869	74.84	-11.18	18.68
1870	74.88	-11.12	18.73
1871	74.92	-11.07	18.78
1872	74.96	-11.01	18.84
1873	75	-10.96	18.89
1874	75.04	-10.9	18.92
1875	75.08	-10.86	18.96
1876	75.12	-10.82	18.98
1877	75.16	-10.77	19.04
1878	75.2	-10.7	19.11
1879	75.24	-10.62	19.18
1880	75.28	-10.54	19.24
1881	75.32	-10.46	19.27
1882	75.36	-10.4	19.31
1883	75.4	-10.34	19.34
1884	75.44	-10.27	19.39
1885	75.48	-10.22	19.43
1886	75.52	-10.19	19.45
1887	75.56	-10.15	19.47
1888	75.6	-10.14	19.48
1889	75.64	-10.13	19.5
1890	75.68	-10.11	19.51
1891	75.72	-10.11	19.51
1892	75.76	-10.09	19.51
1893	75.8	-10.09	19.51
1894	75.84	-10.1	19.49
1895	75.88	-10.12	19.49
1896	75.92	-10.15	19.48
1897	75.96	-10.16	19.47
1898	76	-10.16	19.46
1899	76.04	-10.14	19.45
1900	76.08	-10.11	19.44
1901	76.12	-10.09	19.43
1902	76.16	-10.07	19.42
1903	76.2	-10.07	19.4
1904	76.24	-10.06	19.4
1905	76.28	-10.07	19.39
1906	76.32	-10.07	19.39
1907	76.36	-10.07	19.38
1908	76.4	-10.07	19.36
1909	76.44	-10.06	19.32
1910	76.48	-10.07	19.28
1911	76.52	-10.07	19.25
1912	76.56	-10.11	19.23
1913	76.6	-10.15	19.26
1914	76.64	-10.17	19.29
1915	76.68	-10.2	19.33
1916	76.72	-10.19	19.36
1917	76.76	-10.18	19.38
1918	76.8	-10.18	19.4
1919	76.84	-10.16	19.42
1920	76.88	-10.14	19.45
1921	76.92	-10.11	19.46
1922	76.96	-10.08	19.49
1923	77	-10.06	19.53
1924	77.04	-10.03	19.56
1925	77.08	-10.02	19.59
1926	77.12	-10	19.61
1927	77.16	-9.97	19.62
1928	77.2	-9.96	19.62
1929	77.24	-9.92	19.63
1930	77.28	-9.9	19.64
1931	77.32	-9.87	19.64
1932	77.36	-9.86	19.65
1933	77.4	-9.85	19.65
1934	77.44	-9.83	19.65
1935	77.48	-9.82	19.65
1936	77.52	-9.79	19.64
1937	77.56	-9.79	19.63
1938	77.6	-9.77	19.65
1939	77.64	-9.79	19.65
1940	77.68	-9.81	19.67
1941	77.72	-9.8	19.68
1942	77.76	-9.79	19.7
1943	77.8	-9.77	19.71
1944	77.84	-9.76	19.72
1945	77.88	-9.74	19.76
1946	77.92	-9.72	19.82
1947	77.96	-9.71	19.89
1948	78	-9.7	19.96
1949	78.04	-9.71	20
1950	78.08	-9.72	20.02
1951	78.12	-9.73	20.04
1952	78.16	-9.73	20.03
1953	78.2	-9.72	20.01
1954	78.24	-9.71	19.99
1955	78.28	-9.71	19.97
1956	78.32	-9.73	19.97
1957	78.36	-9.74	19.97
1958	78.4	-9.78	19.98
1959	78.44	-9.81	19.97
1960	78.48	-9.82	19.93
1961	78.52	-9.86	19.88
1962	78.56	-9.89	19.86
1963	78.6	-9.92	19.86
1964	78.64	-9.96	19.88
1965	78.68	-9.97	19.89
1966	78.72	-10.02	19.85
1967	78.76	-10.08	19.82
1968	78.8	-10.14	19.78
1969	78.84	-10.2	19.76
1970	78.88	-10.24	19.76
1971	78.92	-10.3	19.76
1972	78.96	-10.39	19.73
1973	79	-10.45	19.71
1974	79.04	-10.48	19.7
1975	79.08	-10.45	19.67
1976	79.12	-10.39	19.67
1977	79.16	-10.36	19.66
1978	79.2	-10.35	19.65
1979	79.24	-10.37	19.61
1980	79.28	-10.39	19.58
1981	79.32	-10.4	19.56
1982	79.36	-10.41	19.55
1983	79.4	-10.39	19.58
1984	79.44	-10.38	19.62
1985	79.48	-10.36	19.62
1986	79.52	-10.32	19.6
1987	79.56	-10.28	19.56
1988	79.6	-10.21	19.51
1989	79.64	-10.14	19.5
1990	79.68	-10.08	19.53
1991	79.72	-10.06	19.54
1992	79.76	-10.05	19.57
1993	79.8	-10.05	19.59
1994	79.84	-10.06	19.57
1995	79.88	-10.06	19.55
1996	79.92	-10.1	19.52
1997	79.96	-10.12	19.49
1998	80	-10.15	19.46
1999	80.04	-10.19	19.45
2000	80.08	-10.19	19.47
2001	80.12	-10.19	19.53
2002	80.16	-10.17	19.59
2003	80.2	-10.13	19.64
2004	80.24	-10.12	19.67
2005	80.28	-10.12	19.65
2006	80.32	-10.13	19.62
2007	80.36	-10.13	19.58
2008	80.4	-10.13	19.53
2009	80.44	-10.12	19.51
2010	80.48	-10.1	19.51
2011	80.52	-10.09	19.52
2012	80.56	-10.07	19.52
2013	80.6	-10.04	19.52
2014	80.64	-10.02	19.52
2015	80.68	-10.02	19.5
2016	80.72	-10.02	19.49
2017	80.76	-10.02	19.48
2018	80.8	-9.99	19.46
2019	80.84	-9.93	19.46
2020	80.88	-9.87	19.46
2021	80.92	-9.83	19.46
2022	80.96	-9.8	19.45
2023	81	-9.81	19.42
2024	81.04	-9.79	19.39
2025	81.08	-9.76	19.37
2026	81.12	-9.72	19.36
2027	81.16	-9.68	19.35
2028	81.2	-9.64	19.34
2029	81.24	-9.62	19.32
2030	81.28	-9.58	19.31
2031	81.32	-9.56	19.3
2032	81.36	-9.55	19.3
2033	81.4	-9.54	19.31
2034	81.44	-9.52	19.31
2035	81.48	-9.52	19.3
2036	81.52	-9.52	19.26
2037	81.56	-9.52	19.22
2038	81.6	-9.53	19.18
2039	81.64	-9.54	19.14
2040	81.68	-9.54	19.12
2041	81.72	-9.55	19.09
2042	81.76	-9.58	19.04
2043	81.8	-9.62	18.98
2044	81.84	-9.66	18.92
2045	81.88	-9.67	18.88
2046	81.92	-9.65	18.86
2047	81.96	-9.6	18.83
2048	82	-9.57	18.79
2049	82.04	-9.57	18.74
2050	82.08	-9.59	18.69
2051	82.12	-9.63	18.67
2052	82.16	-9.66	18.67
2053	82.2	-9.68	18.69
2054	82.24	-9.69	18.72
2055	82.28	-9.7	18.74
2056	82.32	-9.71	18.76
2057	82.36	-9.72	18.76
2058	82.4	-9.73	18.76
2059	82.44	-9.74	18.75
2060	82.48	-9.76	18.73
2061	82.52	-9.79	18.71
2062	82.56	-9.83	18.67
2063	82.6	-9.87	18.63
2064	82.64	-9.89	18.6
2065	82.68	-9.9	18.59
2066	82.72	-9.91	18.58
2067	82.76	-9.91	18.57
2068	82.8	-9.9	18.57
2069	82.84	-9.9	18.56
2070	82.88	-9.89	18.57
2071	82.92	-9.88	18.57
2072	82.96	-9.87	18.58
2073	83	-9.86	18.59
2074	83.04	-9.86	18.6
2075	83.08	-9.85	18.62
2076	83.12	-9.84	18.63
2077	83.16	-9.85	18.65
2078	83.2	-9.86	18.64
2079	83.24	-9.86	18.65
2080	83.28	-9.87	18.66
2081	83.32	-9.87	18.66
2082	83.36	-9.87	18.67
2083	83.4	-9.87	18.69
2084	83.44	-9.88	18.7
2085	83.48	-9.88	18.72
2086	83.52	-9.89	18.73
2087	83.56	-9.9	18.75
2088	83.6	-9.91	18.75
2089	83.64	-9.91	18.75
2090	83.68	-9.92	18.74
2091	83.72	-9.94	18.73
2092	83.76	-9.95	18.72
2093	83.8	-9.96	18.71
2094	83.84	-9.95	18.7
2095	83.88	-9.95	18.7
2096	83.92	-9.94	18.71
2097	83.96	-9.94	18.71
2098	84	-9.92	18.73
2099	84.04	-9.88	18.76
2100	84.08	-9.84	18.78
2101	84.12	-9.8	18.8
2102	84.16	-9.77	18.81
2103	84.2	-9.75	18.82
2104	84.24	-9.73	18.84
2105	84.28	-9.7	18.87
2106	84.32	-9.65	18.92
2107	84.36	-9.58	18.94
2108	84.4	-9.54	18.94
2109	84.44	-9.49	18.94
2110	84.48	-9.48	18.92
2111	84.52	-9.46	18.9
2112	84.56	-9.42	18.91
2113	84.6	-9.39	18.91
2114	84.64	-9.34	18.93
2115	84.68	-9.31	18.96
2116	84.72	-9.25	18.98
2117	84.76	-9.2	18.97
2118	84.8	-9.15	18.95
2119	84.84	-9.11	18.91
2120	84.88	-9.1	18.87
2121	84.92	-9.06	18.89
2122	84.96	-9.02	18.93
2123	85	-8.96	19
2124	85.04	-8.9	19.05
2125	85.08	-8.83	19.09
2126	85.12	-8.76	19.1
2127	85.16	-8.71	19.1
2128	85.2	-8.66	19.11
2129	85.24	-8.64	19.09
2130	85.28	-8.62	19.09
2131	85.32	-8.63	19.1
2132	85.36	-8.66	19.13
2133	85.4	-8.69	19.17
2134	85.44	-8.7	19.21
2135	85.48	-8.7	19.23
2136	85.52	-8.68	19.26
2137	85.56	-8.67	19.29
2138	85.6	-8.66	19.37
2139	85.64	-8.65	19.45
2140	85.68	-8.66	19.51
2141	85.72	-8.65	19.58
2142	85.76	-8.65	19.62
2143	85.8	-8.64	19.65
2144	85.84	-8.63	19.69
2145	85.88	-8.63	19.72
2146	85.92	-8.65	19.76
2147	85.96	-8.69	19.84
2148	86	-8.72	19.92
2149	86.04	-8.75	19.99
2150	86.08	-8.76	20.03
2151	86.12	-8.76	20.05
2152	86.16	-8.75	20.07
2153	86.2	-8.73	20.1
2154	86.24	-8.72	20.13
2155	86.28	-8.7	20.18
2156	86.32	-8.69	20.25
2157	86.36	-8.68	20.33
2158	86.4	-8.64	20.42
2159	86.44	-8.59	20.47
2160	86.48	-8.51	20.51
2161	86.52	-8.4	20.5
2162	86.56	-8.3	20.49
2163	86.6	-8.2	20.48
2164	86.64	-8.13	20.47
2165	86.68	-8.09	20.46
2166	86.72	-8.05	20.45
2167	86.76	-7.99	20.44
2168	86.8	-7.93	20.44
2169	86.84	-7.86	20.44
2170	86.88	-7.8	20.46
2171	86.92	-7.76	20.49
2172	86.96	-7.72	20.51
2173	87	-7.69	20.56
2174	87.04	-7.66	20.59
2175	87.08	-7.61	20.6
2176	87.12	-7.56	20.63
2177	87.16	-7.52	20.63
2178	87.2	-7.48	20.63
2179	87.24	-7.45	20.63
2180	87.28	-7.43	20.62
2181	87.32	-7.4	20.61
2182	87.36	-7.38	20.6
2183	87.4	-7.39	20.61
2184	87.44	-7.4	20.62
2185	87.48	-7.42	20.62
2186	87.52	-7.47	20.65
2187	87.56	-7.52	20.67
2188	87.6	-7.6	20.68
2189	87.64	-7.68	20.72
2190	87.68	-7.75	20.75
2191	87.72	-7.82	20.81
2192	87.76	-7.86	20.9
2193	87.8	-7.88	21.01
2194	87.84	-7.87	21.09
2195	87.88	-7.86	21.17
2196	87.92	-7.87	21.21
2197	87.96	-7.92	21.23
2198	88	-8	21.26
2199	88.04	-8.07	21.27
2200	88.08	-8.11	21.3
2201	88.12	-8.12	21.37
2202	88.16	-8.14	21.44
2203	88.2	-8.18	21.51
2204	88.24	-8.23	21.59
2205	88.28	-8.29	21.66
2206	88.32	-8.32	21.73
2207	88.36	-8.34	21.81
2208	88.4	-8.35	21.89
2209	88.44	-8.33	22.01
2210	88.48	-8.31	22.16
2211	88.52	-8.29	22.31
2212	88.56	-8.31	22.44
2213	88.6	-8.36	22.51
2214	88.64	-8.42	22.54
2215	88.68	-8.47	22.56
2216	88.72	-8.5	22.6
2217	88.76	-8.51	22.69
2218	88.8	-8.54	22.78
2219	88.84	-8.64	22.88
2220	88.88	-8.74	22.97
2221	88.92	-8.85	23.06
2222	88.96	-8.93	23.15
2223	89	-8.98	23.26
2224	89.04	-9.03	23.37
2225	89.08	-9.07	23.46
2226	89.12	-9.11	23.54
2227	89.16	-9.11	23.63
2228	89.2	-9.08	23.74
2229	89.24	-9.01	23.88
2230	89.28	-8.94	24.02
2231	89.32	-8.89	24.14
2232	89.36	-8.87	24.21
2233	89.4	-8.87	24.27
2234	89.44	-8.88	24.32
2235	89.48	-8.86	24.42
2236	89.52	-8.84	24.54
2237	89.56	-8.81	24.67
2238	89.6	-8.79	24.77
2239	89.64	-8.77	24.84
2240	89.68	-8.76	24.87
2241	89.72	-8.74	24.88
2242	89.76	-8.7	24.93
2243	89.8	-8.66	24.96
2244	89.84	-8.6	24.97
2245	89.88	-8.54	24.98
2246	89.92	-8.49	24.96
2247	89.96	-8.43	24.96
2248	90	-8.36	24.98
2249	90.04	-8.33	24.99
2250	90.08	-8.31	25.01
2251	90.12	-8.3	25.01
2252	90.16	-8.29	25
2253	90.2	-8.26	25.02
2254	90.24	-8.24	25.03
2255	90.28	-8.21	25.04
2256	90.32	-8.17	25.06
2257	90.36	-8.16	25.05
2258	90.4	-8.12	25.02
2259	90.44	-8.08	25
2260	90.48	-8.03	24.98
2261	90.52	-7.98	24.96
2262	90.56	-7.95	24.95
2263	90.6	-7.92	24.92
2264	90.64	-7.87	24.92
2265	90.68	-7.81	24.91
2266	90.72	-7.75	24.91
2267	90.76	-7.69	24.91
2268	90.8	-7.66	24.9
2269	90.84	-7.61	24.91
2270	90.88	-7.54	24.9
2271	90.92	-7.48	24.89
2272	90.96	-7.42	24.89
2273	91	-7.38	24.88
2274	91.04	-7.35	24.89
2275	91.08	-7.32	24.95
2276	91.12	-7.26	25.03
2277	91.16	-7.21	25.11
2278	91.2	-7.18	25.16
2279	91.24	-7.16	25.16
2280	91.28	-7.17	25.14
2281	91.32	-7.15	25.14
2282	91.36	-7.13	25.13
2283	91.4	-7.09	25.14
2284	91.44	-7.06	25.13
2285	91.48	-7.04	25.13
2286	91.52	-7.01	25.15
2287	91.56	-6.99	25.18
2288	91.6	-6.97	25.22
2289	91.64	-6.95	25.27
2290	91.68	-6.95	25.29
2291	91.72	-6.97	25.28
2292	91.76	-7.01	25.26
2293	91.8	-7.03	25.24
2294	91.84	-7.08	25.2
2295	91.88	-7.13	25.14
2296	91.92	-7.21	25.05
2297	91.96	-7.32	24.94
2298	92	-7.4	24.86
2299	92.04	-7.48	24.79
2300	92.08	-7.52	24.74
2301	92.12	-7.55	24.73
2302	92.16	-7.6	24.71
2303	92.2	-7.63	24.69
2304	92.24	-7.66	24.69
2305	92.28	-7.69	24.67
2306	92.32	-7.73	24.64
2307	92.36	-7.79	24.63
2308	92.4	-7.86	24.6
2309	92.44	-7.93	24.57
2310	92.48	-8.01	24.53
2311	92.52	-8.07	24.51
2312	92.56	-8.13	24.49
2313	92.6	-8.18	24.47
2314	92.64	-8.22	24.47
2315	92.68	-8.25	24.5
2316	92.72	-8.29	24.52
2317	92.76	-8.33	24.55
2318	92.8	-8.37	24.54
2319	92.84	-8.44	24.5
2320	92.88	-8.5	24.45
2321	92.92	-8.58	24.39
2322	92.96	-8.68	24.33
2323	93	-8.77	24.29
2324	93.04	-8.86	24.27
2325	93.08	-8.93	24.27
2326	93.12	-9	24.29
2327	93.16	-9.06	24.29
2328	93.2	-9.14	24.29
2329	93.24	-9.22	24.3
2330	93.28	-9.3	24.29
2331	93.32	-9.36	24.27
2332	93.36	-9.4	24.26
2333	93.4	-9.43	24.24
2334	93.44	-9.46	24.19
2335	93.48	-9.49	24.12
2336	93.52	-9.52	24.06
2337	93.56	-9.55	23.99
2338	93.6	-9.59	23.98
2339	93.64	-9.67	23.97
2340	93.68	-9.77	23.95
2341	93.72	-9.92	23.95
2342	93.76	-10.09	23.92
2343	93.8	-10.26	23.9
2344	93.84	-10.43	23.88
2345	93.88	-10.56	23.86
2346	93.92	-10.65	23.84
2347	93.96	-10.69	23.8
2348	94	-10.68	23.76
2349	94.04	-10.65	23.71
2350	94.08	-10.6	23.65
2351	94.12	-10.53	23.59
2352	94.16	-10.45	23.49
2353	94.2	-10.34	23.4
2354	94.24	-10.23	23.3
2355	94.28	-10.12	23.2
2356	94.32	-10.02	23.13
2357	94.36	-9.93	23.08
2358	94.4	-9.88	23.07
2359	94.44	-9.85	23.07
2360	94.48	-9.85	23.1
2361	94.52	-9.83	23.12
2362	94.56	-9.8	23.14
2363	94.6	-9.75	23.16
2364	94.64	-9.7	23.17
2365	94.68	-9.67	23.18
2366	94.72	-9.65	23.18
2367	94.76	-9.62	23.23
2368	94.8	-9.57	23.28
2369	94.84	-9.52	23.33
2370	94.88	-9.46	23.38
2371	94.92	-9.41	23.38
2372	94.96	-9.36	23.4
2373	95	-9.31	23.39
2374	95.04	-9.26	23.42
2375	95.08	-9.21	23.47
2376	95.12	-9.18	23.51
2377	95.16	-9.16	23.57
2378	95.2	-9.15	23.61
2379	95.24	-9.16	23.65
2380	95.28	-9.16	23.69
2381	95.32	-9.18	23.72
2382	95.36	-9.19	23.74
2383	95.4	-9.19	23.74
2384	95.44	-9.21	23.74
2385	95.48	-9.21	23.72
2386	95.52	-9.21	23.71
2387	95.56	-9.23	23.68
2388	95.6	-9.24	23.6
2389	95.64	-9.26	23.52
2390	95.68	-9.28	23.39
2391	95.72	-9.31	23.27
2392	95.76	-9.35	23.2
2393	95.8	-9.39	23.13
2394	95.84	-9.44	23.07
2395	95.88	-9.48	23.03
2396	95.92	-9.51	22.96
2397	95.96	-9.55	22.89
2398	96	-9.59	22.83
2399	96.04	-9.61	22.75
2400	96.08	-9.63	22.7
2401	96.12	-9.64	22.64
2402	96.16	-9.65	22.61
2403	96.2	-9.67	22.57
2404	96.24	-9.71	22.49
2405	96.28	-9.76	22.42
2406	96.32	-9.79	22.34
2407	96.36	-9.82	22.27
2408	96.4	-9.84	22.23
2409	96.43	-9.86	22.2
2410	96.47	-9.88	22.16
2411	96.52	-9.91	22.14
2412	96.55	-9.95	22.1
2413	96.6	-10	22.04
2414	96.63	-10.06	21.96
2415	96.67	-10.13	21.86
2416	96.71	-10.21	21.78
2417	96.75	-10.26	21.71
2418	96.79	-10.31	21.69
2419	96.83	-10.34	21.7
2420	96.87	-10.37	21.72
2421	96.91	-10.4	21.76
2422	96.95	-10.44	21.79
2423	96.99	-10.48	21.83
2424	97.03	-10.52	21.84
2425	97.07	-10.55	21.82
2426	97.11	-10.56	21.78
2427	97.15	-10.56	21.69
2428	97.19	-10.55	21.62
2429	97.23	-10.55	21.59
2430	97.27	-10.55	21.59
2431	97.31	-10.54	21.6
2432	97.35	-10.53	21.62
2433	97.39	-10.51	21.63
2434	97.43	-10.47	21.63
2435	97.47	-10.44	21.63
2436	97.51	-10.42	21.63
2437	97.55	-10.38	21.61
2438	97.59	-10.36	21.58
2439	97.64	-10.33	21.55
2440	97.67	-10.31	21.51
2441	97.71	-10.3	21.48
2442	97.75	-10.3	21.44
2443	97.79	-10.33	21.44
2444	97.83	-10.39	21.46
2445	97.87	-10.44	21.5
2446	97.91	-10.49	21.54
2447	97.95	-10.53	21.59
2448	97.99	-10.55	21.62
2449	98.03	-10.59	21.67
2450	98.07	-10.64	21.73
2451	98.11	-10.68	21.78
2452	98.15	-10.71	21.83
2453	98.19	-10.71	21.87
2454	98.23	-10.7	21.9
2455	98.27	-10.69	21.91
2456	98.31	-10.7	21.91
2457	98.35	-10.73	21.92
2458	98.39	-10.78	21.88
2459	98.45	-10.84	21.87
2460	98.48	-10.91	21.84
2461	98.51	-10.95	21.79
2462	98.55	-10.99	21.78
2463	98.59	-11.01	21.77
2464	98.63	-11.03	21.76
2465	98.67	-11.05	21.79
2466	98.71	-11.04	21.8
2467	98.75	-11.01	21.78
2468	98.79	-10.98	21.79
2469	98.83	-10.97	21.79
2470	98.87	-10.97	21.8
2471	98.91	-10.97	21.82
2472	98.95	-10.96	21.81
2473	98.99	-10.95	21.81
2474	99.03	-10.94	21.8
2475	99.07	-10.91	21.76
2476	99.11	-10.86	21.72
2477	99.15	-10.8	21.66
2478	99.19	-10.73	21.61
2479	99.23	-10.69	21.59
2480	99.27	-10.65	21.57
2481	99.31	-10.6	21.54
2482	99.35	-10.52	21.5
2483	99.39	-10.46	21.48
2484	99.43	-10.41	21.45
2485	99.47	-10.39	21.4
2486	99.51	-10.41	21.37
2487	99.55	-10.4	21.32
2488	99.59	-10.38	21.31
2489	99.63	-10.37	21.3
2490	99.67	-10.34	21.3
2491	99.71	-10.32	21.3
2492	99.75	-10.28	21.29
2493	99.79	-10.25	21.29
2494	99.83	-10.22	21.27
2495	99.87	-10.19	21.24
2496	99.91	-10.17	21.21
2497	99.95	-10.14	21.18
2498	99.99	-10.13	21.14
2499	100.03	-10.11	21.11
2500	100.07	-10.11	21.08
2501	100.11	-10.11	21.04
2502	100.15	-10.09	21
2503	100.19	-10.08	20.94
2504	100.23	-10.05	20.89
2505	100.27	-10.03	20.84
2506	100.31	-10.01	20.77
2507	100.35	-9.98	20.71
2508	100.39	-9.96	20.6
2509	100.43	-9.96	20.53
2510	100.47	-9.96	20.48
2511	100.51	-9.98	20.45
2512	100.55	-10	20.44
2513	100.59	-10	20.42
2514	100.63	-10	20.36
2515	100.67	-10	20.3
2516	100.71	-9.99	20.25
2517	100.75	-9.97	20.19
2518	100.79	-9.93	20.15
2519	100.83	-9.91	20.1
2520	100.87	-9.9	20.04
2521	100.91	-9.9	19.98
2522	100.95	-9.91	19.91
2523	100.99	-9.92	19.84
2524	101.03	-9.94	19.77
2525	101.07	-9.98	19.71
2526	101.11	-10.02	19.66
2527	101.15	-10.08	19.59
2528	101.19	-10.16	19.48
2529	101.23	-10.24	19.35
2530	101.27	-10.33	19.21
2531	101.31	-10.4	19.1
2532	101.35	-10.45	19.03
2533	101.39	-10.48	18.98
2534	101.43	-10.49	18.93
2535	101.47	-10.5	18.88
2536	101.51	-10.52	18.81
2537	101.55	-10.54	18.74
2538	101.59	-10.55	18.69
2539	101.63	-10.57	18.65
2540	101.67	-10.58	18.64
2541	101.71	-10.59	18.63
2542	101.75	-10.6	18.64
2543	101.79	-10.6	18.65
2544	101.83	-10.58	18.68
2545	101.87	-10.55	18.73
2546	101.91	-10.51	18.8
2547	101.95	-10.44	18.9
2548	101.99	-10.37	19.01
2549	102.03	-10.3	19.1
2550	102.07	-10.25	19.17
2551	102.11	-10.22	19.2
2552	102.15	-10.18	19.23
2553	102.19	-10.15	19.25
2554	102.23	-10.09	19.28
2555	102.27	-10.03	19.32
2556	102.31	-9.96	19.33
2557	102.35	-9.9	19.36
2558	102.39	-9.87	19.37
2559	102.43	-9.86	19.37
2560	102.47	-9.86	19.38
2561	102.51	-9.87	19.38
2562	102.55	-9.86	19.38
2563	102.59	-9.83	19.39
2564	102.63	-9.81	19.4
2565	102.67	-9.79	19.41
2566	102.71	-9.77	19.44
2567	102.75	-9.75	19.45
2568	102.79	-9.72	19.45
2569	102.83	-9.7	19.45
2570	102.87	-9.68	19.44
2571	102.91	-9.66	19.43
2572	102.95	-9.65	19.41
2573	102.99	-9.65	19.39
2574	103.03	-9.66	19.37
2575	103.07	-9.66	19.37
2576	103.11	-9.66	19.38
2577	103.15	-9.66	19.39
2578	103.19	-9.66	19.4
2579	103.23	-9.67	19.41
2580	103.27	-9.69	19.42
2581	103.31	-9.71	19.45
2582	103.35	-9.73	19.49
2583	103.39	-9.76	19.53
2584	103.43	-9.76	19.57
2585	103.47	-9.77	19.59
2586	103.51	-9.77	19.61
2587	103.55	-9.76	19.62
2588	103.59	-9.76	19.62
2589	103.63	-9.77	19.63
2590	103.67	-9.78	19.64
2591	103.71	-9.79	19.66
2592	103.75	-9.79	19.68
2593	103.79	-9.79	19.69
2594	103.83	-9.77	19.7
2595	103.87	-9.76	19.7
2596	103.91	-9.74	19.7
2597	103.95	-9.71	19.74
2598	103.99	-9.68	19.76
2599	104.03	-9.67	19.79
2600	104.07	-9.67	19.81
2601	104.11	-9.68	19.81
2602	104.15	-9.67	19.81
2603	104.19	-9.67	19.81
2604	104.23	-9.68	19.8
2605	104.27	-9.68	19.81
2606	104.31	-9.69	19.82
2607	104.35	-9.69	19.84
2608	104.39	-9.68	19.87
2609	104.43	-9.68	19.92
2610	104.47	-9.69	19.99
2611	104.51	-9.68	20.11
2612	104.55	-9.66	20.22
2613	104.59	-9.65	20.32
2614	104.63	-9.63	20.41
2615	104.67	-9.61	20.46
2616	104.71	-9.6	20.52
2617	104.75	-9.58	20.56
2618	104.79	-9.56	20.58
2619	104.83	-9.56	20.61
2620	104.87	-9.55	20.61
2621	104.91	-9.54	20.61
2622	104.95	-9.56	20.59
2623	104.99	-9.56	20.56
2624	105.03	-9.58	20.53
2625	105.07	-9.6	20.51
2626	105.11	-9.62	20.52
2627	105.15	-9.64	20.54
2628	105.19	-9.67	20.55
2629	105.23	-9.66	20.56
2630	105.27	-9.66	20.56
2631	105.31	-9.67	20.57
2632	105.35	-9.67	20.57
2633	105.39	-9.71	20.55
2634	105.43	-9.72	20.54
2635	105.47	-9.74	20.5
2636	105.51	-9.75	20.48
2637	105.55	-9.75	20.47
2638	105.59	-9.75	20.45
2639	105.63	-9.74	20.43
2640	105.67	-9.74	20.41
2641	105.71	-9.74	20.39
2642	105.75	-9.74	20.38
2643	105.79	-9.73	20.39
2644	105.83	-9.7	20.39
2645	105.87	-9.65	20.38
2646	105.91	-9.6	20.35
2647	105.95	-9.57	20.31
2648	105.99	-9.54	20.28
2649	106.03	-9.51	20.26
2650	106.07	-9.48	20.27
2651	106.11	-9.44	20.28
2652	106.15	-9.4	20.29
2653	106.19	-9.37	20.31
2654	106.23	-9.35	20.31
2655	106.27	-9.31	20.32
2656	106.31	-9.27	20.32
2657	106.35	-9.22	20.31
2658	106.39	-9.16	20.3
2659	106.43	-9.14	20.29
2660	106.47	-9.13	20.29
2661	106.51	-9.13	20.29
2662	106.55	-9.14	20.31
2663	106.59	-9.12	20.31
2664	106.63	-9.1	20.3
2665	106.67	-9.06	20.29
2666	106.71	-9.02	20.28
2667	106.75	-9	20.28
2668	106.79	-8.96	20.3
2669	106.83	-8.94	20.32
2670	106.87	-8.91	20.36
2671	106.91	-8.9	20.4
2672	106.95	-8.9	20.44
2673	106.99	-8.86	20.51
2674	107.03	-8.81	20.58
2675	107.07	-8.74	20.64
2676	107.11	-8.7	20.69
2677	107.15	-8.7	20.72
2678	107.19	-8.71	20.71
2679	107.23	-8.73	20.68
2680	107.27	-8.73	20.64
2681	107.31	-8.72	20.6
2682	107.35	-8.7	20.56
2683	107.39	-8.67	20.55
2684	107.43	-8.64	20.56
2685	107.47	-8.62	20.59
2686	107.51	-8.61	20.64
2687	107.55	-8.59	20.73
2688	107.59	-8.55	20.77
2689	107.63	-8.5	20.82
2690	107.67	-8.48	20.87
2691	107.71	-8.46	20.91
2692	107.75	-8.51	20.99
2693	107.79	-8.6	21.01
2694	107.83	-8.72	20.99
2695	107.87	-8.86	20.93
2696	107.91	-8.96	20.86
2697	107.95	-9.02	20.81
2698	107.99	-9.05	20.8
2699	108.03	-9.07	20.78
2700	108.07	-9.09	20.76
2701	108.11	-9.11	20.74
2702	108.15	-9.11	20.71
2703	108.19	-9.11	20.7
2704	108.23	-9.13	20.69
2705	108.27	-9.16	20.68
2706	108.31	-9.21	20.67
2707	108.35	-9.26	20.65
2708	108.39	-9.31	20.62
2709	108.43	-9.32	20.59
2710	108.47	-9.32	20.57
2711	108.51	-9.3	20.55
2712	108.55	-9.27	20.53
2713	108.59	-9.25	20.5
2714	108.63	-9.25	20.44
2715	108.67	-9.25	20.36
2716	108.71	-9.23	20.29
2717	108.75	-9.21	20.23
2718	108.79	-9.17	20.17
2719	108.83	-9.13	20.11
2720	108.87	-9.08	20.04
2721	108.91	-9.04	19.99
2722	108.95	-8.99	19.96
2723	108.99	-8.96	19.96
2724	109.03	-8.95	19.98
2725	109.07	-8.95	20
2726	109.11	-8.96	20.05
2727	109.15	-8.97	20.08
2728	109.19	-8.97	20.12
2729	109.23	-8.97	20.18
2730	109.27	-8.96	20.23
2731	109.31	-8.96	20.28
2732	109.35	-8.95	20.31
2733	109.39	-8.93	20.33
2734	109.43	-8.92	20.33
2735	109.47	-8.92	20.32
2736	109.51	-8.92	20.33
2737	109.55	-8.92	20.32
2738	109.59	-8.92	20.31
2739	109.63	-8.92	20.3
2740	109.67	-8.92	20.3
2741	109.71	-8.92	20.31
2742	109.75	-8.91	20.32
2743	109.79	-8.91	20.33
2744	109.83	-8.91	20.33
2745	109.87	-8.91	20.32
2746	109.91	-8.91	20.3
2747	109.95	-8.92	20.29
2748	109.99	-8.94	20.29
2749	110.03	-8.96	20.26
2750	110.07	-8.97	20.23
2751	110.11	-8.97	20.18
2752	110.15	-8.96	20.14
2753	110.19	-8.95	20.1
2754	110.23	-8.94	20.09
2755	110.27	-8.94	20.1
2756	110.31	-8.93	20.09
2757	110.35	-8.91	20.08
2758	110.39	-8.88	20.06
2759	110.43	-8.86	20.03
2760	110.47	-8.84	20.03
2761	110.51	-8.84	20.05
2762	110.55	-8.84	20.05
2763	110.59	-8.85	20.08
2764	110.63	-8.87	20.09
2765	110.67	-8.89	20.1
2766	110.71	-8.91	20.12
2767	110.75	-8.92	20.15
2768	110.79	-8.93	20.18
2769	110.83	-8.94	20.23
2770	110.87	-8.94	20.31
2771	110.91	-8.94	20.37
2772	110.95	-8.94	20.45
2773	110.99	-8.95	20.53
2774	111.03	-8.95	20.62
2775	111.07	-8.96	20.71
2776	111.11	-8.96	20.78
2777	111.15	-8.97	20.82
2778	111.19	-8.98	20.84
2779	111.23	-8.99	20.83
2780	111.27	-9	20.79
2781	111.31	-8.99	20.73
2782	111.35	-8.97	20.66
2783	111.39	-8.94	20.59
2784	111.43	-8.92	20.54
2785	111.47	-8.9	20.5
2786	111.51	-8.89	20.47
2787	111.55	-8.89	20.44
2788	111.59	-8.9	20.39
2789	111.63	-8.91	20.35
2790	111.67	-8.92	20.28
2791	111.71	-8.93	20.21
2792	111.75	-8.94	20.14
2793	111.79	-8.95	20.08
2794	111.83	-8.94	20.02
2795	111.87	-8.93	19.97
2796	111.91	-8.92	19.95
2797	111.95	-8.9	19.93
2798	111.99	-8.87	19.9
2799	112.03	-8.85	19.89
2800	112.07	-8.82	19.88
2801	112.11	-8.81	19.91
2802	112.15	-8.82	19.96
2803	112.19	-8.84	20.02
2804	112.23	-8.86	20.07
2805	112.27	-8.89	20.08
2806	112.31	-8.9	20.07
2807	112.35	-8.9	20.03
2808	112.39	-8.88	19.99
2809	112.43	-8.83	19.95
2810	112.47	-8.79	19.95
2811	112.51	-8.75	19.94
2812	112.55	-8.73	19.94
2813	112.59	-8.74	19.98
2814	112.63	-8.75	20.01
2815	112.67	-8.77	20.04
2816	112.71	-8.78	20.08
2817	112.75	-8.8	20.08
2818	112.79	-8.81	20.09
2819	112.83	-8.8	20.09
2820	112.87	-8.8	20.08
2821	112.91	-8.78	20.08
2822	112.95	-8.76	20.08
2823	112.99	-8.76	20.07
2824	113.03	-8.75	20.05
2825	113.07	-8.75	20.02
2826	113.11	-8.75	19.99
2827	113.15	-8.75	19.96
2828	113.19	-8.76	19.94
2829	113.23	-8.77	19.92
2830	113.27	-8.8	19.91
2831	113.31	-8.85	19.92
2832	113.35	-8.88	19.91
2833	113.39	-8.92	19.92
2834	113.43	-8.96	19.92
2835	113.47	-8.96	19.9
2836	113.51	-8.93	19.89
2837	113.55	-8.89	19.9
2838	113.59	-8.83	19.92
2839	113.63	-8.77	19.94
2840	113.67	-8.78	19.98
2841	113.71	-8.8	20.01
2842	113.75	-8.82	19.99
2843	113.79	-8.85	19.96
2844	113.83	-8.85	19.92
2845	113.87	-8.84	19.87
2846	113.91	-8.84	19.87
2847	113.95	-8.85	19.89
2848	113.99	-8.86	19.91
2849	114.03	-8.86	19.94
2850	114.07	-8.84	19.92
2851	114.11	-8.83	19.89
2852	114.15	-8.82	19.88
2853	114.19	-8.82	19.89
2854	114.23	-8.83	19.93
2855	114.27	-8.82	19.95
2856	114.31	-8.79	19.95
2857	114.35	-8.74	19.97
2858	114.39	-8.7	20.01
2859	114.43	-8.68	20.05
2860	114.47	-8.66	20.12
2861	114.51	-8.65	20.17
2862	114.55	-8.63	20.21
2863	114.59	-8.61	20.26
2864	114.63	-8.62	20.3
2865	114.67	-8.61	20.34
2866	114.71	-8.62	20.38
2867	114.75	-8.62	20.43
2868	114.79	-8.61	20.48
2869	114.83	-8.61	20.52
2870	114.87	-8.59	20.55
2871	114.91	-8.58	20.58
2872	114.95	-8.58	20.59
2873	114.99	-8.57	20.6
2874	115.03	-8.57	20.62
2875	115.07	-8.56	20.63
2876	115.11	-8.55	20.62
2877	115.15	-8.56	20.61
2878	115.19	-8.58	20.57
2879	115.23	-8.58	20.55
2880	115.27	-8.58	20.54
2881	115.31	-8.59	20.52
2882	115.35	-8.61	20.52
2883	115.39	-8.66	20.49
2884	115.43	-8.74	20.45
2885	115.47	-8.81	20.4
2886	115.51	-8.87	20.36
2887	115.55	-8.93	20.32
2888	115.59	-8.98	20.31
2889	115.63	-9.04	20.28
2890	115.67	-9.1	20.24
2891	115.71	-9.15	20.18
2892	115.75	-9.18	20.11
2893	115.79	-9.19	20.06
2894	115.83	-9.21	20.02
2895	115.87	-9.23	20
2896	115.91	-9.25	19.99
2897	115.95	-9.28	19.97
2898	115.99	-9.32	19.96
2899	116.03	-9.35	19.96
2900	116.07	-9.38	19.95
2901	116.11	-9.39	19.94
2902	116.15	-9.4	19.91
2903	116.19	-9.37	19.85
2904	116.23	-9.31	19.75
2905	116.27	-9.26	19.66
2906	116.31	-9.2	19.59
2907	116.35	-9.16	19.53
2908	116.39	-9.15	19.5
2909	116.43	-9.15	19.49
2910	116.47	-9.15	19.47
2911	116.51	-9.14	19.45
2912	116.55	-9.1	19.4
2913	116.59	-9.04	19.35
2914	116.63	-9	19.28
2915	116.67	-8.98	19.26
2916	116.71	-8.97	19.25
2917	116.75	-8.97	19.25
2918	116.79	-8.98	19.26
2919	116.83	-8.98	19.26
2920	116.87	-8.99	19.27
2921	116.91	-8.99	19.27
2922	116.95	-9	19.27
2923	116.99	-9	19.26
2924	117.03	-9.02	19.26
2925	117.07	-9.03	19.27
2926	117.11	-9.03	19.27
2927	117.15	-9.04	19.27
2928	117.19	-9.04	19.26
2929	117.23	-9.03	19.25
2930	117.27	-9.03	19.24
2931	117.31	-9.04	19.24
2932	117.35	-9.05	19.24
2933	117.39	-9.06	19.23
2934	117.43	-9.07	19.23
2935	117.47	-9.08	19.24
2936	117.51	-9.08	19.25
2937	117.55	-9.07	19.26
2938	117.59	-9.07	19.26
2939	117.63	-9.05	19.25
2940	117.67	-9.04	19.25
2941	117.71	-9.04	19.25
2942	117.75	-9.04	19.26
2943	117.79	-9.05	19.27
2944	117.83	-9.05	19.28
2945	117.87	-9.05	19.28
2946	117.91	-9.06	19.29
2947	117.95	-9.06	19.29
2948	117.99	-9.07	19.29
2949	118.03	-9.08	19.3
2950	118.07	-9.07	19.3
2951	118.11	-9.07	19.3
2952	118.15	-9.07	19.31
2953	118.19	-9.07	19.32
2954	118.23	-9.08	19.33
2955	118.27	-9.08	19.33
2956	118.31	-9.09	19.33
2957	118.35	-9.08	19.33
2958	118.39	-9.08	19.33
2959	118.43	-9.06	19.33
2960	118.47	-9.06	19.33
2961	118.51	-9.06	19.33
2962	118.55	-9.06	19.33
2963	118.59	-9.06	19.34
2964	118.63	-9.06	19.34
2965	118.67	-9.06	19.34
2966	118.71	-9.06	19.34
2967	118.75	-9.06	19.34
2968	118.79	-9.06	19.34
2969	118.83	-9.07	19.34
2970	118.87	-9.07	19.35
2971	118.91	-9.07	19.35
2972	118.95	-9.07	19.35
2973	118.99	-9.08	19.35
2974	119.03	-9.08	19.36
2975	119.07	-9.08	19.36
2976	119.11	-9.09	19.36
2977	119.15	-9.08	19.36
2978	119.19	-9.08	19.36
2979	119.23	-9.09	19.37
2980	119.27	-9.1	19.38
2981	119.31	-9.09	19.38
2982	119.35	-9.09	19.38
2983	119.39	-9.07	19.37
2984	119.43	-9.05	19.37
2985	119.47	-9.04	19.38
2986	119.51	-9.03	19.37
2987	119.55	-9.02	19.38
