1	0.06	-12.42	-3.06
2	0.1	-12.48	-3.08
3	0.14	-12.65	-3.07
4	0.18	-12.81	-3.05
5	0.22	-12.94	-3
6	0.26	-13.13	-2.95
7	0.3	-13.26	-2.87
8	0.34	-13.36	-2.81
9	0.38	-13.45	-2.75
10	0.42	-13.47	-2.68
11	0.5	-13.5	-2.58
12	0.54	-13.5	-2.48
13	0.58	-13.48	-2.38
14	0.62	-13.47	-2.31
15	0.66	-13.44	-2.27
16	0.7	-13.44	-2.23
17	0.74	-13.44	-2.2
18	0.78	-13.43	-2.15
19	0.82	-13.4	-2.12
20	0.86	-13.36	-2.08
21	0.9	-13.34	-2.01
22	0.94	-13.32	-1.96
23	0.98	-13.32	-1.9
24	1.02	-13.32	-1.84
25	1.06	-13.26	-1.76
26	1.1	-13.21	-1.63
27	1.14	-13.15	-1.43
28	1.18	-13.07	-1.21
29	1.22	-13.02	-1
30	1.26	-12.99	-0.8
31	1.3	-12.96	-0.6
32	1.34	-12.93	-0.36
33	1.38	-12.9	-0.06
34	1.42	-12.84	0.18
35	1.46	-12.76	0.38
36	1.5	-12.67	0.54
37	1.54	-12.54	0.67
38	1.58	-12.45	0.8
39	1.62	-12.4	0.95
40	1.66	-12.4	1.08
41	1.7	-12.43	1.23
42	1.74	-12.45	1.41
43	1.78	-12.44	1.6
44	1.82	-12.42	1.78
45	1.86	-12.41	1.94
46	1.9	-12.4	2.06
47	1.94	-12.39	2.13
48	1.98	-12.4	2.21
49	2.02	-12.37	2.21
50	2.06	-12.36	2.22
51	2.1	-12.35	2.21
52	2.14	-12.34	2.19
53	2.18	-12.34	2.19
54	2.22	-12.34	2.19
55	2.26	-12.33	2.21
56	2.3	-12.32	2.23
57	2.34	-12.31	2.25
58	2.38	-12.29	2.25
59	2.42	-12.25	2.23
60	2.46	-12.2	2.21
61	2.5	-12.13	2.18
62	2.54	-12.07	2.14
63	2.58	-12	2.09
64	2.62	-11.95	2.03
65	2.66	-11.9	1.98
66	2.7	-11.84	1.98
67	2.74	-11.78	2.02
68	2.78	-11.72	2.06
69	2.82	-11.65	2.14
70	2.86	-11.59	2.14
71	2.9	-11.52	2.08
72	2.94	-11.43	2.01
73	2.98	-11.32	1.9
74	3.02	-11.21	1.78
75	3.06	-11.09	1.72
76	3.1	-10.95	1.69
77	3.14	-10.77	1.67
78	3.18	-10.56	1.65
79	3.22	-10.36	1.62
80	3.26	-10.19	1.55
81	3.3	-10.03	1.49
82	3.34	-9.93	1.44
83	3.38	-9.83	1.39
84	3.42	-9.75	1.34
85	3.46	-9.71	1.31
86	3.5	-9.7	1.25
87	3.54	-9.72	1.19
88	3.58	-9.74	1.14
89	3.62	-9.74	1.09
90	3.66	-9.73	1.05
91	3.7	-9.71	1
92	3.74	-9.67	0.96
93	3.78	-9.62	0.9
94	3.82	-9.52	0.78
95	3.86	-9.43	0.59
96	3.9	-9.32	0.35
97	3.94	-9.2	0.12
98	3.98	-9.1	-0.07
99	4.02	-8.99	-0.21
100	4.06	-8.93	-0.3
101	4.1	-8.88	-0.37
102	4.14	-8.82	-0.42
103	4.18	-8.75	-0.46
104	4.22	-8.64	-0.52
105	4.26	-8.51	-0.63
106	4.3	-8.4	-0.75
107	4.34	-8.31	-0.86
108	4.38	-8.24	-0.94
109	4.42	-8.19	-1
110	4.46	-8.12	-1.09
111	4.5	-8.06	-1.22
112	4.54	-8.01	-1.4
113	4.58	-7.93	-1.66
114	4.62	-7.89	-1.93
115	4.66	-7.84	-2.21
116	4.7	-7.81	-2.47
117	4.74	-7.83	-2.68
118	4.78	-7.86	-2.83
119	4.82	-7.9	-2.99
120	4.86	-7.9	-3.12
121	4.9	-7.84	-3.26
122	4.94	-7.76	-3.46
123	4.98	-7.67	-3.61
124	5.02	-7.57	-3.76
125	5.06	-7.5	-3.83
126	5.1	-7.47	-3.88
127	5.14	-7.53	-3.98
128	5.18	-7.66	-4.12
129	5.22	-7.82	-4.27
130	5.26	-7.98	-4.41
131	5.3	-8.09	-4.52
132	5.34	-8.19	-4.56
133	5.38	-8.29	-4.63
134	5.42	-8.38	-4.7
135	5.46	-8.46	-4.78
136	5.5	-8.5	-4.83
137	5.54	-8.51	-4.86
138	5.58	-8.52	-4.86
139	5.62	-8.53	-4.84
140	5.66	-8.54	-4.83
141	5.7	-8.54	-4.79
142	5.74	-8.55	-4.74
143	5.78	-8.57	-4.7
144	5.82	-8.6	-4.68
145	5.86	-8.63	-4.68
146	5.9	-8.71	-4.72
147	5.94	-8.83	-4.74
148	5.98	-8.99	-4.73
149	6.02	-9.17	-4.7
150	6.06	-9.35	-4.66
151	6.1	-9.52	-4.61
152	6.14	-9.69	-4.62
153	6.18	-9.88	-4.66
154	6.22	-10.05	-4.71
155	6.26	-10.24	-4.82
156	6.3	-10.42	-4.92
157	6.34	-10.58	-5.03
158	6.38	-10.74	-5.13
159	6.42	-10.9	-5.22
160	6.46	-11.09	-5.32
161	6.5	-11.38	-5.41
162	6.54	-11.71	-5.48
163	6.58	-11.96	-5.53
164	6.62	-12.2	-5.56
165	6.66	-12.36	-5.57
166	6.7	-12.53	-5.61
167	6.74	-12.74	-5.68
168	6.78	-12.99	-5.81
169	6.82	-13.25	-5.99
170	6.86	-13.47	-6.15
171	6.9	-13.7	-6.31
172	6.94	-13.91	-6.44
173	6.98	-14.1	-6.55
174	7.02	-14.33	-6.67
175	7.06	-14.6	-6.79
176	7.1	-14.85	-6.87
177	7.14	-15.07	-6.92
178	7.18	-15.28	-6.95
179	7.22	-15.45	-6.95
180	7.26	-15.6	-6.95
181	7.3	-15.75	-6.97
182	7.34	-15.86	-7.05
183	7.38	-15.94	-7.15
184	7.42	-16.07	-7.28
185	7.46	-16.22	-7.43
186	7.5	-16.43	-7.56
187	7.54	-16.66	-7.7
188	7.58	-16.88	-7.83
189	7.62	-17.07	-7.96
190	7.66	-17.28	-8.08
191	7.7	-17.46	-8.18
192	7.74	-17.68	-8.28
193	7.78	-17.91	-8.33
194	7.82	-18.1	-8.38
195	7.86	-18.3	-8.44
196	7.9	-18.48	-8.49
197	7.94	-18.65	-8.55
198	7.98	-18.81	-8.62
199	8.02	-18.99	-8.73
200	8.06	-19.16	-8.88
201	8.1	-19.31	-9.05
202	8.14	-19.48	-9.25
203	8.18	-19.6	-9.4
204	8.22	-19.7	-9.51
205	8.26	-19.8	-9.62
206	8.3	-19.91	-9.71
207	8.34	-19.98	-9.78
208	8.38	-20.09	-9.88
209	8.42	-20.19	-9.94
210	8.46	-20.26	-10
211	8.5	-20.4	-10.08
212	8.54	-20.51	-10.14
213	8.58	-20.65	-10.2
214	8.62	-20.77	-10.24
215	8.66	-20.87	-10.27
216	8.7	-20.97	-10.3
217	8.74	-21.04	-10.32
218	8.78	-21.14	-10.38
219	8.82	-21.22	-10.42
220	8.86	-21.29	-10.47
221	8.9	-21.34	-10.53
222	8.94	-21.35	-10.57
223	8.98	-21.4	-10.66
224	9.02	-21.44	-10.73
225	9.06	-21.51	-10.8
226	9.1	-21.55	-10.85
227	9.14	-21.56	-10.84
228	9.18	-21.59	-10.84
229	9.22	-21.57	-10.8
230	9.26	-21.57	-10.76
231	9.3	-21.55	-10.72
232	9.34	-21.55	-10.69
233	9.38	-21.54	-10.66
234	9.42	-21.53	-10.65
235	9.46	-21.54	-10.63
236	9.5	-21.55	-10.63
237	9.54	-21.55	-10.61
238	9.58	-21.56	-10.61
239	9.62	-21.6	-10.63
240	9.66	-21.59	-10.62
241	9.7	-21.59	-10.63
242	9.74	-21.57	-10.62
243	9.78	-21.57	-10.62
244	9.82	-21.59	-10.65
245	9.86	-21.6	-10.66
246	9.9	-21.62	-10.69
247	9.94	-21.61	-10.69
248	9.98	-21.59	-10.69
249	10.02	-21.62	-10.72
250	10.06	-21.63	-10.73
251	10.1	-21.65	-10.75
252	10.14	-21.67	-10.76
253	10.18	-21.65	-10.76
254	10.22	-21.66	-10.78
255	10.26	-21.65	-10.79
256	10.3	-21.68	-10.83
257	10.34	-21.72	-10.88
258	10.38	-21.74	-10.92
259	10.42	-21.77	-10.97
260	10.46	-21.79	-11.01
261	10.5	-21.8	-11.04
262	10.54	-21.8	-11.07
263	10.58	-21.82	-11.11
264	10.62	-21.81	-11.13
265	10.66	-21.81	-11.16
266	10.7	-21.82	-11.21
267	10.74	-21.81	-11.24
268	10.78	-21.83	-11.29
269	10.82	-21.82	-11.31
270	10.86	-21.82	-11.33
271	10.9	-21.84	-11.37
272	10.94	-21.87	-11.43
273	10.98	-21.9	-11.48
274	11.02	-21.92	-11.54
275	11.06	-21.94	-11.61
276	11.1	-21.95	-11.65
277	11.14	-22	-11.7
278	11.18	-22.03	-11.74
279	11.22	-22.05	-11.77
280	11.26	-22.06	-11.8
281	11.3	-22.06	-11.83
282	11.34	-22.06	-11.85
283	11.38	-22.07	-11.88
284	11.42	-22.08	-11.9
285	11.46	-22.08	-11.91
286	11.5	-22.09	-11.91
287	11.54	-22.09	-11.88
288	11.58	-22.1	-11.85
289	11.62	-22.11	-11.82
290	11.66	-22.12	-11.8
291	11.7	-22.1	-11.74
292	11.74	-22.1	-11.72
293	11.78	-22.11	-11.71
294	11.82	-22.1	-11.68
295	11.86	-22.11	-11.68
296	11.9	-22.11	-11.66
297	11.94	-22.11	-11.63
298	11.98	-22.1	-11.59
299	12.02	-22.11	-11.59
300	12.06	-22.09	-11.54
301	12.1	-22.07	-11.5
302	12.14	-22.06	-11.42
303	12.18	-22.06	-11.32
304	12.22	-22	-11.19
305	12.26	-21.96	-11.08
306	12.3	-21.88	-10.96
307	12.34	-21.75	-10.86
308	12.38	-21.66	-10.79
309	12.42	-21.56	-10.71
310	12.46	-21.5	-10.65
311	12.5	-21.48	-10.6
312	12.54	-21.48	-10.52
313	12.58	-21.5	-10.45
314	12.62	-21.51	-10.34
315	12.66	-21.51	-10.24
316	12.7	-21.57	-10.17
317	12.74	-21.64	-10.08
318	12.78	-21.75	-9.98
319	12.82	-21.87	-9.85
320	12.86	-21.94	-9.69
321	12.9	-21.98	-9.54
322	12.94	-21.96	-9.4
323	12.98	-21.91	-9.28
324	13.02	-21.85	-9.19
325	13.06	-21.8	-9.11
326	13.1	-21.77	-9.08
327	13.14	-21.81	-9.03
328	13.18	-21.83	-9
329	13.22	-21.83	-8.97
330	13.26	-21.85	-8.94
331	13.3	-21.82	-8.91
332	13.34	-21.81	-8.89
333	13.38	-21.78	-8.87
334	13.42	-21.78	-8.84
335	13.46	-21.73	-8.83
336	13.5	-21.69	-8.82
337	13.54	-21.66	-8.8
338	13.58	-21.6	-8.81
339	13.62	-21.59	-8.79
340	13.66	-21.58	-8.79
341	13.7	-21.59	-8.77
342	13.74	-21.62	-8.73
343	13.78	-21.66	-8.68
344	13.82	-21.69	-8.62
345	13.86	-21.7	-8.56
346	13.9	-21.73	-8.51
347	13.94	-21.75	-8.46
348	13.98	-21.8	-8.38
349	14.02	-21.86	-8.29
350	14.06	-21.89	-8.21
351	14.1	-21.95	-8.05
352	14.14	-22.02	-7.87
353	14.18	-22	-7.69
354	14.22	-22.02	-7.47
355	14.26	-21.96	-7.32
356	14.3	-21.87	-7.21
357	14.34	-21.84	-7.09
358	14.38	-21.79	-7.04
359	14.42	-21.81	-6.96
360	14.46	-21.84	-6.9
361	14.5	-21.87	-6.87
362	14.54	-21.9	-6.8
363	14.58	-21.88	-6.79
364	14.62	-21.87	-6.78
365	14.66	-21.87	-6.76
366	14.7	-21.86	-6.77
367	14.74	-21.85	-6.78
368	14.78	-21.82	-6.82
369	14.82	-21.78	-6.86
370	14.86	-21.73	-6.91
371	14.9	-21.69	-6.95
372	14.94	-21.65	-6.99
373	14.98	-21.62	-7.05
374	15.02	-21.59	-7.1
375	15.06	-21.55	-7.17
376	15.1	-21.53	-7.23
377	15.14	-21.51	-7.29
378	15.18	-21.48	-7.35
379	15.22	-21.47	-7.36
380	15.26	-21.48	-7.33
381	15.3	-21.46	-7.33
382	15.34	-21.44	-7.34
383	15.38	-21.38	-7.42
384	15.42	-21.3	-7.52
385	15.46	-21.21	-7.63
386	15.5	-21.13	-7.74
387	15.54	-21.04	-7.85
388	15.58	-20.95	-7.95
389	15.62	-20.86	-8.05
390	15.66	-20.78	-8.15
391	15.7	-20.7	-8.25
392	15.74	-20.62	-8.38
393	15.78	-20.53	-8.49
394	15.82	-20.42	-8.59
395	15.86	-20.31	-8.65
396	15.9	-20.16	-8.67
397	15.94	-19.98	-8.69
398	15.98	-19.79	-8.68
399	16.02	-19.57	-8.68
400	16.06	-19.38	-8.69
401	16.1	-19.22	-8.71
402	16.14	-19.08	-8.74
403	16.18	-18.96	-8.75
404	16.22	-18.84	-8.75
405	16.26	-18.72	-8.72
406	16.3	-18.64	-8.7
407	16.34	-18.57	-8.67
408	16.38	-18.51	-8.63
409	16.42	-18.46	-8.59
410	16.46	-18.33	-8.52
411	16.5	-18.17	-8.48
412	16.54	-17.98	-8.45
413	16.58	-17.81	-8.45
414	16.62	-17.69	-8.47
415	16.66	-17.61	-8.49
416	16.7	-17.52	-8.49
417	16.74	-17.4	-8.5
418	16.78	-17.26	-8.5
419	16.82	-17.04	-8.5
420	16.86	-16.81	-8.5
421	16.9	-16.6	-8.51
422	16.94	-16.36	-8.49
423	16.98	-16.16	-8.43
424	17.02	-15.92	-8.41
425	17.06	-15.68	-8.41
426	17.1	-15.39	-8.44
427	17.14	-15.09	-8.55
428	17.18	-14.82	-8.64
429	17.22	-14.54	-8.75
430	17.26	-14.29	-8.86
431	17.3	-14.07	-8.96
432	17.34	-13.79	-9.07
433	17.38	-13.49	-9.16
434	17.42	-13.19	-9.21
435	17.46	-12.86	-9.22
436	17.5	-12.57	-9.21
437	17.54	-12.27	-9.21
438	17.58	-11.94	-9.23
439	17.62	-11.61	-9.3
440	17.66	-11.26	-9.36
441	17.7	-10.95	-9.48
442	17.74	-10.66	-9.57
443	17.78	-10.41	-9.65
444	17.82	-10.16	-9.74
445	17.86	-9.82	-9.73
446	17.9	-9.44	-9.71
447	17.94	-9.1	-9.68
448	17.98	-8.76	-9.64
449	18.02	-8.5	-9.6
450	18.06	-8.26	-9.54
451	18.1	-7.96	-9.48
452	18.14	-7.67	-9.42
453	18.18	-7.33	-9.39
454	18.22	-6.99	-9.42
455	18.26	-6.74	-9.46
456	18.3	-6.5	-9.52
457	18.34	-6.37	-9.59
458	18.38	-6.31	-9.61
459	18.42	-6.23	-9.64
460	18.46	-6.18	-9.67
461	18.5	-6.13	-9.67
462	18.54	-6.06	-9.68
463	18.58	-6.01	-9.67
464	18.62	-5.94	-9.64
465	18.66	-5.89	-9.63
466	18.7	-5.83	-9.62
467	18.74	-5.79	-9.61
468	18.78	-5.78	-9.6
469	18.82	-5.75	-9.58
470	18.86	-5.75	-9.56
471	18.9	-5.74	-9.54
472	18.94	-5.74	-9.54
473	18.98	-5.74	-9.53
474	19.02	-5.72	-9.53
475	19.06	-5.71	-9.54
476	19.1	-5.67	-9.54
477	19.14	-5.62	-9.54
478	19.18	-5.6	-9.54
479	19.22	-5.56	-9.54
480	19.25	-5.53	-9.55
481	19.3	-5.5	-9.55
482	19.34	-5.44	-9.58
483	19.38	-5.4	-9.61
484	19.41	-5.34	-9.65
485	19.45	-5.32	-9.67
486	19.49	-5.29	-9.68
487	19.53	-5.26	-9.72
488	19.57	-5.22	-9.8
489	19.61	-5.16	-9.89
490	19.65	-5.08	-10.01
491	19.69	-5.04	-10.1
492	19.73	-4.98	-10.18
493	19.78	-4.92	-10.27
494	19.82	-4.85	-10.35
495	19.86	-4.74	-10.44
496	19.89	-4.63	-10.51
497	19.93	-4.48	-10.59
498	19.97	-4.37	-10.67
499	20.01	-4.22	-10.76
500	20.05	-4.09	-10.88
501	20.09	-3.95	-11.02
502	20.13	-3.81	-11.15
503	20.17	-3.7	-11.31
504	20.21	-3.57	-11.53
505	20.25	-3.44	-11.77
506	20.29	-3.3	-12.03
507	20.33	-3.16	-12.3
508	20.37	-3.05	-12.56
509	20.41	-2.96	-12.79
510	20.45	-2.86	-13.04
511	20.49	-2.73	-13.29
512	20.53	-2.59	-13.51
513	20.57	-2.44	-13.74
514	20.61	-2.32	-13.95
515	20.65	-2.19	-14.17
516	20.69	-2.04	-14.39
517	20.73	-1.89	-14.67
518	20.77	-1.73	-15
519	20.81	-1.62	-15.31
520	20.85	-1.52	-15.63
521	20.89	-1.42	-15.95
522	20.93	-1.34	-16.25
523	20.97	-1.24	-16.58
524	21.01	-1.13	-16.9
525	21.05	-1.02	-17.2
526	21.09	-0.87	-17.48
527	21.13	-0.72	-17.73
528	21.17	-0.57	-17.97
529	21.21	-0.42	-18.21
530	21.25	-0.26	-18.47
531	21.29	-0.11	-18.76
532	21.33	0.04	-19.08
533	21.37	0.18	-19.44
534	21.41	0.28	-19.8
535	21.45	0.39	-20.15
536	21.49	0.49	-20.52
537	21.53	0.61	-20.86
538	21.57	0.73	-21.18
539	21.61	0.87	-21.49
540	21.65	1.02	-21.76
541	21.69	1.16	-22.01
542	21.73	1.3	-22.23
543	21.77	1.45	-22.49
544	21.81	1.58	-22.73
545	21.85	1.7	-22.97
546	21.89	1.81	-23.23
547	21.93	1.87	-23.42
548	21.97	1.92	-23.58
549	22.01	1.94	-23.7
550	22.05	1.95	-23.76
551	22.09	1.95	-23.77
552	22.13	1.96	-23.78
553	22.17	1.96	-23.78
554	22.21	1.94	-23.74
555	22.25	1.92	-23.71
556	22.29	1.89	-23.67
557	22.33	1.85	-23.65
558	22.37	1.81	-23.66
559	22.41	1.77	-23.66
560	22.45	1.72	-23.67
561	22.49	1.67	-23.7
562	22.53	1.64	-23.72
563	22.57	1.62	-23.75
564	22.61	1.6	-23.78
565	22.65	1.57	-23.79
566	22.69	1.54	-23.78
567	22.73	1.5	-23.79
568	22.77	1.45	-23.77
569	22.81	1.42	-23.75
570	22.85	1.38	-23.73
571	22.89	1.3	-23.75
572	22.93	1.18	-23.81
573	22.97	1.04	-23.85
574	23.01	0.9	-23.89
575	23.05	0.76	-23.9
576	23.09	0.65	-23.9
577	23.13	0.54	-23.93
578	23.17	0.44	-24
579	23.21	0.38	-24.06
580	23.25	0.34	-24.12
581	23.29	0.32	-24.17
582	23.33	0.33	-24.21
583	23.37	0.33	-24.24
584	23.41	0.33	-24.24
585	23.45	0.34	-24.24
586	23.49	0.33	-24.22
587	23.53	0.32	-24.2
588	23.57	0.3	-24.2
589	23.61	0.29	-24.19
590	23.65	0.25	-24.21
591	23.69	0.24	-24.21
592	23.73	0.21	-24.21
593	23.77	0.18	-24.23
594	23.81	0.17	-24.22
595	23.85	0.14	-24.25
596	23.89	0.12	-24.27
597	23.93	0.09	-24.27
598	23.97	0.08	-24.27
599	24.01	0.07	-24.28
600	24.05	0.08	-24.29
601	24.09	0.08	-24.32
602	24.13	0.08	-24.33
603	24.17	0.07	-24.34
604	24.21	0.07	-24.35
605	24.25	0.07	-24.35
606	24.29	0.08	-24.35
607	24.33	0.09	-24.32
608	24.37	0.09	-24.32
609	24.41	0.1	-24.32
610	24.45	0.1	-24.33
611	24.49	0.11	-24.34
612	24.53	0.11	-24.35
613	24.57	0.14	-24.33
614	24.61	0.18	-24.31
615	24.65	0.24	-24.26
616	24.69	0.33	-24.19
617	24.73	0.43	-24.14
618	24.77	0.53	-24.13
619	24.81	0.63	-24.17
620	24.85	0.7	-24.2
621	24.89	0.74	-24.21
622	24.93	0.77	-24.18
623	24.97	0.8	-24.11
624	25.01	0.83	-24.05
625	25.05	0.88	-23.99
626	25.09	0.9	-23.94
627	25.13	0.91	-23.88
628	25.17	0.91	-23.82
629	25.21	0.87	-23.77
630	25.25	0.82	-23.72
631	25.29	0.75	-23.64
632	25.33	0.67	-23.52
633	25.37	0.58	-23.33
634	25.41	0.55	-23.13
635	25.45	0.53	-22.95
636	25.49	0.53	-22.81
637	25.53	0.55	-22.69
638	25.57	0.54	-22.58
639	25.61	0.52	-22.46
640	25.65	0.52	-22.36
641	25.69	0.52	-22.31
642	25.73	0.52	-22.27
643	25.77	0.5	-22.24
644	25.81	0.46	-22.21
645	25.85	0.42	-22.19
646	25.89	0.37	-22.19
647	25.93	0.34	-22.16
648	25.97	0.35	-22.14
649	26.01	0.37	-22.11
650	26.05	0.39	-22.1
651	26.09	0.4	-22.13
652	26.13	0.41	-22.19
653	26.17	0.4	-22.23
654	26.21	0.38	-22.24
655	26.25	0.38	-22.24
656	26.29	0.36	-22.18
657	26.33	0.34	-22.1
658	26.37	0.32	-21.99
659	26.41	0.32	-21.88
660	26.45	0.33	-21.77
661	26.49	0.37	-21.66
662	26.53	0.39	-21.56
663	26.57	0.42	-21.45
664	26.61	0.44	-21.33
665	26.65	0.46	-21.24
666	26.69	0.47	-21.16
667	26.73	0.47	-21.09
668	26.77	0.44	-21.03
669	26.81	0.4	-20.97
670	26.85	0.36	-20.89
671	26.89	0.3	-20.81
672	26.93	0.23	-20.71
673	26.97	0.15	-20.62
674	27.01	0.06	-20.47
675	27.05	-0.02	-20.27
676	27.09	-0.1	-20.02
677	27.13	-0.21	-19.69
678	27.17	-0.33	-19.36
679	27.21	-0.45	-19.06
680	27.25	-0.56	-18.78
681	27.29	-0.63	-18.55
682	27.33	-0.68	-18.35
683	27.37	-0.74	-18.17
684	27.41	-0.84	-18.01
685	27.45	-0.95	-17.91
686	27.49	-1.1	-17.84
687	27.53	-1.29	-17.78
688	27.57	-1.47	-17.72
689	27.61	-1.64	-17.63
690	27.65	-1.79	-17.53
691	27.69	-1.94	-17.44
692	27.73	-2.07	-17.32
693	27.77	-2.28	-17.21
694	27.81	-2.54	-17.12
695	27.85	-2.83	-17.07
696	27.89	-3.17	-17.08
697	27.93	-3.49	-17.12
698	27.97	-3.79	-17.19
699	28.01	-4.09	-17.24
700	28.05	-4.39	-17.26
701	28.09	-4.73	-17.27
702	28.13	-4.95	-17.27
703	28.17	-5.14	-17.25
704	28.21	-5.28	-17.21
705	28.25	-5.45	-17.18
706	28.29	-5.71	-17.15
707	28.33	-5.96	-17.13
708	28.37	-6.28	-17.2
709	28.41	-6.55	-17.29
710	28.45	-6.81	-17.39
711	28.49	-7.06	-17.49
712	28.53	-7.3	-17.59
713	28.57	-7.56	-17.69
714	28.61	-7.8	-17.78
715	28.65	-8.07	-17.89
716	28.69	-8.32	-17.96
717	28.73	-8.51	-17.99
718	28.77	-8.69	-18.04
719	28.81	-8.84	-18.03
720	28.85	-8.93	-18.02
721	28.89	-9.02	-18.01
722	28.93	-9.15	-18.03
723	28.97	-9.22	-18.08
724	29.01	-9.31	-18.13
725	29.05	-9.36	-18.17
726	29.09	-9.38	-18.19
727	29.13	-9.39	-18.22
728	29.17	-9.41	-18.26
729	29.21	-9.43	-18.31
730	29.25	-9.45	-18.35
731	29.29	-9.51	-18.4
732	29.33	-9.54	-18.43
733	29.37	-9.56	-18.45
734	29.41	-9.58	-18.47
735	29.45	-9.57	-18.48
736	29.49	-9.56	-18.48
737	29.53	-9.54	-18.48
738	29.57	-9.52	-18.48
739	29.61	-9.5	-18.48
740	29.65	-9.5	-18.48
741	29.69	-9.5	-18.47
742	29.73	-9.51	-18.47
743	29.77	-9.52	-18.47
744	29.81	-9.52	-18.47
745	29.85	-9.53	-18.47
746	29.89	-9.51	-18.45
747	29.93	-9.51	-18.45
748	29.97	-9.5	-18.44
749	30.01	-9.51	-18.44
750	30.05	-9.53	-18.45
751	30.09	-9.53	-18.45
752	30.13	-9.56	-18.47
753	30.17	-9.61	-18.49
754	30.21	-9.64	-18.51
755	30.25	-9.69	-18.54
756	30.29	-9.72	-18.57
757	30.33	-9.74	-18.6
758	30.37	-9.78	-18.64
759	30.41	-9.79	-18.66
760	30.45	-9.81	-18.68
761	30.49	-9.82	-18.7
762	30.53	-9.82	-18.71
763	30.57	-9.82	-18.73
764	30.61	-9.84	-18.74
765	30.65	-9.84	-18.76
766	30.69	-9.83	-18.76
767	30.73	-9.84	-18.76
768	30.77	-9.83	-18.76
769	30.81	-9.81	-18.75
770	30.85	-9.8	-18.75
771	30.89	-9.77	-18.73
772	30.93	-9.75	-18.73
773	30.97	-9.73	-18.74
774	31.01	-9.71	-18.75
775	31.05	-9.7	-18.77
776	31.09	-9.7	-18.79
777	31.13	-9.69	-18.81
778	31.17	-9.68	-18.83
779	31.21	-9.65	-18.84
780	31.25	-9.61	-18.83
781	31.29	-9.59	-18.83
782	31.33	-9.59	-18.84
783	31.37	-9.6	-18.86
784	31.41	-9.61	-18.86
785	31.45	-9.59	-18.85
786	31.49	-9.55	-18.83
787	31.53	-9.51	-18.8
788	31.57	-9.46	-18.79
789	31.61	-9.41	-18.78
790	31.65	-9.4	-18.81
791	31.69	-9.34	-18.82
792	31.73	-9.34	-18.84
793	31.77	-9.33	-18.85
794	31.81	-9.31	-18.82
795	31.85	-9.32	-18.8
796	31.89	-9.31	-18.77
797	31.93	-9.3	-18.72
798	31.97	-9.28	-18.66
799	32.01	-9.25	-18.61
800	32.05	-9.24	-18.55
801	32.09	-9.23	-18.5
802	32.13	-9.24	-18.48
803	32.17	-9.25	-18.46
804	32.21	-9.27	-18.44
805	32.25	-9.29	-18.42
806	32.29	-9.29	-18.4
807	32.33	-9.29	-18.38
808	32.37	-9.27	-18.36
809	32.41	-9.24	-18.36
810	32.45	-9.19	-18.32
811	32.49	-9.15	-18.27
812	32.53	-9.12	-18.19
813	32.57	-9.1	-18.09
814	32.61	-9.1	-18.01
815	32.65	-9.08	-17.97
816	32.69	-9.04	-17.94
817	32.73	-9.01	-17.93
818	32.77	-8.96	-17.94
819	32.81	-8.9	-17.98
820	32.85	-8.85	-18.02
821	32.89	-8.78	-18.08
822	32.93	-8.71	-18.15
823	32.97	-8.67	-18.22
824	33.01	-8.62	-18.31
825	33.05	-8.57	-18.39
826	33.09	-8.57	-18.51
827	33.13	-8.59	-18.64
828	33.17	-8.64	-18.79
829	33.21	-8.7	-18.9
830	33.25	-8.7	-18.95
831	33.29	-8.67	-19
832	33.33	-8.65	-19.05
833	33.37	-8.63	-19.1
834	33.41	-8.65	-19.19
835	33.45	-8.68	-19.22
836	33.49	-8.74	-19.23
837	33.53	-8.79	-19.26
838	33.57	-8.84	-19.29
839	33.61	-8.87	-19.33
840	33.65	-8.86	-19.35
841	33.69	-8.83	-19.36
842	33.73	-8.78	-19.36
843	33.77	-8.71	-19.34
844	33.81	-8.63	-19.35
845	33.85	-8.53	-19.36
846	33.89	-8.43	-19.35
847	33.93	-8.3	-19.31
848	33.97	-8.14	-19.26
849	34.01	-7.99	-19.19
850	34.05	-7.85	-19.16
851	34.09	-7.73	-19.12
852	34.13	-7.64	-19.09
853	34.17	-7.56	-19.06
854	34.21	-7.49	-19
855	34.25	-7.38	-18.93
856	34.29	-7.28	-18.83
857	34.33	-7.17	-18.75
858	34.37	-7.05	-18.67
859	34.41	-6.97	-18.62
860	34.45	-6.9	-18.57
861	34.49	-6.82	-18.51
862	34.53	-6.72	-18.43
863	34.57	-6.61	-18.36
864	34.61	-6.48	-18.29
865	34.65	-6.37	-18.26
866	34.69	-6.3	-18.26
867	34.73	-6.22	-18.27
868	34.77	-6.15	-18.27
869	34.81	-6.07	-18.25
870	34.85	-6.01	-18.22
871	34.89	-5.97	-18.21
872	34.93	-5.98	-18.21
873	34.97	-5.99	-18.24
874	35.01	-5.97	-18.26
875	35.05	-5.98	-18.29
876	35.09	-5.98	-18.32
877	35.13	-5.99	-18.34
878	35.17	-6.03	-18.37
879	35.21	-6.05	-18.39
880	35.25	-6.08	-18.43
881	35.29	-6.09	-18.46
882	35.33	-6.06	-18.48
883	35.37	-6.03	-18.5
884	35.41	-5.97	-18.54
885	35.45	-5.92	-18.58
886	35.49	-5.87	-18.65
887	35.53	-5.81	-18.7
888	35.57	-5.75	-18.72
889	35.61	-5.71	-18.72
890	35.65	-5.67	-18.7
891	35.69	-5.63	-18.67
892	35.73	-5.58	-18.67
893	35.77	-5.52	-18.69
894	35.81	-5.46	-18.74
895	35.85	-5.4	-18.82
896	35.89	-5.34	-18.9
897	35.93	-5.28	-18.99
898	35.97	-5.18	-19.1
899	36.01	-5.09	-19.19
900	36.05	-4.96	-19.3
901	36.09	-4.78	-19.4
902	36.13	-4.6	-19.49
903	36.17	-4.39	-19.58
904	36.21	-4.21	-19.65
905	36.25	-4.02	-19.74
906	36.29	-3.82	-19.81
907	36.33	-3.58	-19.88
908	36.37	-3.29	-19.97
909	36.41	-3	-20.07
910	36.45	-2.7	-20.2
911	36.49	-2.38	-20.4
912	36.53	-2.1	-20.59
913	36.57	-1.76	-20.78
914	36.61	-1.49	-20.92
915	36.65	-1.29	-21
916	36.69	-1.12	-21.06
917	36.73	-1	-21.09
918	36.77	-0.85	-21.14
919	36.81	-0.7	-21.2
920	36.85	-0.52	-21.29
921	36.89	-0.4	-21.36
922	36.93	-0.28	-21.47
923	36.97	-0.17	-21.58
924	37.01	-0.09	-21.73
925	37.05	0	-21.88
926	37.09	0.09	-22.03
927	37.13	0.2	-22.19
928	37.17	0.31	-22.32
929	37.21	0.43	-22.42
930	37.25	0.52	-22.48
931	37.29	0.6	-22.51
932	37.33	0.64	-22.51
933	37.37	0.66	-22.5
934	37.41	0.67	-22.49
935	37.45	0.67	-22.46
936	37.49	0.69	-22.44
937	37.53	0.71	-22.45
938	37.57	0.73	-22.46
939	37.61	0.77	-22.5
940	37.65	0.76	-22.56
941	37.69	0.76	-22.61
942	37.73	0.76	-22.68
943	37.77	0.73	-22.76
944	37.81	0.7	-22.85
945	37.85	0.68	-22.94
946	37.89	0.66	-23.01
947	37.93	0.68	-23.1
948	37.97	0.72	-23.16
949	38.01	0.75	-23.2
950	38.05	0.79	-23.26
951	38.09	0.84	-23.32
952	38.13	0.91	-23.41
953	38.17	0.99	-23.54
954	38.21	1.06	-23.69
955	38.25	1.13	-23.88
956	38.29	1.19	-24.08
957	38.33	1.24	-24.25
958	38.37	1.3	-24.42
959	38.41	1.33	-24.49
960	38.45	1.38	-24.56
961	38.49	1.43	-24.62
962	38.53	1.45	-24.65
963	38.57	1.5	-24.74
964	38.61	1.53	-24.81
965	38.65	1.54	-24.86
966	38.69	1.56	-24.9
967	38.73	1.54	-24.89
968	38.77	1.51	-24.88
969	38.81	1.5	-24.88
970	38.85	1.46	-24.86
971	38.89	1.41	-24.83
972	38.93	1.35	-24.8
973	38.97	1.31	-24.81
974	39.01	1.26	-24.82
975	39.05	1.24	-24.86
976	39.09	1.2	-24.9
977	39.13	1.17	-24.94
978	39.17	1.16	-25.01
979	39.21	1.16	-25.09
980	39.25	1.16	-25.14
981	39.29	1.16	-25.17
982	39.33	1.13	-25.16
983	39.37	1.1	-25.38
984	39.41	1.04	-25.76
985	39.45	0.95	-26.14
986	39.49	0.88	-26.16
987	39.53	0.8	-25.99
988	39.57	0.7	-25.63
989	39.61	0.62	-25.25
990	39.65	0.54	-25.19
991	39.69	0.49	-25.05
992	39.73	0.44	-24.96
993	39.77	0.34	-24.87
994	39.81	0.2	-24.85
995	39.85	-0.01	-24.8
996	39.89	-0.2	-24.74
997	39.93	-0.35	-24.7
998	39.97	-0.47	-24.67
999	40.01	-0.54	-24.66
1000	40.05	-0.61	-24.65
1001	40.09	-0.7	-24.65
1002	40.13	-0.8	-24.68
1003	40.17	-0.88	-24.72
1004	40.21	-0.97	-24.76
1005	40.25	-1.03	-24.79
1006	40.29	-1.08	-24.78
1007	40.33	-1.13	-24.78
1008	40.37	-1.19	-24.79
1009	40.41	-1.25	-24.83
1010	40.45	-1.36	-24.9
1011	40.49	-1.48	-24.97
1012	40.53	-1.63	-25.01
1013	40.57	-1.77	-25
1014	40.61	-1.89	-24.97
1015	40.65	-1.99	-24.91
1016	40.69	-2.06	-24.84
1017	40.73	-2.12	-24.82
1018	40.77	-2.16	-24.78
1019	40.81	-2.23	-24.8
1020	40.85	-2.28	-24.83
1021	40.89	-2.32	-24.85
1022	40.93	-2.36	-24.87
1023	40.97	-2.38	-24.85
1024	41.01	-2.39	-24.85
1025	41.05	-2.41	-24.86
1026	41.09	-2.43	-24.89
1027	41.13	-2.44	-24.91
1028	41.17	-2.44	-24.93
1029	41.21	-2.44	-24.94
1030	41.25	-2.43	-24.95
1031	41.29	-2.42	-24.97
1032	41.33	-2.4	-24.98
1033	41.37	-2.39	-24.99
1034	41.41	-2.38	-25.02
1035	41.45	-2.37	-25.02
1036	41.49	-2.38	-25.03
1037	41.53	-2.38	-25.06
1038	41.57	-2.39	-25.07
1039	41.61	-2.41	-25.1
1040	41.65	-2.43	-25.14
1041	41.69	-2.46	-25.17
1042	41.73	-2.52	-25.22
1043	41.77	-2.56	-25.26
1044	41.81	-2.61	-25.3
1045	41.85	-2.65	-25.31
1046	41.89	-2.66	-25.32
1047	41.93	-2.67	-25.36
1048	41.97	-2.65	-25.38
1049	42.01	-2.6	-25.42
1050	42.05	-2.53	-25.45
1051	42.09	-2.46	-25.49
1052	42.13	-2.39	-25.56
1053	42.17	-2.3	-25.62
1054	42.21	-2.24	-26.02
1055	42.25	-2.15	-26.09
1056	42.29	-2.05	-26.1
1057	42.33	-1.92	-26.14
1058	42.37	-1.75	-25.85
1059	42.41	-1.6	-25.87
1060	42.45	-1.44	-26.25
1061	42.49	-1.33	-26.3
1062	42.53	-1.23	-26.33
1063	42.57	-1.14	-26.38
1064	42.61	-1.05	-26.42
1065	42.65	-0.97	-26.44
1066	42.69	-0.89	-26.46
1067	42.73	-0.79	-26.47
1068	42.77	-0.66	-26.46
1069	42.81	-0.52	-26.81
1070	42.85	-0.37	-27.19
1071	42.89	-0.24	-27.55
1072	42.93	-0.17	-27.57
1073	42.97	-0.11	-27.56
1074	43.01	-0.06	-27.62
1075	43.05	-0.02	-27.7
1076	43.09	0.01	-27.73
1077	43.13	0.06	-27.8
1078	43.17	0.11	-27.77
1079	43.21	0.14	-27.74
1080	43.25	0.2	-27.77
1081	43.29	0.24	-27.76
1082	43.33	0.2	-27.67
1083	43.37	0.2	-27.12
1084	43.41	0.22	-26.57
1085	43.45	0.28	-26
1086	43.49	0.41	-25.91
1087	43.53	0.52	-25.81
1088	43.57	0.59	-25.71
1089	43.61	0.66	-25.61
1090	43.65	0.74	-25.12
1091	43.69	0.82	-25.06
1092	43.73	0.92	-25.03
1093	43.77	0.98	-25
1094	43.81	1.01	-24.97
1095	43.85	1.05	-24.97
1096	43.89	1.1	-24.96
1097	43.93	1.16	-24.96
1098	43.97	1.22	-24.96
1099	44.01	1.27	-24.96
1100	44.05	1.34	-24.99
1101	44.09	1.44	-24.97
1102	44.13	1.61	-24.96
1103	44.17	1.78	-24.92
1104	44.21	1.91	-24.87
1105	44.25	2	-24.83
1106	44.29	2.03	-24.8
1107	44.33	2.05	-24.78
1108	44.37	2.04	-24.76
1109	44.41	2.02	-24.77
1110	44.45	1.99	-24.81
1111	44.49	1.97	-24.86
1112	44.53	1.95	-24.9
1113	44.57	1.95	-24.93
1114	44.61	1.93	-24.94
1115	44.65	1.91	-24.94
1116	44.69	1.88	-24.94
1117	44.73	1.84	-24.93
1118	44.77	1.83	-24.95
1119	44.81	1.82	-24.97
1120	44.85	1.79	-24.98
1121	44.89	1.78	-24.99
1122	44.93	1.75	-24.98
1123	44.97	1.69	-24.95
1124	45.01	1.66	-24.94
1125	45.05	1.62	-24.93
1126	45.09	1.61	-24.91
1127	45.13	1.62	-24.91
1128	45.17	1.63	-24.89
1129	45.21	1.62	-24.87
1130	45.25	1.59	-24.84
1131	45.29	1.56	-24.81
1132	45.33	1.51	-24.78
1133	45.37	1.44	-24.78
1134	45.41	1.39	-24.79
1135	45.45	1.34	-24.8
1136	45.49	1.29	-24.83
1137	45.53	1.28	-24.85
1138	45.57	1.26	-24.86
1139	45.61	1.24	-24.89
1140	45.65	1.22	-24.91
1141	45.69	1.2	-24.93
1142	45.73	1.18	-24.94
1143	45.77	1.15	-24.94
1144	45.81	1.13	-24.94
1145	45.85	1.11	-24.94
1146	45.89	1.1	-24.94
1147	45.93	1.07	-24.92
1148	45.97	1.03	-24.9
1149	46.01	1.02	-24.89
1150	46.05	0.99	-24.89
1151	46.09	0.98	-24.91
1152	46.13	0.97	-24.93
1153	46.17	0.95	-24.94
1154	46.21	0.94	-24.96
1155	46.25	0.95	-24.98
1156	46.29	0.94	-24.99
1157	46.33	0.94	-25.02
1158	46.37	0.94	-25.05
1159	46.41	0.93	-25.08
1160	46.45	0.92	-25.13
1161	46.49	0.9	-25.17
1162	46.53	0.9	-25.53
1163	46.57	0.86	-25.57
1164	46.61	0.79	-25.58
1165	46.65	0.71	-25.6
1166	46.69	0.6	-25.28
1167	46.73	0.53	-25.29
1168	46.77	0.45	-25.28
1169	46.81	0.38	-25.27
1170	46.85	0.31	-25.26
1171	46.89	0.22	-25.26
1172	46.93	0.11	-25.31
1173	46.97	-0.02	-25.4
1174	47.01	-0.15	-25.5
1175	47.05	-0.29	-25.59
1176	47.09	-0.42	-25.69
1177	47.13	-0.52	-25.77
1178	47.17	-0.62	-25.83
1179	47.21	-0.67	-25.86
1180	47.25	-0.7	-25.87
1181	47.29	-0.71	-25.87
1182	47.33	-0.7	-26.27
1183	47.37	-0.7	-26.67
1184	47.41	-0.69	-27.03
1185	47.45	-0.69	-27.36
1186	47.49	-0.69	-27.34
1187	47.53	-0.68	-27.36
1188	47.57	-0.66	-27.35
1189	47.61	-0.63	-27.06
1190	47.65	-0.62	-26.98
1191	47.69	-0.6	-26.96
1192	47.73	-0.59	-26.98
1193	47.77	-0.57	-26.96
1194	47.81	-0.52	-26.87
1195	47.85	-0.49	-26.9
1196	47.89	-0.44	-26.89
1197	47.93	-0.4	-27.22
1198	47.97	-0.37	-27.38
1199	48.01	-0.35	-27.33
1200	48.05	-0.34	-27.33
1201	48.09	-0.32	-27.34
1202	48.13	-0.3	-27.35
1203	48.17	-0.28	-27.41
1204	48.21	-0.24	-27.45
1205	48.25	-0.19	-27.5
1206	48.29	-0.11	-27.55
1207	48.33	-0.02	-27.58
1208	48.37	0.09	-27.63
1209	48.41	0.24	-27.65
1210	48.45	0.41	-27.71
1211	48.49	0.62	-27.77
1212	48.53	0.88	-27.87
1213	48.57	1.19	-27.95
1214	48.61	1.52	-27.95
1215	48.65	1.92	-27.89
1216	48.69	2.27	-27.29
1217	48.73	2.55	-26.64
1218	48.77	2.81	-26.03
1219	48.81	2.97	-25.45
1220	48.85	3.07	-25.34
1221	48.89	3.15	-25.34
1222	48.93	3.16	-25.33
1223	48.97	3.19	-25.35
1224	49.01	3.22	-25.36
1225	49.05	3.25	-25.37
1226	49.09	3.33	-25.39
1227	49.13	3.37	-25.39
1228	49.17	3.45	-25.43
1229	49.21	3.54	-25.49
1230	49.25	3.64	-25.56
1231	49.29	3.78	-25.68
1232	49.33	3.88	-25.75
1233	49.37	3.99	-25.8
1234	49.41	4.08	-25.82
1235	49.45	4.15	-25.79
1236	49.49	4.25	-25.79
1237	49.53	4.32	-25.78
1238	49.57	4.4	-25.79
1239	49.61	4.46	-25.8
1240	49.65	4.53	-25.8
1241	49.69	4.6	-25.81
1242	49.73	4.64	-25.81
1243	49.77	4.68	-25.83
1244	49.81	4.71	-25.85
1245	49.85	4.73	-25.89
1246	49.89	4.77	-25.92
1247	49.93	4.8	-25.95
1248	49.97	4.81	-25.97
1249	50.01	4.83	-26
1250	50.05	4.83	-26.02
1251	50.09	4.83	-26.03
1252	50.13	4.82	-26.02
1253	50.17	4.83	-26.03
1254	50.21	4.85	-26.05
1255	50.25	4.86	-26.07
1256	50.29	4.91	-26.12
1257	50.33	4.96	-26.16
1258	50.37	5	-26.19
1259	50.41	5.06	-26.21
1260	50.45	5.13	-26.23
1261	50.49	5.18	-26.24
1262	50.53	5.24	-26.27
1263	50.57	5.3	-26.29
1264	50.61	5.31	-26.29
1265	50.65	5.33	-26.28
1266	50.69	5.33	-26.27
1267	50.73	5.34	-26.27
1268	50.77	5.33	-26.27
1269	50.81	5.32	-26.26
1270	50.85	5.3	-26.25
1271	50.89	5.26	-26.24
1272	50.93	5.2	-26.22
1273	50.97	5.15	-26.2
1274	51.01	5.06	-26.15
1275	51.05	4.98	-26.11
1276	51.09	4.91	-26.06
1277	51.13	4.81	-26
1278	51.17	4.73	-25.97
1279	51.21	4.65	-25.96
1280	51.25	4.58	-25.93
1281	51.29	4.52	-25.91
1282	51.33	4.48	-25.86
1283	51.37	4.45	-25.81
1284	51.41	4.44	-25.81
1285	51.45	4.45	-25.82
1286	51.49	4.43	-25.84
1287	51.53	4.4	-25.85
1288	51.57	4.37	-25.83
1289	51.61	4.31	-25.78
1290	51.65	4.25	-25.73
1291	51.69	4.2	-25.7
1292	51.73	4.14	-25.71
1293	51.77	4.08	-25.72
1294	51.81	4.03	-25.74
1295	51.85	3.97	-26.15
1296	51.89	3.9	-26.2
1297	51.93	3.8	-26.25
1298	51.97	3.7	-26.27
1299	52.01	3.57	-25.89
1300	52.05	3.45	-25.89
1301	52.09	3.32	-25.87
1302	52.13	3.19	-25.9
1303	52.17	3.07	-25.94
1304	52.21	2.96	-26.37
1305	52.25	2.84	-26.41
1306	52.29	2.72	-26.45
1307	52.33	2.57	-26.5
1308	52.37	2.44	-26.14
1309	52.41	2.29	-26.57
1310	52.45	2.16	-26.97
1311	52.49	2.08	-27.33
1312	52.53	1.99	-27.68
1313	52.57	1.93	-27.63
1314	52.61	1.89	-27.09
1315	52.65	1.88	-26.54
1316	52.69	1.9	-26.02
1317	52.73	1.93	-25.49
1318	52.77	1.96	-25.46
1319	52.81	1.97	-25.43
1320	52.85	1.98	-25.39
1321	52.89	1.98	-25.37
1322	52.93	1.98	-25.35
1323	52.97	1.96	-25.33
1324	53.01	1.9	-25.33
1325	53.05	1.81	-25.32
1326	53.09	1.71	-25.31
1327	53.13	1.63	-25.31
1328	53.17	1.58	-25.29
1329	53.21	1.53	-25.27
1330	53.25	1.47	-25.27
1331	53.29	1.4	-25.27
1332	53.33	1.32	-25.27
1333	53.37	1.23	-25.26
1334	53.41	1.15	-25.25
1335	53.45	1.06	-25.27
1336	53.49	0.95	-25.3
1337	53.53	0.81	-25.34
1338	53.57	0.63	-25.38
1339	53.61	0.48	-25.35
1340	53.65	0.32	-25.33
1341	53.69	0.22	-25.31
1342	53.73	0.15	-25.28
1343	53.77	0.09	-25.27
1344	53.81	0.06	-25.25
1345	53.85	0.03	-25.25
1346	53.89	0.01	-25.26
1347	53.93	-0.01	-25.28
1348	53.97	-0.03	-25.3
1349	54.01	-0.03	-25.31
1350	54.05	-0.04	-25.32
1351	54.09	-0.04	-25.33
1352	54.13	-0.03	-25.33
1353	54.17	-0.03	-25.33
1354	54.21	-0.03	-25.34
1355	54.25	-0.01	-25.34
1356	54.29	0.01	-25.32
1357	54.33	0.03	-25.31
1358	54.37	0.07	-25.29
1359	54.41	0.13	-25.23
1360	54.45	0.16	-25.16
1361	54.49	0.16	-25.07
1362	54.53	0.09	-24.96
1363	54.57	-0.01	-24.88
1364	54.61	-0.09	-24.83
1365	54.65	-0.15	-24.8
1366	54.69	-0.17	-24.8
1367	54.73	-0.2	-24.83
1368	54.77	-0.22	-24.85
1369	54.81	-0.22	-24.85
1370	54.85	-0.22	-24.84
1371	54.89	-0.19	-24.8
1372	54.93	-0.15	-24.75
1373	54.97	-0.11	-24.72
1374	55.01	-0.07	-24.68
1375	55.05	-0.03	-24.66
1376	55.09	-0.01	-24.65
1377	55.13	0.01	-24.67
1378	55.17	0.02	-24.69
1379	55.21	0.04	-24.71
1380	55.25	0.09	-24.71
1381	55.29	0.12	-24.71
1382	55.33	0.15	-24.72
1383	55.37	0.19	-24.74
1384	55.41	0.24	-24.78
1385	55.45	0.29	-24.82
1386	55.49	0.37	-24.85
1387	55.53	0.48	-24.9
1388	55.57	0.62	-24.94
1389	55.61	0.79	-25
1390	55.65	0.99	-25.07
1391	55.69	1.17	-25.13
1392	55.73	1.35	-25.18
1393	55.77	1.51	-25.23
1394	55.81	1.63	-25.25
1395	55.85	1.71	-25.27
1396	55.89	1.76	-25.3
1397	55.93	1.78	-25.32
1398	55.97	1.77	-25.36
1399	56.01	1.77	-25.38
1400	56.05	1.78	-25.4
1401	56.09	1.82	-25.43
1402	56.13	1.89	-25.46
1403	56.17	1.97	-25.5
1404	56.21	2.04	-25.56
1405	56.25	2.11	-25.61
1406	56.29	2.22	-25.68
1407	56.33	2.39	-25.74
1408	56.37	2.61	-25.79
1409	56.41	2.9	-25.86
1410	56.45	3.14	-25.9
1411	56.49	3.36	-25.95
1412	56.53	3.53	-25.99
1413	56.57	3.66	-26.03
1414	56.61	3.8	-26.07
1415	56.65	3.91	-26.1
1416	56.69	4.03	-26.13
1417	56.73	4.13	-26.15
1418	56.77	4.23	-26.18
1419	56.81	4.37	-26.23
1420	56.85	4.52	-26.3
1421	56.89	4.72	-26.39
1422	56.93	4.94	-26.49
1423	56.97	5.14	-26.6
1424	57.01	5.37	-26.65
1425	57.05	5.65	-26.61
1426	57.09	5.97	-26.53
1427	57.13	6.29	-26.43
1428	57.17	6.59	-26.36
1429	57.21	6.78	-26.32
1430	57.25	6.97	-26.28
1431	57.29	7.17	-26.25
1432	57.33	7.3	-26.25
1433	57.37	7.53	-26.29
1434	57.41	7.81	-26.35
1435	57.45	8.12	-26.42
1436	57.49	8.53	-26.48
1437	57.53	8.91	-26.5
1438	57.57	9.18	-26.52
1439	57.61	9.43	-26.5
1440	57.65	9.71	-26.45
1441	57.69	9.91	-26.4
1442	57.73	10.19	-26.39
1443	57.77	10.49	-26.41
1444	57.81	10.75	-26.45
1445	57.85	11.05	-26.48
1446	57.89	11.36	-26.47
1447	57.93	11.65	-26.45
1448	57.97	11.92	-26.4
1449	58.01	12.17	-26.36
1450	58.05	12.38	-26.31
1451	58.09	12.57	-26.26
1452	58.13	12.81	-26.24
1453	58.17	13.06	-26.23
1454	58.21	13.31	-26.23
1455	58.25	13.59	-26.25
1456	58.29	13.85	-26.3
1457	58.33	14.07	-26.34
1458	58.37	14.36	-26.4
1459	58.41	14.63	-26.46
1460	58.45	14.88	-26.45
1461	58.49	15.22	-26.42
1462	58.53	15.47	-26.37
1463	58.57	15.73	-26.28
1464	58.61	15.96	-26.2
1465	58.65	16.14	-26.13
1466	58.69	16.37	-26.09
1467	58.73	16.56	-26.08
1468	58.77	16.76	-26.09
1469	58.81	16.99	-26.08
1470	58.85	17.19	-26.09
1471	58.89	17.43	-26.13
1472	58.93	17.68	-26.19
1473	58.97	17.86	-26.29
1474	59.01	18.03	-26.34
1475	59.05	18.18	-26.33
1476	59.09	18.36	-26.27
1477	59.13	18.6	-26.21
1478	59.17	18.8	-26.15
1479	59.21	18.96	-26.1
1480	59.25	19.05	-26.06
1481	59.29	19.1	-26.01
1482	59.33	19.17	-25.97
1483	59.37	19.23	-25.94
1484	59.41	19.29	-25.91
1485	59.45	19.35	-25.89
1486	59.49	19.39	-25.88
1487	59.53	19.44	-25.9
1488	59.57	19.5	-25.92
1489	59.61	19.53	-25.94
1490	59.64	19.57	-25.97
1491	59.69	19.58	-25.98
1492	59.73	19.59	-25.99
1493	59.77	19.6	-26
1494	59.81	19.63	-26.02
1495	59.84	19.64	-26.02
1496	59.89	19.66	-26.04
1497	59.92	19.65	-26.02
1498	59.97	19.63	-26.01
1499	60	19.63	-26.02
1500	60.04	19.62	-26.01
1501	60.08	19.63	-26.02
1502	60.12	19.64	-26.03
1503	60.16	19.63	-26.03
1504	60.2	19.61	-26.02
1505	60.24	19.57	-26
1506	60.28	19.56	-25.99
1507	60.32	19.55	-25.95
1508	60.36	19.58	-25.92
1509	60.4	19.62	-25.89
1510	60.44	19.67	-25.86
1511	60.48	19.77	-25.85
1512	60.52	19.83	-25.84
1513	60.56	19.9	-25.84
1514	60.6	19.96	-25.83
1515	60.64	19.97	-25.82
1516	60.68	20	-25.8
1517	60.72	20.03	-25.79
1518	60.76	20.06	-25.76
1519	60.8	20.1	-25.74
1520	60.84	20.13	-25.7
1521	60.88	20.16	-25.67
1522	60.92	20.15	-25.65
1523	60.96	20.15	-25.62
1524	61	20.15	-25.6
1525	61.04	20.15	-25.57
1526	61.08	20.14	-25.54
1527	61.12	20.14	-25.53
1528	61.16	20.12	-25.54
1529	61.2	20.1	-25.56
1530	61.24	20.08	-25.57
1531	61.28	20.06	-25.57
1532	61.32	20.04	-25.58
1533	61.36	20.03	-25.58
1534	61.4	20.04	-25.58
1535	61.44	20.03	-25.59
1536	61.48	20.03	-25.59
1537	61.52	20.03	-25.58
1538	61.56	20.01	-25.58
1539	61.6	20	-25.59
1540	61.64	19.99	-25.59
1541	61.68	19.99	-25.6
1542	61.72	19.99	-25.6
1543	61.76	20.01	-25.61
1544	61.8	20.02	-25.61
1545	61.84	20.02	-25.61
1546	61.88	20.01	-25.61
1547	61.92	19.99	-25.61
1548	61.96	19.97	-25.62
1549	62	19.92	-25.64
1550	62.04	19.86	-25.67
1551	62.08	19.8	-25.72
1552	62.12	19.75	-25.79
1553	62.16	19.73	-25.87
1554	62.2	19.75	-25.95
1555	62.24	19.81	-26
1556	62.28	19.86	-26.04
1557	62.32	19.91	-26.06
1558	62.4	19.94	-26.07
1559	62.44	19.97	-26.06
1560	62.48	20	-26.09
1561	62.52	20.04	-26.11
1562	62.56	20.07	-26.14
1563	62.6	20.11	-26.17
1564	62.64	20.16	-26.19
1565	62.68	20.2	-26.22
1566	62.72	20.23	-26.24
1567	62.76	20.23	-26.25
1568	62.8	20.22	-26.27
1569	62.84	20.23	-26.27
1570	62.88	20.25	-26.27
1571	62.92	20.26	-26.26
1572	62.96	20.27	-26.25
1573	63	20.27	-26.23
1574	63.04	20.26	-26.21
1575	63.08	20.26	-26.21
1576	63.12	20.24	-26.19
1577	63.16	20.23	-26.19
1578	63.2	20.21	-26.19
1579	63.24	20.2	-26.19
1580	63.28	20.19	-26.21
1581	63.32	20.18	-26.22
1582	63.36	20.19	-26.23
1583	63.4	20.17	-26.24
1584	63.44	20.15	-26.23
1585	63.48	20.13	-26.22
1586	63.52	20.1	-26.22
1587	63.56	20.08	-26.22
1588	63.6	20.08	-26.23
1589	63.64	20.06	-26.23
1590	63.68	20.06	-26.24
1591	63.72	20.06	-26.24
1592	63.76	20.04	-26.24
1593	63.8	20.03	-26.25
1594	63.84	20.02	-26.24
1595	63.88	19.99	-26.23
1596	63.92	19.98	-26.22
1597	63.96	19.96	-26.21
1598	64	19.94	-26.2
1599	64.04	19.94	-26.2
1600	64.08	19.93	-26.22
1601	64.12	19.91	-26.22
1602	64.16	19.9	-26.21
1603	64.2	19.9	-26.2
1604	64.24	19.89	-26.18
1605	64.28	19.91	-26.18
1606	64.32	19.9	-26.2
1607	64.36	19.87	-26.22
1608	64.4	19.85	-26.26
1609	64.44	19.81	-26.28
1610	64.48	19.8	-26.28
1611	64.52	19.78	-26.27
1612	64.56	19.75	-26.26
1613	64.6	19.72	-26.26
1614	64.64	19.7	-26.27
1615	64.68	19.67	-26.29
1616	64.72	19.65	-26.3
1617	64.76	19.64	-26.31
1618	64.8	19.62	-26.3
1619	64.84	19.59	-26.3
1620	64.88	19.56	-26.3
1621	64.92	19.52	-26.32
1622	64.96	19.48	-26.33
1623	65	19.46	-26.35
1624	65.04	19.44	-26.36
1625	65.08	19.4	-26.33
1626	65.12	19.36	-26.32
1627	65.16	19.29	-26.3
1628	65.2	19.24	-26.3
1629	65.24	19.22	-26.33
1630	65.28	19.19	-26.35
1631	65.32	19.16	-26.37
1632	65.36	19.12	-26.4
1633	65.4	19.08	-26.41
1634	65.44	19.07	-26.43
1635	65.48	19.07	-26.45
1636	65.52	19.08	-26.46
1637	65.56	19.07	-26.47
1638	65.6	19.06	-26.47
1639	65.64	19.04	-26.46
1640	65.68	19.03	-26.47
1641	65.72	19.04	-26.45
1642	65.76	19.04	-26.46
1643	65.8	19.04	-26.47
1644	65.84	19.02	-26.47
1645	65.88	19.02	-26.47
1646	65.92	19.01	-26.48
1647	65.96	19.01	-26.49
1648	66	19.04	-26.49
1649	66.04	19.08	-26.49
1650	66.08	19.15	-26.49
1651	66.12	19.23	-26.47
1652	66.16	19.3	-26.44
1653	66.2	19.36	-26.4
1654	66.24	19.39	-26.35
1655	66.28	19.39	-26.31
1656	66.32	19.37	-26.29
1657	66.36	19.32	-26.32
1658	66.4	19.29	-26.36
1659	66.44	19.27	-26.39
1660	66.48	19.28	-26.41
1661	66.52	19.33	-26.42
1662	66.56	19.38	-26.43
1663	66.6	19.43	-26.42
1664	66.64	19.47	-26.43
1665	66.68	19.5	-26.44
1666	66.72	19.53	-26.46
1667	66.76	19.59	-26.48
1668	66.8	19.66	-26.48
1669	66.84	19.72	-26.43
1670	66.88	19.81	-26.37
1671	66.92	19.9	-26.32
1672	66.96	19.99	-26.27
1673	67	20.07	-26.25
1674	67.04	20.13	-26.21
1675	67.08	20.16	-26.16
1676	67.12	20.16	-26.12
1677	67.16	20.15	-26.08
1678	67.2	20.15	-26.06
1679	67.24	20.12	-26.04
1680	67.28	20.1	-26.04
1681	67.32	20.09	-26.05
1682	67.36	20.08	-26.06
1683	67.4	20.06	-26.07
1684	67.44	20.08	-26.09
1685	67.48	20.1	-26.09
1686	67.52	20.13	-26.1
1687	67.56	20.18	-26.1
1688	67.6	20.23	-26.1
1689	67.64	20.27	-26.11
1690	67.68	20.3	-26.13
1691	67.72	20.32	-26.15
1692	67.76	20.33	-26.17
1693	67.8	20.34	-26.19
1694	67.84	20.35	-26.19
1695	67.88	20.38	-26.18
1696	67.92	20.38	-26.18
1697	67.96	20.39	-26.18
1698	68	20.38	-26.18
1699	68.04	20.38	-26.18
1700	68.08	20.36	-26.18
1701	68.12	20.33	-26.17
1702	68.16	20.31	-26.17
1703	68.2	20.28	-26.16
1704	68.24	20.25	-26.15
1705	68.28	20.23	-26.13
1706	68.32	20.23	-26.12
1707	68.36	20.25	-26.12
1708	68.4	20.28	-26.14
1709	68.44	20.31	-26.16
1710	68.48	20.33	-26.17
1711	68.52	20.32	-26.18
1712	68.56	20.3	-26.17
1713	68.6	20.29	-26.16
1714	68.64	20.28	-26.16
1715	68.68	20.26	-26.14
1716	68.72	20.23	-26.12
1717	68.76	20.21	-26.09
1718	68.8	20.15	-26.07
1719	68.84	20.11	-26.03
1720	68.88	20.05	-25.99
1721	68.92	19.98	-25.96
1722	68.96	19.9	-25.91
1723	69	19.81	-25.89
1724	69.04	19.72	-25.88
1725	69.08	19.65	-25.88
1726	69.12	19.6	-25.86
1727	69.16	19.57	-25.81
1728	69.2	19.55	-25.74
1729	69.24	19.54	-25.66
1730	69.28	19.51	-25.61
1731	69.32	19.47	-25.6
1732	69.36	19.43	-25.59
1733	69.4	19.38	-25.6
1734	69.44	19.33	-25.62
1735	69.48	19.29	-25.63
1736	69.52	19.26	-25.64
1737	69.56	19.21	-25.63
1738	69.6	19.17	-25.61
1739	69.64	19.13	-25.59
1740	69.68	19.09	-25.58
1741	69.72	19.05	-25.57
1742	69.76	19.01	-25.55
1743	69.8	18.97	-25.54
1744	69.84	18.91	-25.53
1745	69.88	18.85	-25.52
1746	69.92	18.79	-25.53
1747	69.96	18.74	-25.54
1748	70	18.7	-25.56
1749	70.04	18.67	-25.57
1750	70.08	18.66	-25.57
1751	70.12	18.65	-25.58
1752	70.16	18.66	-25.56
1753	70.2	18.68	-25.56
1754	70.24	18.71	-25.55
1755	70.28	18.74	-25.55
1756	70.32	18.76	-25.56
1757	70.36	18.79	-25.55
1758	70.4	18.8	-25.56
1759	70.44	18.83	-25.56
1760	70.48	18.86	-25.56
1761	70.52	18.89	-25.57
1762	70.56	18.91	-25.57
1763	70.6	18.92	-25.56
1764	70.64	18.91	-25.57
1765	70.68	18.9	-25.55
1766	70.72	18.88	-25.55
1767	70.76	18.87	-25.54
1768	70.8	18.86	-25.54
1769	70.84	18.87	-25.54
1770	70.88	18.89	-25.53
1771	70.92	18.9	-25.55
1772	70.96	18.91	-25.57
1773	71	18.94	-25.6
1774	71.04	18.97	-25.65
1775	71.08	19.01	-25.71
1776	71.12	19.05	-25.75
1777	71.16	19.09	-25.81
1778	71.2	19.15	-25.86
1779	71.24	19.22	-25.89
1780	71.28	19.32	-25.92
1781	71.32	19.41	-25.92
1782	71.36	19.52	-25.92
1783	71.4	19.62	-25.92
1784	71.44	19.74	-25.93
1785	71.48	19.85	-25.94
1786	71.52	19.92	-25.94
1787	71.56	19.95	-25.93
1788	71.6	19.94	-25.91
1789	71.64	19.92	-25.89
1790	71.68	19.9	-25.87
1791	71.72	19.9	-25.85
1792	71.76	19.9	-25.85
1793	71.8	19.91	-25.84
1794	71.84	19.92	-25.84
1795	71.88	19.92	-25.84
1796	71.92	19.95	-25.85
1797	71.96	19.95	-25.86
1798	72	19.96	-25.86
1799	72.04	19.98	-25.85
1800	72.08	19.97	-25.84
1801	72.12	19.96	-25.83
1802	72.16	19.96	-25.82
1803	72.2	19.94	-25.81
1804	72.24	19.95	-25.82
1805	72.28	19.95	-25.82
1806	72.32	19.94	-25.83
1807	72.36	19.94	-25.85
1808	72.4	19.94	-25.85
1809	72.44	19.95	-25.88
1810	72.48	19.96	-25.88
1811	72.52	19.96	-25.88
1812	72.56	19.97	-25.88
1813	72.6	19.98	-25.87
1814	72.64	19.99	-25.87
1815	72.68	20	-25.87
1816	72.72	20	-25.87
1817	72.76	19.99	-25.87
1818	72.8	20	-25.87
1819	72.84	20	-25.87
1820	72.88	20	-25.87
1821	72.92	19.99	-25.87
1822	72.96	19.97	-25.87
1823	73	19.93	-25.87
1824	73.04	19.89	-25.87
1825	73.08	19.86	-25.87
1826	73.12	19.82	-25.86
1827	73.16	19.8	-25.84
1828	73.2	19.77	-25.81
1829	73.24	19.74	-25.76
1830	73.28	19.71	-25.71
1831	73.32	19.67	-25.66
1832	73.36	19.65	-25.63
1833	73.4	19.63	-25.62
1834	73.44	19.61	-25.61
1835	73.48	19.62	-25.6
1836	73.52	19.61	-25.59
1837	73.56	19.62	-25.58
1838	73.6	19.63	-25.57
1839	73.64	19.63	-25.56
1840	73.68	19.63	-25.56
1841	73.72	19.65	-25.56
1842	73.76	19.66	-25.55
1843	73.8	19.68	-25.55
1844	73.84	19.69	-25.55
1845	73.88	19.72	-25.54
1846	73.92	19.75	-25.54
1847	73.96	19.79	-25.52
1848	74	19.85	-25.51
1849	74.04	19.89	-25.5
1850	74.08	19.9	-25.5
1851	74.12	19.9	-25.5
1852	74.16	19.88	-25.5
1853	74.2	19.88	-25.5
1854	74.24	19.87	-25.49
1855	74.28	19.88	-25.49
1856	74.32	19.88	-25.49
1857	74.36	19.86	-25.49
1858	74.4	19.86	-25.5
1859	74.44	19.84	-25.52
1860	74.48	19.81	-25.54
1861	74.52	19.8	-25.56
1862	74.56	19.77	-25.58
1863	74.6	19.74	-25.62
1864	74.64	19.72	-25.66
1865	74.68	19.69	-25.71
1866	74.72	19.68	-25.75
1867	74.76	19.66	-25.78
1868	74.8	19.62	-25.79
1869	74.84	19.58	-25.78
1870	74.88	19.52	-25.77
1871	74.92	19.48	-25.75
1872	74.96	19.46	-25.74
1873	75	19.41	-25.72
1874	75.04	19.38	-25.69
1875	75.08	19.31	-25.65
1876	75.12	19.24	-25.62
1877	75.16	19.2	-25.59
1878	75.2	19.16	-25.57
1879	75.24	19.15	-25.55
1880	75.28	19.14	-25.53
1881	75.32	19.11	-25.5
1882	75.36	19.07	-25.48
1883	75.4	19.05	-25.48
1884	75.44	19.03	-25.49
1885	75.48	19.03	-25.52
1886	75.52	19.03	-25.54
1887	75.56	19.02	-25.54
1888	75.6	19.01	-25.52
1889	75.64	19.01	-25.5
1890	75.68	18.99	-25.48
1891	75.72	18.98	-25.47
1892	75.76	18.94	-25.45
1893	75.8	18.9	-25.41
1894	75.84	18.86	-25.38
1895	75.88	18.85	-25.37
1896	75.92	18.84	-25.34
1897	75.96	18.83	-25.33
1898	76	18.81	-25.32
1899	76.04	18.77	-25.31
1900	76.08	18.74	-25.31
1901	76.12	18.7	-25.32
1902	76.16	18.65	-25.33
1903	76.2	18.57	-25.34
1904	76.24	18.47	-25.36
1905	76.28	18.37	-25.39
1906	76.32	18.3	-25.41
1907	76.36	18.27	-25.45
1908	76.4	18.25	-25.47
1909	76.44	18.25	-25.49
1910	76.48	18.24	-25.5
1911	76.52	18.24	-25.49
1912	76.56	18.23	-25.49
1913	76.6	18.22	-25.5
1914	76.64	18.2	-25.51
1915	76.68	18.15	-25.53
1916	76.72	18.11	-25.55
1917	76.76	18.07	-25.56
1918	76.8	18.04	-25.56
1919	76.84	18.02	-25.55
1920	76.88	18.01	-25.53
1921	76.92	18	-25.52
1922	76.96	18	-25.51
1923	77	18.01	-25.49
1924	77.04	18.01	-25.48
1925	77.08	18.01	-25.47
1926	77.12	18.01	-25.45
1927	77.16	18.01	-25.44
1928	77.2	18.02	-25.42
1929	77.24	18.04	-25.4
1930	77.28	18.07	-25.36
1931	77.32	18.1	-25.31
1932	77.36	18.13	-25.27
1933	77.4	18.16	-25.23
1934	77.44	18.19	-25.21
1935	77.48	18.21	-25.21
1936	77.52	18.23	-25.22
1937	77.56	18.24	-25.24
1938	77.6	18.27	-25.26
1939	77.64	18.29	-25.28
1940	77.68	18.31	-25.3
1941	77.72	18.34	-25.32
1942	77.76	18.35	-25.33
1943	77.8	18.37	-25.33
1944	77.84	18.38	-25.33
1945	77.88	18.39	-25.33
1946	77.92	18.39	-25.32
1947	77.96	18.4	-25.33
1948	78	18.42	-25.34
1949	78.04	18.42	-25.35
1950	78.08	18.43	-25.36
1951	78.12	18.42	-25.36
1952	78.16	18.41	-25.34
1953	78.2	18.41	-25.32
1954	78.24	18.4	-25.31
1955	78.28	18.4	-25.3
1956	78.32	18.39	-25.3
1957	78.36	18.39	-25.29
1958	78.4	18.39	-25.27
1959	78.44	18.41	-25.27
1960	78.48	18.44	-25.27
1961	78.52	18.46	-25.26
1962	78.56	18.48	-25.27
1963	78.6	18.46	-25.25
1964	78.64	18.44	-25.24
1965	78.68	18.43	-25.23
1966	78.72	18.41	-25.23
1967	78.76	18.42	-25.23
1968	78.8	18.43	-25.23
1969	78.84	18.44	-25.23
1970	78.88	18.44	-25.23
1971	78.92	18.45	-25.21
1972	78.96	18.46	-25.2
1973	79	18.46	-25.19
1974	79.04	18.49	-25.19
1975	79.08	18.5	-25.19
1976	79.12	18.52	-25.2
1977	79.16	18.54	-25.21
1978	79.2	18.55	-25.22
1979	79.24	18.55	-25.23
1980	79.28	18.58	-25.24
1981	79.32	18.6	-25.24
1982	79.36	18.65	-25.25
1983	79.4	18.7	-25.26
1984	79.44	18.75	-25.27
1985	79.48	18.82	-25.29
1986	79.52	18.91	-25.33
1987	79.56	19	-25.36
1988	79.6	19.09	-25.39
1989	79.64	19.16	-25.41
1990	79.68	19.25	-25.44
1991	79.72	19.31	-25.48
1992	79.76	19.36	-25.53
1993	79.8	19.39	-25.57
1994	79.84	19.4	-25.58
1995	79.88	19.42	-25.59
1996	79.92	19.46	-25.61
1997	79.96	19.52	-25.63
1998	80	19.59	-25.64
1999	80.04	19.64	-25.63
2000	80.08	19.68	-25.63
2001	80.12	19.71	-25.62
2002	80.16	19.71	-25.6
2003	80.2	19.71	-25.6
2004	80.24	19.7	-25.59
2005	80.28	19.68	-25.59
2006	80.32	19.65	-25.57
2007	80.36	19.6	-25.56
2008	80.4	19.54	-25.54
2009	80.44	19.46	-25.5
2010	80.48	19.38	-25.49
2011	80.52	19.29	-25.45
2012	80.56	19.22	-25.41
2013	80.6	19.2	-25.36
2014	80.64	19.16	-25.3
2015	80.68	19.16	-25.26
2016	80.72	19.17	-25.21
2017	80.76	19.19	-25.17
2018	80.8	19.23	-25.14
2019	80.84	19.29	-25.11
2020	80.88	19.35	-25.09
2021	80.92	19.41	-25.08
2022	80.96	19.46	-25.07
2023	81	19.5	-25.06
2024	81.04	19.53	-25.07
2025	81.08	19.55	-25.08
2026	81.12	19.56	-25.09
2027	81.16	19.57	-25.1
2028	81.2	19.54	-25.11
2029	81.24	19.51	-25.12
2030	81.28	19.49	-25.14
2031	81.32	19.44	-25.16
2032	81.36	19.41	-25.17
2033	81.4	19.38	-25.18
2034	81.44	19.34	-25.17
2035	81.48	19.31	-25.15
2036	81.52	19.28	-25.13
2037	81.56	19.25	-25.12
2038	81.6	19.21	-25.14
2039	81.64	19.19	-25.17
2040	81.68	19.18	-25.19
2041	81.72	19.18	-25.21
2042	81.76	19.18	-25.22
2043	81.8	19.18	-25.23
2044	81.84	19.17	-25.23
2045	81.88	19.16	-25.24
2046	81.92	19.13	-25.24
2047	81.96	19.12	-25.26
2048	82	19.11	-25.29
2049	82.04	19.09	-25.3
2050	82.08	19.1	-25.32
2051	82.12	19.09	-25.32
2052	82.16	19.07	-25.31
2053	82.2	19.07	-25.31
2054	82.24	19.03	-25.29
2055	82.28	19.01	-25.29
2056	82.32	18.98	-25.29
2057	82.36	18.95	-25.3
2058	82.4	18.91	-25.31
2059	82.44	18.87	-25.32
2060	82.48	18.82	-25.32
2061	82.52	18.78	-25.32
2062	82.56	18.76	-25.32
2063	82.6	18.75	-25.32
2064	82.64	18.75	-25.32
2065	82.68	18.74	-25.31
2066	82.72	18.74	-25.31
2067	82.76	18.73	-25.31
2068	82.8	18.71	-25.31
2069	82.84	18.69	-25.31
2070	82.88	18.63	-25.29
2071	82.92	18.57	-25.26
2072	82.96	18.5	-25.23
2073	83	18.45	-25.2
2074	83.04	18.4	-25.18
2075	83.08	18.37	-25.18
2076	83.12	18.33	-25.2
2077	83.16	18.28	-25.24
2078	83.2	18.23	-25.28
2079	83.24	18.2	-25.32
2080	83.28	18.18	-25.35
2081	83.32	18.17	-25.39
2082	83.36	18.17	-25.4
2083	83.4	18.16	-25.42
2084	83.44	18.16	-25.43
2085	83.48	18.14	-25.42
2086	83.52	18.11	-25.41
2087	83.56	18.09	-25.39
2088	83.6	18.08	-25.36
2089	83.64	18.07	-25.34
2090	83.68	18.08	-25.33
2091	83.72	18.09	-25.3
2092	83.76	18.1	-25.3
2093	83.8	18.11	-25.28
2094	83.84	18.12	-25.25
2095	83.88	18.14	-25.25
2096	83.92	18.15	-25.23
2097	83.96	18.17	-25.23
2098	84	18.17	-25.24
2099	84.04	18.17	-25.24
2100	84.08	18.17	-25.24
2101	84.12	18.17	-25.24
2102	84.16	18.17	-25.24
2103	84.2	18.17	-25.25
2104	84.24	18.19	-25.25
2105	84.28	18.19	-25.26
2106	84.32	18.2	-25.26
2107	84.36	18.21	-25.26
2108	84.4	18.22	-25.26
2109	84.44	18.24	-25.27
2110	84.48	18.25	-25.28
2111	84.52	18.26	-25.29
2112	84.56	18.26	-25.29
2113	84.6	18.27	-25.29
2114	84.64	18.27	-25.28
2115	84.68	18.28	-25.28
2116	84.72	18.28	-25.27
2117	84.76	18.29	-25.28
2118	84.8	18.29	-25.27
2119	84.84	18.3	-25.26
2120	84.88	18.32	-25.25
2121	84.92	18.33	-25.21
2122	84.96	18.36	-25.19
2123	85	18.4	-25.16
2124	85.04	18.43	-25.16
2125	85.08	18.46	-25.17
2126	85.12	18.48	-25.19
2127	85.16	18.49	-25.22
2128	85.2	18.5	-25.23
2129	85.24	18.51	-25.25
2130	85.28	18.53	-25.26
2131	85.32	18.53	-25.26
2132	85.36	18.55	-25.27
2133	85.4	18.57	-25.28
2134	85.44	18.58	-25.29
2135	85.48	18.6	-25.29
2136	85.52	18.6	-25.29
2137	85.56	18.6	-25.27
2138	85.6	18.6	-25.28
2139	85.64	18.6	-25.28
2140	85.68	18.61	-25.29
2141	85.72	18.62	-25.3
2142	85.76	18.62	-25.31
2143	85.8	18.61	-25.3
2144	85.84	18.6	-25.29
2145	85.88	18.59	-25.28
2146	85.92	18.58	-25.26
2147	85.96	18.57	-25.26
2148	86	18.56	-25.23
2149	86.04	18.54	-25.21
2150	86.08	18.52	-25.19
2151	86.12	18.5	-25.18
2152	86.16	18.48	-25.17
2153	86.2	18.46	-25.15
2154	86.24	18.44	-25.14
2155	86.28	18.43	-25.11
2156	86.32	18.42	-25.09
2157	86.36	18.39	-25.07
2158	86.4	18.37	-25.05
2159	86.44	18.35	-25.04
2160	86.48	18.32	-25
2161	86.52	18.29	-24.96
2162	86.56	18.25	-24.9
2163	86.6	18.21	-24.85
2164	86.64	18.19	-24.82
2165	86.68	18.16	-24.8
2166	86.72	18.16	-24.79
2167	86.76	18.14	-24.78
2168	86.8	18.13	-24.79
2169	86.84	18.12	-24.83
2170	86.88	18.1	-24.87
2171	86.92	18.08	-24.92
2172	86.96	18.06	-24.93
2173	87	18.03	-24.91
2174	87.04	18.02	-24.88
2175	87.08	18	-24.85
2176	87.12	17.98	-24.84
2177	87.16	17.97	-24.83
2178	87.2	17.96	-24.84
2179	87.24	17.97	-24.86
2180	87.28	17.98	-24.87
2181	87.32	17.99	-24.89
2182	87.36	17.99	-24.89
2183	87.4	18.01	-24.91
2184	87.44	18.02	-24.96
2185	87.48	18.03	-25.02
2186	87.52	18.04	-25.08
2187	87.56	18.03	-25.13
2188	87.6	18.04	-25.15
2189	87.64	18.05	-25.16
2190	87.68	18.06	-25.17
2191	87.72	18.07	-25.21
2192	87.76	18.07	-25.26
2193	87.8	18.07	-25.28
2194	87.84	18.06	-25.29
2195	87.88	18.06	-25.27
2196	87.92	18.06	-25.24
2197	87.96	18.08	-25.21
2198	88	18.1	-25.16
2199	88.04	18.12	-25.1
2200	88.08	18.14	-25.05
2201	88.12	18.15	-25.01
2202	88.16	18.14	-24.98
2203	88.2	18.12	-24.95
2204	88.24	18.1	-24.92
2205	88.28	18.08	-24.85
2206	88.32	18.08	-24.79
2207	88.36	18.08	-24.72
2208	88.4	18.07	-24.68
2209	88.44	18.08	-24.68
2210	88.48	18.1	-24.7
2211	88.52	18.15	-24.73
2212	88.56	18.19	-24.76
2213	88.6	18.23	-24.78
2214	88.64	18.24	-24.79
2215	88.68	18.23	-24.84
2216	88.72	18.2	-24.89
2217	88.76	18.18	-24.95
2218	88.8	18.16	-25
2219	88.84	18.16	-25.03
2220	88.88	18.18	-25.08
2221	88.92	18.23	-25.13
2222	88.96	18.28	-25.17
2223	89	18.29	-25.18
2224	89.04	18.28	-25.13
2225	89.08	18.23	-25.06
2226	89.12	18.17	-24.98
2227	89.16	18.13	-24.91
2228	89.2	18.09	-24.88
2229	89.24	18.09	-24.85
2230	89.28	18.09	-24.83
2231	89.32	18.1	-24.8
2232	89.36	18.13	-24.75
2233	89.4	18.14	-24.71
2234	89.44	18.17	-24.67
2235	89.48	18.19	-24.64
2236	89.52	18.22	-24.65
2237	89.56	18.27	-24.69
2238	89.6	18.31	-24.74
2239	89.64	18.37	-24.84
2240	89.68	18.41	-24.93
2241	89.72	18.46	-25.02
2242	89.76	18.53	-25.14
2243	89.8	18.58	-25.23
2244	89.84	18.63	-25.3
2245	89.88	18.67	-25.35
2246	89.92	18.7	-25.34
2247	89.96	18.74	-25.34
2248	90	18.78	-25.33
2249	90.04	18.83	-25.34
2250	90.08	18.86	-25.34
2251	90.12	18.9	-25.34
2252	90.16	18.92	-25.34
2253	90.2	18.94	-25.34
2254	90.24	18.93	-25.33
2255	90.28	18.92	-25.31
2256	90.32	18.87	-25.28
2257	90.36	18.82	-25.22
2258	90.4	18.77	-25.17
2259	90.44	18.73	-25.11
2260	90.48	18.71	-25.08
2261	90.52	18.67	-25.04
2262	90.56	18.64	-25
2263	90.6	18.59	-24.99
2264	90.64	18.52	-24.97
2265	90.68	18.45	-24.99
2266	90.72	18.38	-25.01
2267	90.76	18.32	-25.03
2268	90.8	18.28	-25.05
2269	90.84	18.26	-25.06
2270	90.88	18.23	-25.05
2271	90.92	18.24	-25.03
2272	90.96	18.25	-25
2273	91	18.25	-24.97
2274	91.04	18.24	-24.94
2275	91.08	18.22	-24.93
2276	91.12	18.18	-24.92
2277	91.16	18.15	-24.93
2278	91.2	18.11	-24.94
2279	91.24	18.09	-24.94
2280	91.28	18.07	-24.94
2281	91.32	18.06	-24.9
2282	91.36	18.04	-24.87
2283	91.4	18.02	-24.83
2284	91.44	18	-24.81
2285	91.48	17.99	-24.8
2286	91.52	17.99	-24.77
2287	91.56	17.97	-24.75
2288	91.6	17.97	-24.73
2289	91.64	17.97	-24.73
2290	91.68	17.96	-24.75
2291	91.72	17.97	-24.74
2292	91.76	17.97	-24.72
2293	91.8	17.97	-24.71
2294	91.84	17.97	-24.71
2295	91.88	17.94	-24.72
2296	91.92	17.93	-24.74
2297	91.96	17.92	-24.74
2298	92	17.91	-24.73
2299	92.04	17.91	-24.73
2300	92.08	17.91	-24.72
2301	92.12	17.92	-24.73
2302	92.16	17.93	-24.73
2303	92.2	17.92	-24.73
2304	92.24	17.92	-24.73
2305	92.28	17.92	-24.72
2306	92.32	17.92	-24.72
2307	92.36	17.91	-24.72
2308	92.4	17.9	-24.74
2309	92.44	17.87	-24.76
2310	92.48	17.84	-24.77
2311	92.52	17.81	-24.78
2312	92.56	17.8	-24.77
2313	92.6	17.81	-24.77
2314	92.64	17.82	-24.75
2315	92.68	17.83	-24.75
2316	92.72	17.84	-24.74
2317	92.76	17.86	-24.74
2318	92.8	17.88	-24.73
2319	92.84	17.92	-24.72
2320	92.88	17.94	-24.72
2321	92.92	17.95	-24.75
2322	92.96	17.94	-24.78
2323	93	17.93	-24.82
2324	93.04	17.91	-24.85
2325	93.08	17.88	-24.87
2326	93.12	17.85	-24.87
2327	93.16	17.83	-24.87
2328	93.2	17.83	-24.88
2329	93.24	17.83	-24.88
2330	93.28	17.84	-24.88
2331	93.32	17.84	-24.88
2332	93.36	17.85	-24.88
2333	93.4	17.87	-24.89
2334	93.44	17.89	-24.91
2335	93.48	17.93	-24.93
2336	93.52	17.98	-24.91
2337	93.56	18.03	-24.89
2338	93.6	18.09	-24.84
2339	93.64	18.12	-24.79
2340	93.68	18.14	-24.75
2341	93.72	18.15	-24.72
2342	93.76	18.14	-24.71
2343	93.8	18.12	-24.71
2344	93.84	18.1	-24.72
2345	93.88	18.09	-24.71
2346	93.92	18.08	-24.7
2347	93.96	18.07	-24.69
2348	94	18.07	-24.68
2349	94.04	18.07	-24.68
2350	94.08	18.08	-24.68
2351	94.12	18.08	-24.67
2352	94.16	18.06	-24.69
2353	94.2	18.03	-24.72
2354	94.24	17.99	-24.77
2355	94.28	17.92	-24.82
2356	94.32	17.85	-24.86
2357	94.36	17.78	-24.93
2358	94.4	17.72	-25.01
2359	94.44	17.65	-25.08
2360	94.48	17.6	-25.16
2361	94.52	17.56	-25.19
2362	94.56	17.55	-25.22
2363	94.6	17.59	-25.23
2364	94.64	17.64	-25.23
2365	94.68	17.69	-25.23
2366	94.72	17.75	-25.21
2367	94.76	17.8	-25.19
2368	94.8	17.85	-25.19
2369	94.84	17.9	-25.19
2370	94.88	17.95	-25.17
2371	94.92	18.01	-25.15
2372	94.96	18.07	-25.1
2373	95	18.14	-25.05
2374	95.04	18.21	-24.99
2375	95.08	18.29	-24.93
2376	95.12	18.39	-24.89
2377	95.16	18.51	-24.87
2378	95.2	18.63	-24.91
2379	95.24	18.75	-24.95
2380	95.28	18.87	-25.04
2381	95.32	18.96	-25.12
2382	95.36	19.02	-25.2
2383	95.4	19.07	-25.26
2384	95.44	19.09	-25.3
2385	95.48	19.1	-25.31
2386	95.52	19.1	-25.31
2387	95.56	19.1	-25.3
2388	95.6	19.1	-25.29
2389	95.64	19.11	-25.28
2390	95.68	19.1	-25.26
2391	95.72	19.09	-25.24
2392	95.76	19.07	-25.22
2393	95.8	19.05	-25.2
2394	95.84	19.04	-25.15
2395	95.88	19.02	-25.09
2396	95.92	19.01	-25.02
2397	95.96	18.98	-24.96
2398	96	18.93	-24.91
2399	96.04	18.88	-24.87
2400	96.08	18.83	-24.86
2401	96.12	18.78	-24.91
2402	96.16	18.74	-24.99
2403	96.2	18.72	-25.06
2404	96.24	18.73	-25.1
2405	96.28	18.71	-25.05
2406	96.32	18.7	-24.98
2407	96.36	18.68	-24.91
2408	96.4	18.67	-24.82
2409	96.44	18.72	-24.77
2410	96.48	18.76	-24.73
2411	96.52	18.77	-24.73
2412	96.56	18.74	-24.76
2413	96.6	18.65	-24.82
2414	96.64	18.56	-24.87
2415	96.68	18.47	-24.9
2416	96.72	18.38	-24.92
2417	96.76	18.29	-24.93
2418	96.8	18.2	-24.93
2419	96.84	18.12	-24.94
2420	96.88	18.04	-24.94
2421	96.92	17.96	-24.93
2422	96.96	17.91	-24.91
2423	97	17.85	-24.89
2424	97.04	17.81	-24.89
2425	97.08	17.77	-24.9
2426	97.12	17.74	-24.91
2427	97.16	17.74	-24.9
2428	97.2	17.74	-24.9
2429	97.24	17.74	-24.89
2430	97.28	17.74	-24.88
2431	97.32	17.74	-24.88
2432	97.36	17.74	-24.88
2433	97.4	17.73	-24.87
2434	97.44	17.73	-24.87
2435	97.48	17.73	-24.86
2436	97.52	17.72	-24.87
2437	97.56	17.72	-24.86
2438	97.6	17.72	-24.85
2439	97.64	17.71	-24.83
2440	97.68	17.72	-24.81
2441	97.72	17.71	-24.8
2442	97.76	17.7	-24.76
2443	97.8	17.71	-24.72
2444	97.84	17.7	-24.7
2445	97.88	17.72	-24.67
2446	97.92	17.74	-24.66
2447	97.96	17.76	-24.67
2448	98	17.78	-24.67
2449	98.04	17.8	-24.68
2450	98.08	17.83	-24.7
2451	98.12	17.86	-24.69
2452	98.16	17.89	-24.71
2453	98.2	17.91	-24.72
2454	98.24	17.93	-24.72
2455	98.28	17.96	-24.7
2456	98.32	17.98	-24.68
2457	98.36	18	-24.65
2458	98.4	18.02	-24.63
2459	98.44	18.03	-24.63
2460	98.48	18.03	-24.62
2461	98.52	18.03	-24.6
2462	98.56	18.03	-24.59
2463	98.6	18.04	-24.57
2464	98.64	18.06	-24.55
2465	98.68	18.1	-24.55
2466	98.72	18.16	-24.55
2467	98.76	18.21	-24.55
2468	98.8	18.26	-24.56
2469	98.84	18.29	-24.55
2470	98.88	18.31	-24.56
2471	98.92	18.33	-24.57
2472	98.96	18.35	-24.58
2473	99	18.36	-24.58
2474	99.04	18.37	-24.59
2475	99.08	18.38	-24.6
2476	99.12	18.39	-24.61
2477	99.16	18.39	-24.62
2478	99.2	18.39	-24.63
2479	99.24	18.39	-24.64
2480	99.28	18.38	-24.64
2481	99.32	18.38	-24.63
2482	99.36	18.37	-24.63
2483	99.39	18.36	-24.63
2484	99.44	18.37	-24.64
2485	99.47	18.37	-24.67
2486	99.51	18.38	-24.69
2487	99.55	18.38	-24.7
2488	99.6	18.38	-24.7
2489	99.63	18.38	-24.69
2490	99.67	18.38	-24.69
2491	99.71	18.38	-24.69
2492	99.75	18.37	-24.68
2493	99.79	18.36	-24.68
2494	99.83	18.34	-24.67
2495	99.87	18.34	-24.67
2496	99.91	18.34	-24.68
2497	99.95	18.34	-24.68
2498	99.99	18.34	-24.69
2499	100.03	18.34	-24.69
2500	100.07	18.34	-24.69
2501	100.11	18.35	-24.69
2502	100.15	18.35	-24.69
2503	100.19	18.35	-24.68
2504	100.23	18.35	-24.68
2505	100.27	18.35	-24.67
2506	100.31	18.35	-24.68
2507	100.35	18.34	-24.68
2508	100.39	18.35	-24.67
2509	100.43	18.35	-24.68
2510	100.47	18.35	-24.68
2511	100.51	18.36	-24.69
2512	100.55	18.37	-24.69
2513	100.59	18.36	-24.69
2514	100.63	18.36	-24.68
2515	100.67	18.35	-24.67
2516	100.71	18.35	-24.66
2517	100.75	18.34	-24.65
2518	100.79	18.34	-24.65
2519	100.83	18.34	-24.65
2520	100.87	18.34	-24.66
2521	100.91	18.34	-24.66
2522	100.95	18.34	-24.64
2523	100.99	18.34	-24.65
2524	101.03	18.34	-24.64
2525	101.07	18.34	-24.64
2526	101.11	18.34	-24.63
2527	101.15	18.34	-24.63
2528	101.19	18.34	-24.63
2529	101.23	18.34	-24.63
2530	101.27	18.34	-24.63
2531	101.31	18.34	-24.63
2532	101.35	18.34	-24.64
2533	101.39	18.33	-24.64
2534	101.43	18.34	-24.64
2535	101.47	18.34	-24.64
2536	101.51	18.33	-24.64
2537	101.55	18.33	-24.63
2538	101.59	18.33	-24.62
2539	101.63	18.32	-24.61
2540	101.67	18.32	-24.6
2541	101.71	18.31	-24.58
2542	101.75	18.31	-24.57
2543	101.79	18.32	-24.57
2544	101.83	18.32	-24.55
2545	101.87	18.31	-24.54
2546	101.91	18.28	-24.54
2547	101.95	18.23	-24.56
2548	101.99	18.14	-24.59
2549	102.03	18.06	-24.63
2550	102.07	17.98	-24.64
2551	102.11	17.89	-24.65
2552	102.15	17.83	-24.67
2553	102.19	17.79	-24.67
2554	102.23	17.76	-24.67
2555	102.27	17.74	-24.66
2556	102.31	17.72	-24.65
2557	102.35	17.7	-24.66
2558	102.39	17.69	-24.67
2559	102.43	17.66	-24.69
2560	102.47	17.64	-24.72
2561	102.51	17.61	-24.74
2562	102.55	17.59	-24.77
2563	102.59	17.58	-24.79
2564	102.63	17.57	-24.82
2565	102.67	17.56	-24.84
2566	102.71	17.54	-24.86
2567	102.75	17.53	-24.88
2568	102.79	17.52	-24.89
2569	102.83	17.5	-24.91
2570	102.87	17.49	-24.91
2571	102.91	17.49	-24.91
2572	102.95	17.51	-24.91
2573	102.99	17.53	-24.89
2574	103.03	17.54	-24.86
2575	103.07	17.56	-24.85
2576	103.11	17.57	-24.83
2577	103.15	17.57	-24.83
2578	103.19	17.56	-24.84
2579	103.23	17.56	-24.83
2580	103.27	17.56	-24.83
2581	103.31	17.56	-24.83
2582	103.35	17.55	-24.81
2583	103.39	17.53	-24.81
2584	103.43	17.5	-24.8
2585	103.47	17.47	-24.79
2586	103.51	17.44	-24.78
2587	103.55	17.4	-24.78
2588	103.59	17.36	-24.79
2589	103.63	17.33	-24.8
2590	103.67	17.29	-24.83
2591	103.71	17.26	-24.84
2592	103.75	17.26	-24.84
2593	103.79	17.25	-24.83
2594	103.83	17.25	-24.83
2595	103.87	17.24	-24.82
2596	103.91	17.23	-24.83
2597	103.95	17.22	-24.83
2598	103.99	17.2	-24.83
2599	104.03	17.19	-24.83
2600	104.07	17.17	-24.83
2601	104.11	17.17	-24.82
2602	104.15	17.17	-24.79
2603	104.19	17.16	-24.79
2604	104.23	17.16	-24.78
2605	104.27	17.16	-24.78
2606	104.31	17.18	-24.77
2607	104.35	17.2	-24.77
2608	104.39	17.23	-24.75
2609	104.43	17.27	-24.74
2610	104.47	17.28	-24.74
2611	104.51	17.3	-24.73
2612	104.55	17.31	-24.73
2613	104.59	17.33	-24.73
2614	104.63	17.35	-24.72
2615	104.67	17.37	-24.71
2616	104.71	17.39	-24.7
2617	104.75	17.4	-24.7
2618	104.79	17.4	-24.7
2619	104.83	17.42	-24.7
2620	104.87	17.44	-24.7
2621	104.91	17.45	-24.7
2622	104.95	17.46	-24.69
2623	104.99	17.47	-24.68
2624	105.03	17.46	-24.68
2625	105.07	17.46	-24.67
2626	105.11	17.46	-24.66
2627	105.15	17.47	-24.66
2628	105.19	17.48	-24.64
2629	105.23	17.48	-24.64
2630	105.27	17.49	-24.64
2631	105.31	17.49	-24.64
2632	105.35	17.51	-24.65
2633	105.39	17.52	-24.64
2634	105.43	17.54	-24.64
2635	105.47	17.56	-24.63
2636	105.51	17.57	-24.63
2637	105.55	17.58	-24.63
2638	105.59	17.59	-24.62
2639	105.63	17.6	-24.62
2640	105.67	17.61	-24.61
2641	105.71	17.62	-24.6
2642	105.75	17.62	-24.6
2643	105.79	17.62	-24.6
2644	105.83	17.6	-24.6
2645	105.87	17.59	-24.61
2646	105.91	17.58	-24.62
2647	105.95	17.58	-24.62
2648	105.99	17.57	-24.62
2649	106.03	17.56	-24.63
2650	106.07	17.55	-24.63
2651	106.11	17.54	-24.64
2652	106.15	17.52	-24.65
2653	106.19	17.5	-24.66
2654	106.23	17.48	-24.68
2655	106.27	17.47	-24.7
2656	106.31	17.46	-24.73
2657	106.35	17.47	-24.75
2658	106.39	17.47	-24.78
2659	106.43	17.47	-24.82
2660	106.47	17.49	-24.83
2661	106.51	17.51	-24.86
2662	106.55	17.54	-24.89
2663	106.59	17.56	-24.91
2664	106.63	17.59	-24.93
2665	106.67	17.6	-24.94
2666	106.71	17.62	-24.92
2667	106.75	17.65	-24.9
2668	106.79	17.67	-24.88
2669	106.83	17.7	-24.85
2670	106.87	17.74	-24.8
2671	106.91	17.78	-24.76
2672	106.95	17.84	-24.72
2673	106.99	17.9	-24.71
2674	107.03	17.96	-24.7
2675	107.07	18	-24.7
2676	107.11	18.04	-24.7
2677	107.15	18.09	-24.7
2678	107.19	18.13	-24.69
2679	107.23	18.19	-24.68
2680	107.27	18.25	-24.68
2681	107.31	18.3	-24.68
2682	107.35	18.35	-24.69
2683	107.39	18.4	-24.69
2684	107.43	18.45	-24.68
2685	107.47	18.49	-24.67
2686	107.51	18.53	-24.67
2687	107.55	18.57	-24.68
2688	107.59	18.62	-24.69
2689	107.63	18.67	-24.7
2690	107.67	18.72	-24.71
2691	107.71	18.75	-24.72
2692	107.75	18.77	-24.72
2693	107.79	18.79	-24.72
2694	107.83	18.82	-24.72
2695	107.87	18.86	-24.71
2696	107.91	18.91	-24.72
2697	107.95	18.95	-24.72
2698	107.99	18.99	-24.73
2699	108.03	19.03	-24.74
2700	108.07	19.06	-24.76
2701	108.11	19.1	-24.78
2702	108.15	19.12	-24.79
2703	108.19	19.14	-24.8
2704	108.23	19.17	-24.8
2705	108.27	19.22	-24.78
2706	108.31	19.33	-24.78
2707	108.35	19.45	-24.79
2708	108.39	19.56	-24.81
2709	108.43	19.64	-24.83
2710	108.47	19.68	-24.85
2711	108.51	19.72	-24.87
2712	108.55	19.77	-24.89
2713	108.59	19.82	-24.91
2714	108.63	19.88	-24.97
2715	108.67	19.93	-25.02
2716	108.71	19.95	-25.09
2717	108.75	19.97	-25.16
2718	108.79	19.99	-25.21
2719	108.83	20.01	-25.27
2720	108.87	20.05	-25.33
2721	108.91	20.08	-25.38
2722	108.95	20.1	-25.42
2723	108.99	20.12	-25.45
2724	109.03	20.11	-25.46
2725	109.07	20.12	-25.47
2726	109.11	20.12	-25.48
2727	109.15	20.12	-25.49
2728	109.19	20.13	-25.52
2729	109.23	20.12	-25.55
2730	109.27	20.11	-25.58
2731	109.31	20.11	-25.6
2732	109.35	20.1	-25.61
2733	109.39	20.09	-25.61
2734	109.43	20.09	-25.62
2735	109.47	20.08	-25.61
2736	109.51	20.06	-25.6
2737	109.55	20.05	-25.59
2738	109.59	20.05	-25.58
2739	109.63	20.06	-25.58
2740	109.67	20.07	-25.58
2741	109.71	20.08	-25.58
2742	109.75	20.09	-25.58
2743	109.79	20.08	-25.56
2744	109.83	20.08	-25.54
2745	109.87	20.08	-25.52
2746	109.91	20.06	-25.5
2747	109.95	20.06	-25.5
2748	109.99	20.06	-25.5
2749	110.03	20.05	-25.51
2750	110.07	20.05	-25.51
2751	110.11	20.05	-25.51
2752	110.15	20.04	-25.52
2753	110.19	20.03	-25.52
2754	110.23	20.03	-25.53
2755	110.27	20.02	-25.53
2756	110.31	20.02	-25.53
2757	110.35	20.01	-25.53
2758	110.39	20.01	-25.52
2759	110.43	20.02	-25.52
2760	110.47	20.04	-25.52
2761	110.51	20.05	-25.52
2762	110.55	20.06	-25.51
2763	110.59	20.06	-25.51
2764	110.63	20.06	-25.51
2765	110.67	20.06	-25.51
2766	110.71	20.06	-25.52
2767	110.75	20.05	-25.51
2768	110.79	20.06	-25.5
2769	110.83	20.05	-25.5
2770	110.87	20.04	-25.49
2771	110.91	20.03	-25.49
2772	110.95	20.01	-25.47
2773	110.99	20	-25.45
2774	111.03	20	-25.44
2775	111.07	20.01	-25.42
2776	111.11	20	-25.4
2777	111.15	20	-25.38
2778	111.19	20.01	-25.35
2779	111.23	20.01	-25.33
2780	111.27	20.02	-25.32
2781	111.31	20.03	-25.3
2782	111.35	20.05	-25.29
2783	111.39	20.05	-25.28
2784	111.43	20.06	-25.28
2785	111.47	20.06	-25.28
2786	111.51	20.07	-25.28
2787	111.55	20.08	-25.27
2788	111.59	20.08	-25.27
2789	111.63	20.09	-25.26
2790	111.67	20.1	-25.25
2791	111.71	20.1	-25.24
2792	111.75	20.11	-25.23
2793	111.79	20.1	-25.22
2794	111.83	20.1	-25.21
2795	111.87	20.09	-25.19
2796	111.91	20.1	-25.17
2797	111.95	20.11	-25.14
2798	111.99	20.12	-25.12
2799	112.03	20.13	-25.1
2800	112.07	20.13	-25.09
2801	112.11	20.13	-25.07
2802	112.15	20.14	-25.05
2803	112.19	20.16	-25.03
2804	112.23	20.17	-25.02
2805	112.27	20.18	-25.01
2806	112.31	20.18	-25.01
2807	112.35	20.17	-25
2808	112.39	20.17	-24.99
2809	112.43	20.17	-24.99
2810	112.47	20.17	-24.97
2811	112.51	20.17	-24.96
2812	112.55	20.16	-24.95
2813	112.59	20.15	-24.95
2814	112.63	20.15	-24.95
2815	112.67	20.13	-24.95
2816	112.71	20.12	-24.95
2817	112.75	20.1	-24.95
2818	112.79	20.08	-24.95
2819	112.83	20.06	-24.94
2820	112.87	20.04	-24.95
2821	112.91	20.04	-24.95
2822	112.95	20.03	-24.95
2823	112.99	20.03	-24.95
2824	113.03	20.04	-24.95
2825	113.07	20.04	-24.95
2826	113.11	20.04	-24.94
2827	113.15	20.04	-24.94
2828	113.19	20.04	-24.93
2829	113.23	20.04	-24.93
2830	113.27	20.04	-24.92
2831	113.31	20.03	-24.93
2832	113.35	20	-24.95
2833	113.39	20	-24.96
2834	113.43	20	-24.96
2835	113.47	20	-24.96
2836	113.51	20.02	-24.96
2837	113.55	20.03	-24.96
2838	113.59	20.03	-24.96
2839	113.63	20.02	-24.97
2840	113.67	20.03	-24.97
2841	113.71	20.02	-24.98
2842	113.75	20.02	-24.98
2843	113.79	20.02	-24.99
2844	113.83	20.02	-24.99
2845	113.87	20.02	-25
2846	113.91	20.02	-25
2847	113.95	20.03	-25
2848	113.99	20.02	-25
2849	114.03	20.03	-25
2850	114.07	20.02	-25
2851	114.11	20.02	-24.99
2852	114.15	20.02	-24.99
2853	114.19	20.02	-24.99
2854	114.23	20.02	-24.99
2855	114.27	20.02	-24.99
2856	114.31	20.01	-25
2857	114.35	20.01	-25
2858	114.39	20.01	-25
2859	114.43	20.01	-25
2860	114.47	20.02	-24.99
2861	114.51	20.02	-24.99
2862	114.55	20.03	-24.99
2863	114.59	20.03	-24.99
2864	114.63	20.02	-24.99
2865	114.67	20.02	-24.99
2866	114.71	20.02	-24.98
2867	114.75	20.02	-24.98
2868	114.79	20.03	-24.98
2869	114.83	20.04	-24.98
2870	114.87	20.04	-24.98
2871	114.91	20.03	-24.99
2872	114.95	20.03	-24.99
2873	114.99	20.03	-24.99
2874	115.03	20.03	-24.99
2875	115.07	20.03	-25
2876	115.11	20.04	-25
2877	115.15	20.04	-25
2878	115.19	20.03	-25.01
2879	115.23	20.03	-25.01
2880	115.27	20.03	-25.01
2881	115.31	20.03	-25.01
2882	115.35	20.04	-25.01
2883	115.39	20.04	-25.01
2884	115.43	20.04	-25.01
2885	115.47	20.04	-25.02
2886	115.51	20.04	-25.02
2887	115.55	20.04	-25.02
2888	115.59	20.03	-25.02
2889	115.63	20.03	-25.02
2890	115.67	20.02	-25.02
2891	115.71	20.03	-25.02
2892	115.75	20.02	-25.02
2893	115.79	20.02	-25.02
2894	115.83	20.02	-25.02
2895	115.87	20.02	-25.02
2896	115.91	20.01	-25.03
2897	115.95	19.99	-25.05
2898	115.99	19.94	-25.08
2899	116.03	19.91	-25.13
2900	116.07	19.87	-25.17
2901	116.11	19.84	-25.21
2902	116.15	19.84	-25.25
2903	116.19	19.82	-25.3
2904	116.23	19.81	-25.33
2905	116.27	19.81	-25.36
2906	116.31	19.8	-25.37
2907	116.35	19.82	-25.4
2908	116.39	19.83	-25.43
2909	116.43	19.84	-25.45
2910	116.47	19.84	-25.47
2911	116.51	19.84	-25.47
2912	116.55	19.84	-25.47
2913	116.59	19.83	-25.48
2914	116.63	19.83	-25.49
2915	116.67	19.82	-25.5
2916	116.71	19.81	-25.51
2917	116.75	19.79	-25.51
2918	116.79	19.78	-25.51
2919	116.83	19.75	-25.5
2920	116.87	19.72	-25.48
2921	116.91	19.69	-25.47
2922	116.95	19.68	-25.49
2923	116.99	19.67	-25.51
2924	117.03	19.66	-25.54
2925	117.07	19.66	-25.56
2926	117.11	19.64	-25.57
2927	117.15	19.62	-25.57
2928	117.19	19.58	-25.58
2929	117.23	19.56	-25.59
2930	117.27	19.53	-25.61
2931	117.31	19.5	-25.62
2932	117.35	19.49	-25.63
2933	117.39	19.47	-25.64
2934	117.43	19.46	-25.64
2935	117.47	19.45	-25.65
2936	117.51	19.45	-25.64
2937	117.55	19.44	-25.64
2938	117.59	19.43	-25.63
2939	117.63	19.43	-25.62
2940	117.67	19.42	-25.61
2941	117.71	19.43	-25.6
2942	117.75	19.43	-25.6
2943	117.79	19.43	-25.6
2944	117.83	19.43	-25.59
2945	117.87	19.41	-25.59
2946	117.91	19.41	-25.59
2947	117.95	19.4	-25.59
2948	117.99	19.4	-25.59
2949	118.03	19.4	-25.6
2950	118.07	19.4	-25.59
2951	118.11	19.39	-25.59
2952	118.15	19.39	-25.59
2953	118.19	19.39	-25.59
2954	118.23	19.38	-25.58
2955	118.27	19.38	-25.57
2956	118.31	19.37	-25.57
2957	118.35	19.36	-25.57
2958	118.39	19.36	-25.57
2959	118.43	19.35	-25.57
2960	118.47	19.34	-25.57
2961	118.51	19.33	-25.58
2962	118.55	19.33	-25.57
2963	118.59	19.33	-25.57
2964	118.63	19.33	-25.57
2965	118.67	19.32	-25.56
2966	118.71	19.3	-25.55
2967	118.75	19.28	-25.53
2968	118.79	19.25	-25.51
2969	118.83	19.24	-25.53
2970	118.87	19.23	-25.54
2971	118.91	19.23	-25.56
2972	118.95	19.22	-25.57
2973	118.99	19.21	-25.57
2974	119.03	19.2	-25.56
2975	119.07	19.19	-25.56
2976	119.11	19.19	-25.56
2977	119.15	19.19	-25.55
2978	119.19	19.2	-25.56
2979	119.23	19.21	-25.56
2980	119.27	19.22	-25.56
2981	119.31	19.22	-25.56
2982	119.35	19.2	-25.55
2983	119.39	19.19	-25.53
2984	119.43	19.18	-25.52
2985	119.47	19.17	-25.51
2986	119.51	19.16	-25.51
2987	119.55	19.16	-25.51
2988	119.59	19.17	-25.51
2989	119.63	19.17	-25.51
2990	119.67	19.18	-25.51
2991	119.71	19.18	-25.5
2992	119.75	19.18	-25.49
2993	119.79	19.19	-25.5
