1	0.06	-1.75	5.12
2	0.1	-1.74	5.13
3	0.14	-1.74	5.15
4	0.18	-1.72	5.17
5	0.22	-1.71	5.2
6	0.26	-1.7	5.22
7	0.3	-1.69	5.24
8	0.34	-1.68	5.26
9	0.38	-1.68	5.26
10	0.42	-1.68	5.25
11	0.51	-1.68	5.25
12	0.54	-1.68	5.23
13	0.58	-1.69	5.21
14	0.62	-1.69	5.18
15	0.66	-1.7	5.14
16	0.7	-1.72	5.11
17	0.74	-1.72	5.08
18	0.78	-1.74	5.05
19	0.82	-1.77	5.01
20	0.86	-1.78	4.99
21	0.9	-1.8	4.96
22	0.94	-1.81	4.94
23	0.98	-1.84	4.91
24	1.02	-1.87	4.88
25	1.06	-1.91	4.84
26	1.1	-1.95	4.81
27	1.14	-2	4.78
28	1.18	-2.03	4.77
29	1.22	-2.06	4.76
30	1.26	-2.05	4.75
31	1.3	-2.03	4.76
32	1.34	-2.06	4.73
33	1.38	-2.08	4.74
34	1.42	-2.12	4.76
35	1.46	-2.16	4.77
36	1.5	-2.18	4.81
37	1.54	-2.21	4.82
38	1.58	-2.25	4.81
39	1.62	-2.3	4.8
40	1.66	-2.35	4.79
41	1.7	-2.38	4.77
42	1.74	-2.41	4.76
43	1.78	-2.44	4.77
44	1.82	-2.47	4.75
45	1.86	-2.51	4.75
46	1.9	-2.53	4.72
47	1.94	-2.57	4.68
48	1.98	-2.63	4.62
49	2.06	-2.65	4.6
50	2.1	-2.67	4.61
51	2.14	-2.68	4.62
52	2.18	-2.68	4.7
53	2.22	-2.7	4.78
54	2.26	-2.72	4.84
55	2.3	-2.72	4.92
56	2.34	-2.7	4.95
57	2.38	-2.71	4.99
58	2.42	-2.75	5.02
59	2.46	-2.79	5.05
60	2.5	-2.86	5.09
61	2.54	-2.94	5.11
62	2.58	-3.02	5.13
63	2.62	-3.11	5.16
64	2.66	-3.15	5.17
65	2.7	-3.19	5.17
66	2.74	-3.21	5.17
67	2.78	-3.24	5.16
68	2.82	-3.28	5.15
69	2.86	-3.3	5.15
70	2.9	-3.33	5.17
71	2.94	-3.35	5.19
72	2.98	-3.4	5.22
73	3.02	-3.47	5.24
74	3.06	-3.53	5.27
75	3.1	-3.58	5.3
76	3.14	-3.63	5.35
77	3.18	-3.67	5.4
78	3.22	-3.73	5.45
79	3.26	-3.82	5.52
80	3.3	-3.92	5.58
81	3.34	-4.01	5.64
82	3.38	-4.09	5.68
83	3.42	-4.15	5.66
84	3.46	-4.2	5.62
85	3.5	-4.25	5.58
86	3.7	-4.29	5.54
87	3.74	-4.32	5.56
88	3.78	-4.33	5.6
89	3.82	-4.33	5.63
90	3.86	-4.33	5.67
91	3.9	-4.33	5.69
92	3.94	-4.32	5.7
93	3.98	-4.33	5.7
94	4.02	-4.34	5.7
95	4.06	-4.35	5.7
96	4.1	-4.36	5.68
97	4.14	-4.38	5.64
98	4.18	-4.4	5.59
99	4.22	-4.44	5.53
100	4.26	-4.49	5.47
101	4.3	-4.52	5.44
102	4.34	-4.55	5.4
103	4.38	-4.57	5.36
104	4.42	-4.59	5.34
105	4.46	-4.63	5.29
106	4.5	-4.66	5.25
107	4.54	-4.68	5.22
108	4.58	-4.68	5.18
109	4.62	-4.67	5.16
110	4.66	-4.68	5.17
111	4.7	-4.74	5.2
112	4.74	-4.84	5.25
113	4.78	-4.93	5.3
114	4.82	-5.02	5.33
115	4.86	-5.06	5.35
116	4.9	-5.08	5.35
117	4.94	-5.1	5.37
118	4.98	-5.1	5.39
119	5.02	-5.1	5.39
120	5.06	-5.09	5.39
121	5.1	-5.09	5.37
122	5.14	-5.1	5.36
123	5.18	-5.08	5.38
124	5.22	-5.06	5.42
125	5.26	-5.03	5.46
126	5.3	-5	5.51
127	5.34	-4.98	5.54
128	5.38	-4.97	5.57
129	5.42	-5	5.57
130	5.46	-5.01	5.58
131	5.5	-5.04	5.55
132	5.54	-5.06	5.54
133	5.58	-5.04	5.53
134	5.62	-5.04	5.52
135	5.66	-5.01	5.54
136	5.7	-5	5.53
137	5.74	-5	5.53
138	5.78	-5.01	5.52
139	5.82	-5.01	5.5
140	5.86	-5.03	5.5
141	5.9	-5.03	5.49
142	5.94	-5.04	5.49
143	5.98	-5.07	5.49
144	6.02	-5.08	5.48
145	6.06	-5.07	5.47
146	6.1	-5.09	5.46
147	6.14	-5.12	5.44
148	6.18	-5.15	5.44
149	6.22	-5.19	5.43
150	6.26	-5.21	5.42
151	6.3	-5.19	5.44
152	6.34	-5.15	5.47
153	6.38	-5.08	5.52
154	6.42	-5.01	5.55
155	6.46	-4.95	5.55
156	6.5	-4.93	5.54
157	6.54	-4.9	5.51
158	6.58	-4.89	5.47
159	6.62	-4.88	5.44
160	6.66	-4.85	5.38
161	6.7	-4.86	5.33
162	6.74	-4.88	5.29
163	6.78	-4.94	5.31
164	6.82	-5	5.34
165	6.86	-5.07	5.36
166	6.9	-5.11	5.37
167	6.94	-5.13	5.36
168	6.98	-5.16	5.34
169	7.02	-5.16	5.36
170	7.06	-5.16	5.39
171	7.1	-5.12	5.42
172	7.14	-5.1	5.47
173	7.18	-5.07	5.49
174	7.22	-5.08	5.51
175	7.26	-5.1	5.5
176	7.3	-5.14	5.49
177	7.34	-5.2	5.47
178	7.38	-5.27	5.45
179	7.42	-5.33	5.47
180	7.46	-5.4	5.47
181	7.5	-5.44	5.49
182	7.54	-5.47	5.5
183	7.58	-5.5	5.5
184	7.62	-5.53	5.51
185	7.66	-5.58	5.51
186	7.7	-5.62	5.5
187	7.74	-5.64	5.47
188	7.78	-5.67	5.43
189	7.82	-5.69	5.4
190	7.86	-5.73	5.36
191	7.9	-5.83	5.33
192	7.94	-5.91	5.29
193	7.98	-6	5.23
194	8.02	-6.1	5.19
195	8.06	-6.19	5.17
196	8.1	-6.26	5.2
197	8.14	-6.32	5.25
198	8.18	-6.39	5.3
199	8.22	-6.43	5.32
200	8.26	-6.47	5.32
201	8.3	-6.5	5.32
202	8.34	-6.52	5.31
203	8.38	-6.56	5.31
204	8.42	-6.61	5.3
205	8.46	-6.67	5.25
206	8.5	-6.73	5.23
207	8.54	-6.79	5.21
208	8.58	-6.86	5.18
209	8.62	-6.92	5.19
210	8.66	-6.98	5.21
211	8.7	-7.04	5.26
212	8.74	-7.09	5.34
213	8.78	-7.1	5.46
214	8.82	-7.1	5.53
215	8.86	-7.09	5.58
216	8.9	-7.05	5.63
217	8.94	-7.05	5.63
218	8.98	-7.03	5.68
219	9.02	-7.02	5.72
220	9.06	-7.02	5.78
221	9.1	-7.03	5.85
222	9.14	-7.06	5.87
223	9.18	-7.12	5.93
224	9.22	-7.2	5.99
225	9.26	-7.29	6.07
226	9.3	-7.37	6.17
227	9.34	-7.39	6.29
228	9.38	-7.39	6.4
229	9.42	-7.36	6.51
230	9.46	-7.34	6.62
231	9.5	-7.33	6.71
232	9.54	-7.36	6.79
233	9.58	-7.4	6.85
234	9.62	-7.45	6.91
235	9.66	-7.49	6.97
236	9.7	-7.52	7.04
237	9.74	-7.53	7.1
238	9.78	-7.53	7.16
239	9.82	-7.48	7.19
240	9.86	-7.39	7.23
241	9.9	-7.29	7.28
242	9.94	-7.18	7.33
243	9.98	-7.12	7.4
244	10.02	-7.1	7.46
245	10.06	-7.09	7.51
246	10.1	-7.06	7.56
247	10.14	-7.03	7.61
248	10.18	-7	7.66
249	10.22	-6.96	7.7
250	10.26	-6.94	7.73
251	10.3	-6.93	7.75
252	10.34	-6.92	7.74
253	10.38	-6.91	7.74
254	10.42	-6.91	7.74
255	10.46	-6.92	7.74
256	10.5	-6.94	7.75
257	10.54	-6.96	7.77
258	10.58	-6.96	7.78
259	10.62	-6.96	7.77
260	10.66	-6.96	7.79
261	10.7	-6.95	7.8
262	10.74	-6.94	7.81
263	10.78	-6.93	7.82
264	10.82	-6.91	7.81
265	10.86	-6.89	7.8
266	10.9	-6.87	7.8
267	10.94	-6.86	7.81
268	10.98	-6.86	7.83
269	11.02	-6.84	7.83
270	11.06	-6.84	7.84
271	11.1	-6.85	7.83
272	11.14	-6.84	7.82
273	11.18	-6.84	7.8
274	11.22	-6.86	7.8
275	11.26	-6.86	7.79
276	11.3	-6.89	7.78
277	11.34	-6.92	7.78
278	11.38	-6.92	7.73
279	11.42	-6.93	7.7
280	11.46	-6.95	7.66
281	11.5	-6.98	7.63
282	11.54	-7.02	7.61
283	11.58	-7.06	7.59
284	11.62	-7.12	7.59
285	11.66	-7.15	7.57
286	11.7	-7.22	7.58
287	11.74	-7.23	7.56
288	11.78	-7.29	7.55
289	11.82	-7.35	7.57
290	11.86	-7.38	7.57
291	11.9	-7.42	7.59
292	11.94	-7.4	7.58
293	11.98	-7.38	7.58
294	12.02	-7.34	7.58
295	12.06	-7.33	7.57
296	12.1	-7.33	7.58
297	12.14	-7.29	7.56
298	12.18	-7.26	7.54
299	12.22	-7.21	7.53
300	12.26	-7.12	7.49
301	12.3	-7.04	7.48
302	12.34	-6.96	7.48
303	12.38	-6.9	7.5
304	12.42	-6.83	7.54
305	12.46	-6.79	7.57
306	12.5	-6.75	7.57
307	12.54	-6.71	7.59
308	12.58	-6.69	7.62
309	12.62	-6.68	7.66
310	12.66	-6.68	7.72
311	12.7	-6.66	7.78
312	12.74	-6.64	7.81
313	12.78	-6.62	7.84
314	12.82	-6.59	7.87
315	12.86	-6.53	7.85
316	12.9	-6.49	7.87
317	12.94	-6.45	7.88
318	12.98	-6.4	7.88
319	13.02	-6.37	7.92
320	13.06	-6.32	7.95
321	13.1	-6.28	8.01
322	13.14	-6.22	8.04
323	13.18	-6.17	8.06
324	13.22	-6.14	8.09
325	13.26	-6.1	8.1
326	13.3	-6.09	8.11
327	13.34	-6.07	8.12
328	13.38	-6.05	8.14
329	13.42	-6.01	8.16
330	13.46	-5.94	8.21
331	13.5	-5.86	8.25
332	13.54	-5.78	8.28
333	13.58	-5.71	8.28
334	13.62	-5.67	8.25
335	13.66	-5.64	8.22
336	13.7	-5.6	8.15
337	13.74	-5.57	8.05
338	13.78	-5.54	7.95
339	13.82	-5.5	7.86
340	13.86	-5.48	7.79
341	13.9	-5.45	7.77
342	13.94	-5.44	7.78
343	13.98	-5.45	7.78
344	14.02	-5.47	7.81
345	14.06	-5.5	7.85
346	14.1	-5.54	7.85
347	14.14	-5.58	7.83
348	14.18	-5.57	7.76
349	14.22	-5.55	7.68
350	14.26	-5.51	7.62
351	14.34	-5.45	7.53
352	14.38	-5.42	7.46
353	14.42	-5.4	7.37
354	14.46	-5.39	7.27
355	14.5	-5.38	7.18
356	14.54	-5.38	7.06
357	14.58	-5.37	6.96
358	14.62	-5.35	6.88
359	14.66	-5.34	6.8
360	14.7	-5.3	6.75
361	14.74	-5.28	6.66
362	14.78	-5.24	6.58
363	14.82	-5.18	6.5
364	14.86	-5.18	6.42
365	14.9	-5.16	6.36
366	14.94	-5.18	6.29
367	14.98	-5.2	6.22
368	15.02	-5.2	6.13
369	15.06	-5.18	6.05
370	15.1	-5.18	5.96
371	15.14	-5.16	5.89
372	15.18	-5.13	5.81
373	15.22	-5.09	5.71
374	15.26	-5.02	5.6
375	15.3	-4.97	5.47
376	15.34	-4.96	5.35
377	15.38	-4.98	5.27
378	15.42	-5.01	5.19
379	15.46	-5.08	5.12
380	15.5	-5.19	5.03
381	15.54	-5.26	4.93
382	15.58	-5.36	4.85
383	15.62	-5.4	4.78
384	15.66	-5.41	4.72
385	15.7	-5.44	4.69
386	15.74	-5.46	4.66
387	15.78	-5.49	4.64
388	15.82	-5.5	4.61
389	15.86	-5.51	4.61
390	15.97	-5.53	4.58
391	16.02	-5.55	4.52
392	16.06	-5.6	4.47
393	16.1	-5.63	4.39
394	16.14	-5.66	4.32
395	16.18	-5.69	4.26
396	16.22	-5.7	4.22
397	16.26	-5.69	4.19
398	16.3	-5.66	4.15
399	16.34	-5.64	4.14
400	16.38	-5.61	4.11
401	16.42	-5.59	4.08
402	16.46	-5.57	4.06
403	16.5	-5.56	4.06
404	16.54	-5.53	4.03
405	16.58	-5.53	4.03
406	16.62	-5.51	4.01
407	16.66	-5.49	3.99
408	16.7	-5.48	3.97
409	16.74	-5.46	3.95
410	16.78	-5.46	3.93
411	16.82	-5.46	3.92
412	16.86	-5.48	3.89
413	16.9	-5.5	3.88
414	16.94	-5.54	3.89
415	16.98	-5.59	3.91
416	17.02	-5.69	3.98
417	17.06	-5.77	4.02
418	17.1	-5.86	4.06
419	17.14	-5.93	4.1
420	17.18	-5.94	4.07
421	17.22	-5.98	4.07
422	17.26	-6.03	4.09
423	17.3	-6.11	4.1
424	17.34	-6.22	4.12
425	17.38	-6.36	4.14
426	17.42	-6.5	4.12
427	17.46	-6.6	4.12
428	17.5	-6.69	4.12
429	17.54	-6.76	4.13
430	17.58	-6.82	4.16
431	17.62	-6.88	4.18
432	17.66	-6.93	4.2
433	17.7	-6.96	4.17
434	17.74	-6.97	4.15
435	17.78	-6.98	4.14
436	17.82	-7	4.13
437	17.86	-7.06	4.12
438	17.9	-7.15	4.08
439	17.94	-7.24	4.04
440	17.98	-7.32	3.99
441	18.02	-7.39	3.97
442	18.06	-7.46	3.98
443	18.1	-7.51	3.95
444	18.14	-7.59	3.92
445	18.18	-7.64	3.88
446	18.22	-7.7	3.84
447	18.26	-7.75	3.82
448	18.3	-7.79	3.82
449	18.34	-7.85	3.84
450	18.38	-7.89	3.88
451	18.42	-7.93	3.93
452	18.46	-7.98	3.95
453	18.5	-8.01	4
454	18.54	-8.03	4.05
455	18.58	-8.05	4.13
456	18.62	-8.06	4.22
457	18.66	-8.07	4.3
458	18.7	-8.1	4.37
459	18.74	-8.14	4.46
460	18.78	-8.16	4.56
461	18.82	-8.19	4.66
462	18.86	-8.22	4.78
463	18.9	-8.26	4.83
464	18.94	-8.32	4.87
465	18.98	-8.39	4.89
466	19.02	-8.48	4.89
467	19.06	-8.57	4.97
468	19.1	-8.67	5.06
469	19.14	-8.78	5.15
470	19.18	-8.83	5.28
471	19.22	-8.87	5.39
472	19.26	-8.9	5.49
473	19.3	-8.93	5.6
474	19.34	-8.98	5.69
475	19.38	-9.03	5.76
476	19.41	-9.08	5.85
477	19.45	-9.12	5.94
478	19.49	-9.15	6.04
479	19.53	-9.18	6.16
480	19.58	-9.22	6.28
481	19.62	-9.23	6.41
482	19.66	-9.23	6.52
483	19.7	-9.18	6.62
484	19.73	-9.11	6.72
485	19.78	-9.08	6.84
486	19.82	-9.03	6.97
487	19.86	-9.03	7.08
488	19.89	-9.03	7.18
489	19.93	-9.02	7.24
490	19.97	-9.04	7.28
491	20.02	-9.02	7.3
492	20.05	-9	7.32
493	20.09	-9	7.36
494	20.13	-8.94	7.41
495	20.18	-8.88	7.48
496	20.21	-8.81	7.58
497	20.26	-8.71	7.7
498	20.29	-8.66	7.8
499	20.33	-8.65	7.88
500	20.37	-8.63	7.92
501	20.41	-8.63	7.94
502	20.45	-8.56	7.96
503	20.49	-8.48	8.02
504	20.53	-8.41	8.1
505	20.57	-8.32	8.18
506	20.61	-8.29	8.25
507	20.66	-8.25	8.28
508	20.69	-8.23	8.3
509	20.73	-8.2	8.32
510	20.77	-8.18	8.34
511	20.81	-8.15	8.37
512	20.85	-8.12	8.36
513	20.9	-8.12	8.33
514	20.93	-8.11	8.3
515	20.97	-8.13	8.26
516	21.01	-8.15	8.25
517	21.05	-8.16	8.22
518	21.09	-8.18	8.22
519	21.13	-8.17	8.2
520	21.17	-8.18	8.18
521	21.21	-8.18	8.16
522	21.25	-8.19	8.13
523	21.3	-8.2	8.1
524	21.33	-8.2	8.06
525	21.37	-8.22	8.04
526	21.41	-8.22	8.02
527	21.45	-8.23	8
528	21.49	-8.22	7.99
529	21.53	-8.22	7.98
530	21.57	-8.22	7.95
531	21.61	-8.22	7.94
532	21.65	-8.22	7.93
533	21.69	-8.21	7.93
534	21.73	-8.2	7.93
535	21.77	-8.18	7.93
536	21.81	-8.16	7.93
537	21.85	-8.17	7.91
538	21.89	-8.15	7.89
539	21.93	-8.15	7.87
540	21.97	-8.14	7.84
541	22.01	-8.12	7.83
542	22.05	-8.12	7.8
543	22.09	-8.11	7.77
544	22.13	-8.09	7.74
545	22.17	-8.07	7.72
546	22.21	-8.07	7.7
547	22.25	-8.05	7.68
548	22.29	-8.07	7.66
549	22.33	-8.09	7.65
550	22.37	-8.08	7.66
551	22.41	-8.07	7.7
552	22.45	-8.02	7.77
553	22.49	-7.98	7.85
554	22.53	-7.95	7.96
555	22.57	-7.94	8.05
556	22.61	-7.91	8.14
557	22.65	-7.89	8.22
558	22.69	-7.88	8.3
559	22.74	-7.87	8.38
560	22.77	-7.91	8.48
561	22.81	-7.95	8.59
562	22.85	-7.97	8.67
563	22.89	-7.99	8.76
564	22.93	-7.99	8.83
565	22.97	-7.97	8.89
566	23.01	-7.99	8.97
567	23.05	-7.99	9.01
568	23.09	-8.01	9.07
569	23.13	-8.02	9.13
570	23.17	-8.02	9.25
571	23.21	-8.02	9.42
572	23.25	-7.98	9.58
573	23.29	-7.95	9.74
574	23.33	-7.87	9.84
575	23.37	-7.83	9.92
576	23.41	-7.79	9.98
577	23.45	-7.77	10.05
578	23.49	-7.74	10.12
579	23.53	-7.68	10.19
580	23.6	-7.58	10.33
581	23.65	-7.48	10.5
582	23.69	-7.37	10.64
583	23.73	-7.27	10.78
584	23.77	-7.17	10.81
585	23.82	-7.05	10.81
586	23.85	-6.92	10.82
587	23.89	-6.81	10.81
588	23.94	-6.73	10.86
589	23.97	-6.68	10.9
590	24.01	-6.64	10.94
591	24.05	-6.61	11
592	24.09	-6.56	10.98
593	24.13	-6.54	10.99
594	24.17	-6.52	11.02
595	24.21	-6.51	11.02
596	24.25	-6.51	11.05
597	24.29	-6.51	11.05
598	24.33	-6.5	11.02
599	24.37	-6.49	10.99
600	24.41	-6.46	10.96
601	24.45	-6.44	10.95
602	24.49	-6.42	10.96
603	24.53	-6.4	10.97
604	24.57	-6.38	10.96
605	24.61	-6.34	10.93
606	24.65	-6.31	10.89
607	24.69	-6.28	10.87
608	24.73	-6.27	10.87
609	24.77	-6.26	10.88
610	24.81	-6.25	10.88
611	24.85	-6.25	10.9
612	24.89	-6.25	10.92
613	24.93	-6.26	10.96
614	24.97	-6.27	10.97
615	25.01	-6.28	10.99
616	25.05	-6.29	11
617	25.09	-6.28	10.98
618	25.13	-6.31	11
619	25.17	-6.32	10.99
620	25.21	-6.35	11.02
621	25.25	-6.37	11.02
622	25.37	-6.39	11.02
623	25.41	-6.39	11.06
624	25.45	-6.39	11.08
625	25.49	-6.39	11.14
626	25.53	-6.37	11.18
627	25.57	-6.36	11.2
628	25.61	-6.34	11.23
629	25.65	-6.31	11.24
630	25.69	-6.29	11.27
631	25.73	-6.23	11.26
632	25.77	-6.19	11.24
633	25.81	-6.13	11.25
634	25.85	-6.07	11.24
635	25.89	-6.03	11.25
636	25.93	-5.98	11.27
637	25.97	-5.91	11.27
638	26.01	-5.84	11.28
639	26.05	-5.74	11.28
640	26.09	-5.65	11.29
641	26.13	-5.56	11.3
642	26.17	-5.48	11.28
643	26.21	-5.42	11.26
644	26.25	-5.37	11.25
645	26.29	-5.34	11.19
646	26.33	-5.33	11.16
647	26.37	-5.31	11.15
648	26.41	-5.31	11.09
649	26.45	-5.29	11.1
650	26.49	-5.25	11.12
651	26.53	-5.22	11.13
652	26.57	-5.19	11.17
653	26.61	-5.16	11.18
654	26.65	-5.15	11.18
655	26.69	-5.13	11.17
656	26.73	-5.13	11.16
657	26.77	-5.11	11.17
658	26.81	-5.11	11.17
659	26.85	-5.1	11.17
660	26.89	-5.09	11.15
661	26.93	-5.08	11.12
662	26.97	-5.07	11.1
663	27.01	-5.05	11.07
664	27.05	-5.04	11.04
665	27.09	-5.03	11.01
666	27.13	-5.01	10.97
667	27.17	-4.99	10.93
668	27.21	-4.97	10.88
669	27.25	-4.94	10.88
670	27.29	-4.9	10.86
671	27.33	-4.86	10.85
672	27.37	-4.79	10.83
673	27.41	-4.73	10.79
674	27.45	-4.67	10.79
675	27.49	-4.64	10.79
676	27.53	-4.62	10.81
677	27.57	-4.62	10.81
678	27.61	-4.6	10.82
679	27.65	-4.59	10.82
680	27.69	-4.58	10.79
681	27.73	-4.57	10.79
682	27.77	-4.59	10.79
683	27.81	-4.61	10.8
684	27.85	-4.65	10.81
685	27.89	-4.68	10.8
686	27.93	-4.71	10.79
687	27.97	-4.73	10.77
688	28.01	-4.76	10.76
689	28.05	-4.77	10.75
690	28.09	-4.77	10.75
691	28.13	-4.79	10.75
692	28.17	-4.8	10.75
693	28.21	-4.79	10.75
694	28.25	-4.77	10.72
695	28.29	-4.74	10.69
696	28.33	-4.69	10.67
697	28.37	-4.67	10.65
698	28.41	-4.65	10.68
699	28.45	-4.63	10.71
700	28.49	-4.61	10.71
701	28.53	-4.6	10.72
702	28.57	-4.58	10.69
703	28.61	-4.58	10.68
704	28.65	-4.58	10.67
705	28.69	-4.59	10.67
706	28.73	-4.59	10.67
707	28.77	-4.59	10.64
708	28.81	-4.58	10.62
709	28.85	-4.56	10.59
710	28.89	-4.55	10.59
711	28.93	-4.55	10.59
712	28.97	-4.57	10.59
713	29.01	-4.59	10.58
714	29.05	-4.62	10.56
715	29.09	-4.63	10.55
716	29.13	-4.65	10.51
717	29.17	-4.67	10.49
718	29.21	-4.69	10.47
719	29.25	-4.72	10.44
720	29.29	-4.74	10.43
721	29.33	-4.78	10.44
722	29.37	-4.8	10.44
723	29.41	-4.83	10.44
724	29.45	-4.86	10.45
725	29.49	-4.88	10.43
726	29.53	-4.9	10.42
727	29.57	-4.9	10.41
728	29.61	-4.89	10.38
729	29.65	-4.87	10.34
730	29.69	-4.88	10.31
731	29.73	-4.91	10.28
732	29.77	-4.95	10.27
733	29.81	-4.99	10.24
734	29.85	-5.02	10.23
735	29.89	-5.04	10.2
736	29.93	-5.06	10.17
737	29.97	-5.08	10.13
738	30.01	-5.09	10.07
739	30.05	-5.13	10.05
740	30.09	-5.15	10
741	30.13	-5.16	9.96
742	30.17	-5.21	9.96
743	30.21	-5.24	9.91
744	30.25	-5.3	9.9
745	30.29	-5.34	9.87
746	30.33	-5.38	9.83
747	30.37	-5.45	9.8
748	30.41	-5.51	9.74
749	30.45	-5.57	9.68
750	30.49	-5.61	9.59
751	30.53	-5.61	9.5
752	30.57	-5.6	9.42
753	30.61	-5.6	9.33
754	30.65	-5.59	9.26
755	30.69	-5.58	9.2
756	30.73	-5.58	9.14
757	30.77	-5.6	9.11
758	30.81	-5.61	9.06
759	30.85	-5.63	9.02
760	30.89	-5.64	8.98
761	30.93	-5.67	8.91
762	30.97	-5.69	8.86
763	31.01	-5.73	8.8
764	31.05	-5.74	8.76
765	31.09	-5.74	8.73
766	31.13	-5.74	8.71
767	31.17	-5.73	8.71
768	31.21	-5.72	8.7
769	31.25	-5.68	8.69
770	31.29	-5.69	8.68
771	31.33	-5.63	8.65
772	31.37	-5.59	8.62
773	31.41	-5.56	8.59
774	31.45	-5.49	8.58
775	31.49	-5.43	8.56
776	31.53	-5.4	8.56
777	31.57	-5.37	8.56
778	31.61	-5.35	8.57
779	31.65	-5.34	8.56
780	31.69	-5.3	8.56
781	31.73	-5.27	8.56
782	31.77	-5.25	8.57
783	31.81	-5.23	8.56
784	31.85	-5.26	8.59
785	31.89	-5.28	8.6
786	31.93	-5.31	8.63
787	31.97	-5.34	8.66
788	32.01	-5.34	8.68
789	32.05	-5.34	8.7
790	32.09	-5.37	8.73
791	32.13	-5.37	8.76
792	32.17	-5.38	8.76
793	32.21	-5.41	8.76
794	32.25	-5.42	8.76
795	32.3	-5.45	8.77
796	32.36	-5.48	8.76
797	32.39	-5.5	8.76
798	32.42	-5.52	8.74
799	32.45	-5.55	8.7
800	32.49	-5.61	8.69
801	32.53	-5.64	8.67
802	32.57	-5.65	8.65
803	32.61	-5.65	8.64
804	32.65	-5.65	8.61
805	32.69	-5.7	8.59
806	32.73	-5.73	8.57
807	32.77	-5.75	8.55
808	32.81	-5.75	8.53
809	32.85	-5.75	8.52
810	32.89	-5.76	8.5
811	32.93	-5.78	8.5
812	32.97	-5.8	8.49
813	33.01	-5.83	8.48
814	33.05	-5.85	8.48
815	33.09	-5.88	8.47
816	33.13	-5.9	8.48
817	33.17	-5.93	8.47
818	33.21	-5.94	8.46
819	33.25	-5.96	8.44
820	33.29	-5.99	8.42
821	33.33	-5.98	8.39
822	33.37	-5.97	8.36
823	33.41	-5.94	8.33
824	33.45	-5.91	8.31
825	33.49	-5.87	8.29
826	33.53	-5.85	8.25
827	33.57	-5.83	8.19
828	33.61	-5.85	8.08
829	33.65	-5.86	7.96
830	33.69	-5.88	7.83
831	33.73	-5.87	7.69
832	33.77	-5.83	7.6
833	33.81	-5.78	7.53
834	33.85	-5.72	7.48
835	33.89	-5.66	7.46
836	33.93	-5.61	7.43
837	33.97	-5.59	7.39
838	34.01	-5.57	7.34
839	34.05	-5.57	7.29
840	34.09	-5.56	7.25
841	34.13	-5.55	7.21
842	34.17	-5.55	7.17
843	34.21	-5.54	7.13
844	34.25	-5.54	7.1
845	34.29	-5.55	7.05
846	34.33	-5.56	7.04
847	34.37	-5.57	7.03
848	34.41	-5.57	7.01
849	34.45	-5.57	7
850	34.49	-5.56	7
851	34.53	-5.57	6.98
852	34.57	-5.57	6.98
853	34.61	-5.57	6.98
854	34.65	-5.57	6.98
855	34.69	-5.57	6.99
856	34.73	-5.55	7.01
857	34.77	-5.52	7.04
858	34.81	-5.5	7.06
859	34.85	-5.47	7.09
860	34.89	-5.46	7.1
861	34.93	-5.44	7.13
862	34.97	-5.41	7.16
863	35.01	-5.37	7.2
864	35.05	-5.34	7.23
865	35.09	-5.3	7.24
866	35.13	-5.26	7.25
867	35.17	-5.19	7.26
868	35.21	-5.07	7.27
869	35.25	-4.94	7.26
870	35.29	-4.84	7.23
871	35.33	-4.77	7.17
872	35.37	-4.75	7.08
873	35.41	-4.73	6.99
874	35.45	-4.71	6.88
875	35.49	-4.69	6.75
876	35.53	-4.67	6.65
877	35.57	-4.64	6.59
878	35.61	-4.6	6.57
879	35.65	-4.55	6.62
880	35.69	-4.51	6.67
881	35.73	-4.47	6.71
882	35.77	-4.43	6.73
883	35.81	-4.4	6.69
884	35.85	-4.36	6.67
885	35.89	-4.31	6.65
886	35.93	-4.26	6.62
887	35.97	-4.19	6.62
888	36.01	-4.12	6.61
889	36.05	-4.03	6.6
890	36.09	-3.95	6.6
891	36.13	-3.87	6.61
892	36.17	-3.81	6.62
893	36.21	-3.74	6.63
894	36.25	-3.68	6.64
895	36.38	-3.59	6.62
896	36.41	-3.51	6.59
897	36.45	-3.43	6.56
898	36.49	-3.38	6.55
899	36.53	-3.38	6.57
900	36.57	-3.37	6.61
901	36.61	-3.36	6.65
902	36.65	-3.36	6.68
903	36.69	-3.35	6.71
904	36.73	-3.35	6.75
905	36.77	-3.35	6.78
906	36.81	-3.35	6.82
907	36.85	-3.35	6.86
908	36.89	-3.35	6.88
909	36.93	-3.34	6.91
910	36.97	-3.33	6.92
911	37.01	-3.33	6.97
912	37.05	-3.33	7.03
913	37.09	-3.35	7.09
914	37.13	-3.36	7.16
915	37.17	-3.37	7.19
916	37.21	-3.38	7.2
917	37.25	-3.39	7.2
918	37.29	-3.38	7.2
919	37.33	-3.35	7.22
920	37.37	-3.3	7.26
921	37.41	-3.24	7.27
922	37.45	-3.17	7.26
923	37.49	-3.12	7.21
924	37.53	-3.07	7.15
925	37.57	-3.04	7.14
926	37.61	-3	7.17
927	37.65	-2.98	7.24
928	37.69	-2.94	7.31
929	37.73	-2.9	7.42
930	37.77	-2.86	7.48
931	37.81	-2.83	7.53
932	37.85	-2.8	7.58
933	37.89	-2.79	7.59
934	37.93	-2.75	7.63
935	37.97	-2.7	7.65
936	38.01	-2.69	7.71
937	38.05	-2.67	7.79
938	38.09	-2.67	7.89
939	38.13	-2.68	8.01
940	38.17	-2.66	8.11
941	38.21	-2.63	8.18
942	38.25	-2.61	8.24
943	38.29	-2.56	8.29
944	38.33	-2.55	8.33
945	38.37	-2.54	8.37
946	38.41	-2.53	8.39
947	38.45	-2.53	8.4
948	38.49	-2.53	8.41
949	38.53	-2.52	8.4
950	38.57	-2.52	8.4
951	38.61	-2.52	8.41
952	38.65	-2.5	8.42
953	38.69	-2.51	8.45
954	38.73	-2.5	8.48
955	38.77	-2.5	8.5
956	38.81	-2.5	8.53
957	38.85	-2.49	8.54
958	38.89	-2.49	8.55
959	38.93	-2.49	8.53
960	38.97	-2.51	8.5
961	39.01	-2.56	8.51
962	39.05	-2.6	8.51
963	39.09	-2.64	8.54
964	39.13	-2.67	8.57
965	39.17	-2.72	8.58
966	39.21	-2.76	8.58
967	39.25	-2.82	8.6
968	39.29	-2.88	8.6
969	39.33	-2.93	8.58
970	39.37	-2.99	8.55
971	39.41	-3.07	8.5
972	39.45	-3.13	8.46
973	39.49	-3.2	8.48
974	39.53	-3.26	8.49
975	39.57	-3.32	8.51
976	39.61	-3.41	8.54
977	39.65	-3.5	8.57
978	39.69	-3.6	8.61
979	39.73	-3.69	8.66
980	39.77	-3.78	8.72
981	39.81	-3.89	8.74
982	39.85	-4.01	8.76
983	39.89	-4.12	8.78
984	39.93	-4.19	8.79
985	39.97	-4.25	8.86
986	40.01	-4.32	8.92
987	40.05	-4.39	8.98
988	40.09	-4.5	9.03
989	40.13	-4.57	9.06
990	40.17	-4.64	9.1
991	40.21	-4.71	9.14
992	40.25	-4.79	9.19
993	40.29	-4.86	9.22
994	40.33	-4.95	9.23
995	40.37	-5.03	9.24
996	40.41	-5.09	9.25
997	40.45	-5.15	9.23
998	40.49	-5.2	9.23
999	40.53	-5.27	9.23
1000	40.57	-5.4	9.25
1001	40.61	-5.49	9.29
1002	40.65	-5.6	9.33
1003	40.69	-5.69	9.36
1004	40.73	-5.75	9.39
1005	40.77	-5.8	9.41
1006	40.81	-5.86	9.42
1007	40.85	-5.91	9.43
1008	40.89	-5.94	9.42
1009	40.93	-6	9.4
1010	40.97	-6	9.39
1011	41.01	-6	9.4
1012	41.05	-6.01	9.41
1013	41.09	-6.01	9.44
1014	41.13	-6.03	9.46
1015	41.17	-6.02	9.48
1016	41.21	-5.99	9.51
1017	41.25	-5.97	9.53
1018	41.29	-5.93	9.56
1019	41.33	-5.9	9.59
1020	41.37	-5.86	9.61
1021	41.41	-5.83	9.64
1022	41.45	-5.78	9.66
1023	41.49	-5.74	9.68
1024	41.53	-5.71	9.7
1025	41.57	-5.68	9.72
1026	41.61	-5.64	9.73
1027	41.65	-5.59	9.74
1028	41.69	-5.55	9.73
1029	41.73	-5.47	9.73
1030	41.77	-5.43	9.73
1031	41.81	-5.37	9.75
1032	41.85	-5.33	9.78
1033	41.89	-5.3	9.79
1034	41.93	-5.24	9.8
1035	41.97	-5.25	9.79
1036	42.01	-5.26	9.78
1037	42.05	-5.28	9.78
1038	42.09	-5.34	9.78
1039	42.13	-5.34	9.77
1040	42.17	-5.33	9.73
1041	42.21	-5.34	9.68
1042	42.25	-5.33	9.62
1043	42.29	-5.34	9.59
1044	42.33	-5.36	9.56
1045	42.37	-5.37	9.56
1046	42.41	-5.39	9.57
1047	42.45	-5.42	9.57
1048	42.49	-5.42	9.57
1049	42.53	-5.42	9.57
1050	42.58	-5.44	9.57
1051	42.65	-5.45	9.62
1052	42.69	-5.48	9.7
1053	42.73	-5.46	9.77
1054	42.77	-5.41	9.86
1055	42.81	-5.36	9.91
1056	42.85	-5.27	9.95
1057	42.89	-5.21	10
1058	42.93	-5.17	10.04
1059	42.97	-5.12	10.09
1060	43.01	-5.1	10.14
1061	43.05	-5.08	10.18
1062	43.09	-5.07	10.23
1063	43.13	-5.06	10.27
1064	43.17	-5.05	10.32
1065	43.21	-5.03	10.37
1066	43.25	-4.99	10.44
1067	43.29	-4.94	10.52
1068	43.33	-4.88	10.58
1069	43.37	-4.83	10.63
1070	43.41	-4.78	10.67
1071	43.45	-4.73	10.7
1072	43.49	-4.7	10.72
1073	43.53	-4.67	10.73
1074	43.57	-4.64	10.74
1075	43.61	-4.63	10.75
1076	43.65	-4.62	10.76
1077	43.69	-4.61	10.78
1078	43.73	-4.61	10.79
1079	43.77	-4.6	10.8
1080	43.81	-4.58	10.81
1081	43.85	-4.57	10.82
1082	43.89	-4.55	10.82
1083	43.93	-4.54	10.81
1084	43.97	-4.53	10.79
1085	44.01	-4.52	10.76
1086	44.05	-4.51	10.74
1087	44.09	-4.5	10.74
1088	44.13	-4.49	10.73
1089	44.17	-4.49	10.75
1090	44.21	-4.48	10.76
1091	44.25	-4.48	10.75
1092	44.29	-4.48	10.75
1093	44.33	-4.45	10.71
1094	44.37	-4.43	10.66
1095	44.41	-4.39	10.62
1096	44.45	-4.35	10.59
1097	44.49	-4.33	10.58
1098	44.53	-4.32	10.58
1099	44.57	-4.31	10.57
1100	44.61	-4.31	10.55
1101	44.65	-4.3	10.51
1102	44.69	-4.31	10.5
1103	44.73	-4.33	10.5
1104	44.77	-4.35	10.49
1105	44.81	-4.39	10.5
1106	44.85	-4.4	10.49
1107	44.89	-4.42	10.5
1108	44.93	-4.43	10.47
1109	44.97	-4.44	10.46
1110	45.01	-4.44	10.44
1111	45.05	-4.44	10.43
1112	45.09	-4.44	10.43
1113	45.13	-4.45	10.44
1114	45.17	-4.46	10.45
1115	45.21	-4.46	10.45
1116	45.25	-4.45	10.43
1117	45.29	-4.44	10.4
1118	45.33	-4.45	10.38
1119	45.37	-4.46	10.38
1120	45.41	-4.48	10.41
1121	45.45	-4.48	10.42
1122	45.49	-4.48	10.41
1123	45.53	-4.49	10.42
1124	45.57	-4.5	10.42
1125	45.61	-4.51	10.42
1126	45.65	-4.52	10.44
1127	45.69	-4.52	10.44
1128	45.73	-4.53	10.45
1129	45.77	-4.52	10.44
1130	45.81	-4.52	10.43
1131	45.85	-4.53	10.43
1132	45.89	-4.51	10.4
1133	45.93	-4.5	10.4
1134	45.97	-4.5	10.4
1135	46.01	-4.48	10.37
1136	46.05	-4.47	10.37
1137	46.09	-4.45	10.35
1138	46.13	-4.44	10.34
1139	46.17	-4.41	10.32
1140	46.28	-4.38	10.27
1141	46.3	-4.36	10.2
1142	46.33	-4.33	10.1
1143	46.37	-4.33	10.02
1144	46.41	-4.32	9.96
1145	46.45	-4.32	9.93
1146	46.49	-4.31	9.91
1147	46.53	-4.29	9.93
1148	46.57	-4.26	9.93
1149	46.61	-4.24	9.93
1150	46.65	-4.22	9.94
1151	46.69	-4.21	9.94
1152	46.73	-4.19	9.94
1153	46.77	-4.16	9.95
1154	46.81	-4.13	9.96
1155	46.85	-4.1	9.99
1156	46.89	-4.07	10.03
1157	46.93	-4.01	10.05
1158	46.97	-3.95	10.03
1159	47.01	-3.88	10
1160	47.05	-3.81	9.96
1161	47.09	-3.76	9.95
1162	47.13	-3.72	9.96
1163	47.17	-3.68	10
1164	47.21	-3.64	10.02
1165	47.25	-3.6	10.02
1166	47.29	-3.56	10.03
1167	47.33	-3.52	10.03
1168	47.37	-3.47	10.04
1169	47.41	-3.43	10.07
1170	47.45	-3.39	10.09
1171	47.49	-3.36	10.12
1172	47.53	-3.33	10.12
1173	47.57	-3.29	10.14
1174	47.61	-3.26	10.13
1175	47.65	-3.23	10.11
1176	47.69	-3.2	10.11
1177	47.73	-3.17	10.09
1178	47.77	-3.14	10.08
1179	47.81	-3.12	10.04
1180	47.85	-3.1	9.98
1181	47.89	-3.1	9.93
1182	47.93	-3.09	9.89
1183	47.97	-3.1	9.87
1184	48.01	-3.11	9.88
1185	48.05	-3.15	9.86
1186	48.09	-3.22	9.89
1187	48.13	-3.28	9.95
1188	48.17	-3.36	9.99
1189	48.21	-3.41	10.03
1190	48.25	-3.42	10.02
1191	48.29	-3.44	9.99
1192	48.33	-3.44	9.98
1193	48.37	-3.45	9.96
1194	48.41	-3.47	9.95
1195	48.45	-3.5	9.93
1196	48.49	-3.53	9.9
1197	48.53	-3.56	9.88
1198	48.57	-3.58	9.86
1199	48.61	-3.6	9.83
1200	48.65	-3.62	9.8
1201	48.69	-3.63	9.78
1202	48.73	-3.66	9.76
1203	48.77	-3.69	9.74
1204	48.81	-3.7	9.73
1205	48.85	-3.73	9.69
1206	48.89	-3.74	9.67
1207	48.93	-3.72	9.67
1208	48.97	-3.71	9.65
1209	49.01	-3.71	9.64
1210	49.05	-3.69	9.64
1211	49.09	-3.69	9.62
1212	49.13	-3.69	9.58
1213	49.17	-3.68	9.53
1214	49.21	-3.67	9.45
1215	49.25	-3.65	9.38
1216	49.29	-3.6	9.33
1217	49.33	-3.57	9.26
1218	49.37	-3.54	9.21
1219	49.41	-3.51	9.16
1220	49.45	-3.49	9.13
1221	49.49	-3.44	9.09
1222	49.53	-3.36	9.06
1223	49.57	-3.28	9.02
1224	49.61	-3.23	8.98
1225	49.65	-3.19	8.94
1226	49.69	-3.2	8.9
1227	49.73	-3.23	8.86
1228	49.77	-3.23	8.83
1229	49.81	-3.24	8.81
1230	49.85	-3.23	8.79
1231	49.89	-3.21	8.77
1232	49.93	-3.18	8.73
1233	49.97	-3.14	8.71
1234	50.01	-3.12	8.69
1235	50.05	-3.1	8.67
1236	50.09	-3.08	8.66
1237	50.13	-3.07	8.64
1238	50.17	-3.04	8.64
1239	50.21	-3.02	8.64
1240	50.25	-3.01	8.64
1241	50.29	-3.01	8.63
1242	50.33	-3	8.62
1243	50.37	-3	8.61
1244	50.41	-3.01	8.59
1245	50.45	-3.02	8.57
1246	50.49	-3.04	8.56
1247	50.53	-3.06	8.53
1248	50.57	-3.09	8.52
1249	50.61	-3.12	8.51
1250	50.65	-3.15	8.49
1251	50.69	-3.17	8.48
1252	50.73	-3.2	8.46
1253	50.77	-3.18	8.45
1254	50.81	-3.17	8.44
1255	50.85	-3.15	8.43
1256	50.89	-3.12	8.42
1257	50.93	-3.11	8.41
1258	50.97	-3.11	8.41
1259	51.01	-3.11	8.4
1260	51.05	-3.11	8.41
1261	51.09	-3.11	8.42
1262	51.13	-3.12	8.43
1263	51.17	-3.11	8.44
1264	51.21	-3.08	8.44
1265	51.25	-3.07	8.46
1266	51.29	-3.05	8.47
1267	51.33	-3.06	8.48
1268	51.37	-3.09	8.5
1269	51.41	-3.13	8.52
1270	51.45	-3.17	8.53
1271	51.49	-3.21	8.52
1272	51.53	-3.24	8.52
1273	51.57	-3.25	8.51
1274	51.64	-3.28	8.5
1275	51.69	-3.3	8.48
1276	51.73	-3.33	8.48
1277	51.77	-3.36	8.47
1278	51.81	-3.41	8.48
1279	51.85	-3.43	8.5
1280	51.89	-3.47	8.52
1281	51.93	-3.5	8.54
1282	51.97	-3.5	8.56
1283	52.01	-3.53	8.58
1284	52.05	-3.54	8.58
1285	52.09	-3.55	8.6
1286	52.13	-3.57	8.61
1287	52.17	-3.59	8.62
1288	52.21	-3.61	8.63
1289	52.25	-3.61	8.64
1290	52.29	-3.6	8.67
1291	52.33	-3.6	8.72
1292	52.37	-3.59	8.76
1293	52.41	-3.59	8.8
1294	52.45	-3.6	8.82
1295	52.49	-3.61	8.83
1296	52.53	-3.62	8.84
1297	52.57	-3.64	8.84
1298	52.61	-3.66	8.85
1299	52.65	-3.68	8.86
1300	52.69	-3.7	8.85
1301	52.73	-3.71	8.85
1302	52.77	-3.73	8.86
1303	52.81	-3.74	8.88
1304	52.85	-3.78	8.89
1305	52.89	-3.82	8.9
1306	52.93	-3.86	8.91
1307	52.97	-3.9	8.89
1308	53.01	-3.93	8.87
1309	53.05	-3.97	8.88
1310	53.09	-3.99	8.89
1311	53.13	-4.02	8.89
1312	53.17	-4.06	8.9
1313	53.21	-4.1	8.88
1314	53.25	-4.16	8.86
1315	53.29	-4.21	8.87
1316	53.33	-4.26	8.87
1317	53.37	-4.29	8.88
1318	53.41	-4.33	8.87
1319	53.45	-4.36	8.86
1320	53.49	-4.39	8.84
1321	53.53	-4.42	8.86
1322	53.57	-4.44	8.87
1323	53.61	-4.46	8.86
1324	53.65	-4.48	8.86
1325	53.69	-4.52	8.81
1326	53.73	-4.54	8.78
1327	53.77	-4.55	8.77
1328	53.81	-4.54	8.74
1329	53.85	-4.52	8.73
1330	53.89	-4.5	8.7
1331	53.93	-4.47	8.7
1332	53.97	-4.46	8.71
1333	54.01	-4.45	8.75
1334	54.05	-4.42	8.8
1335	54.09	-4.4	8.85
1336	54.13	-4.38	8.92
1337	54.17	-4.35	9
1338	54.21	-4.33	9.11
1339	54.25	-4.33	9.21
1340	54.29	-4.35	9.29
1341	54.33	-4.37	9.36
1342	54.37	-4.4	9.42
1343	54.41	-4.43	9.46
1344	54.47	-4.46	9.5
1345	54.5	-4.49	9.51
1346	54.53	-4.52	9.49
1347	54.57	-4.54	9.47
1348	54.61	-4.55	9.46
1349	54.65	-4.55	9.45
1350	54.69	-4.54	9.47
1351	54.73	-4.53	9.49
1352	54.77	-4.53	9.52
1353	54.81	-4.51	9.55
1354	54.85	-4.52	9.56
1355	54.89	-4.53	9.56
1356	54.93	-4.54	9.54
1357	54.97	-4.57	9.51
1358	55.01	-4.59	9.49
1359	55.05	-4.59	9.48
1360	55.09	-4.63	9.45
1361	55.13	-4.64	9.41
1362	55.17	-4.65	9.38
1363	55.21	-4.67	9.35
1364	55.25	-4.66	9.34
1365	55.37	-4.66	9.32
1366	55.41	-4.65	9.28
1367	55.45	-4.65	9.22
1368	55.49	-4.63	9.17
1369	55.53	-4.59	9.13
1370	55.57	-4.54	9.09
1371	55.61	-4.47	9.07
1372	55.65	-4.44	9.02
1373	55.69	-4.41	8.98
1374	55.73	-4.4	8.95
1375	55.77	-4.39	8.92
1376	55.81	-4.36	8.89
1377	55.85	-4.34	8.85
1378	55.89	-4.29	8.8
1379	55.93	-4.26	8.75
1380	55.97	-4.24	8.74
1381	56.01	-4.21	8.72
1382	56.05	-4.15	8.68
1383	56.09	-4.07	8.65
1384	56.13	-3.98	8.59
1385	56.17	-3.9	8.55
1386	56.21	-3.86	8.52
1387	56.25	-3.85	8.5
1388	56.29	-3.86	8.45
1389	56.33	-3.85	8.41
1390	56.37	-3.83	8.36
1391	56.41	-3.79	8.31
1392	56.45	-3.75	8.27
1393	56.49	-3.73	8.22
1394	56.53	-3.7	8.18
1395	56.57	-3.69	8.15
1396	56.61	-3.66	8.1
1397	56.65	-3.64	8.04
1398	56.69	-3.62	7.99
1399	56.73	-3.61	7.92
1400	56.77	-3.6	7.86
1401	56.81	-3.61	7.83
1402	56.85	-3.6	7.78
1403	56.89	-3.58	7.75
1404	56.93	-3.57	7.73
1405	56.97	-3.53	7.7
1406	57.01	-3.52	7.68
1407	57.05	-3.5	7.65
1408	57.09	-3.48	7.61
1409	57.13	-3.49	7.58
1410	57.17	-3.49	7.55
1411	57.21	-3.5	7.52
1412	57.25	-3.54	7.5
1413	57.29	-3.56	7.45
1414	57.33	-3.59	7.43
1415	57.37	-3.61	7.41
1416	57.41	-3.62	7.38
1417	57.45	-3.63	7.38
1418	57.49	-3.64	7.35
1419	57.53	-3.66	7.33
1420	57.57	-3.67	7.28
1421	57.61	-3.7	7.25
1422	57.65	-3.74	7.22
1423	57.69	-3.78	7.17
1424	57.73	-3.83	7.16
1425	57.77	-3.89	7.13
1426	57.81	-3.93	7.1
1427	57.85	-3.97	7.1
1428	57.89	-4.01	7.08
1429	57.93	-4.03	7.07
1430	57.97	-4.07	7.06
1431	58.01	-4.11	7.07
1432	58.05	-4.14	7.07
1433	58.09	-4.17	7.08
1434	58.13	-4.19	7.09
1435	58.17	-4.21	7.1
1436	58.21	-4.23	7.12
1437	58.25	-4.25	7.14
1438	58.29	-4.26	7.14
1439	58.33	-4.26	7.14
1440	58.37	-4.25	7.13
1441	58.41	-4.25	7.09
1442	58.45	-4.25	7.1
1443	58.49	-4.25	7.07
1444	58.53	-4.25	7.07
1445	58.57	-4.25	7.07
1446	58.61	-4.25	7.07
1447	58.65	-4.24	7.05
1448	58.69	-4.24	7.04
1449	58.73	-4.24	7.03
1450	58.77	-4.25	7.01
1451	58.81	-4.27	7
1452	58.85	-4.3	6.99
1453	58.89	-4.32	6.98
1454	58.93	-4.34	6.97
1455	58.97	-4.36	6.99
1456	59.01	-4.35	7
1457	59.05	-4.35	7.01
1458	59.09	-4.38	7.02
1459	59.13	-4.44	7.01
1460	59.17	-4.52	7.01
1461	59.21	-4.6	7.02
1462	59.25	-4.66	7.02
1463	59.29	-4.69	7.05
1464	59.33	-4.74	7.09
1465	59.37	-4.78	7.13
1466	59.41	-4.81	7.17
1467	59.45	-4.85	7.16
1468	59.49	-4.9	7.15
1469	59.53	-4.94	7.15
1470	59.57	-5	7.13
1471	59.61	-5.06	7.17
1472	59.65	-5.12	7.21
1473	59.68	-5.19	7.26
1474	59.73	-5.24	7.34
1475	59.77	-5.29	7.37
1476	59.81	-5.31	7.4
1477	59.85	-5.32	7.42
1478	59.88	-5.33	7.42
1479	59.93	-5.33	7.44
1480	59.97	-5.32	7.44
1481	60	-5.32	7.45
1482	60.04	-5.31	7.48
1483	60.09	-5.31	7.49
1484	60.12	-5.32	7.54
1485	60.16	-5.34	7.59
1486	60.2	-5.36	7.62
1487	60.24	-5.39	7.69
1488	60.28	-5.41	7.75
1489	60.32	-5.42	7.82
1490	60.36	-5.42	7.89
1491	60.41	-5.42	7.95
1492	60.44	-5.42	7.98
1493	60.48	-5.43	8.01
1494	60.52	-5.44	8.03
1495	60.56	-5.43	8.04
1496	60.63	-5.42	8.03
1497	60.69	-5.4	8.03
1498	60.72	-5.38	8.02
1499	60.76	-5.35	8.01
1500	60.81	-5.32	8.01
1501	60.85	-5.29	7.99
1502	60.89	-5.26	7.98
1503	60.92	-5.23	7.96
1504	60.97	-5.17	7.91
1505	61	-5.09	7.86
1506	61.04	-5.01	7.81
1507	61.08	-4.92	7.76
1508	61.12	-4.86	7.74
1509	61.16	-4.79	7.72
1510	61.2	-4.72	7.69
1511	61.24	-4.64	7.64
1512	61.28	-4.57	7.61
1513	61.32	-4.52	7.58
1514	61.36	-4.47	7.56
1515	61.4	-4.43	7.55
1516	61.44	-4.38	7.55
1517	61.48	-4.32	7.57
1518	61.52	-4.25	7.6
1519	61.56	-4.19	7.63
1520	61.6	-4.13	7.65
1521	61.64	-4.07	7.69
1522	61.68	-4	7.72
1523	61.72	-3.9	7.77
1524	61.76	-3.82	7.84
1525	61.8	-3.73	7.87
1526	61.84	-3.67	7.92
1527	61.88	-3.61	7.94
1528	61.92	-3.53	7.97
1529	61.96	-3.45	8.01
1530	62	-3.38	8.08
1531	62.04	-3.33	8.16
1532	62.08	-3.29	8.24
1533	62.12	-3.29	8.34
1534	62.16	-3.24	8.41
1535	62.2	-3.19	8.46
1536	62.24	-3.14	8.51
1537	62.28	-3.03	8.56
1538	62.32	-2.98	8.61
1539	62.36	-2.94	8.66
1540	62.4	-2.89	8.72
1541	62.44	-2.87	8.76
1542	62.48	-2.83	8.85
1543	62.52	-2.76	8.94
1544	62.56	-2.72	9.04
1545	62.6	-2.73	9.12
1546	62.64	-2.72	9.17
1547	62.68	-2.72	9.22
1548	62.72	-2.7	9.25
1549	62.76	-2.68	9.28
1550	62.8	-2.67	9.29
1551	62.84	-2.63	9.32
1552	62.88	-2.62	9.33
1553	62.92	-2.55	9.34
1554	62.96	-2.52	9.36
1555	63	-2.5	9.35
1556	63.04	-2.46	9.34
1557	63.08	-2.37	9.34
1558	63.12	-2.33	9.31
1559	63.16	-2.23	9.32
1560	63.2	-2.21	9.31
1561	63.24	-2.19	9.3
1562	63.28	-2.18	9.3
1563	63.32	-2.17	9.3
1564	63.36	-2.14	9.32
1565	63.4	-2.2	9.31
1566	63.44	-2.19	9.34
1567	63.48	-2.28	9.34
1568	63.52	-2.29	9.39
1569	63.56	-2.3	9.42
1570	63.6	-2.31	9.48
1571	63.64	-2.34	9.51
1572	63.68	-2.39	9.53
1573	63.72	-2.4	9.58
1574	63.76	-2.41	9.61
1575	63.8	-2.39	9.65
1576	63.84	-2.35	9.71
1577	63.88	-2.34	9.75
1578	63.92	-2.34	9.84
1579	63.96	-2.33	9.96
1580	64	-2.34	10.09
1581	64.04	-2.35	10.23
1582	64.08	-2.39	10.31
1583	64.12	-2.39	10.43
1584	64.16	-2.44	10.5
1585	64.2	-2.44	10.6
1586	64.24	-2.45	10.7
1587	64.36	-2.48	10.8
1588	64.4	-2.52	10.93
1589	64.44	-2.57	11.05
1590	64.48	-2.62	11.19
1591	64.52	-2.69	11.26
1592	64.56	-2.74	11.33
1593	64.6	-2.81	11.36
1594	64.64	-2.88	11.41
1595	64.68	-2.93	11.46
1596	64.72	-2.98	11.49
1597	64.76	-3.02	11.54
1598	64.8	-3.04	11.61
1599	64.84	-3.07	11.68
1600	64.88	-3.1	11.75
1601	64.92	-3.15	11.81
1602	64.96	-3.21	11.9
1603	65	-3.28	12.01
1604	65.04	-3.34	12.11
1605	65.08	-3.41	12.2
1606	65.12	-3.46	12.24
1607	65.16	-3.5	12.23
1608	65.2	-3.55	12.2
1609	65.24	-3.61	12.17
1610	65.28	-3.68	12.11
1611	65.32	-3.75	12.06
1612	65.36	-3.8	12.04
1613	65.4	-3.83	12.03
1614	65.44	-3.85	12.05
1615	65.48	-3.86	12.05
1616	65.52	-3.87	12.04
1617	65.56	-3.89	12.03
1618	65.6	-3.91	12.02
1619	65.64	-3.94	12.02
1620	65.68	-3.99	11.98
1621	65.72	-4.05	11.98
1622	65.76	-4.14	11.95
1623	65.8	-4.21	11.94
1624	65.84	-4.28	11.96
1625	65.88	-4.34	11.94
1626	65.92	-4.4	11.96
1627	65.96	-4.49	11.98
1628	66	-4.58	12.03
1629	66.04	-4.68	12.08
1630	66.08	-4.76	12.1
1631	66.12	-4.8	12.05
1632	66.16	-4.83	11.99
1633	66.2	-4.84	11.92
1634	66.24	-4.85	11.84
1635	66.28	-4.87	11.79
1636	66.32	-4.88	11.75
1637	66.36	-4.9	11.73
1638	66.4	-4.94	11.72
1639	66.44	-4.97	11.73
1640	66.48	-5.01	11.73
1641	66.52	-5.03	11.71
1642	66.56	-5.06	11.71
1643	66.6	-5.1	11.67
1644	66.64	-5.15	11.65
1645	66.68	-5.23	11.62
1646	66.72	-5.3	11.55
1647	66.76	-5.36	11.5
1648	66.8	-5.42	11.44
1649	66.84	-5.49	11.39
1650	66.88	-5.56	11.36
1651	66.92	-5.63	11.33
1652	66.96	-5.7	11.29
1653	67	-5.74	11.26
1654	67.04	-5.79	11.24
1655	67.08	-5.81	11.23
1656	67.12	-5.87	11.24
1657	67.16	-5.94	11.26
1658	67.2	-6.01	11.27
1659	67.24	-6.11	11.3
1660	67.28	-6.17	11.3
1661	67.32	-6.2	11.28
1662	67.36	-6.26	11.29
1663	67.4	-6.29	11.26
1664	67.44	-6.32	11.24
1665	67.48	-6.34	11.2
1666	67.52	-6.36	11.15
1667	67.56	-6.4	11.11
1668	67.6	-6.45	11.08
1669	67.64	-6.49	11.06
1670	67.68	-6.53	11.04
1671	67.72	-6.57	11.02
1672	67.76	-6.63	11
1673	67.8	-6.74	10.98
1674	67.84	-6.84	10.94
1675	67.88	-6.95	10.9
1676	67.92	-7.07	10.85
1677	67.96	-7.14	10.81
1678	68	-7.22	10.77
1679	68.04	-7.26	10.7
1680	68.08	-7.28	10.65
1681	68.12	-7.32	10.59
1682	68.16	-7.32	10.55
1683	68.2	-7.37	10.51
1684	68.24	-7.39	10.47
1685	68.28	-7.46	10.41
1686	68.32	-7.59	10.31
1687	68.36	-7.7	10.22
1688	68.4	-7.79	10.11
1689	68.44	-7.81	10.03
1690	68.48	-7.8	9.96
1691	68.52	-7.76	9.91
1692	68.56	-7.76	9.85
1693	68.6	-7.77	9.78
1694	68.64	-7.78	9.74
1695	68.68	-7.81	9.69
1696	68.72	-7.84	9.65
1697	68.76	-7.9	9.59
1698	68.8	-8	9.47
1699	68.84	-8.04	9.36
1700	68.88	-8.05	9.24
1701	68.92	-8.02	9.15
1702	68.96	-7.91	9.08
1703	69	-7.8	8.99
1704	69.04	-7.66	8.9
1705	69.08	-7.57	8.81
1706	69.12	-7.53	8.72
1707	69.16	-7.53	8.66
1708	69.2	-7.54	8.62
1709	69.24	-7.56	8.57
1710	69.28	-7.54	8.55
1711	69.32	-7.54	8.52
1712	69.36	-7.53	8.51
1713	69.4	-7.5	8.52
1714	69.44	-7.52	8.5
1715	69.48	-7.51	8.5
1716	69.52	-7.52	8.48
1717	69.56	-7.54	8.47
1718	69.6	-7.54	8.47
1719	69.64	-7.52	8.48
1720	69.68	-7.51	8.48
1721	69.72	-7.51	8.48
1722	69.76	-7.48	8.49
1723	69.8	-7.47	8.51
1724	69.84	-7.45	8.53
1725	69.88	-7.44	8.54
1726	69.92	-7.4	8.58
1727	69.96	-7.38	8.58
1728	70	-7.36	8.59
1729	70.04	-7.33	8.6
1730	70.09	-7.34	8.61
1731	70.16	-7.33	8.63
1732	70.2	-7.34	8.66
1733	70.24	-7.36	8.68
1734	70.28	-7.37	8.7
1735	70.32	-7.39	8.71
1736	70.36	-7.41	8.71
1737	70.4	-7.41	8.71
1738	70.44	-7.47	8.73
1739	70.48	-7.51	8.75
1740	70.52	-7.56	8.77
1741	70.56	-7.61	8.8
1742	70.6	-7.62	8.83
1743	70.64	-7.64	8.86
1744	70.68	-7.68	8.87
1745	70.72	-7.71	8.88
1746	70.76	-7.74	8.89
1747	70.8	-7.77	8.91
1748	70.84	-7.8	8.92
1749	70.88	-7.82	8.93
1750	70.92	-7.83	8.93
1751	70.96	-7.85	8.93
1752	71	-7.87	8.93
1753	71.05	-7.89	8.93
1754	71.08	-7.92	8.92
1755	71.12	-7.95	8.91
1756	71.16	-7.98	8.91
1757	71.2	-7.99	8.9
1758	71.24	-8.02	8.89
1759	71.28	-8.02	8.88
1760	71.32	-8.02	8.87
1761	71.36	-8.01	8.87
1762	71.4	-7.96	8.87
1763	71.44	-7.96	8.86
1764	71.48	-7.93	8.87
1765	71.52	-7.92	8.87
1766	71.56	-7.9	8.88
1767	71.6	-7.86	8.89
1768	71.64	-7.83	8.9
1769	71.68	-7.81	8.9
1770	71.72	-7.8	8.91
1771	71.76	-7.79	8.92
1772	71.8	-7.76	8.93
1773	71.84	-7.69	8.95
1774	71.88	-7.63	8.97
1775	71.92	-7.57	8.99
1776	71.96	-7.51	9
1777	72	-7.51	9
1778	72.04	-7.51	8.99
1779	72.08	-7.51	8.99
1780	72.12	-7.51	8.98
1781	72.16	-7.5	8.98
1782	72.2	-7.48	8.96
1783	72.24	-7.46	8.95
1784	72.28	-7.43	8.93
1785	72.32	-7.42	8.91
1786	72.36	-7.37	8.9
1787	72.4	-7.37	8.86
1788	72.44	-7.38	8.8
1789	72.48	-7.37	8.73
1790	72.52	-7.36	8.63
1791	72.56	-7.32	8.53
1792	72.6	-7.3	8.43
1793	72.64	-7.3	8.34
1794	72.68	-7.31	8.25
1795	72.72	-7.34	8.15
1796	72.76	-7.35	8.06
1797	72.8	-7.34	7.95
1798	72.84	-7.31	7.84
1799	72.88	-7.26	7.76
1800	72.92	-7.19	7.72
1801	72.96	-7.1	7.7
1802	73	-7.02	7.69
1803	73.04	-6.94	7.68
1804	73.08	-6.88	7.63
1805	73.12	-6.81	7.6
1806	73.16	-6.74	7.57
1807	73.2	-6.67	7.52
1808	73.24	-6.59	7.48
1809	73.28	-6.55	7.42
1810	73.32	-6.5	7.37
1811	73.36	-6.46	7.36
1812	73.4	-6.42	7.34
1813	73.44	-6.36	7.34
1814	73.48	-6.28	7.34
1815	73.52	-6.21	7.34
1816	73.56	-6.11	7.37
1817	73.6	-6.04	7.39
1818	73.64	-5.97	7.44
1819	73.68	-5.91	7.46
1820	73.8	-5.88	7.5
1821	73.84	-5.84	7.55
1822	73.88	-5.82	7.58
1823	73.92	-5.83	7.6
1824	73.96	-5.81	7.6
1825	74	-5.76	7.61
1826	74.04	-5.71	7.59
1827	74.08	-5.63	7.68
1828	74.12	-5.59	7.75
1829	74.16	-5.56	7.83
1830	74.2	-5.54	7.9
1831	74.24	-5.53	7.94
1832	74.28	-5.49	7.97
1833	74.32	-5.44	8.01
1834	74.36	-5.36	8.08
1835	74.4	-5.29	8.11
1836	74.44	-5.24	8.18
1837	74.48	-5.21	8.19
1838	74.52	-5.18	8.17
1839	74.56	-5.16	8.15
1840	74.6	-5.12	8.11
1841	74.64	-5.07	8.13
1842	74.68	-5.04	8.18
1843	74.72	-5.01	8.24
1844	74.76	-4.99	8.3
1845	74.8	-4.99	8.33
1846	74.84	-5.01	8.33
1847	74.88	-5.01	8.31
1848	74.92	-5	8.3
1849	74.96	-4.99	8.29
1850	75	-4.95	8.3
1851	75.04	-4.89	8.31
1852	75.08	-4.82	8.33
1853	75.12	-4.72	8.37
1854	75.16	-4.6	8.43
1855	75.2	-4.52	8.51
1856	75.24	-4.44	8.6
1857	75.28	-4.4	8.7
1858	75.32	-4.36	8.79
1859	75.36	-4.32	8.87
1860	75.4	-4.21	8.94
1861	75.44	-4.14	9
1862	75.48	-4.06	9.04
1863	75.52	-4	9.07
1864	75.56	-3.96	9.13
1865	75.6	-3.9	9.19
1866	75.64	-3.83	9.27
1867	75.68	-3.75	9.36
1868	75.72	-3.72	9.43
1869	75.76	-3.68	9.5
1870	75.8	-3.64	9.61
1871	75.84	-3.62	9.7
1872	75.88	-3.57	9.8
1873	75.92	-3.55	9.87
1874	75.96	-3.55	9.93
1875	76	-3.55	9.98
1876	76.04	-3.59	10
1877	76.08	-3.57	10.05
1878	76.12	-3.58	10.13
1879	76.16	-3.51	10.29
1880	76.2	-3.45	10.45
1881	76.24	-3.47	10.58
1882	76.28	-3.52	10.68
1883	76.32	-3.63	10.75
1884	76.36	-3.71	10.86
1885	76.4	-3.76	10.97
1886	76.44	-3.79	11.06
1887	76.48	-3.83	11.1
1888	76.52	-3.85	11.13
1889	76.56	-3.86	11.15
1890	76.6	-3.87	11.16
1891	76.64	-3.89	11.16
1892	76.68	-3.91	11.15
1893	76.72	-3.93	11.15
1894	76.76	-3.96	11.14
1895	76.8	-3.99	11.14
1896	76.84	-4.01	11.15
1897	76.88	-4.06	11.15
1898	76.92	-4.1	11.18
1899	76.96	-4.14	11.24
1900	77	-4.18	11.3
1901	77.04	-4.23	11.36
1902	77.08	-4.27	11.42
1903	77.12	-4.36	11.45
1904	77.16	-4.42	11.57
1905	77.2	-4.48	11.68
1906	77.24	-4.52	11.83
1907	77.28	-4.55	11.97
1908	77.32	-4.58	12.03
1909	77.36	-4.61	12.07
1910	77.4	-4.66	12.07
1911	77.44	-4.69	12.09
1912	77.48	-4.72	12.12
1913	77.52	-4.74	12.18
1914	77.56	-4.76	12.24
1915	77.6	-4.8	12.26
1916	77.64	-4.83	12.27
1917	77.68	-4.88	12.25
1918	77.72	-4.93	12.23
1919	77.76	-4.96	12.27
1920	77.8	-5.01	12.28
1921	77.84	-5.04	12.3
1922	77.88	-5.06	12.3
1923	77.92	-5.11	12.3
1924	77.96	-5.18	12.31
1925	78	-5.25	12.34
1926	78.04	-5.33	12.39
1927	78.08	-5.4	12.43
1928	78.12	-5.45	12.44
1929	78.16	-5.5	12.45
1930	78.2	-5.55	12.42
1931	78.24	-5.59	12.38
1932	78.28	-5.63	12.37
1933	78.32	-5.67	12.33
1934	78.36	-5.69	12.28
1935	78.4	-5.7	12.27
1936	78.44	-5.71	12.24
1937	78.48	-5.72	12.25
1938	78.52	-5.73	12.29
1939	78.56	-5.75	12.26
1940	78.6	-5.77	12.26
1941	78.64	-5.79	12.21
1942	78.68	-5.82	12.14
1943	78.72	-5.85	12.07
1944	78.76	-5.88	12.03
1945	78.8	-5.91	11.99
1946	78.84	-5.95	12
1947	78.88	-5.99	12.01
1948	78.95	-6.01	12.04
1949	79	-6.02	12.06
1950	79.04	-6	12.07
1951	79.08	-5.95	12.11
1952	79.12	-5.9	12.11
1953	79.16	-5.83	12.12
1954	79.2	-5.76	12.11
1955	79.24	-5.69	12.08
1956	79.28	-5.63	12.06
1957	79.32	-5.58	12.05
1958	79.36	-5.54	12.03
1959	79.4	-5.5	12.03
1960	79.44	-5.45	12.03
1961	79.48	-5.4	12.01
1962	79.52	-5.37	12.03
1963	79.56	-5.36	12.01
1964	79.6	-5.35	12.01
1965	79.64	-5.35	12.02
1966	79.68	-5.36	11.99
1967	79.72	-5.37	11.99
1968	79.76	-5.38	11.96
1969	79.8	-5.37	11.95
1970	79.84	-5.33	11.95
1971	79.88	-5.3	11.91
1972	79.92	-5.27	11.89
1973	79.96	-5.25	11.88
1974	80	-5.25	11.86
1975	80.04	-5.24	11.85
1976	80.08	-5.25	11.78
1977	80.12	-5.26	11.69
1978	80.16	-5.26	11.62
1979	80.2	-5.26	11.55
1980	80.24	-5.23	11.53
1981	80.28	-5.19	11.52
1982	80.32	-5.15	11.52
1983	80.36	-5.12	11.52
1984	80.4	-5.09	11.51
1985	80.44	-5.07	11.5
1986	80.48	-5.06	11.49
1987	80.52	-5	11.49
1988	80.56	-4.96	11.47
1989	80.6	-4.91	11.46
1990	80.64	-4.86	11.43
1991	80.68	-4.86	11.36
1992	80.72	-4.86	11.29
1993	80.76	-4.86	11.19
1994	80.8	-4.87	11.12
1995	80.84	-4.85	11.06
1996	80.88	-4.83	11.03
1997	80.92	-4.8	11.01
1998	80.96	-4.78	10.97
1999	81	-4.78	10.96
2000	81.04	-4.76	10.95
2001	81.08	-4.78	10.92
2002	81.12	-4.77	10.92
2003	81.16	-4.79	10.91
2004	81.2	-4.79	10.9
2005	81.24	-4.8	10.9
2006	81.28	-4.82	10.89
2007	81.32	-4.82	10.88
2008	81.36	-4.85	10.86
2009	81.4	-4.86	10.85
2010	81.44	-4.87	10.85
2011	81.48	-4.87	10.84
2012	81.52	-4.87	10.85
2013	81.56	-4.87	10.85
2014	81.6	-4.87	10.84
2015	81.64	-4.88	10.85
2016	81.68	-4.87	10.84
2017	81.72	-4.87	10.84
2018	81.76	-4.88	10.84
2019	81.8	-4.89	10.84
2020	81.84	-4.89	10.84
2021	81.88	-4.92	10.83
2022	81.92	-4.93	10.83
2023	81.96	-4.93	10.83
2024	82	-4.94	10.81
2025	82.04	-4.94	10.8
2026	82.08	-4.96	10.8
2027	82.12	-4.99	10.79
2028	82.16	-4.99	10.79
2029	82.2	-4.99	10.79
2030	82.24	-4.98	10.79
2031	82.28	-4.96	10.79
2032	82.32	-4.94	10.79
2033	82.36	-4.92	10.79
2034	82.4	-4.9	10.79
2035	82.44	-4.89	10.79
2036	82.48	-4.89	10.78
2037	82.52	-4.87	10.79
2038	82.56	-4.87	10.78
2039	82.6	-4.86	10.79
2040	82.64	-4.85	10.81
2041	82.68	-4.84	10.81
2042	82.79	-4.85	10.83
2043	82.81	-4.84	10.82
2044	82.84	-4.85	10.83
2045	82.88	-4.84	10.83
2046	82.92	-4.84	10.82
2047	82.96	-4.83	10.84
2048	83	-4.82	10.84
2049	83.04	-4.83	10.84
2050	83.08	-4.82	10.84
2051	83.12	-4.83	10.83
2052	83.16	-4.85	10.82
2053	83.2	-4.84	10.83
2054	83.24	-4.84	10.83
2055	83.28	-4.84	10.82
2056	83.32	-4.84	10.82
2057	83.36	-4.84	10.81
2058	83.4	-4.84	10.81
2059	83.44	-4.83	10.82
2060	83.48	-4.82	10.82
2061	83.52	-4.81	10.81
2062	83.56	-4.81	10.81
2063	83.6	-4.8	10.8
2064	83.64	-4.79	10.8
2065	83.68	-4.79	10.8
2066	83.72	-4.76	10.82
2067	83.76	-4.74	10.84
2068	83.8	-4.73	10.85
2069	83.84	-4.71	10.87
2070	83.88	-4.71	10.88
2071	83.92	-4.71	10.88
2072	83.96	-4.71	10.87
2073	84	-4.71	10.87
2074	84.04	-4.72	10.87
2075	84.08	-4.72	10.87
2076	84.12	-4.73	10.85
2077	84.16	-4.75	10.85
2078	84.2	-4.78	10.84
2079	84.24	-4.79	10.83
2080	84.28	-4.81	10.84
2081	84.32	-4.84	10.82
2082	84.36	-4.84	10.81
2083	84.4	-4.87	10.8
2084	84.44	-4.89	10.79
2085	84.48	-4.93	10.76
2086	84.52	-4.93	10.74
2087	84.56	-4.95	10.72
2088	84.6	-4.95	10.69
2089	84.64	-4.94	10.69
2090	84.68	-4.94	10.68
2091	84.72	-4.94	10.67
2092	84.76	-4.93	10.67
2093	84.8	-4.91	10.65
2094	84.84	-4.9	10.63
2095	84.88	-4.87	10.6
2096	84.92	-4.83	10.55
2097	84.96	-4.79	10.51
2098	85	-4.76	10.48
2099	85.04	-4.74	10.43
2100	85.08	-4.74	10.41
2101	85.12	-4.74	10.39
2102	85.16	-4.76	10.36
2103	85.2	-4.77	10.35
2104	85.24	-4.78	10.32
2105	85.28	-4.79	10.29
2106	85.32	-4.78	10.26
2107	85.36	-4.78	10.23
2108	85.4	-4.78	10.21
2109	85.44	-4.79	10.18
2110	85.48	-4.82	10.16
2111	85.52	-4.84	10.13
2112	85.56	-4.85	10.09
2113	85.6	-4.88	10.05
2114	85.64	-4.87	10.02
2115	85.68	-4.88	9.99
2116	85.72	-4.89	9.95
2117	85.76	-4.88	9.91
2118	85.8	-4.89	9.86
2119	85.84	-4.9	9.82
2120	85.88	-4.91	9.79
2121	85.92	-4.94	9.74
2122	85.96	-4.96	9.7
2123	86	-4.99	9.65
2124	86.04	-5.03	9.6
2125	86.08	-5.06	9.57
2126	86.12	-5.08	9.55
2127	86.16	-5.08	9.51
2128	86.2	-5.08	9.48
2129	86.24	-5.09	9.45
2130	86.28	-5.1	9.43
2131	86.32	-5.13	9.42
2132	86.36	-5.15	9.41
2133	86.4	-5.16	9.4
2134	86.44	-5.17	9.39
2135	86.48	-5.17	9.37
2136	86.52	-5.16	9.36
2137	86.56	-5.15	9.33
2138	86.6	-5.14	9.3
2139	86.64	-5.12	9.28
2140	86.68	-5.1	9.25
2141	86.72	-5.08	9.23
2142	86.76	-5.06	9.22
2143	86.8	-5.03	9.2
2144	86.84	-5.01	9.18
2145	86.88	-4.99	9.17
2146	86.92	-4.97	9.17
2147	86.96	-4.96	9.14
2148	87	-4.96	9.14
2149	87.04	-4.96	9.13
2150	87.08	-4.98	9.12
2151	87.12	-5	9.13
2152	87.16	-5.02	9.13
2153	87.2	-5.04	9.14
2154	87.24	-5.06	9.16
2155	87.28	-5.07	9.16
2156	87.32	-5.09	9.19
2157	87.36	-5.1	9.2
2158	87.4	-5.11	9.2
2159	87.44	-5.13	9.21
2160	87.48	-5.16	9.22
2161	87.52	-5.18	9.22
2162	87.56	-5.19	9.22
2163	87.6	-5.2	9.22
2164	87.64	-5.21	9.23
2165	87.68	-5.22	9.24
2166	87.72	-5.24	9.25
2167	87.76	-5.28	9.26
2168	87.8	-5.31	9.28
2169	87.84	-5.34	9.3
2170	87.88	-5.36	9.3
2171	87.92	-5.37	9.29
2172	87.96	-5.37	9.27
2173	88	-5.38	9.25
2174	88.04	-5.39	9.24
2175	88.08	-5.4	9.21
2176	88.12	-5.4	9.19
2177	88.16	-5.41	9.14
2178	88.2	-5.4	9.09
2179	88.24	-5.37	9.08
2180	88.28	-5.34	9.05
2181	88.32	-5.31	9.09
2182	88.36	-5.28	9.11
2183	88.4	-5.26	9.13
2184	88.44	-5.24	9.17
2185	88.48	-5.22	9.17
2186	88.52	-5.2	9.19
2187	88.56	-5.2	9.21
2188	88.6	-5.2	9.24
2189	88.64	-5.2	9.28
2190	88.68	-5.21	9.32
2191	88.72	-5.22	9.35
2192	88.76	-5.23	9.36
2193	88.8	-5.23	9.38
2194	88.84	-5.22	9.37
2195	88.88	-5.2	9.36
2196	88.92	-5.18	9.35
2197	88.96	-5.15	9.33
2198	89	-5.14	9.34
2199	89.04	-5.14	9.34
2200	89.1	-5.14	9.36
2201	89.16	-5.12	9.41
2202	89.2	-5.08	9.44
2203	89.24	-5.04	9.49
2204	89.28	-5.03	9.52
2205	89.32	-5.03	9.54
2206	89.36	-5.04	9.56
2207	89.4	-5.05	9.59
2208	89.44	-5.04	9.66
2209	89.48	-4.99	9.76
2210	89.52	-4.95	9.86
2211	89.56	-4.92	9.97
2212	89.6	-4.89	10.03
2213	89.64	-4.88	10.1
2214	89.68	-4.87	10.15
2215	89.72	-4.86	10.18
2216	89.76	-4.85	10.22
2217	89.8	-4.88	10.27
2218	89.84	-4.88	10.33
2219	89.88	-4.9	10.39
2220	89.92	-4.91	10.46
2221	89.96	-4.92	10.52
2222	90	-4.96	10.58
2223	90.04	-4.98	10.64
2224	90.08	-5.01	10.7
2225	90.12	-5.03	10.74
2226	90.16	-5.03	10.79
2227	90.2	-5.03	10.84
2228	90.24	-5.05	10.89
2229	90.28	-5.06	10.94
2230	90.32	-5.08	10.99
2231	90.36	-5.11	11.05
2232	90.4	-5.15	11.09
2233	90.44	-5.2	11.14
2234	90.48	-5.24	11.18
2235	90.52	-5.28	11.22
2236	90.56	-5.31	11.27
2237	90.6	-5.34	11.32
2238	90.64	-5.36	11.36
2239	90.68	-5.39	11.4
2240	90.72	-5.43	11.44
2241	90.76	-5.44	11.48
2242	90.8	-5.48	11.5
2243	90.84	-5.51	11.53
2244	90.88	-5.54	11.56
2245	90.92	-5.58	11.59
2246	90.96	-5.61	11.65
2247	91	-5.65	11.72
2248	91.04	-5.68	11.79
2249	91.08	-5.72	11.89
2250	91.12	-5.75	11.95
2251	91.16	-5.78	12.01
2252	91.2	-5.81	12.04
2253	91.24	-5.83	12.03
2254	91.28	-5.82	12.03
2255	91.32	-5.81	12.06
2256	91.36	-5.8	12.09
2257	91.4	-5.8	12.13
2258	91.44	-5.82	12.16
2259	91.48	-5.85	12.18
2260	91.52	-5.87	12.21
2261	91.56	-5.9	12.25
2262	91.6	-5.92	12.29
2263	91.64	-5.94	12.3
2264	91.68	-5.96	12.3
2265	91.72	-5.99	12.28
2266	91.76	-6.04	12.26
2267	91.8	-6.11	12.24
2268	91.84	-6.19	12.24
2269	91.88	-6.24	12.24
2270	91.92	-6.26	12.2
2271	91.96	-6.29	12.17
2272	92	-6.31	12.13
2273	92.04	-6.35	12.1
2274	92.08	-6.41	12.09
2275	92.12	-6.47	12.1
2276	92.16	-6.52	12.12
2277	92.2	-6.56	12.14
2278	92.24	-6.58	12.15
2279	92.28	-6.61	12.13
2280	92.32	-6.67	12.12
2281	92.36	-6.75	12.11
2282	92.4	-6.85	12.11
2283	92.44	-6.93	12.12
2284	92.48	-6.99	12.12
2285	92.52	-7	12.11
2286	92.56	-7.03	12.09
2287	92.6	-7.06	12.09
2288	92.64	-7.09	12.07
2289	92.68	-7.13	12.06
2290	92.72	-7.17	12.06
2291	92.76	-7.21	12.05
2292	92.8	-7.24	12.05
2293	92.84	-7.28	12.05
2294	92.88	-7.31	12.05
2295	92.92	-7.35	12.06
2296	92.96	-7.38	12.07
2297	93	-7.4	12.08
2298	93.04	-7.42	12.09
2299	93.08	-7.44	12.09
2300	93.12	-7.44	12.11
2301	93.16	-7.45	12.14
2302	93.2	-7.46	12.17
2303	93.24	-7.46	12.19
2304	93.28	-7.46	12.21
2305	93.32	-7.47	12.23
2306	93.36	-7.47	12.24
2307	93.4	-7.47	12.25
2308	93.53	-7.46	12.26
2309	93.56	-7.44	12.26
2310	93.6	-7.42	12.26
2311	93.64	-7.38	12.25
2312	93.68	-7.36	12.24
2313	93.72	-7.34	12.22
2314	93.76	-7.29	12.2
2315	93.8	-7.26	12.18
2316	93.84	-7.19	12.13
2317	93.88	-7.11	12.08
2318	93.92	-7.07	12.04
2319	93.96	-6.96	11.98
2320	94	-6.91	11.95
2321	94.04	-6.9	11.93
2322	94.08	-6.88	11.9
2323	94.12	-6.9	11.88
2324	94.16	-6.92	11.86
2325	94.2	-6.94	11.82
2326	94.24	-7	11.77
2327	94.28	-7.05	11.74
2328	94.32	-7.07	11.69
2329	94.36	-7.1	11.67
2330	94.4	-7.1	11.62
2331	94.44	-7.12	11.57
2332	94.48	-7.13	11.53
2333	94.52	-7.15	11.47
2334	94.56	-7.14	11.43
2335	94.6	-7.13	11.4
2336	94.64	-7.16	11.35
2337	94.68	-7.18	11.31
2338	94.72	-7.24	11.25
2339	94.76	-7.3	11.18
2340	94.8	-7.36	11.14
2341	94.84	-7.4	11.11
2342	94.88	-7.39	11.11
2343	94.92	-7.33	11.09
2344	94.96	-7.28	11.07
2345	95	-7.19	11.04
2346	95.04	-7.12	11.01
2347	95.08	-7.09	10.97
2348	95.12	-7.03	10.92
2349	95.16	-7.01	10.88
2350	95.2	-6.96	10.84
2351	95.24	-6.91	10.82
2352	95.28	-6.81	10.83
2353	95.32	-6.72	10.82
2354	95.36	-6.65	10.8
2355	95.4	-6.59	10.79
2356	95.44	-6.58	10.79
2357	95.48	-6.58	10.81
2358	95.52	-6.59	10.83
2359	95.56	-6.57	10.84
2360	95.6	-6.56	10.86
2361	95.64	-6.54	10.87
2362	95.68	-6.52	10.88
2363	95.72	-6.52	10.89
2364	95.76	-6.49	10.88
2365	95.8	-6.46	10.85
2366	95.84	-6.46	10.83
2367	95.88	-6.42	10.82
2368	95.92	-6.38	10.81
2369	95.96	-6.32	10.83
2370	96	-6.26	10.85
2371	96.04	-6.21	10.87
2372	96.08	-6.17	10.9
2373	96.12	-6.14	10.91
2374	96.16	-6.12	10.92
2375	96.2	-6.12	10.94
2376	96.24	-6.12	10.95
2377	96.28	-6.12	10.97
2378	96.32	-6.1	10.99
2379	96.36	-6.08	11.01
2380	96.4	-6.04	11.04
2381	96.44	-6	11.06
2382	96.48	-5.96	11.08
2383	96.52	-5.92	11.1
2384	96.56	-5.9	11.13
2385	96.6	-5.85	11.15
2386	96.64	-5.8	11.19
2387	96.68	-5.75	11.23
2388	96.72	-5.7	11.25
2389	96.76	-5.66	11.27
2390	96.8	-5.62	11.29
2391	96.84	-5.59	11.3
2392	96.88	-5.54	11.32
2393	96.92	-5.5	11.35
2394	96.96	-5.48	11.39
2395	97	-5.44	11.43
2396	97.04	-5.43	11.47
2397	97.08	-5.42	11.5
2398	97.12	-5.37	11.56
2399	97.16	-5.32	11.61
2400	97.2	-5.26	11.67
2401	97.24	-5.18	11.74
2402	97.28	-5.11	11.77
2403	97.32	-5.04	11.78
2404	97.36	-4.98	11.78
2405	97.4	-4.95	11.75
2406	97.44	-4.93	11.72
2407	97.48	-4.93	11.69
2408	97.52	-4.92	11.67
2409	97.56	-4.91	11.67
2410	97.6	-4.89	11.65
2411	97.64	-4.87	11.66
2412	97.68	-4.84	11.65
2413	97.72	-4.81	11.65
2414	97.76	-4.78	11.65
2415	97.8	-4.76	11.65
2416	97.84	-4.74	11.65
2417	97.88	-4.72	11.64
2418	97.92	-4.71	11.63
2419	97.96	-4.7	11.62
2420	98	-4.7	11.62
2421	98.04	-4.7	11.61
2422	98.08	-4.7	11.6
2423	98.12	-4.71	11.59
2424	98.16	-4.71	11.57
2425	98.2	-4.73	11.55
2426	98.24	-4.75	11.54
2427	98.28	-4.77	11.53
2428	98.32	-4.78	11.52
2429	98.36	-4.79	11.53
2430	98.4	-4.79	11.53
2431	98.44	-4.8	11.54
2432	98.48	-4.8	11.56
2433	98.52	-4.81	11.58
2434	98.56	-4.81	11.59
2435	98.6	-4.82	11.62
2436	98.64	-4.81	11.63
2437	98.68	-4.81	11.64
2438	98.72	-4.81	11.63
2439	98.76	-4.81	11.6
2440	98.83	-4.81	11.59
2441	98.88	-4.8	11.57
2442	98.92	-4.78	11.57
2443	98.96	-4.77	11.56
2444	99	-4.76	11.57
2445	99.04	-4.76	11.58
2446	99.08	-4.76	11.59
2447	99.12	-4.75	11.6
2448	99.16	-4.76	11.6
2449	99.2	-4.76	11.59
2450	99.24	-4.76	11.59
2451	99.28	-4.77	11.58
2452	99.32	-4.77	11.59
2453	99.36	-4.78	11.6
2454	99.4	-4.79	11.6
2455	99.44	-4.8	11.61
2456	99.48	-4.79	11.6
2457	99.51	-4.8	11.61
2458	99.55	-4.8	11.62
2459	99.6	-4.81	11.61
2460	99.63	-4.82	11.61
2461	99.67	-4.83	11.59
2462	99.71	-4.84	11.57
2463	99.76	-4.85	11.55
2464	99.8	-4.85	11.53
2465	99.83	-4.86	11.5
2466	99.87	-4.86	11.47
2467	99.91	-4.86	11.44
2468	99.96	-4.86	11.41
2469	99.99	-4.86	11.41
2470	100.03	-4.85	11.4
2471	100.08	-4.85	11.39
2472	100.12	-4.84	11.37
2473	100.16	-4.85	11.33
2474	100.19	-4.87	11.28
2475	100.23	-4.89	11.26
2476	100.27	-4.92	11.23
2477	100.31	-4.93	11.21
2478	100.35	-4.93	11.21
2479	100.39	-4.94	11.2
2480	100.43	-4.95	11.19
2481	100.47	-4.96	11.16
2482	100.51	-4.97	11.14
2483	100.55	-4.98	11.09
2484	100.6	-4.99	11.05
2485	100.63	-5.02	11.03
2486	100.67	-5.05	11.02
2487	100.71	-5.09	11.01
2488	100.75	-5.11	11.01
2489	100.79	-5.1	11
2490	100.83	-5.09	10.98
2491	100.87	-5.06	10.96
2492	100.92	-5.03	10.95
2493	100.95	-5.03	10.94
2494	100.99	-5.05	10.95
2495	101.03	-5.07	10.95
2496	101.07	-5.11	10.95
2497	101.11	-5.15	10.95
2498	101.15	-5.19	10.94
2499	101.19	-5.24	10.94
2500	101.23	-5.25	10.92
2501	101.27	-5.29	10.89
2502	101.31	-5.31	10.87
2503	101.35	-5.33	10.84
2504	101.39	-5.36	10.81
2505	101.43	-5.35	10.8
2506	101.47	-5.36	10.78
2507	101.51	-5.4	10.77
2508	101.55	-5.43	10.77
2509	101.59	-5.48	10.78
2510	101.63	-5.52	10.77
2511	101.67	-5.55	10.78
2512	101.71	-5.6	10.78
2513	101.75	-5.65	10.8
2514	101.79	-5.7	10.82
2515	101.83	-5.75	10.84
2516	101.87	-5.79	10.88
2517	101.91	-5.84	10.91
2518	101.95	-5.88	10.94
2519	101.99	-5.93	10.97
2520	102.03	-5.99	11
2521	102.07	-6.03	11.02
2522	102.11	-6.08	11.04
2523	102.15	-6.11	11.03
2524	102.19	-6.16	11.04
2525	102.23	-6.17	11.04
2526	102.27	-6.17	11.05
2527	102.31	-6.17	11.05
2528	102.35	-6.16	11.06
2529	102.39	-6.18	11.08
2530	102.43	-6.19	11.09
2531	102.47	-6.18	11.1
2532	102.51	-6.17	11.1
2533	102.55	-6.16	11.11
2534	102.59	-6.16	11.11
2535	102.63	-6.16	11.12
2536	102.67	-6.15	11.12
2537	102.71	-6.15	11.1
2538	102.75	-6.13	11.08
2539	102.79	-6.12	11.07
2540	102.83	-6.1	11.05
2541	102.87	-6.08	11.04
2542	102.91	-6.06	11.03
2543	102.95	-6.04	11.03
2544	103	-6.03	11.02
2545	103.12	-6.03	11.04
2546	103.15	-6.01	11.05
2547	103.19	-5.99	11.07
2548	103.23	-5.93	11.08
2549	103.27	-5.88	11.09
2550	103.31	-5.85	11.1
2551	103.35	-5.82	11.11
2552	103.39	-5.81	11.1
2553	103.43	-5.79	11.1
2554	103.47	-5.76	11.08
2555	103.51	-5.71	11.09
2556	103.55	-5.66	11.11
2557	103.59	-5.59	11.12
2558	103.63	-5.53	11.14
2559	103.67	-5.49	11.15
2560	103.71	-5.43	11.15
2561	103.75	-5.39	11.17
2562	103.79	-5.36	11.19
2563	103.83	-5.31	11.21
2564	103.87	-5.27	11.21
2565	103.91	-5.22	11.2
2566	103.95	-5.18	11.16
2567	103.99	-5.13	11.12
2568	104.03	-5.06	11.09
2569	104.07	-4.99	11.09
2570	104.11	-4.92	11.11
2571	104.15	-4.89	11.13
2572	104.19	-4.87	11.16
2573	104.23	-4.88	11.18
2574	104.27	-4.89	11.2
2575	104.31	-4.88	11.21
2576	104.35	-4.89	11.22
2577	104.39	-4.88	11.21
2578	104.43	-4.87	11.2
2579	104.47	-4.87	11.19
2580	104.51	-4.84	11.17
2581	104.55	-4.82	11.16
2582	104.59	-4.8	11.17
2583	104.63	-4.78	11.17
2584	104.67	-4.78	11.16
2585	104.71	-4.79	11.16
2586	104.75	-4.81	11.13
2587	104.79	-4.82	11.11
2588	104.83	-4.83	11.1
2589	104.87	-4.83	11.11
2590	104.91	-4.83	11.12
2591	104.95	-4.82	11.13
2592	104.99	-4.82	11.14
2593	105.03	-4.81	11.15
2594	105.07	-4.8	11.17
2595	105.11	-4.79	11.18
2596	105.15	-4.79	11.19
2597	105.19	-4.78	11.19
2598	105.23	-4.77	11.19
2599	105.27	-4.77	11.21
2600	105.31	-4.77	11.22
2601	105.35	-4.77	11.24
2602	105.39	-4.77	11.25
2603	105.43	-4.77	11.25
2604	105.47	-4.77	11.25
2605	105.51	-4.77	11.25
2606	105.55	-4.77	11.25
2607	105.59	-4.77	11.25
2608	105.63	-4.77	11.25
2609	105.67	-4.78	11.24
2610	105.71	-4.79	11.22
2611	105.75	-4.8	11.2
2612	105.79	-4.81	11.19
2613	105.83	-4.81	11.18
2614	105.87	-4.81	11.19
2615	105.91	-4.82	11.19
2616	105.95	-4.83	11.19
2617	105.99	-4.85	11.17
2618	106.03	-4.85	11.15
2619	106.07	-4.87	11.14
2620	106.11	-4.87	11.12
2621	106.15	-4.88	11.12
2622	106.19	-4.89	11.09
2623	106.23	-4.89	11.06
2624	106.27	-4.9	11.03
2625	106.31	-4.92	10.99
2626	106.35	-4.94	10.95
2627	106.39	-4.96	10.89
2628	106.43	-4.98	10.83
2629	106.47	-4.97	10.78
2630	106.51	-4.97	10.74
2631	106.55	-4.97	10.72
2632	106.59	-4.98	10.68
2633	106.63	-5	10.64
2634	106.67	-5.03	10.58
2635	106.71	-5.04	10.52
2636	106.75	-5.03	10.47
2637	106.79	-5.05	10.44
2638	106.83	-5.06	10.4
2639	106.87	-5.06	10.37
2640	106.91	-5.06	10.33
2641	106.95	-5.05	10.29
2642	106.99	-5.05	10.27
2643	107.03	-5.05	10.25
2644	107.07	-5.05	10.24
2645	107.11	-5.05	10.22
2646	107.15	-5.05	10.19
2647	107.19	-5.05	10.18
2648	107.23	-5.06	10.19
2649	107.27	-5.07	10.16
2650	107.31	-5.06	10.16
2651	107.35	-5.07	10.14
2652	107.39	-5.05	10.12
2653	107.43	-5.04	10.13
2654	107.47	-5.04	10.13
2655	107.51	-5.05	10.14
2656	107.55	-5.06	10.17
2657	107.59	-5.06	10.19
2658	107.63	-5.08	10.21
2659	107.67	-5.09	10.24
2660	107.71	-5.11	10.26
2661	107.75	-5.15	10.31
2662	107.79	-5.17	10.37
2663	107.83	-5.2	10.45
2664	107.87	-5.21	10.54
2665	107.91	-5.25	10.64
2666	107.95	-5.3	10.75
2667	107.99	-5.34	10.86
2668	108.03	-5.4	10.96
2669	108.07	-5.43	11.07
2670	108.12	-5.46	11.19
2671	108.15	-5.5	11.29
2672	108.19	-5.54	11.39
2673	108.23	-5.59	11.47
2674	108.27	-5.63	11.54
2675	108.31	-5.66	11.6
2676	108.35	-5.69	11.65
2677	108.39	-5.71	11.67
2678	108.43	-5.71	11.68
2679	108.47	-5.72	11.68
2680	108.51	-5.73	11.66
2681	108.55	-5.73	11.65
2682	108.59	-5.77	11.64
2683	108.63	-5.79	11.62
2684	108.67	-5.82	11.6
2685	108.71	-5.85	11.59
2686	108.75	-5.89	11.56
2687	108.79	-5.92	11.53
2688	108.83	-5.94	11.5
2689	108.87	-5.96	11.48
2690	108.91	-5.98	11.47
2691	108.95	-5.99	11.46
2692	109.03	-6.03	11.43
2693	109.07	-6.08	11.42
2694	109.11	-6.15	11.39
2695	109.15	-6.23	11.38
2696	109.19	-6.28	11.38
2697	109.23	-6.32	11.37
2698	109.27	-6.35	11.35
2699	109.31	-6.37	11.34
2700	109.35	-6.39	11.33
2701	109.39	-6.41	11.33
2702	109.43	-6.41	11.34
2703	109.47	-6.43	11.35
2704	109.51	-6.45	11.37
2705	109.55	-6.45	11.37
2706	109.59	-6.47	11.38
2707	109.63	-6.48	11.39
2708	109.67	-6.49	11.4
2709	109.71	-6.49	11.42
2710	109.75	-6.49	11.43
2711	109.79	-6.49	11.45
2712	109.83	-6.48	11.45
2713	109.87	-6.45	11.45
2714	109.91	-6.42	11.44
2715	109.95	-6.41	11.44
2716	109.99	-6.38	11.44
2717	110.03	-6.39	11.46
2718	110.07	-6.39	11.48
2719	110.11	-6.39	11.49
2720	110.15	-6.4	11.51
2721	110.19	-6.4	11.52
2722	110.23	-6.39	11.52
2723	110.27	-6.37	11.53
2724	110.31	-6.34	11.53
2725	110.35	-6.3	11.53
2726	110.39	-6.28	11.55
2727	110.43	-6.26	11.57
2728	110.47	-6.24	11.6
2729	110.51	-6.22	11.64
2730	110.55	-6.2	11.66
2731	110.59	-6.19	11.7
2732	110.63	-6.18	11.73
2733	110.67	-6.19	11.76
2734	110.71	-6.21	11.81
2735	110.75	-6.22	11.85
2736	110.79	-6.24	11.9
2737	110.83	-6.23	11.93
2738	110.87	-6.21	11.95
2739	110.91	-6.19	11.95
2740	110.95	-6.16	11.96
2741	110.99	-6.15	11.99
2742	111.03	-6.12	12
2743	111.07	-6.1	11.98
2744	111.11	-6.1	11.98
2745	111.15	-6.08	11.97
2746	111.19	-6.08	11.97
2747	111.23	-6.08	11.97
2748	111.27	-6.06	11.94
2749	111.31	-6.05	11.93
2750	111.35	-6.02	11.9
2751	111.39	-5.98	11.87
2752	111.43	-5.94	11.84
2753	111.47	-5.89	11.8
2754	111.51	-5.82	11.75
2755	111.55	-5.77	11.72
2756	111.59	-5.71	11.68
2757	111.63	-5.66	11.64
2758	111.67	-5.62	11.61
2759	111.71	-5.58	11.57
2760	111.75	-5.55	11.56
2761	111.79	-5.52	11.54
2762	111.83	-5.51	11.55
2763	111.87	-5.49	11.56
2764	111.91	-5.47	11.58
2765	111.95	-5.45	11.59
2766	111.99	-5.42	11.6
2767	112.03	-5.37	11.58
2768	112.07	-5.33	11.56
2769	112.11	-5.3	11.55
2770	112.15	-5.28	11.55
2771	112.19	-5.28	11.59
2772	112.23	-5.29	11.64
2773	112.27	-5.3	11.68
2774	112.31	-5.32	11.73
2775	112.35	-5.33	11.76
2776	112.39	-5.34	11.77
2777	112.43	-5.36	11.81
2778	112.47	-5.36	11.85
2779	112.51	-5.37	11.89
2780	112.55	-5.38	11.94
2781	112.59	-5.41	11.98
2782	112.63	-5.44	12.03
2783	112.67	-5.46	12.1
2784	112.71	-5.49	12.16
2785	112.75	-5.5	12.19
2786	112.79	-5.51	12.24
2787	112.83	-5.53	12.26
2788	112.87	-5.53	12.29
2789	112.91	-5.54	12.32
2790	112.95	-5.52	12.32
2791	112.99	-5.5	12.29
2792	113.03	-5.46	12.24
2793	113.07	-5.43	12.16
2794	113.18	-5.4	12.07
2795	113.2	-5.37	11.96
2796	113.23	-5.35	11.86
2797	113.27	-5.3	11.76
2798	113.31	-5.26	11.67
2799	113.35	-5.2	11.59
2800	113.39	-5.14	11.52
2801	113.43	-5.09	11.45
2802	113.47	-5.02	11.42
2803	113.51	-4.98	11.4
2804	113.55	-4.93	11.44
2805	113.59	-4.88	11.47
2806	113.63	-4.84	11.49
2807	113.67	-4.79	11.5
2808	113.71	-4.75	11.49
2809	113.75	-4.7	11.49
2810	113.79	-4.64	11.52
2811	113.83	-4.58	11.54
2812	113.87	-4.52	11.56
2813	113.91	-4.48	11.57
2814	113.95	-4.45	11.57
2815	113.99	-4.44	11.55
2816	114.03	-4.42	11.53
2817	114.07	-4.41	11.5
2818	114.11	-4.38	11.48
2819	114.15	-4.34	11.47
2820	114.19	-4.31	11.46
2821	114.23	-4.3	11.45
2822	114.27	-4.29	11.44
2823	114.31	-4.28	11.41
2824	114.35	-4.26	11.41
2825	114.39	-4.24	11.41
2826	114.43	-4.21	11.45
2827	114.47	-4.19	11.48
2828	114.51	-4.17	11.51
2829	114.55	-4.14	11.53
2830	114.59	-4.13	11.53
2831	114.63	-4.11	11.54
2832	114.67	-4.11	11.52
2833	114.71	-4.13	11.5
2834	114.75	-4.13	11.49
2835	114.79	-4.14	11.47
2836	114.83	-4.15	11.45
2837	114.87	-4.16	11.44
2838	114.91	-4.16	11.42
2839	114.95	-4.16	11.41
2840	114.99	-4.15	11.39
2841	115.03	-4.15	11.38
2842	115.07	-4.16	11.37
2843	115.11	-4.2	11.33
2844	115.15	-4.24	11.29
2845	115.19	-4.27	11.24
2846	115.23	-4.31	11.18
2847	115.27	-4.32	11.15
2848	115.31	-4.33	11.11
2849	115.35	-4.35	11.07
2850	115.39	-4.35	11.02
2851	115.43	-4.36	10.97
2852	115.47	-4.37	10.91
2853	115.51	-4.36	10.89
2854	115.55	-4.36	10.87
2855	115.59	-4.36	10.86
2856	115.63	-4.35	10.87
2857	115.67	-4.35	10.86
2858	115.71	-4.34	10.86
2859	115.75	-4.32	10.87
2860	115.79	-4.3	10.89
2861	115.83	-4.3	10.9
2862	115.87	-4.31	10.9
2863	115.91	-4.34	10.9
2864	115.95	-4.37	10.9
2865	115.99	-4.4	10.91
2866	116.03	-4.43	10.92
2867	116.07	-4.46	10.92
2868	116.11	-4.47	10.94
2869	116.15	-4.47	10.94
2870	116.19	-4.49	10.91
2871	116.23	-4.5	10.89
2872	116.27	-4.53	10.86
2873	116.31	-4.56	10.81
2874	116.35	-4.6	10.77
2875	116.39	-4.66	10.71
2876	116.43	-4.68	10.63
2877	116.47	-4.7	10.56
2878	116.51	-4.7	10.48
2879	116.55	-4.69	10.42
2880	116.59	-4.7	10.38
2881	116.63	-4.7	10.35
2882	116.67	-4.71	10.32
2883	116.71	-4.7	10.3
2884	116.75	-4.71	10.27
2885	116.79	-4.72	10.25
2886	116.83	-4.71	10.22
2887	116.87	-4.72	10.19
2888	116.91	-4.73	10.15
2889	116.95	-4.71	10.12
2890	116.99	-4.74	10.09
2891	117.03	-4.74	10.06
2892	117.07	-4.75	10.04
2893	117.11	-4.78	10.03
2894	117.15	-4.79	10.01
2895	117.19	-4.79	9.99
2896	117.23	-4.78	9.97
2897	117.27	-4.77	9.94
2898	117.31	-4.75	9.92
2899	117.35	-4.74	9.91
2900	117.39	-4.73	9.9
2901	117.43	-4.72	9.89
2902	117.47	-4.71	9.88
2903	117.51	-4.71	9.88
2904	117.55	-4.72	9.87
2905	117.59	-4.75	9.86
2906	117.63	-4.79	9.86
2907	117.67	-4.82	9.85
2908	117.71	-4.86	9.84
2909	117.75	-4.87	9.83
2910	117.79	-4.89	9.81
2911	117.83	-4.87	9.77
2912	117.87	-4.86	9.74
2913	117.91	-4.86	9.71
2914	117.95	-4.84	9.71
2915	117.99	-4.83	9.72
2916	118.03	-4.81	9.74
2917	118.07	-4.8	9.76
2918	118.11	-4.8	9.78
2919	118.15	-4.83	9.79
2920	118.19	-4.88	9.8
2921	118.23	-4.91	9.81
2922	118.27	-4.92	9.82
2923	118.31	-4.94	9.85
2924	118.35	-4.95	9.87
2925	118.39	-4.96	9.89
2926	118.43	-4.97	9.9
2927	118.47	-5.01	9.89
2928	118.51	-5.04	9.88
2929	118.55	-5.09	9.86
2930	118.59	-5.13	9.86
2931	118.63	-5.15	9.87
2932	118.67	-5.19	9.91
2933	118.71	-5.21	9.95
2934	118.75	-5.23	9.98
2935	118.79	-5.24	9.99
2936	118.83	-5.25	10
2937	118.87	-5.27	10.02
2938	118.91	-5.31	10.04
2939	118.95	-5.36	10.04
2940	118.99	-5.39	10.06
2941	119.03	-5.41	10.06
2942	119.07	-5.41	10.07
2943	119.11	-5.41	10.09
2944	119.15	-5.42	10.12
2945	119.19	-5.43	10.16
2946	119.23	-5.45	10.22
2947	119.27	-5.49	10.28
2948	119.31	-5.51	10.32
2949	119.35	-5.56	10.34
2950	119.39	-5.59	10.34
2951	119.43	-5.62	10.36
2952	119.47	-5.65	10.39
2953	119.51	-5.67	10.43
2954	119.55	-5.7	10.48
2955	119.59	-5.74	10.52
2956	119.63	-5.78	10.57
2957	119.67	-5.83	10.59
2958	119.71	-5.87	10.64
2959	119.75	-5.91	10.68
2960	119.79	-5.93	10.71
2961	119.83	-5.95	10.74
2962	119.87	-5.96	10.75
