1	0.06	-2.58	2.16
2	0.1	-2.65	2.15
3	0.14	-2.77	2.17
4	0.18	-2.87	2.2
5	0.22	-2.96	2.26
6	0.26	-3.03	2.31
7	0.3	-3.09	2.36
8	0.34	-3.16	2.41
9	0.38	-3.24	2.41
10	0.42	-3.29	2.4
11	0.51	-3.35	2.38
12	0.54	-3.4	2.34
13	0.58	-3.47	2.35
14	0.62	-3.56	2.35
15	0.66	-3.65	2.38
16	0.7	-3.73	2.4
17	0.74	-3.81	2.42
18	0.78	-3.89	2.45
19	0.82	-3.97	2.48
20	0.86	-4.07	2.52
21	0.9	-4.16	2.54
22	0.94	-4.26	2.55
23	0.98	-4.35	2.56
24	1.02	-4.44	2.54
25	1.06	-4.53	2.53
26	1.1	-4.61	2.53
27	1.14	-4.7	2.55
28	1.18	-4.81	2.57
29	1.22	-4.94	2.61
30	1.26	-5.11	2.64
31	1.3	-5.31	2.7
32	1.34	-5.48	2.81
33	1.38	-5.63	2.92
34	1.42	-5.73	3.08
35	1.46	-5.85	3.21
36	1.5	-5.98	3.3
37	1.54	-6.13	3.32
38	1.58	-6.3	3.3
39	1.62	-6.42	3.25
40	1.66	-6.54	3.19
41	1.7	-6.67	3.16
42	1.74	-6.81	3.14
43	1.78	-6.97	3.12
44	1.82	-7.14	3.09
45	1.86	-7.29	3.07
46	1.9	-7.43	3.05
47	1.94	-7.58	3.03
48	1.98	-7.78	3.05
49	2.02	-8.01	3.06
50	2.06	-8.22	3.08
51	2.1	-8.38	3.11
52	2.14	-8.48	3.15
53	2.18	-8.54	3.16
54	2.22	-8.61	3.13
55	2.26	-8.71	3.05
56	2.3	-8.8	2.91
57	2.34	-8.92	2.76
58	2.38	-9.03	2.58
59	2.42	-9.12	2.4
60	2.46	-9.2	2.23
61	2.5	-9.28	2.1
62	2.54	-9.39	2.06
63	2.58	-9.52	2.04
64	2.62	-9.64	2.05
65	2.66	-9.72	2.04
66	2.7	-9.74	1.98
67	2.74	-9.76	1.92
68	2.78	-9.77	1.85
69	2.82	-9.79	1.81
70	2.86	-9.81	1.79
71	2.9	-9.83	1.78
72	2.94	-9.84	1.77
73	2.98	-9.83	1.78
74	3.02	-9.82	1.79
75	3.06	-9.81	1.81
76	3.1	-9.78	1.83
77	3.14	-9.79	1.84
78	3.18	-9.79	1.85
79	3.22	-9.79	1.86
80	3.26	-9.82	1.85
81	3.3	-9.83	1.83
82	3.34	-9.87	1.82
83	3.38	-9.9	1.8
84	3.42	-9.9	1.79
85	3.46	-9.91	1.78
86	3.5	-9.91	1.77
87	3.54	-9.92	1.77
88	3.58	-9.94	1.76
89	3.62	-9.95	1.76
90	3.66	-9.96	1.76
91	3.7	-9.98	1.75
92	3.74	-10.01	1.73
93	3.78	-10.03	1.7
94	3.82	-10.06	1.68
95	3.86	-10.08	1.67
96	3.9	-10.09	1.66
97	3.94	-10.11	1.66
98	3.98	-10.12	1.67
99	4.02	-10.11	1.68
100	4.06	-10.11	1.69
101	4.1	-10.1	1.7
102	4.14	-10.09	1.7
103	4.18	-10.11	1.71
104	4.22	-10.1	1.71
105	4.26	-10.11	1.71
106	4.3	-10.11	1.71
107	4.34	-10.11	1.71
108	4.38	-10.1	1.71
109	4.42	-10.1	1.71
110	4.46	-10.1	1.71
111	4.5	-10.09	1.71
112	4.54	-10.1	1.71
113	4.58	-10.1	1.71
114	4.62	-10.11	1.7
115	4.66	-10.11	1.69
116	4.7	-10.11	1.68
117	4.74	-10.11	1.68
118	4.78	-10.11	1.68
119	4.82	-10.12	1.68
120	4.86	-10.12	1.67
121	4.9	-10.12	1.67
122	4.94	-10.12	1.66
123	4.98	-10.11	1.67
124	5.02	-10.1	1.67
125	5.06	-10.09	1.67
126	5.1	-10.09	1.67
127	5.14	-10.09	1.67
128	5.18	-10.09	1.66
129	5.22	-10.08	1.66
130	5.26	-10.07	1.65
131	5.3	-10.06	1.66
132	5.34	-10.05	1.66
133	5.38	-10.05	1.66
134	5.42	-10.06	1.66
135	5.46	-10.07	1.65
136	5.5	-10.07	1.65
137	5.54	-10.08	1.64
138	5.58	-10.08	1.64
139	5.62	-10.08	1.64
140	5.66	-10.09	1.64
141	5.7	-10.09	1.64
142	5.74	-10.08	1.64
143	5.78	-10.08	1.64
144	5.82	-10.07	1.64
145	5.86	-10.08	1.64
146	5.9	-10.08	1.63
147	5.94	-10.07	1.63
148	5.98	-10.07	1.62
149	6.02	-10.06	1.61
150	6.06	-10.04	1.6
151	6.1	-10.02	1.57
152	6.14	-10.01	1.55
153	6.18	-9.99	1.52
154	6.22	-9.97	1.48
155	6.26	-9.96	1.45
156	6.3	-9.93	1.42
157	6.34	-9.92	1.39
158	6.38	-9.91	1.37
159	6.42	-9.89	1.37
160	6.46	-9.88	1.37
161	6.5	-9.87	1.37
162	6.54	-9.86	1.37
163	6.58	-9.88	1.36
164	6.62	-9.88	1.37
165	6.66	-9.89	1.36
166	6.7	-9.89	1.36
167	6.74	-9.88	1.36
168	6.78	-9.88	1.37
169	6.82	-9.87	1.37
170	6.86	-9.86	1.37
171	6.9	-9.85	1.38
172	6.94	-9.84	1.37
173	6.98	-9.84	1.38
174	7.02	-9.84	1.37
175	7.06	-9.86	1.37
176	7.1	-9.85	1.36
177	7.14	-9.85	1.36
178	7.18	-9.85	1.35
179	7.22	-9.85	1.35
180	7.26	-9.85	1.35
181	7.3	-9.85	1.35
182	7.34	-9.86	1.34
183	7.38	-9.86	1.34
184	7.42	-9.86	1.34
185	7.46	-9.87	1.33
186	7.5	-9.87	1.34
187	7.54	-9.87	1.35
188	7.58	-9.88	1.35
189	7.62	-9.88	1.36
190	7.66	-9.87	1.37
191	7.7	-9.86	1.4
192	7.74	-9.85	1.43
193	7.78	-9.85	1.47
194	7.82	-9.85	1.51
195	7.86	-9.84	1.56
196	7.9	-9.83	1.6
197	7.94	-9.83	1.65
198	7.98	-9.84	1.68
199	8.02	-9.88	1.71
200	8.06	-9.91	1.74
201	8.1	-9.93	1.75
202	8.14	-9.94	1.77
203	8.18	-9.95	1.8
204	8.22	-9.96	1.82
205	8.26	-9.97	1.85
206	8.3	-9.99	1.89
207	8.34	-10.01	1.92
208	8.38	-10.02	1.96
209	8.42	-10.04	1.99
210	8.46	-10.05	2.02
211	8.5	-10.05	2.05
212	8.54	-10.06	2.08
213	8.58	-10.08	2.1
214	8.62	-10.09	2.13
215	8.66	-10.12	2.16
216	8.7	-10.13	2.19
217	8.74	-10.14	2.22
218	8.78	-10.14	2.26
219	8.82	-10.15	2.29
220	8.86	-10.17	2.32
221	8.9	-10.22	2.37
222	8.94	-10.24	2.42
223	8.98	-10.24	2.47
224	9.02	-10.27	2.52
225	9.06	-10.37	2.55
226	9.1	-10.54	2.59
227	9.14	-10.72	2.62
228	9.18	-10.89	2.67
229	9.22	-10.98	2.72
230	9.26	-11.06	2.75
231	9.3	-11.13	2.78
232	9.34	-11.2	2.81
233	9.38	-11.32	2.86
234	9.42	-11.45	2.92
235	9.46	-11.6	2.99
236	9.5	-11.74	3.04
237	9.54	-11.84	3.07
238	9.58	-11.92	3.08
239	9.62	-11.98	3.1
240	9.66	-12.06	3.13
241	9.7	-12.13	3.16
242	9.74	-12.21	3.21
243	9.78	-12.3	3.25
244	9.82	-12.36	3.29
245	9.86	-12.43	3.32
246	9.9	-12.47	3.35
247	9.94	-12.5	3.37
248	9.98	-12.5	3.39
249	10.02	-12.53	3.43
250	10.06	-12.59	3.46
251	10.1	-12.68	3.5
252	10.14	-12.8	3.54
253	10.18	-12.9	3.58
254	10.22	-12.97	3.62
255	10.26	-13.01	3.66
256	10.3	-13.03	3.69
257	10.34	-13.03	3.72
258	10.38	-13.02	3.75
259	10.42	-13.03	3.79
260	10.46	-13.02	3.82
261	10.5	-13.06	3.87
262	10.54	-13.09	3.91
263	10.58	-13.14	3.96
264	10.62	-13.2	4.02
265	10.66	-13.23	4.07
266	10.7	-13.24	4.12
267	10.74	-13.26	4.17
268	10.78	-13.29	4.26
269	10.82	-13.32	4.37
270	10.86	-13.36	4.49
271	10.9	-13.39	4.61
272	10.94	-13.39	4.69
273	10.98	-13.4	4.75
274	11.02	-13.39	4.81
275	11.06	-13.39	4.88
276	11.1	-13.39	4.95
277	11.14	-13.41	5.02
278	11.18	-13.41	5.08
279	11.22	-13.42	5.13
280	11.26	-13.43	5.17
281	11.3	-13.45	5.21
282	11.34	-13.48	5.26
283	11.38	-13.49	5.3
284	11.42	-13.51	5.35
285	11.46	-13.51	5.4
286	11.5	-13.5	5.44
287	11.54	-13.49	5.5
288	11.58	-13.48	5.55
289	11.62	-13.46	5.59
290	11.66	-13.43	5.64
291	11.7	-13.41	5.68
292	11.74	-13.38	5.71
293	11.78	-13.36	5.76
294	11.82	-13.33	5.81
295	11.86	-13.3	5.85
296	11.9	-13.27	5.9
297	11.94	-13.13	5.91
298	11.98	-13	5.93
299	12.02	-12.88	5.96
300	12.06	-12.77	5.97
301	12.1	-12.77	5.99
302	12.14	-12.8	6.01
303	12.18	-12.82	6
304	12.22	-12.86	6
305	12.26	-12.89	5.98
306	12.3	-12.91	5.95
307	12.34	-12.91	5.92
308	12.38	-12.97	5.91
309	12.42	-13.04	5.92
310	12.46	-13.1	5.9
311	12.5	-13.09	5.86
312	12.54	-13.13	5.82
313	12.58	-13.05	5.73
314	12.62	-13.1	5.71
315	12.66	-13.23	5.71
316	12.7	-13.23	5.68
317	12.74	-13.32	5.67
318	12.78	-13.3	5.62
319	12.82	-13.26	5.57
320	12.86	-13.22	5.51
321	12.9	-13.09	5.45
322	12.94	-13.1	5.42
323	12.98	-13.17	5.39
324	13.02	-13.26	5.36
325	13.06	-13.46	5.33
326	13.1	-13.54	5.27
327	13.14	-13.55	5.22
328	13.18	-13.54	5.18
329	13.22	-13.54	5.15
330	13.26	-13.53	5.1
331	13.3	-13.54	5.06
332	13.34	-13.54	5.01
333	13.38	-13.53	4.97
334	13.42	-13.56	4.94
335	13.46	-13.57	4.92
336	13.5	-13.56	4.9
337	13.54	-13.57	4.89
338	13.58	-13.57	4.89
339	13.62	-13.59	4.89
340	13.66	-13.62	4.89
341	13.7	-13.66	4.88
342	13.74	-13.69	4.88
343	13.78	-13.72	4.88
344	13.82	-13.75	4.89
345	13.86	-13.76	4.89
346	13.9	-13.79	4.9
347	13.94	-13.8	4.9
348	13.98	-13.82	4.91
349	14.02	-13.84	4.92
350	14.06	-13.85	4.93
351	14.1	-13.87	4.95
352	14.14	-13.88	4.97
353	14.18	-13.88	4.99
354	14.22	-13.9	5.01
355	14.26	-13.91	5.02
356	14.3	-13.91	5.02
357	14.34	-13.92	5.02
358	14.38	-13.91	5.02
359	14.42	-13.92	5.02
360	14.46	-13.93	5.02
361	14.5	-13.94	5.04
362	14.54	-13.94	5.05
363	14.58	-13.94	5.07
364	14.62	-13.92	5.09
365	14.66	-13.91	5.1
366	14.7	-13.9	5.12
367	14.74	-13.9	5.14
368	14.78	-13.91	5.16
369	14.82	-13.9	5.18
370	14.86	-13.91	5.19
371	14.9	-13.91	5.2
372	14.94	-13.91	5.19
373	14.98	-13.91	5.19
374	15.02	-13.92	5.2
375	15.06	-13.92	5.2
376	15.1	-13.93	5.21
377	15.14	-13.93	5.21
378	15.18	-13.91	5.22
379	15.22	-13.91	5.23
380	15.26	-13.79	5.23
381	15.3	-13.79	5.24
382	15.34	-13.78	5.25
383	15.38	-13.77	5.24
384	15.42	-13.86	5.25
385	15.46	-13.86	5.26
386	15.5	-13.87	5.26
387	15.54	-13.89	5.28
388	15.58	-13.9	5.29
389	15.62	-13.9	5.31
390	15.66	-13.91	5.35
391	15.7	-13.91	5.37
392	15.74	-13.89	5.4
393	15.78	-13.86	5.43
394	15.82	-13.83	5.45
395	15.86	-13.79	5.48
396	15.9	-13.75	5.51
397	15.94	-13.72	5.55
398	15.98	-13.68	5.58
399	16.02	-13.63	5.61
400	16.06	-13.58	5.65
401	16.1	-13.52	5.68
402	16.14	-13.46	5.71
403	16.18	-13.32	5.72
404	16.22	-13.29	5.76
405	16.26	-13.16	5.77
406	16.3	-13.11	5.82
407	16.34	-13.16	5.89
408	16.38	-13.12	5.93
409	16.42	-13.19	6
410	16.46	-13.09	6.01
411	16.5	-13.07	6.06
412	16.54	-12.98	6.1
413	16.58	-12.99	6.22
414	16.62	-13.07	6.39
415	16.66	-13.06	6.53
416	16.7	-13.07	6.65
417	16.74	-13.06	6.76
418	16.78	-13.04	6.85
419	16.82	-13.04	6.95
420	16.86	-13.07	7.07
421	16.9	-12.94	7.1
422	16.94	-12.83	7.14
423	16.98	-12.68	7.15
424	17.02	-12.58	7.17
425	17.06	-12.55	7.23
426	17.1	-12.52	7.28
427	17.14	-12.5	7.34
428	17.18	-12.47	7.39
429	17.22	-12.45	7.44
430	17.26	-12.43	7.51
431	17.3	-12.45	7.59
432	17.34	-12.42	7.65
433	17.38	-12.38	7.74
434	17.42	-12.33	7.81
435	17.46	-12.23	7.87
436	17.5	-12.15	7.97
437	17.54	-12.13	8.11
438	17.58	-12.08	8.2
439	17.62	-12.06	8.26
440	17.66	-12.06	8.33
441	17.7	-12	8.37
442	17.74	-11.95	8.52
443	17.78	-11.84	8.68
444	17.82	-11.71	8.82
445	17.86	-11.55	8.94
446	17.9	-11.39	9
447	17.94	-11.22	9.05
448	17.98	-11.07	9.1
449	18.02	-10.93	9.15
450	18.06	-10.81	9.22
451	18.1	-10.72	9.3
452	18.14	-10.64	9.41
453	18.18	-10.56	9.52
454	18.22	-10.49	9.64
455	18.26	-10.4	9.74
456	18.3	-10.32	9.83
457	18.34	-10.24	9.87
458	18.38	-10.14	9.9
459	18.42	-10.03	9.94
460	18.46	-9.93	9.94
461	18.5	-9.85	9.96
462	18.54	-9.79	10
463	18.58	-9.7	10.06
464	18.62	-9.57	10.15
465	18.66	-9.38	10.23
466	18.7	-9.18	10.31
467	18.74	-8.99	10.32
468	18.78	-8.83	10.32
469	18.82	-8.69	10.29
470	18.86	-8.58	10.25
471	18.9	-8.46	10.21
472	18.94	-8.35	10.15
473	18.97	-8.25	10.11
474	19.02	-8.15	10.05
475	19.06	-8.07	9.99
476	19.1	-8.01	9.96
477	19.14	-7.95	9.95
478	19.18	-7.86	9.98
479	19.21	-7.71	10.04
480	19.26	-7.5	10.1
481	19.29	-7.26	10.12
482	19.33	-7.02	10.13
483	19.37	-6.86	10.1
484	19.41	-6.72	10.07
485	19.45	-6.6	10.06
486	19.49	-6.47	10.07
487	19.53	-6.33	10.11
488	19.58	-6.22	10.15
489	19.61	-6.13	10.21
490	19.65	-6.05	10.27
491	19.69	-5.99	10.33
492	19.73	-5.93	10.39
493	19.77	-5.89	10.42
494	19.81	-5.86	10.43
495	19.85	-5.85	10.44
496	19.89	-5.84	10.47
497	19.93	-5.83	10.49
498	19.97	-5.82	10.5
499	20.01	-5.81	10.51
500	20.05	-5.8	10.52
501	20.09	-5.79	10.52
502	20.13	-5.77	10.53
503	20.17	-5.73	10.54
504	20.21	-5.72	10.54
505	20.25	-5.7	10.54
506	20.29	-5.69	10.54
507	20.33	-5.69	10.55
508	20.37	-5.7	10.56
509	20.41	-5.71	10.57
510	20.45	-5.74	10.58
511	20.49	-5.79	10.57
512	20.53	-5.83	10.58
513	20.57	-5.86	10.58
514	20.61	-5.89	10.6
515	20.65	-5.9	10.62
516	20.69	-5.92	10.63
517	20.73	-5.93	10.64
518	20.77	-5.94	10.65
519	20.81	-5.95	10.64
520	20.85	-5.96	10.64
521	20.89	-5.96	10.63
522	20.93	-5.97	10.62
523	20.97	-5.97	10.61
524	21.01	-5.96	10.61
525	21.05	-5.95	10.61
526	21.09	-5.93	10.63
527	21.13	-5.92	10.64
528	21.17	-5.91	10.65
529	21.21	-5.91	10.65
530	21.25	-5.92	10.64
531	21.29	-5.92	10.62
532	21.33	-5.91	10.62
533	21.37	-5.9	10.62
534	21.41	-5.89	10.61
535	21.45	-5.87	10.61
536	21.49	-5.86	10.59
537	21.53	-5.85	10.57
538	21.58	-5.83	10.55
539	21.61	-5.82	10.51
540	21.65	-5.81	10.48
541	21.69	-5.81	10.44
542	21.73	-5.8	10.4
543	21.77	-5.79	10.38
544	21.81	-5.78	10.34
545	21.85	-5.77	10.32
546	21.89	-5.77	10.28
547	21.93	-5.76	10.26
548	21.97	-5.75	10.23
549	22.01	-5.75	10.22
550	22.05	-5.73	10.21
551	22.09	-5.72	10.21
552	22.13	-5.7	10.22
553	22.17	-5.67	10.23
554	22.21	-5.66	10.23
555	22.25	-5.63	10.21
556	22.29	-5.62	10.18
557	22.33	-5.62	10.13
558	22.37	-5.61	10.09
559	22.41	-5.6	10.07
560	22.45	-5.6	10.04
561	22.49	-5.6	10
562	22.53	-5.6	9.98
563	22.57	-5.6	9.94
564	22.61	-5.6	9.91
565	22.65	-5.58	9.89
566	22.69	-5.58	9.86
567	22.73	-5.58	9.84
568	22.77	-5.59	9.81
569	22.81	-5.59	9.78
570	22.85	-5.59	9.76
571	22.89	-5.6	9.73
572	22.93	-5.61	9.7
573	22.97	-5.63	9.68
574	23.01	-5.65	9.66
575	23.05	-5.68	9.65
576	23.09	-5.7	9.65
577	23.13	-5.72	9.66
578	23.17	-5.74	9.67
579	23.21	-5.73	9.69
580	23.25	-5.74	9.71
581	23.29	-5.75	9.72
582	23.33	-5.75	9.72
583	23.37	-5.77	9.72
584	23.41	-5.79	9.72
585	23.45	-5.81	9.74
586	23.49	-5.82	9.76
587	23.53	-5.84	9.78
588	23.57	-5.86	9.8
589	23.61	-5.89	9.83
590	23.65	-5.91	9.86
591	23.69	-5.94	9.89
592	23.73	-5.96	9.92
593	23.77	-5.98	9.94
594	23.81	-6.03	9.95
595	23.85	-6.08	9.97
596	23.89	-6.13	9.98
597	23.93	-6.18	9.99
598	23.97	-6.21	10
599	24.01	-6.24	10.02
600	24.05	-6.26	10.06
601	24.09	-6.27	10.12
602	24.13	-6.28	10.17
603	24.17	-6.3	10.23
604	24.21	-6.31	10.25
605	24.25	-6.36	10.27
606	24.29	-6.41	10.29
607	24.33	-6.46	10.3
608	24.37	-6.52	10.33
609	24.41	-6.57	10.35
610	24.45	-6.62	10.37
611	24.49	-6.66	10.41
612	24.53	-6.68	10.5
613	24.57	-6.68	10.63
614	24.61	-6.66	10.82
615	24.65	-6.63	11.01
616	24.69	-6.61	11.17
617	24.73	-6.6	11.31
618	24.77	-6.63	11.39
619	24.81	-6.67	11.47
620	24.85	-6.73	11.55
621	24.89	-6.79	11.64
622	24.93	-6.86	11.73
623	24.97	-6.9	11.81
624	25.01	-6.93	11.86
625	25.05	-6.95	11.89
626	25.09	-6.97	11.93
627	25.13	-7.01	12.01
628	25.17	-7.06	12.13
629	25.21	-7.13	12.24
630	25.25	-7.21	12.36
631	25.29	-7.28	12.45
632	25.33	-7.37	12.51
633	25.37	-7.46	12.55
634	25.41	-7.54	12.58
635	25.45	-7.6	12.58
636	25.49	-7.65	12.59
637	25.53	-7.69	12.6
638	25.57	-7.73	12.62
639	25.61	-7.77	12.65
640	25.65	-7.81	12.68
641	25.69	-7.84	12.72
642	25.73	-7.88	12.77
643	25.77	-7.91	12.81
644	25.81	-7.94	12.83
645	25.85	-7.96	12.86
646	25.89	-7.98	12.89
647	25.93	-8.02	12.93
648	25.97	-8.04	12.98
649	26.01	-8.07	13.04
650	26.05	-8.1	13.12
651	26.09	-8.11	13.18
652	26.13	-8.13	13.26
653	26.17	-8.14	13.32
654	26.21	-8.15	13.36
655	26.25	-8.17	13.43
656	26.29	-8.17	13.5
657	26.33	-8.19	13.58
658	26.37	-8.23	13.66
659	26.41	-8.27	13.72
660	26.45	-8.3	13.75
661	26.49	-8.34	13.79
662	26.53	-8.38	13.85
663	26.57	-8.45	13.95
664	26.61	-8.59	14.08
665	26.65	-8.73	14.2
666	26.69	-8.88	14.3
667	26.73	-9	14.36
668	26.77	-9.09	14.38
669	26.81	-9.17	14.38
670	26.85	-9.24	14.36
671	26.89	-9.31	14.34
672	26.93	-9.36	14.33
673	26.97	-9.41	14.31
674	27.01	-9.46	14.32
675	27.05	-9.49	14.32
676	27.09	-9.54	14.34
677	27.13	-9.59	14.37
678	27.17	-9.64	14.4
679	27.21	-9.7	14.45
680	27.25	-9.72	14.48
681	27.29	-9.73	14.51
682	27.33	-9.75	14.52
683	27.37	-9.76	14.52
684	27.41	-9.78	14.52
685	27.45	-9.8	14.52
686	27.49	-9.81	14.52
687	27.53	-9.82	14.52
688	27.57	-9.83	14.52
689	27.61	-9.83	14.51
690	27.65	-9.85	14.51
691	27.69	-9.88	14.48
692	27.73	-9.91	14.46
693	27.77	-9.93	14.44
694	27.81	-9.96	14.43
695	27.85	-9.99	14.44
696	27.89	-10	14.43
697	27.93	-10.04	14.43
698	27.97	-10.07	14.43
699	28.01	-10.1	14.43
700	28.05	-10.11	14.43
701	28.09	-10.1	14.43
702	28.13	-10.09	14.42
703	28.17	-10.1	14.42
704	28.21	-10.13	14.44
705	28.25	-10.16	14.45
706	28.29	-10.18	14.45
707	28.33	-10.2	14.45
708	28.37	-10.21	14.44
709	28.41	-10.2	14.41
710	28.45	-10.19	14.38
711	28.49	-10.18	14.36
712	28.53	-10.17	14.34
713	28.57	-10.19	14.35
714	28.61	-10.19	14.37
715	28.65	-10.2	14.38
716	28.69	-10.2	14.38
717	28.73	-10.2	14.4
718	28.77	-10.2	14.42
719	28.81	-10.21	14.46
720	28.85	-10.22	14.5
721	28.89	-10.21	14.53
722	28.93	-10.2	14.55
723	28.97	-10.18	14.57
724	29.01	-10.16	14.59
725	29.05	-10.14	14.61
726	29.09	-10.1	14.63
727	29.13	-10.05	14.65
728	29.17	-10.01	14.68
729	29.21	-9.97	14.7
730	29.25	-9.94	14.74
731	29.29	-9.91	14.77
732	29.33	-9.87	14.8
733	29.37	-9.84	14.82
734	29.41	-9.8	14.85
735	29.45	-9.76	14.89
736	29.49	-9.73	14.91
737	29.53	-9.69	14.93
738	29.57	-9.66	14.96
739	29.61	-9.63	14.98
740	29.65	-9.59	15
741	29.69	-9.56	15.03
742	29.73	-9.48	15.01
743	29.77	-9.44	15
744	29.81	-9.37	14.97
745	29.85	-9.33	14.98
746	29.89	-9.27	14.99
747	29.93	-9.19	14.97
748	29.97	-9.1	14.97
749	30.01	-9.02	14.94
750	30.05	-9	14.99
751	30.09	-9.01	15.05
752	30.13	-9.05	15.15
753	30.17	-9.05	15.24
754	30.21	-9.03	15.31
755	30.25	-8.97	15.35
756	30.29	-8.93	15.38
757	30.33	-8.87	15.38
758	30.37	-8.81	15.39
759	30.41	-8.78	15.42
760	30.45	-8.73	15.47
761	30.49	-8.69	15.54
762	30.53	-8.63	15.63
763	30.57	-8.58	15.72
764	30.61	-8.53	15.79
765	30.65	-8.47	15.86
766	30.69	-8.43	15.93
767	30.73	-8.37	15.99
768	30.77	-8.33	16.03
769	30.81	-8.29	16.07
770	30.85	-8.24	16.06
771	30.89	-8.22	16.1
772	30.93	-8.19	16.11
773	30.97	-8.19	16.15
774	31.01	-8.18	16.18
775	31.05	-8.18	16.18
776	31.09	-8.2	16.23
777	31.13	-8.2	16.25
778	31.17	-8.22	16.28
779	31.21	-8.25	16.33
780	31.25	-8.27	16.34
781	31.29	-8.3	16.36
782	31.33	-8.32	16.38
783	31.37	-8.32	16.35
784	31.41	-8.34	16.35
785	31.45	-8.34	16.31
786	31.49	-8.37	16.29
787	31.53	-8.39	16.3
788	31.57	-8.43	16.3
789	31.61	-8.45	16.33
790	31.65	-8.47	16.34
791	31.69	-8.48	16.33
792	31.73	-8.48	16.33
793	31.77	-8.5	16.35
794	31.81	-8.51	16.37
795	31.85	-8.53	16.38
796	31.89	-8.56	16.4
797	31.93	-8.61	16.41
798	31.97	-8.66	16.43
799	32.01	-8.73	16.47
800	32.05	-8.8	16.49
801	32.09	-8.85	16.51
802	32.13	-8.9	16.51
803	32.17	-8.93	16.49
804	32.21	-8.97	16.49
805	32.25	-9	16.5
806	32.29	-9.03	16.52
807	32.33	-9.05	16.54
808	32.37	-9.07	16.57
809	32.41	-9.09	16.6
810	32.45	-9.11	16.63
811	32.49	-9.13	16.65
812	32.53	-9.15	16.67
813	32.57	-9.18	16.69
814	32.61	-9.2	16.74
815	32.65	-9.23	16.78
816	32.69	-9.26	16.81
817	32.73	-9.28	16.83
818	32.77	-9.31	16.84
819	32.81	-9.32	16.84
820	32.85	-9.33	16.85
821	32.89	-9.35	16.84
822	32.93	-9.36	16.84
823	32.97	-9.37	16.81
824	33.01	-9.38	16.79
825	33.05	-9.4	16.78
826	33.09	-9.41	16.76
827	33.13	-9.42	16.75
828	33.17	-9.43	16.74
829	33.21	-9.44	16.74
830	33.25	-9.45	16.73
831	33.29	-9.46	16.72
832	33.33	-9.47	16.72
833	33.37	-9.47	16.72
834	33.41	-9.47	16.72
835	33.45	-9.48	16.72
836	33.49	-9.48	16.72
837	33.53	-9.47	16.7
838	33.57	-9.47	16.69
839	33.61	-9.47	16.68
840	33.65	-9.47	16.68
841	33.69	-9.46	16.68
842	33.73	-9.46	16.69
843	33.77	-9.45	16.68
844	33.81	-9.43	16.68
845	33.85	-9.39	16.67
846	33.89	-9.33	16.66
847	33.93	-9.29	16.67
848	33.97	-9.24	16.66
849	34.01	-9.21	16.67
850	34.05	-9.17	16.67
851	34.09	-9.13	16.67
852	34.13	-9.09	16.67
853	34.17	-9.05	16.66
854	34.21	-9.01	16.66
855	34.25	-8.96	16.65
856	34.29	-8.9	16.63
857	34.33	-8.84	16.61
858	34.37	-8.77	16.58
859	34.41	-8.72	16.55
860	34.45	-8.67	16.54
861	34.49	-8.62	16.53
862	34.53	-8.59	16.53
863	34.57	-8.55	16.53
864	34.61	-8.47	16.42
865	34.65	-8.39	16.32
866	34.69	-8.32	16.22
867	34.73	-8.24	16.13
868	34.77	-8.21	16.14
869	34.81	-8.18	16.15
870	34.85	-8.14	16.14
871	34.89	-8.11	16.13
872	34.93	-8.08	16.11
873	34.97	-8.05	16.12
874	35.01	-8.05	16.25
875	35.05	-8.05	16.44
876	35.09	-8.05	16.63
877	35.13	-8.04	16.81
878	35.17	-7.98	16.9
879	35.21	-7.89	16.95
880	35.25	-7.78	16.99
881	35.29	-7.67	17.04
882	35.33	-7.56	17.1
883	35.37	-7.44	17.15
884	35.41	-7.31	17.2
885	35.45	-7.17	17.26
886	35.49	-7.01	17.33
887	35.53	-6.86	17.39
888	35.57	-6.71	17.46
889	35.61	-6.57	17.52
890	35.65	-6.43	17.54
891	35.69	-6.33	17.57
892	35.73	-6.26	17.57
893	35.77	-6.2	17.59
894	35.81	-6.17	17.64
895	35.85	-6.14	17.68
896	35.89	-6.11	17.74
897	35.93	-6.09	17.8
898	35.97	-6.09	17.82
899	36.01	-6.09	17.87
900	36.05	-6.08	17.89
901	36.09	-6.05	17.88
902	36.13	-5.99	17.87
903	36.17	-5.94	17.85
904	36.21	-5.89	17.85
905	36.25	-5.87	17.87
906	36.29	-5.86	17.9
907	36.33	-5.86	17.92
908	36.37	-5.87	17.94
909	36.41	-5.89	17.94
910	36.45	-5.92	17.92
911	36.49	-5.96	17.9
912	36.53	-6	17.85
913	36.57	-6.06	17.83
914	36.61	-6.11	17.86
915	36.65	-6.14	17.91
916	36.69	-6.15	17.96
917	36.73	-6.13	18
918	36.77	-6.11	17.98
919	36.81	-6.09	17.97
920	36.85	-6.1	17.96
921	36.89	-6.1	17.95
922	36.93	-6.11	17.94
923	36.97	-6.12	17.88
924	37.01	-6.13	17.79
925	37.05	-6.14	17.69
926	37.09	-6.14	17.59
927	37.13	-6.12	17.54
928	37.17	-6.11	17.51
929	37.21	-6.1	17.5
930	37.25	-6.09	17.49
931	37.29	-6.09	17.47
932	37.33	-6.09	17.45
933	37.37	-6.12	17.41
934	37.41	-6.16	17.4
935	37.45	-6.2	17.38
936	37.49	-6.24	17.39
937	37.53	-6.27	17.45
938	37.57	-6.29	17.49
939	37.61	-6.3	17.53
940	37.65	-6.3	17.55
941	37.69	-6.3	17.56
942	37.73	-6.3	17.58
943	37.77	-6.3	17.61
944	37.81	-6.3	17.61
945	37.85	-6.31	17.63
946	37.89	-6.31	17.63
947	37.93	-6.31	17.64
948	37.97	-6.32	17.67
949	38.01	-6.32	17.67
950	38.05	-6.33	17.69
951	38.09	-6.34	17.71
952	38.13	-6.34	17.72
953	38.17	-6.35	17.75
954	38.21	-6.34	17.75
955	38.25	-6.34	17.73
956	38.29	-6.34	17.73
957	38.33	-6.35	17.72
958	38.37	-6.35	17.71
959	38.41	-6.36	17.72
960	38.45	-6.36	17.72
961	38.49	-6.35	17.72
962	38.53	-6.35	17.72
963	38.57	-6.34	17.7
964	38.61	-6.32	17.7
965	38.65	-6.32	17.7
966	38.69	-6.32	17.72
967	38.73	-6.33	17.72
968	38.77	-6.34	17.72
969	38.81	-6.34	17.72
970	38.85	-6.34	17.72
971	38.89	-6.33	17.71
972	38.93	-6.33	17.72
973	38.97	-6.34	17.73
974	39.01	-6.34	17.73
975	39.05	-6.34	17.75
976	39.09	-6.34	17.77
977	39.13	-6.34	17.78
978	39.17	-6.33	17.78
979	39.21	-6.34	17.77
980	39.25	-6.34	17.76
981	39.29	-6.34	17.77
982	39.33	-6.35	17.79
983	39.37	-6.35	17.8
984	39.41	-6.34	17.82
985	39.45	-6.33	17.81
986	39.49	-6.32	17.83
987	39.53	-6.3	17.83
988	39.57	-6.27	17.83
989	39.61	-6.25	17.83
990	39.65	-6.23	17.83
991	39.69	-6.2	17.83
992	39.73	-6.18	17.84
993	39.77	-6.16	17.83
994	39.81	-6.14	17.83
995	39.85	-6.13	17.84
996	39.89	-6.12	17.83
997	39.93	-6.11	17.84
998	39.97	-6.09	17.86
999	40.01	-6.07	17.87
1000	40.05	-6.04	17.89
1001	40.09	-6.01	17.9
1002	40.13	-5.99	17.91
1003	40.17	-5.96	17.9
1004	40.21	-5.94	17.9
1005	40.25	-5.91	17.92
1006	40.29	-5.89	17.95
1007	40.33	-5.88	17.99
1008	40.37	-5.86	18.02
1009	40.41	-5.85	18.05
1010	40.45	-5.83	18.05
1011	40.49	-5.8	18.07
1012	40.53	-5.77	18.08
1013	40.57	-5.73	18.09
1014	40.61	-5.69	18.1
1015	40.65	-5.65	18.1
1016	40.69	-5.62	18.12
1017	40.73	-5.59	18.13
1018	40.77	-5.58	18.13
1019	40.81	-5.57	18.14
1020	40.85	-5.56	18.13
1021	40.89	-5.56	18.13
1022	40.93	-5.55	18.13
1023	40.97	-5.56	18.14
1024	41.01	-5.58	18.16
1025	41.05	-5.6	18.18
1026	41.09	-5.62	18.2
1027	41.13	-5.66	18.21
1028	41.17	-5.68	18.21
1029	41.21	-5.7	18.2
1030	41.25	-5.73	18.2
1031	41.29	-5.77	18.2
1032	41.33	-5.81	18.2
1033	41.37	-5.86	18.19
1034	41.41	-5.91	18.17
1035	41.45	-5.94	18.12
1036	41.49	-5.97	18.1
1037	41.53	-6	18.06
1038	41.57	-6.02	18.05
1039	41.61	-6.05	18.02
1040	41.65	-6.08	17.98
1041	41.69	-6.1	17.95
1042	41.73	-6.11	17.91
1043	41.77	-6.13	17.89
1044	41.81	-6.14	17.88
1045	41.85	-6.16	17.87
1046	41.89	-6.18	17.87
1047	41.93	-6.19	17.87
1048	41.97	-6.2	17.85
1049	42.01	-6.21	17.84
1050	42.05	-6.21	17.82
1051	42.09	-6.22	17.8
1052	42.13	-6.21	17.77
1053	42.17	-6.21	17.74
1054	42.21	-6.21	17.71
1055	42.25	-6.2	17.66
1056	42.29	-6.2	17.63
1057	42.33	-6.19	17.59
1058	42.37	-6.2	17.59
1059	42.41	-6.21	17.59
1060	42.45	-6.24	17.61
1061	42.49	-6.27	17.64
1062	42.53	-6.29	17.65
1063	42.57	-6.31	17.67
1064	42.61	-6.33	17.68
1065	42.65	-6.35	17.69
1066	42.69	-6.38	17.69
1067	42.73	-6.41	17.71
1068	42.77	-6.44	17.73
1069	42.81	-6.46	17.72
1070	42.85	-6.48	17.72
1071	42.89	-6.5	17.73
1072	42.93	-6.5	17.74
1073	42.97	-6.5	17.75
1074	43.01	-6.49	17.76
1075	43.05	-6.48	17.77
1076	43.09	-6.46	17.75
1077	43.13	-6.45	17.73
1078	43.17	-6.42	17.71
1079	43.21	-6.4	17.71
1080	43.25	-6.39	17.73
1081	43.29	-6.36	17.74
1082	43.33	-6.34	17.77
1083	43.37	-6.3	17.77
1084	43.41	-6.27	17.77
1085	43.45	-6.24	17.77
1086	43.49	-6.22	17.78
1087	43.53	-6.2	17.78
1088	43.57	-6.18	17.79
1089	43.61	-6.16	17.81
1090	43.65	-6.14	17.82
1091	43.69	-6.11	17.83
1092	43.73	-6.08	17.84
1093	43.77	-6.05	17.85
1094	43.81	-6.01	17.84
1095	43.85	-5.98	17.86
1096	43.89	-5.95	17.86
1097	43.93	-5.93	17.88
1098	43.97	-5.91	17.89
1099	44.01	-5.88	17.92
1100	44.05	-5.86	17.93
1101	44.09	-5.83	17.94
1102	44.13	-5.81	17.94
1103	44.17	-5.79	17.96
1104	44.21	-5.77	17.96
1105	44.25	-5.76	17.95
1106	44.29	-5.75	17.94
1107	44.33	-5.73	17.91
1108	44.37	-5.71	17.91
1109	44.41	-5.69	17.89
1110	44.45	-5.66	17.87
1111	44.49	-5.64	17.84
1112	44.53	-5.61	17.8
1113	44.57	-5.58	17.79
1114	44.61	-5.55	17.77
1115	44.65	-5.51	17.74
1116	44.69	-5.46	17.73
1117	44.73	-5.44	17.7
1118	44.77	-5.41	17.68
1119	44.81	-5.38	17.68
1120	44.85	-5.36	17.67
1121	44.89	-5.34	17.68
1122	44.93	-5.31	17.7
1123	44.97	-5.29	17.72
1124	45.01	-5.27	17.74
1125	45.05	-5.24	17.78
1126	45.09	-5.23	17.8
1127	45.13	-5.23	17.85
1128	45.17	-5.23	17.91
1129	45.21	-5.25	17.93
1130	45.25	-5.27	17.98
1131	45.29	-5.3	18.01
1132	45.33	-5.34	18.02
1133	45.37	-5.38	18.04
1134	45.41	-5.43	18.06
1135	45.45	-5.47	18.07
1136	45.49	-5.53	18.07
1137	45.53	-5.6	18.05
1138	45.57	-5.68	18.02
1139	45.61	-5.75	18.01
1140	45.65	-5.81	17.99
1141	45.69	-5.86	17.98
1142	45.73	-5.9	17.97
1143	45.77	-5.94	17.93
1144	45.81	-5.96	17.9
1145	45.85	-6	17.88
1146	45.89	-6.01	17.84
1147	45.93	-6.04	17.83
1148	45.97	-6.06	17.82
1149	46.01	-6.09	17.8
1150	46.05	-6.12	17.79
1151	46.09	-6.14	17.77
1152	46.13	-6.16	17.76
1153	46.17	-6.17	17.74
1154	46.21	-6.18	17.73
1155	46.25	-6.18	17.72
1156	46.29	-6.19	17.7
1157	46.33	-6.21	17.68
1158	46.37	-6.21	17.66
1159	46.41	-6.21	17.63
1160	46.45	-6.21	17.6
1161	46.49	-6.2	17.56
1162	46.53	-6.2	17.53
1163	46.57	-6.2	17.51
1164	46.61	-6.2	17.48
1165	46.65	-6.2	17.46
1166	46.69	-6.19	17.43
1167	46.73	-6.18	17.4
1168	46.77	-6.18	17.37
1169	46.81	-6.18	17.35
1170	46.85	-6.19	17.35
1171	46.89	-6.2	17.35
1172	46.93	-6.21	17.36
1173	46.97	-6.22	17.36
1174	47.01	-6.23	17.36
1175	47.05	-6.26	17.36
1176	47.09	-6.27	17.35
1177	47.13	-6.3	17.35
1178	47.17	-6.32	17.36
1179	47.21	-6.35	17.38
1180	47.25	-6.37	17.4
1181	47.29	-6.4	17.42
1182	47.33	-6.43	17.44
1183	47.37	-6.44	17.44
1184	47.41	-6.46	17.46
1185	47.45	-6.48	17.47
1186	47.49	-6.5	17.49
1187	47.53	-6.53	17.5
1188	47.57	-6.55	17.51
1189	47.61	-6.56	17.52
1190	47.65	-6.57	17.52
1191	47.69	-6.57	17.52
1192	47.73	-6.57	17.52
1193	47.77	-6.57	17.51
1194	47.81	-6.57	17.52
1195	47.85	-6.57	17.52
1196	47.89	-6.57	17.52
1197	47.93	-6.57	17.51
1198	47.97	-6.56	17.49
1199	48.01	-6.56	17.49
1200	48.05	-6.56	17.48
1201	48.09	-6.56	17.5
1202	48.13	-6.55	17.49
1203	48.17	-6.57	17.51
1204	48.21	-6.57	17.51
1205	48.25	-6.57	17.52
1206	48.29	-6.57	17.52
1207	48.33	-6.56	17.51
1208	48.37	-6.56	17.52
1209	48.41	-6.56	17.51
1210	48.45	-6.56	17.52
1211	48.49	-6.56	17.52
1212	48.53	-6.55	17.52
1213	48.57	-6.55	17.51
1214	48.61	-6.54	17.5
1215	48.65	-6.54	17.51
1216	48.69	-6.54	17.51
1217	48.73	-6.54	17.53
1218	48.77	-6.54	17.53
1219	48.81	-6.54	17.54
1220	48.85	-6.55	17.55
1221	48.89	-6.56	17.56
1222	48.93	-6.57	17.58
1223	48.97	-6.57	17.6
1224	49.01	-6.56	17.61
1225	49.05	-6.52	17.62
1226	49.09	-6.44	17.7
1227	49.13	-6.36	17.77
1228	49.17	-6.3	17.87
1229	49.21	-6.26	17.96
1230	49.25	-6.27	17.99
1231	49.29	-6.28	18.03
1232	49.33	-6.27	18.02
1233	49.37	-6.27	18.05
1234	49.41	-6.26	18.08
1235	49.45	-6.24	18.09
1236	49.49	-6.23	18.12
1237	49.53	-6.2	18.15
1238	49.57	-6.18	18.16
1239	49.61	-6.17	18.18
1240	49.65	-6.15	18.18
1241	49.69	-6.13	18.18
1242	49.73	-6.1	18.2
1243	49.77	-6.08	18.23
1244	49.81	-6.06	18.28
1245	49.85	-6.07	18.36
1246	49.89	-6.09	18.42
1247	49.93	-6.12	18.49
1248	49.97	-6.15	18.54
1249	50.01	-6.17	18.58
1250	50.05	-6.2	18.61
1251	50.09	-6.22	18.65
1252	50.13	-6.25	18.69
1253	50.17	-6.27	18.7
1254	50.21	-6.29	18.72
1255	50.25	-6.31	18.72
1256	50.29	-6.33	18.72
1257	50.33	-6.35	18.72
1258	50.37	-6.37	18.73
1259	50.41	-6.38	18.72
1260	50.45	-6.39	18.71
1261	50.49	-6.41	18.7
1262	50.53	-6.41	18.67
1263	50.57	-6.43	18.66
1264	50.61	-6.44	18.65
1265	50.65	-6.45	18.64
1266	50.69	-6.47	18.64
1267	50.73	-6.48	18.64
1268	50.77	-6.49	18.63
1269	50.81	-6.49	18.63
1270	50.85	-6.49	18.62
1271	50.89	-6.5	18.61
1272	50.93	-6.5	18.59
1273	50.97	-6.51	18.57
1274	51.01	-6.51	18.53
1275	51.05	-6.52	18.5
1276	51.09	-6.52	18.46
1277	51.13	-6.53	18.44
1278	51.17	-6.53	18.42
1279	51.21	-6.52	18.39
1280	51.25	-6.54	18.38
1281	51.29	-6.54	18.34
1282	51.33	-6.57	18.3
1283	51.37	-6.59	18.26
1284	51.41	-6.61	18.23
1285	51.45	-6.62	18.21
1286	51.49	-6.63	18.2
1287	51.53	-6.64	18.19
1288	51.57	-6.65	18.19
1289	51.61	-6.66	18.17
1290	51.65	-6.63	18.11
1291	51.69	-6.6	18.06
1292	51.73	-6.62	18.03
1293	51.77	-6.64	18.04
1294	51.81	-6.71	18.09
1295	51.85	-6.76	18.13
1296	51.89	-6.78	18.13
1297	51.93	-6.79	18.13
1298	51.97	-6.8	18.12
1299	52.01	-6.84	18.1
1300	52.05	-6.89	18.09
1301	52.09	-6.94	18.08
1302	52.13	-7	18.07
1303	52.17	-7.04	18.05
1304	52.21	-7.07	18.02
1305	52.25	-7.06	17.97
1306	52.29	-7.07	17.91
1307	52.33	-7.08	17.85
1308	52.37	-7.09	17.77
1309	52.41	-7.14	17.71
1310	52.45	-7.19	17.65
1311	52.49	-7.26	17.62
1312	52.53	-7.34	17.6
1313	52.57	-7.4	17.6
1314	52.61	-7.46	17.58
1315	52.65	-7.48	17.56
1316	52.69	-7.51	17.55
1317	52.73	-7.54	17.54
1318	52.77	-7.55	17.52
1319	52.81	-7.56	17.51
1320	52.85	-7.57	17.5
1321	52.89	-7.57	17.48
1322	52.93	-7.61	17.46
1323	52.97	-7.67	17.44
1324	53.01	-7.76	17.42
1325	53.05	-7.87	17.38
1326	53.09	-7.98	17.34
1327	53.13	-8.06	17.28
1328	53.17	-8.12	17.22
1329	53.21	-8.16	17.14
1330	53.25	-8.18	17.06
1331	53.29	-8.2	16.97
1332	53.33	-8.21	16.88
1333	53.37	-8.24	16.8
1334	53.41	-8.29	16.71
1335	53.45	-8.34	16.6
1336	53.49	-8.42	16.46
1337	53.53	-8.51	16.32
1338	53.57	-8.58	16.21
1339	53.61	-8.66	16.13
1340	53.65	-8.71	16.07
1341	53.69	-8.76	16.04
1342	53.73	-8.79	16
1343	53.77	-8.82	15.98
1344	53.81	-8.86	15.98
1345	53.85	-8.93	15.95
1346	53.89	-9.01	15.9
1347	53.93	-9.13	15.82
1348	53.97	-9.24	15.72
1349	54.01	-9.3	15.64
1350	54.05	-9.34	15.56
1351	54.09	-9.33	15.5
1352	54.13	-9.32	15.44
1353	54.17	-9.32	15.36
1354	54.21	-9.34	15.29
1355	54.25	-9.35	15.22
1356	54.29	-9.38	15.15
1357	54.33	-9.41	15.1
1358	54.37	-9.42	15.06
1359	54.41	-9.43	15.01
1360	54.45	-9.43	14.97
1361	54.49	-9.43	14.92
1362	54.53	-9.46	14.87
1363	54.57	-9.48	14.84
1364	54.61	-9.51	14.8
1365	54.65	-9.53	14.77
1366	54.69	-9.55	14.73
1367	54.73	-9.56	14.68
1368	54.77	-9.57	14.64
1369	54.81	-9.59	14.6
1370	54.85	-9.59	14.57
1371	54.89	-9.6	14.54
1372	54.93	-9.59	14.53
1373	54.97	-9.57	14.53
1374	55.01	-9.58	14.5
1375	55.05	-9.6	14.47
1376	55.09	-9.64	14.43
1377	55.13	-9.68	14.37
1378	55.17	-9.68	14.32
1379	55.21	-9.66	14.25
1380	55.25	-9.62	14.17
1381	55.29	-9.59	14.09
1382	55.33	-9.57	14
1383	55.37	-9.53	13.92
1384	55.41	-9.52	13.82
1385	55.45	-9.53	13.72
1386	55.49	-9.55	13.56
1387	55.53	-9.61	13.37
1388	55.57	-9.65	13.19
1389	55.61	-9.69	13.03
1390	55.65	-9.69	12.91
1391	55.69	-9.69	12.87
1392	55.73	-9.67	12.85
1393	55.77	-9.68	12.82
1394	55.81	-9.69	12.82
1395	55.85	-9.7	12.81
1396	55.89	-9.72	12.8
1397	55.93	-9.72	12.82
1398	55.97	-9.72	12.81
1399	56.01	-9.71	12.81
1400	56.05	-9.7	12.81
1401	56.09	-9.69	12.8
1402	56.13	-9.69	12.8
1403	56.17	-9.68	12.79
1404	56.21	-9.68	12.78
1405	56.25	-9.67	12.77
1406	56.29	-9.67	12.74
1407	56.33	-9.66	12.73
1408	56.37	-9.65	12.71
1409	56.41	-9.65	12.68
1410	56.45	-9.63	12.67
1411	56.49	-9.62	12.64
1412	56.53	-9.6	12.62
1413	56.57	-9.58	12.61
1414	56.61	-9.56	12.6
1415	56.65	-9.55	12.58
1416	56.69	-9.54	12.55
1417	56.73	-9.53	12.53
1418	56.77	-9.51	12.51
1419	56.81	-9.5	12.49
1420	56.85	-9.48	12.47
1421	56.89	-9.46	12.46
1422	56.93	-9.44	12.44
1423	56.97	-9.42	12.43
1424	57.01	-9.39	12.43
1425	57.05	-9.37	12.42
1426	57.09	-9.36	12.42
1427	57.13	-9.35	12.42
1428	57.17	-9.34	12.4
1429	57.21	-9.34	12.4
1430	57.25	-9.34	12.38
1431	57.29	-9.35	12.36
1432	57.33	-9.36	12.35
1433	57.37	-9.36	12.34
1434	57.41	-9.37	12.33
1435	57.45	-9.37	12.33
1436	57.49	-9.38	12.32
1437	57.53	-9.38	12.31
1438	57.57	-9.37	12.31
1439	57.61	-9.37	12.32
1440	57.65	-9.37	12.32
1441	57.69	-9.37	12.32
1442	57.73	-9.37	12.32
1443	57.77	-9.37	12.32
1444	57.81	-9.37	12.32
1445	57.85	-9.37	12.31
1446	57.89	-9.37	12.3
1447	57.93	-9.38	12.31
1448	57.97	-9.38	12.32
1449	58.01	-9.37	12.31
1450	58.05	-9.38	12.31
1451	58.09	-9.38	12.31
1452	58.13	-9.37	12.29
1453	58.17	-9.37	12.3
1454	58.21	-9.36	12.3
1455	58.25	-9.36	12.3
1456	58.29	-9.36	12.3
1457	58.32	-9.36	12.29
1458	58.37	-9.35	12.3
1459	58.4	-9.34	12.3
1460	58.45	-9.34	12.3
1461	58.48	-9.33	12.31
1462	58.52	-9.33	12.31
1463	58.56	-9.33	12.31
1464	58.61	-9.32	12.31
1465	58.65	-9.33	12.31
1466	58.69	-9.33	12.31
1467	58.73	-9.33	12.31
1468	58.77	-9.32	12.3
1469	58.8	-9.32	12.29
1470	58.84	-9.31	12.3
1471	58.89	-9.31	12.29
1472	58.92	-9.31	12.3
1473	58.96	-9.32	12.3
1474	59	-9.32	12.3
1475	59.04	-9.31	12.3
1476	59.08	-9.31	12.3
1477	59.12	-9.31	12.3
1478	59.16	-9.31	12.3
1479	59.2	-9.3	12.31
1480	59.24	-9.3	12.31
1481	59.28	-9.3	12.31
1482	59.32	-9.3	12.32
1483	59.36	-9.3	12.31
1484	59.4	-9.3	12.31
1485	59.44	-9.3	12.31
1486	59.48	-9.31	12.31
1487	59.52	-9.31	12.32
1488	59.56	-9.31	12.32
1489	59.6	-9.31	12.32
1490	59.64	-9.31	12.33
1491	59.68	-9.31	12.32
1492	59.72	-9.31	12.32
1493	59.76	-9.31	12.32
1494	59.8	-9.31	12.32
1495	59.84	-9.3	12.33
1496	59.88	-9.3	12.33
1497	59.92	-9.3	12.33
1498	59.96	-9.29	12.33
1499	60	-9.29	12.33
1500	60.04	-9.28	12.34
1501	60.08	-9.28	12.34
1502	60.12	-9.27	12.34
1503	60.16	-9.27	12.34
1504	60.2	-9.27	12.33
1505	60.24	-9.27	12.33
1506	60.28	-9.27	12.32
1507	60.32	-9.27	12.32
1508	60.36	-9.27	12.32
1509	60.4	-9.27	12.33
1510	60.44	-9.27	12.33
1511	60.48	-9.27	12.33
1512	60.52	-9.27	12.33
1513	60.56	-9.27	12.32
1514	60.6	-9.27	12.31
1515	60.64	-9.27	12.32
1516	60.68	-9.27	12.32
1517	60.72	-9.27	12.32
1518	60.76	-9.27	12.32
1519	60.8	-9.27	12.31
1520	60.84	-9.27	12.31
1521	60.88	-9.27	12.31
1522	60.92	-9.27	12.31
1523	60.96	-9.27	12.31
1524	61	-9.27	12.3
1525	61.04	-9.27	12.3
1526	61.08	-9.27	12.3
1527	61.12	-9.27	12.31
1528	61.16	-9.27	12.31
1529	61.2	-9.27	12.3
1530	61.24	-9.27	12.3
1531	61.28	-9.27	12.3
1532	61.32	-9.27	12.31
1533	61.36	-9.27	12.31
1534	61.4	-9.26	12.32
1535	61.44	-9.26	12.31
1536	61.48	-9.25	12.31
1537	61.52	-9.25	12.31
1538	61.56	-9.23	12.31
1539	61.6	-9.19	12.31
1540	61.64	-9.16	12.31
1541	61.68	-9.12	12.32
1542	61.72	-9.08	12.31
1543	61.76	-9.05	12.3
1544	61.8	-9	12.3
1545	61.84	-8.93	12.29
1546	61.88	-8.86	12.3
1547	61.92	-8.79	12.31
1548	61.96	-8.72	12.3
1549	62	-8.66	12.3
1550	62.04	-8.6	12.28
1551	62.08	-8.55	12.23
1552	62.12	-8.51	12.2
1553	62.16	-8.49	12.16
1554	62.2	-8.46	12.09
1555	62.24	-8.41	12
1556	62.28	-8.36	11.88
1557	62.32	-8.29	11.75
1558	62.36	-8.24	11.66
1559	62.4	-8.19	11.6
1560	62.44	-8.14	11.55
1561	62.48	-8.09	11.53
1562	62.52	-8.04	11.5
1563	62.56	-8.01	11.46
1564	62.6	-7.99	11.45
1565	62.64	-7.98	11.4
1566	62.68	-7.99	11.37
1567	62.72	-7.99	11.31
1568	62.76	-7.99	11.23
1569	62.8	-7.99	11.18
1570	62.84	-7.98	11.11
1571	62.88	-7.97	11.1
1572	62.92	-7.96	11.08
1573	62.96	-7.95	11.06
1574	63	-7.93	11.05
1575	63.04	-7.92	11.03
1576	63.08	-7.91	11.01
1577	63.12	-7.91	11
1578	63.16	-7.91	11
1579	63.2	-7.9	11
1580	63.24	-7.88	11.01
1581	63.28	-7.87	11.03
1582	63.32	-7.86	11.04
1583	63.36	-7.84	11.06
1584	63.4	-7.84	11.07
1585	63.44	-7.83	11.08
1586	63.48	-7.83	11.09
1587	63.52	-7.82	11.07
1588	63.56	-7.82	11.07
1589	63.6	-7.82	11.06
1590	63.64	-7.81	11.04
1591	63.68	-7.81	11.04
1592	63.72	-7.81	11.04
1593	63.76	-7.81	11.05
1594	63.8	-7.81	11.05
1595	63.84	-7.81	11.07
1596	63.88	-7.82	11.07
1597	63.92	-7.81	11.08
1598	63.96	-7.81	11.09
1599	64	-7.81	11.09
1600	64.04	-7.79	11.09
1601	64.08	-7.79	11.12
1602	64.12	-7.77	11.14
1603	64.16	-7.75	11.19
1604	64.2	-7.72	11.24
1605	64.24	-7.7	11.29
1606	64.28	-7.68	11.31
1607	64.32	-7.67	11.33
1608	64.36	-7.67	11.33
1609	64.4	-7.66	11.32
1610	64.44	-7.66	11.31
1611	64.48	-7.65	11.3
1612	64.52	-7.64	11.31
1613	64.56	-7.64	11.32
1614	64.6	-7.64	11.33
1615	64.64	-7.64	11.34
1616	64.68	-7.64	11.35
1617	64.72	-7.63	11.34
1618	64.76	-7.63	11.34
1619	64.8	-7.62	11.33
1620	64.84	-7.61	11.32
1621	64.88	-7.61	11.32
1622	64.92	-7.6	11.33
1623	64.96	-7.61	11.33
1624	65	-7.6	11.33
1625	65.04	-7.6	11.33
1626	65.08	-7.6	11.33
1627	65.12	-7.59	11.33
1628	65.16	-7.59	11.34
1629	65.2	-7.58	11.35
1630	65.24	-7.58	11.34
1631	65.28	-7.58	11.34
1632	65.32	-7.57	11.33
1633	65.36	-7.58	11.33
1634	65.4	-7.58	11.34
1635	65.44	-7.57	11.34
1636	65.48	-7.58	11.35
1637	65.52	-7.58	11.35
1638	65.56	-7.58	11.34
1639	65.6	-7.58	11.35
1640	65.64	-7.57	11.34
1641	65.68	-7.56	11.34
1642	65.72	-7.56	11.34
1643	65.76	-7.55	11.33
1644	65.8	-7.55	11.33
1645	65.84	-7.55	11.34
1646	65.88	-7.54	11.34
1647	65.92	-7.55	11.35
1648	65.96	-7.54	11.36
1649	66	-7.54	11.35
1650	66.04	-7.54	11.36
1651	66.08	-7.54	11.37
1652	66.12	-7.53	11.4
1653	66.16	-7.5	11.43
1654	66.2	-7.46	11.46
1655	66.24	-7.41	11.5
1656	66.28	-7.36	11.55
1657	66.32	-7.33	11.59
1658	66.36	-7.31	11.63
1659	66.4	-7.3	11.64
1660	66.44	-7.29	11.65
1661	66.48	-7.28	11.63
1662	66.52	-7.26	11.61
1663	66.56	-7.26	11.58
1664	66.6	-7.27	11.55
1665	66.64	-7.29	11.51
1666	66.68	-7.34	11.47
1667	66.72	-7.39	11.41
1668	66.76	-7.45	11.35
1669	66.8	-7.51	11.3
1670	66.84	-7.55	11.26
1671	66.88	-7.59	11.23
1672	66.92	-7.61	11.2
1673	66.96	-7.63	11.16
1674	67	-7.66	11.14
1675	67.04	-7.69	11.1
1676	67.08	-7.72	11.08
1677	67.12	-7.76	11.05
1678	67.16	-7.78	11.01
1679	67.2	-7.81	10.99
1680	67.24	-7.83	10.97
1681	67.28	-7.86	10.96
1682	67.32	-7.89	10.96
1683	67.36	-7.92	10.94
1684	67.4	-7.95	10.93
1685	67.44	-7.98	10.91
1686	67.48	-8	10.88
1687	67.52	-8.04	10.85
1688	67.56	-8.06	10.83
1689	67.6	-8.09	10.81
1690	67.64	-8.12	10.79
1691	67.68	-8.14	10.77
1692	67.72	-8.17	10.75
1693	67.76	-8.21	10.74
1694	67.8	-8.25	10.75
1695	67.84	-8.29	10.75
1696	67.88	-8.3	10.72
1697	67.92	-8.3	10.66
1698	67.96	-8.3	10.59
1699	68	-8.3	10.51
1700	68.04	-8.32	10.47
1701	68.08	-8.35	10.45
1702	68.12	-8.37	10.43
1703	68.16	-8.39	10.41
1704	68.2	-8.41	10.38
1705	68.24	-8.44	10.35
1706	68.28	-8.48	10.32
1707	68.32	-8.5	10.3
1708	68.36	-8.53	10.29
1709	68.4	-8.57	10.26
1710	68.44	-8.61	10.21
1711	68.48	-8.65	10.17
1712	68.52	-8.7	10.12
1713	68.56	-8.74	10.07
1714	68.6	-8.77	10.03
1715	68.64	-8.82	9.98
1716	68.68	-8.86	9.95
1717	68.72	-8.91	9.92
1718	68.76	-8.95	9.89
1719	68.8	-8.99	9.86
1720	68.84	-9.03	9.77
1721	68.88	-9.08	9.66
1722	68.92	-9.13	9.52
1723	68.96	-9.17	9.41
1724	69	-9.2	9.33
1725	69.04	-9.23	9.28
1726	69.08	-9.25	9.24
1727	69.12	-9.28	9.2
1728	69.2	-9.29	9.17
1729	69.24	-9.32	9.13
1730	69.28	-9.33	9.12
1731	69.32	-9.35	9.1
1732	69.36	-9.36	9.09
1733	69.4	-9.36	9.09
1734	69.44	-9.37	9.06
1735	69.48	-9.36	9.05
1736	69.52	-9.35	9.03
1737	69.56	-9.34	9.01
1738	69.6	-9.34	8.99
1739	69.64	-9.34	8.97
1740	69.68	-9.35	8.96
1741	69.72	-9.38	8.94
1742	69.76	-9.4	8.96
1743	69.8	-9.43	8.97
1744	69.84	-9.47	9
1745	69.88	-9.49	9.02
1746	69.92	-9.5	9.02
1747	69.96	-9.52	9.03
1748	70	-9.53	9.02
1749	70.04	-9.54	9.01
1750	70.08	-9.55	9.01
1751	70.12	-9.55	9
1752	70.16	-9.56	9
1753	70.2	-9.56	9
1754	70.24	-9.56	9
1755	70.28	-9.56	9.01
1756	70.32	-9.56	9.02
1757	70.36	-9.56	9.01
1758	70.4	-9.55	9.01
1759	70.44	-9.54	9
1760	70.48	-9.53	8.99
1761	70.52	-9.52	8.99
1762	70.56	-9.52	9
1763	70.6	-9.52	9.02
1764	70.64	-9.51	9.05
1765	70.68	-9.49	9.08
1766	70.72	-9.45	9.09
1767	70.76	-9.4	9.08
1768	70.8	-9.35	9.1
1769	70.84	-9.3	9.12
1770	70.88	-9.27	9.16
1771	70.92	-9.24	9.18
1772	70.96	-9.2	9.19
1773	71	-9.17	9.18
1774	71.04	-9.15	9.18
1775	71.08	-9.13	9.18
1776	71.12	-9.12	9.17
1777	71.16	-9.1	9.19
1778	71.2	-9.07	9.2
1779	71.24	-9.03	9.22
1780	71.28	-8.99	9.26
1781	71.32	-8.96	9.3
1782	71.36	-8.93	9.35
1783	71.4	-8.91	9.39
1784	71.44	-8.89	9.42
1785	71.48	-8.86	9.45
1786	71.52	-8.84	9.45
1787	71.56	-8.83	9.46
1788	71.6	-8.82	9.47
1789	71.64	-8.81	9.46
1790	71.68	-8.81	9.47
1791	71.72	-8.81	9.46
1792	71.76	-8.8	9.43
1793	71.8	-8.79	9.42
1794	71.84	-8.79	9.39
1795	71.88	-8.79	9.38
1796	71.92	-8.79	9.39
1797	71.96	-8.78	9.4
1798	72	-8.78	9.4
1799	72.04	-8.77	9.4
1800	72.08	-8.76	9.4
1801	72.12	-8.75	9.39
1802	72.16	-8.74	9.39
1803	72.2	-8.74	9.4
1804	72.24	-8.73	9.4
1805	72.28	-8.73	9.41
1806	72.32	-8.71	9.42
1807	72.36	-8.72	9.43
1808	72.4	-8.71	9.44
1809	72.44	-8.71	9.45
1810	72.48	-8.71	9.44
1811	72.52	-8.69	9.44
1812	72.56	-8.69	9.42
1813	72.6	-8.68	9.42
1814	72.64	-8.68	9.42
1815	72.68	-8.68	9.43
1816	72.72	-8.67	9.43
1817	72.76	-8.67	9.43
1818	72.8	-8.66	9.43
1819	72.84	-8.67	9.43
1820	72.88	-8.66	9.43
1821	72.92	-8.66	9.44
1822	72.96	-8.66	9.44
1823	73	-8.66	9.43
1824	73.04	-8.66	9.45
1825	73.08	-8.66	9.45
1826	73.12	-8.67	9.45
1827	73.16	-8.68	9.45
1828	73.2	-8.7	9.43
1829	73.24	-8.74	9.42
1830	73.28	-8.78	9.42
1831	73.32	-8.83	9.4
1832	73.36	-8.87	9.37
1833	73.4	-8.89	9.34
1834	73.44	-8.91	9.32
1835	73.48	-8.92	9.31
1836	73.52	-8.93	9.31
1837	73.56	-8.94	9.3
1838	73.6	-8.96	9.29
1839	73.64	-8.98	9.29
1840	73.68	-9.01	9.26
1841	73.72	-9.05	9.26
1842	73.76	-9.09	9.25
1843	73.8	-9.12	9.24
1844	73.84	-9.15	9.25
1845	73.88	-9.18	9.21
1846	73.92	-9.2	9.2
1847	73.96	-9.24	9.18
1848	74	-9.27	9.17
1849	74.04	-9.29	9.16
1850	74.08	-9.33	9.14
1851	74.12	-9.35	9.11
1852	74.16	-9.37	9.09
1853	74.2	-9.38	9.07
1854	74.24	-9.39	9.03
1855	74.28	-9.4	9.01
1856	74.32	-9.41	8.99
1857	74.36	-9.41	8.97
1858	74.4	-9.41	8.97
1859	74.44	-9.41	8.95
1860	74.48	-9.4	8.93
1861	74.52	-9.41	8.91
1862	74.56	-9.43	8.88
1863	74.6	-9.46	8.85
1864	74.64	-9.49	8.82
1865	74.68	-9.53	8.79
1866	74.72	-9.56	8.76
1867	74.76	-9.58	8.74
1868	74.8	-9.59	8.72
1869	74.84	-9.61	8.71
1870	74.88	-9.63	8.72
1871	74.92	-9.64	8.72
1872	74.96	-9.66	8.74
1873	75	-9.67	8.77
1874	75.04	-9.69	8.8
1875	75.08	-9.72	8.85
1876	75.12	-9.74	8.88
1877	75.16	-9.76	8.91
1878	75.2	-9.77	8.95
1879	75.24	-9.78	8.99
1880	75.28	-9.79	9.02
1881	75.32	-9.8	9.03
1882	75.36	-9.81	9.07
1883	75.4	-9.82	9.09
1884	75.44	-9.83	9.13
1885	75.48	-9.83	9.18
1886	75.52	-9.83	9.19
1887	75.56	-9.84	9.22
1888	75.6	-9.84	9.23
1889	75.64	-9.84	9.23
1890	75.68	-9.84	9.22
1891	75.72	-9.84	9.19
1892	75.76	-9.84	9.17
1893	75.8	-9.83	9.16
1894	75.84	-9.81	9.15
1895	75.88	-9.79	9.13
1896	75.92	-9.77	9.12
1897	75.96	-9.75	9.1
1898	76	-9.72	9.09
1899	76.04	-9.67	9.1
1900	76.08	-9.62	9.1
1901	76.12	-9.56	9.11
1902	76.16	-9.51	9.12
1903	76.2	-9.45	9.13
1904	76.24	-9.41	9.14
1905	76.28	-9.38	9.15
1906	76.32	-9.35	9.17
1907	76.36	-9.32	9.18
1908	76.4	-9.29	9.22
1909	76.44	-9.26	9.25
1910	76.48	-9.23	9.29
1911	76.52	-9.21	9.32
1912	76.56	-9.18	9.35
1913	76.6	-9.16	9.37
1914	76.64	-9.14	9.38
1915	76.68	-9.12	9.4
1916	76.72	-9.1	9.41
1917	76.76	-9.07	9.42
1918	76.8	-9.04	9.42
1919	76.84	-9.01	9.4
1920	76.88	-8.97	9.38
1921	76.92	-8.94	9.37
1922	76.96	-8.91	9.35
1923	77	-8.9	9.33
1924	77.04	-8.88	9.32
1925	77.08	-8.86	9.32
1926	77.12	-8.84	9.32
1927	77.16	-8.81	9.33
1928	77.2	-8.77	9.33
1929	77.24	-8.73	9.33
1930	77.28	-8.69	9.34
1931	77.32	-8.65	9.35
1932	77.36	-8.62	9.36
1933	77.4	-8.59	9.37
1934	77.44	-8.56	9.37
1935	77.48	-8.53	9.38
1936	77.52	-8.49	9.39
1937	77.56	-8.46	9.42
1938	77.6	-8.42	9.47
1939	77.64	-8.38	9.53
1940	77.68	-8.34	9.58
1941	77.72	-8.31	9.61
1942	77.76	-8.28	9.63
1943	77.8	-8.25	9.65
1944	77.84	-8.23	9.66
1945	77.88	-8.21	9.68
1946	77.92	-8.2	9.7
1947	77.96	-8.19	9.7
1948	78	-8.18	9.7
1949	78.04	-8.17	9.7
1950	78.08	-8.15	9.69
1951	78.12	-8.15	9.71
1952	78.16	-8.14	9.71
1953	78.2	-8.14	9.72
1954	78.24	-8.14	9.71
1955	78.28	-8.14	9.69
1956	78.32	-8.14	9.68
1957	78.36	-8.14	9.66
1958	78.4	-8.15	9.66
1959	78.44	-8.15	9.65
1960	78.48	-8.16	9.63
1961	78.52	-8.17	9.63
1962	78.56	-8.17	9.62
1963	78.6	-8.17	9.62
1964	78.64	-8.19	9.62
1965	78.68	-8.22	9.63
1966	78.72	-8.26	9.62
1967	78.76	-8.31	9.6
1968	78.8	-8.37	9.58
1969	78.84	-8.45	9.55
1970	78.88	-8.53	9.54
1971	78.92	-8.61	9.52
1972	78.96	-8.69	9.51
1973	79	-8.74	9.51
1974	79.04	-8.78	9.48
1975	79.08	-8.81	9.47
1976	79.12	-8.83	9.46
1977	79.16	-8.84	9.45
1978	79.2	-8.85	9.45
1979	79.24	-8.85	9.44
1980	79.28	-8.85	9.42
1981	79.32	-8.87	9.4
1982	79.36	-8.89	9.37
1983	79.4	-8.92	9.36
1984	79.44	-8.95	9.36
1985	79.48	-8.98	9.36
1986	79.52	-9.01	9.37
1987	79.56	-9.04	9.37
1988	79.6	-9.05	9.36
1989	79.64	-9.07	9.36
1990	79.68	-9.08	9.35
1991	79.72	-9.09	9.35
1992	79.76	-9.09	9.34
1993	79.8	-9.1	9.33
1994	79.84	-9.1	9.32
1995	79.88	-9.11	9.3
1996	79.92	-9.11	9.3
1997	79.96	-9.11	9.29
1998	80	-9.11	9.28
1999	80.04	-9.1	9.29
2000	80.08	-9.09	9.3
2001	80.12	-9.08	9.34
2002	80.16	-9.06	9.34
2003	80.2	-9.05	9.35
2004	80.24	-9.04	9.36
2005	80.28	-9.03	9.36
2006	80.32	-9.02	9.39
2007	80.36	-9.01	9.42
2008	80.4	-9.01	9.44
2009	80.44	-9.01	9.47
2010	80.48	-9.01	9.49
2011	80.52	-9.01	9.51
2012	80.56	-9.01	9.52
2013	80.6	-9.01	9.53
2014	80.64	-8.99	9.52
2015	80.68	-8.98	9.51
2016	80.72	-8.98	9.53
2017	80.76	-8.97	9.56
2018	80.8	-8.97	9.6
2019	80.84	-8.97	9.63
2020	80.88	-8.96	9.67
2021	80.92	-8.95	9.7
2022	80.96	-8.94	9.72
2023	81	-8.92	9.75
2024	81.04	-8.91	9.76
2025	81.08	-8.88	9.77
2026	81.12	-8.86	9.77
2027	81.16	-8.83	9.77
2028	81.2	-8.8	9.77
2029	81.24	-8.75	9.76
2030	81.28	-8.72	9.76
2031	81.32	-8.68	9.74
2032	81.36	-8.65	9.74
2033	81.4	-8.63	9.73
2034	81.44	-8.61	9.72
2035	81.48	-8.59	9.73
2036	81.52	-8.59	9.74
2037	81.56	-8.57	9.76
2038	81.6	-8.56	9.76
2039	81.64	-8.54	9.76
2040	81.68	-8.51	9.76
2041	81.72	-8.49	9.76
2042	81.76	-8.47	9.76
2043	81.8	-8.46	9.73
2044	81.84	-8.45	9.72
2045	81.88	-8.44	9.71
2046	81.92	-8.42	9.7
2047	81.96	-8.41	9.72
2048	82	-8.4	9.75
2049	82.04	-8.39	9.79
2050	82.08	-8.38	9.86
2051	82.12	-8.37	9.93
2052	82.16	-8.35	9.99
2053	82.2	-8.33	10.04
2054	82.24	-8.31	10.06
2055	82.28	-8.28	10.08
2056	82.32	-8.26	10.1
2057	82.36	-8.26	10.15
2058	82.4	-8.25	10.19
2059	82.44	-8.25	10.23
2060	82.48	-8.25	10.26
2061	82.52	-8.25	10.27
2062	82.56	-8.24	10.28
2063	82.6	-8.24	10.27
2064	82.64	-8.24	10.26
2065	82.68	-8.24	10.23
2066	82.72	-8.25	10.2
2067	82.76	-8.27	10.15
2068	82.8	-8.29	10.1
2069	82.84	-8.32	10.07
2070	82.88	-8.34	10.04
2071	82.92	-8.36	10.01
2072	82.96	-8.39	10
2073	83	-8.41	9.98
2074	83.04	-8.44	9.98
2075	83.08	-8.47	9.97
2076	83.12	-8.49	9.96
2077	83.16	-8.52	9.96
2078	83.2	-8.54	9.93
2079	83.24	-8.57	9.92
2080	83.28	-8.59	9.9
2081	83.32	-8.61	9.88
2082	83.36	-8.63	9.86
2083	83.4	-8.64	9.83
2084	83.44	-8.65	9.81
2085	83.48	-8.66	9.8
2086	83.52	-8.67	9.78
2087	83.56	-8.69	9.76
2088	83.6	-8.7	9.74
2089	83.64	-8.7	9.73
2090	83.68	-8.71	9.71
2091	83.72	-8.71	9.71
2092	83.76	-8.72	9.71
2093	83.8	-8.73	9.7
2094	83.84	-8.74	9.7
2095	83.88	-8.73	9.69
2096	83.92	-8.73	9.7
2097	83.96	-8.73	9.69
2098	84	-8.74	9.69
2099	84.04	-8.74	9.69
2100	84.08	-8.74	9.7
2101	84.12	-8.74	9.71
2102	84.16	-8.75	9.72
2103	84.2	-8.75	9.72
2104	84.24	-8.76	9.72
2105	84.28	-8.76	9.72
2106	84.32	-8.75	9.72
2107	84.36	-8.76	9.72
2108	84.4	-8.75	9.72
2109	84.44	-8.75	9.72
2110	84.48	-8.75	9.71
2111	84.52	-8.75	9.72
2112	84.56	-8.75	9.72
2113	84.6	-8.75	9.73
2114	84.64	-8.75	9.74
2115	84.68	-8.75	9.73
2116	84.72	-8.75	9.74
2117	84.76	-8.76	9.74
2118	84.8	-8.76	9.73
2119	84.84	-8.76	9.73
2120	84.88	-8.76	9.74
2121	84.92	-8.76	9.73
2122	84.96	-8.76	9.73
2123	85	-8.76	9.72
2124	85.04	-8.77	9.72
2125	85.08	-8.77	9.72
2126	85.12	-8.77	9.73
2127	85.16	-8.77	9.73
2128	85.2	-8.77	9.74
2129	85.24	-8.77	9.74
2130	85.28	-8.77	9.74
2131	85.32	-8.77	9.74
2132	85.36	-8.78	9.74
2133	85.4	-8.78	9.73
2134	85.44	-8.78	9.72
2135	85.48	-8.78	9.71
2136	85.52	-8.78	9.72
2137	85.56	-8.79	9.73
2138	85.6	-8.79	9.75
2139	85.64	-8.79	9.75
2140	85.68	-8.79	9.74
2141	85.72	-8.79	9.75
2142	85.76	-8.79	9.74
2143	85.8	-8.79	9.75
2144	85.84	-8.79	9.76
2145	85.88	-8.79	9.76
2146	85.92	-8.79	9.77
2147	85.96	-8.79	9.77
2148	86	-8.79	9.77
2149	86.04	-8.79	9.77
2150	86.08	-8.79	9.78
2151	86.12	-8.8	9.78
2152	86.16	-8.81	9.79
2153	86.2	-8.82	9.8
2154	86.24	-8.84	9.8
2155	86.28	-8.85	9.8
2156	86.32	-8.86	9.8
2157	86.36	-8.86	9.81
2158	86.4	-8.86	9.82
2159	86.44	-8.86	9.83
2160	86.48	-8.87	9.83
2161	86.52	-8.87	9.82
2162	86.56	-8.88	9.8
2163	86.6	-8.88	9.78
2164	86.64	-8.89	9.75
2165	86.68	-8.9	9.74
2166	86.72	-8.91	9.74
2167	86.76	-8.92	9.72
2168	86.8	-8.92	9.71
2169	86.84	-8.93	9.69
2170	86.88	-8.94	9.67
2171	86.92	-8.95	9.66
2172	86.96	-8.95	9.67
2173	87	-8.95	9.66
2174	87.04	-8.95	9.66
2175	87.08	-8.95	9.66
2176	87.12	-8.95	9.65
2177	87.16	-8.96	9.65
2178	87.2	-8.96	9.66
2179	87.24	-8.96	9.65
2180	87.28	-8.96	9.65
2181	87.32	-8.97	9.65
2182	87.36	-8.97	9.64
2183	87.4	-8.97	9.65
2184	87.44	-8.98	9.66
2185	87.48	-8.98	9.65
2186	87.52	-8.98	9.66
2187	87.56	-8.97	9.66
2188	87.6	-8.97	9.66
2189	87.64	-8.97	9.66
2190	87.68	-8.98	9.66
2191	87.72	-8.98	9.66
2192	87.76	-8.99	9.66
2193	87.8	-8.99	9.66
2194	87.84	-8.99	9.65
2195	87.88	-8.98	9.64
2196	87.92	-8.98	9.63
2197	87.96	-8.98	9.63
2198	88	-8.98	9.63
2199	88.04	-8.99	9.63
2200	88.08	-8.98	9.64
2201	88.12	-8.98	9.63
2202	88.16	-8.99	9.63
2203	88.2	-9	9.63
2204	88.24	-9	9.64
2205	88.28	-9.01	9.65
2206	88.32	-9.01	9.66
2207	88.36	-9.02	9.68
2208	88.4	-9.02	9.69
2209	88.44	-9.02	9.71
2210	88.48	-9.02	9.72
2211	88.52	-9.02	9.73
2212	88.56	-9.02	9.73
2213	88.6	-9.03	9.71
2214	88.64	-9.03	9.69
2215	88.68	-9.04	9.69
2216	88.72	-9.04	9.7
2217	88.76	-9.04	9.7
2218	88.8	-9.05	9.71
2219	88.84	-9.04	9.7
2220	88.88	-9.03	9.69
2221	88.92	-9.02	9.68
2222	88.96	-9.01	9.68
2223	89	-9	9.69
2224	89.04	-9	9.69
2225	89.08	-8.99	9.69
2226	89.12	-8.98	9.7
2227	89.16	-8.98	9.71
2228	89.2	-8.96	9.73
2229	89.24	-8.95	9.75
2230	89.28	-8.95	9.78
2231	89.32	-8.94	9.79
2232	89.36	-8.94	9.8
2233	89.4	-8.93	9.81
2234	89.44	-8.93	9.81
2235	89.48	-8.93	9.8
2236	89.52	-8.93	9.81
2237	89.56	-8.93	9.8
2238	89.6	-8.94	9.8
2239	89.64	-8.94	9.8
2240	89.68	-8.94	9.79
2241	89.72	-8.94	9.79
2242	89.76	-8.93	9.79
2243	89.8	-8.93	9.79
2244	89.84	-8.93	9.79
2245	89.88	-8.93	9.79
2246	89.92	-8.92	9.8
2247	89.96	-8.92	9.79
2248	90	-8.92	9.79
2249	90.04	-8.92	9.8
2250	90.08	-8.92	9.79
2251	90.12	-8.92	9.78
2252	90.16	-8.92	9.79
2253	90.2	-8.91	9.79
2254	90.24	-8.91	9.78
2255	90.28	-8.91	9.79
2256	90.32	-8.91	9.79
2257	90.36	-8.9	9.78
2258	90.4	-8.9	9.8
2259	90.44	-8.91	9.79
2260	90.48	-8.91	9.79
2261	90.52	-8.91	9.8
2262	90.56	-8.92	9.79
2263	90.6	-8.91	9.8
2264	90.64	-8.91	9.8
2265	90.68	-8.91	9.79
2266	90.72	-8.91	9.79
2267	90.76	-8.91	9.79
2268	90.8	-8.92	9.79
2269	90.84	-8.92	9.8
2270	90.88	-8.92	9.8
2271	90.92	-8.92	9.79
2272	90.96	-8.92	9.8
2273	91	-8.92	9.8
2274	91.04	-8.91	9.82
2275	91.08	-8.9	9.82
2276	91.12	-8.9	9.84
2277	91.16	-8.9	9.85
2278	91.2	-8.9	9.87
2279	91.24	-8.9	9.89
2280	91.28	-8.9	9.9
2281	91.32	-8.9	9.92
2282	91.36	-8.9	9.94
2283	91.4	-8.9	9.95
2284	91.44	-8.9	9.95
2285	91.48	-8.89	9.93
2286	91.52	-8.89	9.89
2287	91.56	-8.9	9.84
2288	91.6	-8.92	9.79
2289	91.64	-8.93	9.76
2290	91.68	-8.94	9.74
2291	91.72	-8.92	9.73
2292	91.76	-8.91	9.73
2293	91.8	-8.9	9.7
2294	91.84	-8.89	9.7
2295	91.88	-8.89	9.68
2296	91.92	-8.88	9.69
2297	91.96	-8.87	9.7
2298	92	-8.86	9.73
2299	92.04	-8.84	9.77
2300	92.08	-8.81	9.79
2301	92.12	-8.77	9.81
2302	92.16	-8.74	9.8
2303	92.2	-8.69	9.77
2304	92.24	-8.66	9.75
2305	92.28	-8.64	9.75
2306	92.32	-8.62	9.76
2307	92.36	-8.61	9.77
2308	92.4	-8.59	9.79
2309	92.44	-8.58	9.79
2310	92.48	-8.56	9.78
2311	92.52	-8.54	9.78
2312	92.56	-8.53	9.76
2313	92.6	-8.52	9.76
2314	92.64	-8.51	9.74
2315	92.68	-8.51	9.73
2316	92.72	-8.5	9.72
2317	92.76	-8.48	9.71
2318	92.8	-8.47	9.7
2319	92.84	-8.46	9.69
2320	92.88	-8.46	9.68
2321	92.92	-8.46	9.68
2322	92.96	-8.46	9.68
2323	93	-8.45	9.68
2324	93.04	-8.44	9.66
2325	93.08	-8.42	9.65
2326	93.12	-8.41	9.64
2327	93.16	-8.4	9.62
2328	93.2	-8.39	9.6
2329	93.24	-8.38	9.59
2330	93.28	-8.38	9.59
2331	93.32	-8.38	9.6
2332	93.36	-8.38	9.61
2333	93.4	-8.38	9.61
2334	93.44	-8.38	9.6
2335	93.48	-8.37	9.6
2336	93.52	-8.37	9.58
2337	93.56	-8.37	9.58
2338	93.6	-8.37	9.59
2339	93.64	-8.36	9.58
2340	93.68	-8.37	9.59
2341	93.72	-8.36	9.58
2342	93.76	-8.35	9.57
2343	93.8	-8.35	9.56
2344	93.84	-8.34	9.56
2345	93.88	-8.34	9.57
2346	93.92	-8.33	9.56
2347	93.96	-8.33	9.56
2348	94	-8.32	9.55
2349	94.04	-8.32	9.54
2350	94.08	-8.32	9.54
2351	94.12	-8.33	9.54
2352	94.16	-8.32	9.53
2353	94.2	-8.33	9.54
2354	94.24	-8.33	9.53
2355	94.28	-8.32	9.51
2356	94.32	-8.32	9.51
2357	94.36	-8.31	9.49
2358	94.4	-8.31	9.49
2359	94.44	-8.31	9.48
2360	94.48	-8.31	9.48
2361	94.52	-8.3	9.46
2362	94.56	-8.29	9.45
2363	94.6	-8.29	9.44
2364	94.64	-8.29	9.43
2365	94.68	-8.29	9.42
2366	94.72	-8.3	9.43
2367	94.76	-8.32	9.42
2368	94.8	-8.35	9.4
2369	94.84	-8.39	9.36
2370	94.88	-8.43	9.33
2371	94.92	-8.44	9.28
2372	94.96	-8.44	9.24
2373	95	-8.44	9.22
2374	95.04	-8.42	9.18
2375	95.08	-8.42	9.16
2376	95.12	-8.42	9.16
2377	95.16	-8.41	9.16
2378	95.2	-8.42	9.16
2379	95.24	-8.42	9.16
2380	95.28	-8.42	9.16
2381	95.32	-8.42	9.16
2382	95.36	-8.43	9.17
2383	95.4	-8.43	9.18
2384	95.44	-8.44	9.19
2385	95.48	-8.44	9.2
2386	95.52	-8.44	9.2
2387	95.56	-8.43	9.2
2388	95.6	-8.43	9.19
2389	95.64	-8.42	9.18
2390	95.68	-8.42	9.18
2391	95.72	-8.4	9.16
2392	95.76	-8.4	9.17
2393	95.8	-8.4	9.16
2394	95.84	-8.4	9.17
2395	95.88	-8.41	9.17
2396	95.92	-8.41	9.17
2397	95.96	-8.41	9.18
2398	96	-8.39	9.17
2399	96.04	-8.38	9.17
2400	96.08	-8.38	9.16
2401	96.12	-8.38	9.17
2402	96.16	-8.39	9.17
2403	96.2	-8.39	9.18
2404	96.24	-8.39	9.17
2405	96.28	-8.39	9.17
2406	96.32	-8.39	9.16
2407	96.36	-8.39	9.16
2408	96.4	-8.4	9.17
2409	96.44	-8.39	9.16
2410	96.5	-8.4	9.17
2411	96.52	-8.41	9.16
2412	96.56	-8.41	9.16
2413	96.6	-8.41	9.16
2414	96.64	-8.41	9.16
2415	96.68	-8.41	9.15
2416	96.72	-8.41	9.15
2417	96.76	-8.4	9.16
2418	96.8	-8.41	9.16
2419	96.84	-8.42	9.18
2420	96.88	-8.42	9.19
2421	96.92	-8.43	9.21
2422	96.96	-8.42	9.22
2423	97	-8.41	9.2
2424	97.04	-8.41	9.2
2425	97.08	-8.42	9.19
2426	97.12	-8.42	9.18
2427	97.16	-8.43	9.18
2428	97.2	-8.43	9.19
2429	97.24	-8.44	9.21
2430	97.28	-8.45	9.22
2431	97.32	-8.44	9.22
2432	97.36	-8.44	9.22
2433	97.4	-8.43	9.22
2434	97.44	-8.43	9.22
2435	97.48	-8.43	9.22
2436	97.52	-8.43	9.22
2437	97.56	-8.43	9.21
2438	97.6	-8.44	9.21
2439	97.64	-8.43	9.21
2440	97.68	-8.43	9.21
2441	97.72	-8.42	9.21
2442	97.76	-8.42	9.21
2443	97.8	-8.43	9.21
2444	97.84	-8.43	9.21
2445	97.87	-8.45	9.22
2446	97.92	-8.44	9.22
2447	97.96	-8.43	9.21
2448	98	-8.43	9.21
2449	98.03	-8.43	9.21
2450	98.08	-8.44	9.22
2451	98.11	-8.44	9.23
2452	98.15	-8.45	9.24
2453	98.19	-8.43	9.24
2454	98.23	-8.43	9.26
2455	98.27	-8.43	9.29
2456	98.31	-8.43	9.32
2457	98.35	-8.44	9.37
2458	98.39	-8.44	9.39
2459	98.43	-8.43	9.41
2460	98.47	-8.42	9.42
2461	98.51	-8.42	9.43
2462	98.56	-8.41	9.42
2463	98.59	-8.41	9.43
2464	98.63	-8.41	9.43
2465	98.67	-8.41	9.43
2466	98.71	-8.4	9.43
2467	98.75	-8.4	9.43
2468	98.79	-8.4	9.44
2469	98.83	-8.4	9.45
2470	98.87	-8.4	9.46
2471	98.91	-8.4	9.47
2472	98.95	-8.4	9.47
2473	98.99	-8.39	9.47
2474	99.03	-8.39	9.45
2475	99.07	-8.4	9.44
2476	99.11	-8.4	9.44
2477	99.15	-8.41	9.44
2478	99.19	-8.42	9.46
2479	99.23	-8.42	9.46
2480	99.27	-8.41	9.45
2481	99.31	-8.41	9.46
2482	99.35	-8.4	9.45
2483	99.39	-8.4	9.46
2484	99.43	-8.41	9.47
2485	99.47	-8.41	9.47
2486	99.51	-8.42	9.48
2487	99.55	-8.42	9.49
2488	99.59	-8.42	9.49
2489	99.63	-8.42	9.49
2490	99.67	-8.42	9.48
2491	99.71	-8.42	9.48
2492	99.75	-8.43	9.49
2493	99.79	-8.43	9.49
2494	99.83	-8.43	9.5
2495	99.87	-8.41	9.5
2496	99.91	-8.42	9.5
2497	99.95	-8.42	9.5
2498	99.99	-8.43	9.5
2499	100.03	-8.43	9.51
2500	100.07	-8.42	9.51
2501	100.11	-8.42	9.52
2502	100.15	-8.41	9.52
2503	100.19	-8.42	9.51
2504	100.23	-8.42	9.5
2505	100.27	-8.41	9.49
2506	100.31	-8.41	9.5
2507	100.35	-8.41	9.51
2508	100.39	-8.41	9.52
2509	100.43	-8.41	9.53
2510	100.47	-8.41	9.53
2511	100.51	-8.4	9.53
2512	100.55	-8.4	9.53
2513	100.59	-8.39	9.52
2514	100.63	-8.35	9.5
2515	100.67	-8.32	9.49
2516	100.71	-8.29	9.49
2517	100.75	-8.26	9.52
2518	100.79	-8.24	9.57
2519	100.83	-8.2	9.62
2520	100.87	-8.14	9.66
2521	100.91	-8.06	9.69
2522	100.95	-7.97	9.71
2523	100.99	-7.9	9.71
2524	101.03	-7.84	9.71
2525	101.07	-7.8	9.72
2526	101.11	-7.77	9.71
2527	101.15	-7.73	9.7
2528	101.19	-7.68	9.67
2529	101.23	-7.62	9.63
2530	101.27	-7.57	9.59
2531	101.31	-7.52	9.56
2532	101.35	-7.47	9.54
2533	101.39	-7.43	9.52
2534	101.43	-7.36	9.5
2535	101.47	-7.29	9.47
2536	101.51	-7.23	9.44
2537	101.55	-7.18	9.42
2538	101.59	-7.14	9.41
2539	101.63	-7.1	9.4
2540	101.67	-7.05	9.4
2541	101.71	-7.01	9.42
2542	101.75	-6.97	9.45
2543	101.79	-6.95	9.48
2544	101.83	-6.92	9.49
2545	101.87	-6.9	9.49
2546	101.91	-6.88	9.47
2547	101.95	-6.85	9.44
2548	101.99	-6.82	9.43
2549	102.03	-6.77	9.4
2550	102.07	-6.75	9.42
2551	102.11	-6.72	9.45
2552	102.15	-6.73	9.48
2553	102.19	-6.72	9.51
2554	102.23	-6.73	9.53
2555	102.27	-6.74	9.54
2556	102.31	-6.73	9.54
2557	102.35	-6.73	9.56
2558	102.39	-6.73	9.58
2559	102.43	-6.71	9.58
2560	102.47	-6.71	9.59
2561	102.51	-6.71	9.59
2562	102.55	-6.7	9.59
2563	102.59	-6.68	9.6
2564	102.63	-6.66	9.63
2565	102.67	-6.64	9.67
2566	102.71	-6.61	9.72
2567	102.75	-6.61	9.77
2568	102.79	-6.59	9.8
2569	102.83	-6.55	9.84
2570	102.87	-6.53	9.88
2571	102.91	-6.5	9.92
2572	102.95	-6.47	9.96
2573	102.99	-6.45	10.01
2574	103.03	-6.42	10.06
2575	103.07	-6.38	10.14
2576	103.11	-6.32	10.22
2577	103.15	-6.24	10.3
2578	103.19	-6.19	10.38
2579	103.23	-6.16	10.43
2580	103.27	-6.16	10.49
2581	103.31	-6.14	10.56
2582	103.35	-6.08	10.62
2583	103.39	-6	10.7
2584	103.43	-5.92	10.78
2585	103.47	-5.85	10.87
2586	103.51	-5.81	10.96
2587	103.55	-5.78	11.04
2588	103.59	-5.77	11.12
2589	103.63	-5.77	11.17
2590	103.67	-5.75	11.24
2591	103.71	-5.73	11.28
2592	103.75	-5.7	11.33
2593	103.79	-5.67	11.38
2594	103.83	-5.65	11.4
2595	103.87	-5.6	11.43
2596	103.91	-5.57	11.46
2597	103.95	-5.53	11.48
2598	103.99	-5.49	11.5
2599	104.03	-5.47	11.52
2600	104.07	-5.45	11.52
2601	104.11	-5.44	11.53
2602	104.15	-5.42	11.53
2603	104.19	-5.4	11.53
2604	104.23	-5.37	11.53
2605	104.27	-5.34	11.52
2606	104.31	-5.3	11.51
2607	104.35	-5.28	11.48
2608	104.39	-5.26	11.46
2609	104.43	-5.24	11.45
2610	104.47	-5.23	11.42
2611	104.51	-5.21	11.41
2612	104.55	-5.21	11.39
2613	104.59	-5.19	11.37
2614	104.63	-5.19	11.35
2615	104.67	-5.19	11.33
2616	104.71	-5.17	11.31
2617	104.75	-5.17	11.29
2618	104.79	-5.16	11.27
2619	104.83	-5.14	11.26
2620	104.87	-5.14	11.25
2621	104.91	-5.13	11.24
2622	104.95	-5.13	11.24
2623	104.99	-5.13	11.23
2624	105.03	-5.14	11.23
2625	105.07	-5.12	11.22
2626	105.11	-5.11	11.21
2627	105.15	-5.1	11.21
2628	105.19	-5.08	11.2
2629	105.23	-5.07	11.2
2630	105.27	-5.05	11.2
2631	105.31	-5.05	11.2
2632	105.35	-5.05	11.21
2633	105.39	-5.06	11.2
2634	105.43	-5.06	11.2
2635	105.47	-5.05	11.19
2636	105.51	-5.01	11.2
2637	105.55	-5	11.2
2638	105.59	-4.99	11.19
2639	105.63	-4.96	11.19
2640	105.67	-4.96	11.18
2641	105.71	-4.94	11.18
2642	105.75	-4.94	11.18
2643	105.79	-4.94	11.17
2644	105.83	-4.93	11.16
2645	105.87	-4.93	11.16
2646	105.91	-4.92	11.16
2647	105.95	-4.92	11.16
2648	105.99	-4.92	11.16
2649	106.03	-4.92	11.16
2650	106.07	-4.92	11.16
2651	106.11	-4.91	11.17
2652	106.15	-4.91	11.17
2653	106.19	-4.9	11.18
2654	106.23	-4.89	11.18
2655	106.27	-4.9	11.18
2656	106.31	-4.89	11.19
2657	106.35	-4.88	11.19
2658	106.39	-4.88	11.2
2659	106.43	-4.87	11.19
2660	106.47	-4.87	11.2
2661	106.51	-4.88	11.2
2662	106.55	-4.88	11.2
2663	106.59	-4.89	11.2
2664	106.63	-4.91	11.2
2665	106.67	-4.9	11.2
2666	106.71	-4.92	11.2
2667	106.75	-4.92	11.2
2668	106.79	-4.92	11.2
2669	106.83	-4.92	11.2
2670	106.87	-4.91	11.21
2671	106.91	-4.92	11.21
2672	106.95	-4.92	11.21
2673	106.99	-4.92	11.21
2674	107.03	-4.92	11.2
2675	107.07	-4.92	11.2
2676	107.11	-4.91	11.2
2677	107.15	-4.91	11.19
2678	107.19	-4.91	11.19
2679	107.23	-4.91	11.19
2680	107.27	-4.9	11.19
2681	107.31	-4.9	11.18
2682	107.35	-4.9	11.18
2683	107.39	-4.9	11.17
2684	107.43	-4.9	11.17
2685	107.47	-4.9	11.17
2686	107.51	-4.9	11.16
2687	107.55	-4.89	11.16
2688	107.59	-4.9	11.16
2689	107.63	-4.9	11.15
2690	107.67	-4.9	11.15
2691	107.71	-4.91	11.15
2692	107.75	-4.91	11.14
2693	107.79	-4.92	11.14
2694	107.83	-4.92	11.14
2695	107.87	-4.92	11.14
2696	107.91	-4.91	11.14
2697	107.95	-4.91	11.14
2698	107.99	-4.91	11.13
2699	108.03	-4.91	11.13
2700	108.07	-4.91	11.13
2701	108.11	-4.9	11.13
2702	108.15	-4.9	11.13
2703	108.19	-4.91	11.14
2704	108.23	-4.91	11.14
2705	108.27	-4.9	11.14
2706	108.31	-4.89	11.14
2707	108.35	-4.88	11.14
2708	108.39	-4.89	11.14
2709	108.43	-4.89	11.15
2710	108.47	-4.9	11.15
2711	108.51	-4.92	11.15
2712	108.55	-4.91	11.15
2713	108.59	-4.93	11.14
2714	108.63	-4.91	11.14
2715	108.67	-4.9	11.14
2716	108.71	-4.9	11.14
2717	108.75	-4.89	11.14
2718	108.79	-4.9	11.13
2719	108.83	-4.91	11.14
2720	108.87	-4.91	11.13
2721	108.91	-4.9	11.14
2722	108.95	-4.89	11.14
2723	108.99	-4.89	11.15
2724	109.03	-4.89	11.15
2725	109.07	-4.9	11.15
2726	109.11	-4.9	11.15
2727	109.15	-4.9	11.15
2728	109.19	-4.9	11.15
2729	109.23	-4.89	11.15
2730	109.27	-4.9	11.15
2731	109.31	-4.91	11.16
2732	109.35	-4.91	11.16
2733	109.39	-4.91	11.16
2734	109.43	-4.91	11.15
2735	109.47	-4.89	11.15
2736	109.51	-4.9	11.15
2737	109.55	-4.9	11.15
2738	109.59	-4.91	11.15
2739	109.63	-4.92	11.15
2740	109.67	-4.93	11.16
2741	109.71	-4.94	11.16
2742	109.75	-4.96	11.17
2743	109.79	-4.96	11.19
2744	109.83	-4.96	11.2
2745	109.87	-4.97	11.22
2746	109.91	-4.97	11.23
2747	109.95	-4.97	11.25
2748	109.99	-4.98	11.25
2749	110.03	-4.97	11.26
2750	110.07	-4.94	11.26
2751	110.11	-4.94	11.26
2752	110.15	-4.93	11.27
2753	110.19	-4.93	11.27
2754	110.23	-4.93	11.27
2755	110.27	-4.94	11.28
2756	110.31	-4.94	11.28
2757	110.35	-4.92	11.29
2758	110.39	-4.92	11.29
2759	110.43	-4.92	11.3
2760	110.47	-4.92	11.3
2761	110.51	-4.93	11.29
2762	110.55	-4.93	11.3
2763	110.59	-4.93	11.3
2764	110.63	-4.92	11.31
2765	110.67	-4.91	11.32
2766	110.71	-4.93	11.33
2767	110.75	-4.94	11.34
2768	110.79	-4.96	11.35
2769	110.83	-4.99	11.37
2770	110.87	-5.01	11.39
2771	110.91	-5.03	11.41
2772	110.95	-5.05	11.43
2773	110.99	-5.08	11.45
2774	111.03	-5.1	11.45
2775	111.07	-5.12	11.45
2776	111.11	-5.11	11.46
2777	111.15	-5.1	11.47
2778	111.19	-5.1	11.48
2779	111.23	-5.09	11.49
2780	111.27	-5.09	11.49
2781	111.31	-5.1	11.49
2782	111.35	-5.11	11.49
2783	111.39	-5.11	11.49
2784	111.43	-5.11	11.5
2785	111.47	-5.11	11.51
2786	111.51	-5.11	11.51
2787	111.55	-5.11	11.52
2788	111.59	-5.11	11.53
2789	111.63	-5.09	11.54
2790	111.67	-5.11	11.54
2791	111.71	-5.13	11.52
2792	111.75	-5.13	11.51
2793	111.79	-5.12	11.51
2794	111.83	-5.09	11.51
2795	111.87	-5.07	11.53
2796	111.91	-5.06	11.52
2797	111.95	-5.07	11.52
2798	111.99	-5.08	11.53
2799	112.03	-5.09	11.55
2800	112.07	-5.09	11.59
2801	112.11	-5.09	11.62
2802	112.15	-5.08	11.65
2803	112.19	-5.05	11.68
2804	112.23	-5.03	11.7
2805	112.27	-5.01	11.74
2806	112.31	-5	11.75
2807	112.35	-5	11.76
2808	112.39	-5	11.76
2809	112.43	-5.01	11.77
2810	112.47	-5	11.78
2811	112.51	-4.99	11.78
2812	112.55	-4.99	11.79
2813	112.59	-4.98	11.78
2814	112.63	-4.98	11.77
2815	112.67	-5	11.77
2816	112.71	-5.01	11.77
2817	112.75	-5.02	11.77
2818	112.79	-5.01	11.76
2819	112.83	-5.01	11.75
2820	112.87	-4.99	11.75
2821	112.91	-5	11.74
2822	112.95	-5	11.74
2823	112.99	-4.99	11.74
2824	113.03	-4.99	11.73
2825	113.07	-4.98	11.72
2826	113.11	-4.98	11.72
2827	113.15	-4.99	11.72
2828	113.19	-4.98	11.72
2829	113.23	-4.99	11.72
2830	113.27	-4.98	11.72
2831	113.31	-4.98	11.71
2832	113.35	-4.98	11.71
2833	113.39	-4.98	11.72
2834	113.43	-4.99	11.72
2835	113.47	-4.99	11.72
2836	113.51	-5	11.71
2837	113.55	-5	11.71
2838	113.59	-5	11.71
2839	113.63	-5.01	11.71
2840	113.67	-5.01	11.71
2841	113.71	-5.01	11.71
2842	113.75	-5.02	11.71
2843	113.79	-5.02	11.71
2844	113.83	-5.03	11.71
2845	113.87	-5.02	11.71
2846	113.91	-5.01	11.71
2847	113.95	-5.02	11.7
2848	113.99	-5	11.69
2849	114.03	-5.01	11.69
2850	114.07	-5.02	11.68
2851	114.11	-5.03	11.67
2852	114.15	-5.03	11.68
2853	114.19	-5.01	11.67
2854	114.23	-5	11.66
2855	114.27	-4.97	11.65
2856	114.31	-4.97	11.62
2857	114.35	-4.97	11.61
2858	114.39	-4.98	11.59
2859	114.43	-4.98	11.58
2860	114.47	-4.98	11.57
2861	114.51	-4.98	11.56
2862	114.55	-4.98	11.56
2863	114.59	-4.99	11.56
2864	114.63	-4.99	11.57
2865	114.67	-4.99	11.58
2866	114.71	-4.99	11.58
2867	114.75	-4.99	11.57
2868	114.79	-4.99	11.57
2869	114.83	-4.99	11.56
2870	114.87	-5	11.56
2871	114.91	-5	11.56
2872	114.95	-5.01	11.56
2873	114.99	-5.02	11.56
2874	115.03	-5.03	11.56
2875	115.07	-5.03	11.55
2876	115.11	-5.03	11.55
2877	115.15	-5.03	11.54
2878	115.19	-5.03	11.54
2879	115.23	-5.03	11.54
2880	115.27	-5.03	11.54
2881	115.31	-5.02	11.54
2882	115.35	-5.02	11.54
2883	115.39	-5.04	11.53
2884	115.43	-5.04	11.53
2885	115.47	-5.05	11.53
2886	115.51	-5.05	11.53
2887	115.55	-5.05	11.52
2888	115.59	-5.06	11.51
2889	115.63	-5.07	11.5
2890	115.67	-5.08	11.5
2891	115.71	-5.09	11.49
2892	115.75	-5.11	11.49
2893	115.79	-5.12	11.48
2894	115.83	-5.13	11.48
2895	115.87	-5.13	11.48
2896	115.91	-5.12	11.49
2897	115.95	-5.12	11.49
2898	115.99	-5.12	11.5
2899	116.03	-5.12	11.51
2900	116.07	-5.11	11.51
2901	116.11	-5.11	11.51
2902	116.15	-5.12	11.51
2903	116.19	-5.12	11.5
2904	116.23	-5.13	11.49
2905	116.27	-5.13	11.49
2906	116.31	-5.13	11.5
2907	116.35	-5.13	11.5
2908	116.39	-5.14	11.5
2909	116.43	-5.14	11.5
2910	116.47	-5.16	11.5
2911	116.51	-5.16	11.5
2912	116.55	-5.14	11.5
2913	116.59	-5.13	11.51
2914	116.63	-5.11	11.5
2915	116.67	-5.11	11.5
2916	116.71	-5.11	11.5
2917	116.75	-5.11	11.49
2918	116.79	-5.09	11.49
2919	116.83	-5.08	11.46
2920	116.87	-5.05	11.43
2921	116.91	-5.03	11.39
2922	116.95	-5.03	11.35
2923	116.99	-5.03	11.35
2924	117.03	-5.03	11.36
2925	117.07	-5.05	11.37
2926	117.11	-5.06	11.4
2927	117.15	-5.1	11.41
2928	117.19	-5.13	11.42
2929	117.23	-5.15	11.44
2930	117.27	-5.17	11.44
2931	117.31	-5.18	11.45
2932	117.35	-5.19	11.44
2933	117.39	-5.21	11.44
2934	117.43	-5.23	11.43
2935	117.47	-5.24	11.43
2936	117.51	-5.26	11.43
2937	117.55	-5.26	11.43
2938	117.59	-5.28	11.43
2939	117.63	-5.28	11.44
2940	117.67	-5.28	11.45
2941	117.71	-5.26	11.47
2942	117.75	-5.25	11.5
2943	117.79	-5.27	11.51
2944	117.83	-5.26	11.53
2945	117.87	-5.28	11.54
2946	117.91	-5.31	11.56
2947	117.95	-5.33	11.57
2948	117.99	-5.37	11.57
2949	118.03	-5.39	11.58
2950	118.07	-5.41	11.59
2951	118.11	-5.42	11.62
2952	118.15	-5.43	11.64
2953	118.19	-5.44	11.67
2954	118.23	-5.45	11.7
2955	118.27	-5.47	11.73
2956	118.31	-5.5	11.75
2957	118.35	-5.52	11.76
2958	118.39	-5.54	11.8
2959	118.43	-5.57	11.82
2960	118.47	-5.59	11.85
2961	118.51	-5.62	11.9
2962	118.55	-5.67	11.95
2963	118.59	-5.74	12.05
2964	118.63	-5.82	12.2
2965	118.67	-5.9	12.41
2966	118.71	-5.98	12.67
2967	118.75	-6.04	12.93
2968	118.79	-6.09	13.16
2969	118.83	-6.14	13.35
2970	118.87	-6.18	13.5
2971	118.91	-6.21	13.61
2972	118.95	-6.24	13.68
2973	118.99	-6.25	13.74
2974	119.03	-6.27	13.78
2975	119.07	-6.3	13.82
2976	119.11	-6.32	13.87
2977	119.15	-6.34	13.92
2978	119.19	-6.36	14.01
2979	119.23	-6.38	14.11
2980	119.27	-6.41	14.22
2981	119.31	-6.47	14.32
2982	119.35	-6.56	14.43
2983	119.39	-6.66	14.53
2984	119.43	-6.78	14.67
2985	119.47	-6.91	14.81
2986	119.51	-6.98	14.89
2987	119.55	-7.05	14.95
