1	0.06	-5.9	2.16
2	0.1	-5.93	2.21
3	0.14	-6.03	2.16
4	0.18	-6.1	2.13
5	0.22	-6.17	2.12
6	0.26	-6.21	2.08
7	0.3	-6.24	2.05
8	0.34	-6.29	2.06
9	0.38	-6.32	2.06
10	0.42	-6.31	2.05
11	0.52	-6.33	2.09
12	0.55	-6.35	2.12
13	0.58	-6.37	2.16
14	0.62	-6.47	2.22
15	0.66	-6.54	2.21
16	0.7	-6.64	2.22
17	0.74	-6.74	2.21
18	0.78	-6.78	2.24
19	0.82	-6.86	2.26
20	0.86	-6.95	2.24
21	0.9	-7.05	2.19
22	0.94	-7.21	2.1
23	0.98	-7.35	2.02
24	1.02	-7.43	1.94
25	1.06	-7.49	1.87
26	1.1	-7.54	1.81
27	1.14	-7.58	1.75
28	1.18	-7.66	1.7
29	1.22	-7.75	1.66
30	1.26	-7.84	1.64
31	1.3	-7.89	1.63
32	1.34	-7.92	1.62
33	1.38	-7.98	1.62
34	1.42	-8.05	1.62
35	1.46	-8.15	1.63
36	1.5	-8.26	1.63
37	1.54	-8.35	1.62
38	1.58	-8.42	1.6
39	1.62	-8.49	1.59
40	1.66	-8.54	1.59
41	1.7	-8.61	1.58
42	1.74	-8.71	1.56
43	1.78	-8.85	1.51
44	1.82	-9.02	1.45
45	1.86	-9.17	1.39
46	1.9	-9.28	1.33
47	1.94	-9.38	1.29
48	1.98	-9.47	1.26
49	2.02	-9.57	1.23
50	2.06	-9.7	1.19
51	2.1	-9.84	1.15
52	2.14	-9.97	1.1
53	2.18	-10.12	1.05
54	2.22	-10.25	1.02
55	2.26	-10.38	1.01
56	2.3	-10.49	1
57	2.34	-10.6	1.02
58	2.38	-10.7	1.03
59	2.42	-10.78	1.06
60	2.46	-10.87	1.09
61	2.5	-10.95	1.12
62	2.54	-11.03	1.16
63	2.58	-11.12	1.19
64	2.62	-11.18	1.21
65	2.66	-11.23	1.23
66	2.7	-11.3	1.24
67	2.74	-11.35	1.25
68	2.78	-11.45	1.27
69	2.82	-11.57	1.28
70	2.86	-11.65	1.28
71	2.9	-11.73	1.28
72	2.94	-11.83	1.27
73	2.98	-11.94	1.24
74	3.02	-12.08	1.19
75	3.06	-12.24	1.12
76	3.1	-12.36	1.05
77	3.14	-12.45	0.98
78	3.18	-12.5	0.92
79	3.22	-12.54	0.87
80	3.26	-12.6	0.82
81	3.3	-12.69	0.79
82	3.34	-12.78	0.75
83	3.38	-12.85	0.71
84	3.42	-12.9	0.7
85	3.46	-12.94	0.7
86	3.66	-12.95	0.7
87	3.7	-12.97	0.7
88	3.74	-12.98	0.7
89	3.78	-12.99	0.69
90	3.82	-13.01	0.69
91	3.86	-13.01	0.69
92	3.9	-12.99	0.68
93	3.94	-12.98	0.68
94	3.98	-12.96	0.67
95	4.02	-12.96	0.67
96	4.06	-12.97	0.68
97	4.1	-12.97	0.68
98	4.14	-12.98	0.69
99	4.18	-12.99	0.7
100	4.22	-13	0.71
101	4.26	-12.98	0.72
102	4.3	-12.99	0.73
103	4.34	-12.98	0.73
104	4.38	-12.97	0.74
105	4.42	-12.98	0.73
106	4.46	-12.98	0.74
107	4.5	-12.97	0.74
108	4.54	-12.98	0.75
109	4.58	-12.98	0.77
110	4.62	-12.98	0.77
111	4.66	-12.99	0.78
112	4.7	-12.99	0.79
113	4.74	-13	0.79
114	4.78	-13	0.8
115	4.82	-12.99	0.79
116	4.86	-12.98	0.78
117	4.9	-12.97	0.78
118	4.94	-12.96	0.77
119	4.98	-12.97	0.77
120	5.02	-12.97	0.76
121	5.06	-12.98	0.76
122	5.1	-12.99	0.76
123	5.14	-12.99	0.75
124	5.18	-12.99	0.75
125	5.22	-12.99	0.74
126	5.26	-12.98	0.73
127	5.3	-12.99	0.73
128	5.34	-13	0.73
129	5.38	-13	0.72
130	5.42	-13.01	0.72
131	5.46	-13.01	0.71
132	5.5	-13.01	0.71
133	5.54	-13.02	0.7
134	5.58	-13.03	0.71
135	5.62	-13.02	0.7
136	5.66	-13.02	0.7
137	5.7	-13.01	0.7
138	5.74	-13	0.69
139	5.78	-12.99	0.69
140	5.82	-12.98	0.68
141	5.86	-12.97	0.68
142	5.9	-12.96	0.67
143	5.94	-12.96	0.66
144	5.98	-12.96	0.66
145	6.02	-12.95	0.66
146	6.06	-12.96	0.66
147	6.1	-12.96	0.66
148	6.14	-12.95	0.65
149	6.18	-12.94	0.64
150	6.22	-12.91	0.63
151	6.26	-12.87	0.61
152	6.3	-12.82	0.6
153	6.34	-12.79	0.59
154	6.38	-12.77	0.58
155	6.42	-12.78	0.58
156	6.46	-12.81	0.59
157	6.5	-12.82	0.6
158	6.54	-12.83	0.6
159	6.58	-12.83	0.59
160	6.62	-12.81	0.59
161	6.66	-12.82	0.57
162	6.7	-12.83	0.57
163	6.74	-12.84	0.57
164	6.78	-12.87	0.57
165	6.82	-12.91	0.58
166	6.86	-12.93	0.57
167	6.9	-12.95	0.55
168	6.94	-12.95	0.49
169	6.98	-12.94	0.43
170	7.02	-12.94	0.36
171	7.06	-12.93	0.28
172	7.1	-12.9	0.23
173	7.14	-12.87	0.16
174	7.18	-12.83	0.11
175	7.22	-12.8	0.07
176	7.26	-12.78	0.01
177	7.3	-12.74	-0.04
178	7.34	-12.71	-0.11
179	7.38	-12.68	-0.17
180	7.42	-12.66	-0.22
181	7.46	-12.66	-0.28
182	7.5	-12.68	-0.31
183	7.54	-12.71	-0.37
184	7.58	-12.73	-0.41
185	7.62	-12.76	-0.48
186	7.66	-12.8	-0.57
187	7.7	-12.82	-0.65
188	7.74	-12.83	-0.75
189	7.78	-12.83	-0.83
190	7.82	-12.84	-0.91
191	7.86	-12.83	-0.98
192	7.9	-12.84	-1.06
193	7.94	-12.85	-1.15
194	7.98	-12.85	-1.24
195	8.02	-12.86	-1.33
196	8.06	-12.89	-1.43
197	8.1	-12.92	-1.51
198	8.14	-12.98	-1.6
199	8.18	-13.02	-1.69
200	8.22	-13.05	-1.75
201	8.26	-13.08	-1.8
202	8.3	-13.11	-1.87
203	8.34	-13.15	-1.99
204	8.38	-13.19	-2.14
205	8.42	-13.23	-2.32
206	8.46	-13.27	-2.48
207	8.5	-13.31	-2.64
208	8.54	-13.36	-2.78
209	8.58	-13.41	-2.92
210	8.62	-13.48	-3.1
211	8.66	-13.53	-3.27
212	8.7	-13.58	-3.45
213	8.74	-13.61	-3.61
214	8.78	-13.62	-3.71
215	8.82	-13.63	-3.79
216	8.86	-13.64	-3.87
217	8.9	-13.65	-3.92
218	8.94	-13.67	-3.98
219	8.98	-13.72	-4.02
220	9.02	-13.77	-4.09
221	9.06	-13.84	-4.16
222	9.1	-13.92	-4.27
223	9.14	-13.99	-4.39
224	9.18	-14.07	-4.51
225	9.22	-14.14	-4.62
226	9.26	-14.2	-4.73
227	9.3	-14.25	-4.83
228	9.34	-14.3	-4.94
229	9.38	-14.33	-5.04
230	9.42	-14.38	-5.12
231	9.46	-14.43	-5.21
232	9.5	-14.44	-5.32
233	9.54	-14.45	-5.46
234	9.58	-14.42	-5.59
235	9.62	-14.36	-5.71
236	9.66	-14.31	-5.81
237	9.7	-14.24	-5.9
238	9.74	-14.17	-6.01
239	9.78	-14.11	-6.1
240	9.82	-14.08	-6.2
241	9.86	-14.07	-6.29
242	9.9	-14.08	-6.37
243	9.94	-14.09	-6.45
244	9.98	-14.1	-6.48
245	10.02	-14.11	-6.49
246	10.06	-14.12	-6.52
247	10.1	-14.14	-6.53
248	10.14	-14.15	-6.57
249	10.18	-14.17	-6.6
250	10.22	-14.17	-6.61
251	10.26	-14.19	-6.62
252	10.3	-14.2	-6.62
253	10.34	-14.21	-6.6
254	10.38	-14.23	-6.59
255	10.42	-14.23	-6.56
256	10.46	-14.24	-6.53
257	10.5	-14.25	-6.49
258	10.54	-14.26	-6.45
259	10.58	-14.27	-6.42
260	10.62	-14.27	-6.4
261	10.66	-14.28	-6.39
262	10.7	-14.29	-6.4
263	10.74	-14.32	-6.4
264	10.78	-14.35	-6.42
265	10.82	-14.39	-6.44
266	10.86	-14.42	-6.46
267	10.9	-14.46	-6.48
268	10.94	-14.49	-6.49
269	10.98	-14.51	-6.5
270	11.02	-14.54	-6.51
271	11.06	-14.56	-6.52
272	11.1	-14.56	-6.53
273	11.14	-14.56	-6.52
274	11.18	-14.56	-6.52
275	11.22	-14.56	-6.52
276	11.26	-14.56	-6.52
277	11.3	-14.57	-6.52
278	11.34	-14.57	-6.53
279	11.38	-14.57	-6.52
280	11.42	-14.57	-6.52
281	11.46	-14.58	-6.52
282	11.5	-14.58	-6.5
283	11.54	-14.58	-6.5
284	11.58	-14.57	-6.49
285	11.62	-14.57	-6.5
286	11.66	-14.57	-6.51
287	11.7	-14.57	-6.51
288	11.74	-14.57	-6.52
289	11.78	-14.57	-6.51
290	11.82	-14.57	-6.5
291	11.86	-14.57	-6.51
292	11.9	-14.57	-6.52
293	11.94	-14.58	-6.53
294	11.98	-14.57	-6.54
295	12.02	-14.57	-6.53
296	12.06	-14.57	-6.54
297	12.1	-14.57	-6.53
298	12.14	-14.57	-6.52
299	12.18	-14.56	-6.53
300	12.22	-14.53	-6.52
301	12.26	-14.5	-6.52
302	12.3	-14.49	-6.53
303	12.34	-14.47	-6.53
304	12.38	-14.45	-6.53
305	12.42	-14.43	-6.54
306	12.46	-14.41	-6.53
307	12.5	-14.39	-6.52
308	12.54	-14.37	-6.53
309	12.58	-14.35	-6.52
310	12.62	-14.34	-6.51
311	12.66	-14.33	-6.51
312	12.7	-14.31	-6.5
313	12.74	-14.3	-6.49
314	12.78	-14.29	-6.48
315	12.82	-14.28	-6.47
316	12.86	-14.26	-6.46
317	12.9	-14.25	-6.42
318	12.94	-14.23	-6.38
319	12.98	-14.21	-6.33
320	13.02	-14.19	-6.28
321	13.06	-14.17	-6.26
322	13.1	-14.16	-6.25
323	13.14	-14.15	-6.27
324	13.18	-14.15	-6.27
325	13.22	-14.15	-6.29
326	13.26	-14.15	-6.3
327	13.3	-14.13	-6.28
328	13.34	-14.12	-6.28
329	13.38	-14.09	-6.29
330	13.42	-14.07	-6.29
331	13.46	-14.05	-6.33
332	13.5	-14.03	-6.36
333	13.54	-14	-6.37
334	13.58	-13.98	-6.4
335	13.62	-13.95	-6.42
336	13.66	-13.91	-6.45
337	13.7	-13.88	-6.47
338	13.74	-13.85	-6.49
339	13.78	-13.81	-6.5
340	13.82	-13.79	-6.51
341	13.86	-13.78	-6.54
342	13.9	-13.78	-6.57
343	13.94	-13.8	-6.6
344	13.98	-13.83	-6.65
345	14.02	-13.83	-6.72
346	14.06	-13.82	-6.79
347	14.1	-13.8	-6.86
348	14.14	-13.72	-6.91
349	14.18	-13.65	-6.94
350	14.22	-13.56	-6.93
351	14.26	-13.45	-6.93
352	14.3	-13.33	-6.92
353	14.34	-13.2	-6.92
354	14.38	-13.07	-6.96
355	14.42	-12.95	-7.01
356	14.46	-12.88	-7.06
357	14.5	-12.82	-7.11
358	14.54	-12.8	-7.14
359	14.58	-12.75	-7.2
360	14.62	-12.66	-7.3
361	14.66	-12.57	-7.41
362	14.7	-12.44	-7.53
363	14.74	-12.32	-7.63
364	14.78	-12.21	-7.69
365	14.82	-12.1	-7.74
366	14.86	-12.01	-7.79
367	14.9	-11.91	-7.85
368	14.94	-11.83	-7.9
369	14.98	-11.76	-7.98
370	15.02	-11.67	-8.06
371	15.06	-11.59	-8.12
372	15.1	-11.49	-8.22
373	15.14	-11.4	-8.32
374	15.18	-11.3	-8.4
375	15.22	-11.21	-8.46
376	15.26	-11.14	-8.54
377	15.3	-11.08	-8.59
378	15.34	-11.06	-8.64
379	15.38	-11.05	-8.71
380	15.42	-11.06	-8.75
381	15.46	-11.07	-8.8
382	15.5	-11.05	-8.89
383	15.54	-11.03	-8.97
384	15.58	-10.99	-9.04
385	15.62	-10.94	-9.1
386	15.66	-10.89	-9.14
387	15.7	-10.84	-9.17
388	15.74	-10.8	-9.19
389	15.78	-10.74	-9.23
390	15.82	-10.67	-9.3
391	15.86	-10.62	-9.4
392	15.9	-10.55	-9.51
393	15.94	-10.49	-9.61
394	15.98	-10.4	-9.68
395	16.02	-10.26	-9.75
396	16.06	-10.06	-9.83
397	16.1	-9.84	-9.9
398	16.14	-9.62	-9.94
399	16.18	-9.44	-9.95
400	16.22	-9.32	-9.91
401	16.26	-9.21	-9.87
402	16.3	-9.1	-9.84
403	16.34	-9.01	-9.82
404	16.38	-8.94	-9.84
405	16.42	-8.86	-9.87
406	16.46	-8.78	-9.9
407	16.5	-8.71	-9.93
408	16.54	-8.6	-9.97
409	16.58	-8.53	-10.01
410	16.62	-8.46	-10.08
411	16.66	-8.38	-10.15
412	16.7	-8.34	-10.22
413	16.74	-8.3	-10.29
414	16.78	-8.28	-10.34
415	16.82	-8.27	-10.41
416	16.86	-8.25	-10.5
417	16.9	-8.2	-10.58
418	16.94	-8.17	-10.66
419	16.98	-8.16	-10.73
420	17.02	-8.14	-10.8
421	17.06	-8.12	-10.89
422	17.1	-8.05	-10.98
423	17.14	-7.94	-11.06
424	17.18	-7.82	-11.1
425	17.22	-7.69	-11.13
426	17.26	-7.58	-11.15
427	17.3	-7.47	-11.15
428	17.34	-7.36	-11.14
429	17.38	-7.24	-11.15
430	17.42	-7.12	-11.18
431	17.46	-7.01	-11.25
432	17.5	-6.9	-11.35
433	17.54	-6.83	-11.44
434	17.58	-6.76	-11.5
435	17.62	-6.72	-11.55
436	17.66	-6.66	-11.6
437	17.7	-6.63	-11.62
438	17.74	-6.59	-11.63
439	17.78	-6.54	-11.65
440	17.82	-6.49	-11.66
441	17.86	-6.42	-11.7
442	17.9	-6.36	-11.75
443	17.94	-6.32	-11.77
444	17.98	-6.3	-11.83
445	18.02	-6.27	-11.89
446	18.05	-6.23	-12.01
447	18.1	-6.17	-12.14
448	18.14	-6.11	-12.28
449	18.18	-6.04	-12.43
450	18.21	-5.98	-12.52
451	18.26	-5.92	-12.59
452	18.29	-5.86	-12.65
453	18.34	-5.78	-12.69
454	18.38	-5.69	-12.76
455	18.41	-5.63	-12.81
456	18.45	-5.56	-12.88
457	18.49	-5.51	-12.92
458	18.53	-5.47	-12.95
459	18.57	-5.4	-13.01
460	18.61	-5.33	-13.07
461	18.65	-5.26	-13.16
462	18.69	-5.2	-13.28
463	18.73	-5.13	-13.43
464	18.77	-5.06	-13.59
465	18.81	-5.02	-13.74
466	18.85	-5	-13.85
467	18.89	-5	-13.93
468	18.93	-4.98	-14.01
469	18.97	-4.95	-14.1
470	19.02	-4.89	-14.18
471	19.05	-4.83	-14.26
472	19.09	-4.78	-14.36
473	19.13	-4.71	-14.47
474	19.17	-4.65	-14.62
475	19.21	-4.57	-14.78
476	19.25	-4.5	-14.91
477	19.29	-4.43	-15.05
478	19.33	-4.36	-15.17
479	19.37	-4.26	-15.29
480	19.41	-4.15	-15.38
481	19.45	-4.05	-15.41
482	19.49	-3.95	-15.43
483	19.53	-3.86	-15.44
484	19.57	-3.77	-15.45
485	19.61	-3.7	-15.48
486	19.65	-3.64	-15.51
487	19.69	-3.61	-15.54
488	19.73	-3.58	-15.59
489	19.77	-3.55	-15.64
490	19.81	-3.51	-15.69
491	19.85	-3.46	-15.76
492	19.89	-3.42	-15.83
493	19.93	-3.38	-15.92
494	19.97	-3.35	-16.05
495	20.01	-3.32	-16.21
496	20.05	-3.3	-16.36
497	20.09	-3.29	-16.5
498	20.13	-3.31	-16.58
499	20.17	-3.32	-16.65
500	20.21	-3.34	-16.74
501	20.25	-3.37	-16.8
502	20.29	-3.36	-16.93
503	20.33	-3.35	-17.04
504	20.37	-3.32	-17.16
505	20.41	-3.26	-17.3
506	20.45	-3.19	-17.43
507	20.49	-3.09	-17.57
508	20.53	-2.97	-17.7
509	20.57	-2.84	-17.82
510	20.61	-2.71	-17.93
511	20.65	-2.58	-18.04
512	20.69	-2.43	-18.16
513	20.73	-2.26	-18.29
514	20.77	-2.12	-18.41
515	20.81	-2	-18.53
516	20.85	-1.9	-18.7
517	20.89	-1.85	-18.84
518	20.93	-1.8	-18.98
519	20.97	-1.74	-19.12
520	21.01	-1.7	-19.2
521	21.05	-1.64	-19.29
522	21.09	-1.56	-19.38
523	21.13	-1.42	-19.5
524	21.17	-1.25	-19.63
525	21.21	-1.08	-19.75
526	21.25	-0.94	-19.85
527	21.29	-0.83	-19.9
528	21.33	-0.76	-19.93
529	21.37	-0.7	-19.96
530	21.41	-0.64	-19.98
531	21.45	-0.55	-20.01
532	21.49	-0.48	-20.02
533	21.53	-0.39	-20.06
534	21.57	-0.27	-20.12
535	21.61	-0.18	-20.17
536	21.65	-0.07	-20.25
537	21.69	0.03	-20.33
538	21.73	0.11	-20.42
539	21.77	0.18	-20.5
540	21.81	0.25	-20.59
541	21.85	0.29	-20.67
542	21.89	0.33	-20.73
543	21.93	0.39	-20.77
544	21.97	0.47	-20.78
545	22.01	0.61	-20.79
546	22.05	0.78	-20.77
547	22.09	0.98	-20.74
548	22.13	1.16	-20.7
549	22.17	1.28	-20.64
550	22.21	1.41	-20.6
551	22.25	1.51	-20.56
552	22.29	1.63	-20.51
553	22.33	1.76	-20.49
554	22.37	1.86	-20.47
555	22.41	1.96	-20.5
556	22.45	2.04	-20.54
557	22.49	2.11	-20.58
558	22.53	2.17	-20.62
559	22.57	2.22	-20.63
560	22.61	2.29	-20.64
561	22.65	2.36	-20.65
562	22.69	2.4	-20.67
563	22.73	2.42	-20.68
564	22.77	2.41	-20.69
565	22.81	2.4	-20.71
566	22.85	2.43	-20.74
567	22.89	2.47	-20.75
568	22.93	2.52	-20.75
569	22.97	2.58	-20.74
570	23.01	2.59	-20.71
571	23.05	2.63	-20.7
572	23.09	2.67	-20.7
573	23.13	2.72	-20.71
574	23.17	2.79	-20.72
575	23.21	2.83	-20.72
576	23.25	2.87	-20.73
577	23.29	2.92	-20.73
578	23.33	2.98	-20.74
579	23.37	3.08	-20.75
580	23.41	3.16	-20.74
581	23.45	3.26	-20.74
582	23.49	3.34	-20.7
583	23.53	3.4	-20.65
584	23.57	3.48	-20.61
585	23.61	3.5	-20.56
586	23.65	3.54	-20.54
587	23.69	3.6	-20.55
588	23.73	3.67	-20.55
589	23.77	3.8	-20.56
590	23.81	3.94	-20.57
591	23.85	4.09	-20.61
592	23.89	4.22	-20.66
593	23.93	4.34	-20.71
594	23.97	4.43	-20.77
595	24.01	4.52	-20.81
596	24.05	4.65	-20.89
597	24.09	4.81	-20.97
598	24.13	4.97	-21.05
599	24.17	5.13	-21.12
600	24.21	5.26	-21.17
601	24.25	5.36	-21.22
602	24.29	5.48	-21.3
603	24.33	5.58	-21.37
604	24.37	5.7	-21.44
605	24.41	5.78	-21.47
606	24.45	5.87	-21.47
607	24.49	5.99	-21.46
608	24.53	6.13	-21.41
609	24.57	6.32	-21.38
610	24.61	6.49	-21.34
611	24.65	6.65	-21.31
612	24.69	6.76	-21.3
613	24.73	6.87	-21.26
614	24.77	7.01	-21.24
615	24.81	7.15	-21.22
616	24.85	7.32	-21.23
617	24.89	7.45	-21.27
618	24.93	7.58	-21.33
619	24.97	7.72	-21.4
620	25.01	7.82	-21.49
621	25.05	7.92	-21.59
622	25.09	7.98	-21.67
623	25.13	8.02	-21.75
624	25.17	8.06	-21.82
625	25.21	8.11	-21.88
626	25.25	8.15	-21.92
627	25.29	8.18	-21.96
628	25.33	8.2	-21.99
629	25.37	8.21	-22.01
630	25.41	8.23	-22.04
631	25.45	8.23	-22.08
632	25.49	8.24	-22.13
633	25.53	8.24	-22.17
634	25.57	8.23	-22.19
635	25.61	8.22	-22.22
636	25.65	8.2	-22.23
637	25.69	8.17	-22.24
638	25.73	8.15	-22.25
639	25.77	8.13	-22.23
640	25.81	8.13	-22.21
641	25.85	8.14	-22.19
642	25.89	8.15	-22.15
643	25.93	8.17	-22.12
644	25.97	8.17	-22.1
645	26.01	8.17	-22.07
646	26.05	8.2	-22.05
647	26.09	8.2	-22.04
648	26.13	8.24	-22.01
649	26.17	8.27	-21.98
650	26.21	8.29	-21.95
651	26.25	8.34	-21.92
652	26.29	8.33	-21.9
653	26.33	8.36	-21.87
654	26.37	8.37	-21.84
655	26.41	8.38	-21.81
656	26.45	8.39	-21.79
657	26.49	8.41	-21.76
658	26.53	8.41	-21.74
659	26.57	8.4	-21.73
660	26.61	8.4	-21.73
661	26.65	8.39	-21.73
662	26.69	8.38	-21.73
663	26.73	8.39	-21.72
664	26.77	8.39	-21.71
665	26.81	8.37	-21.7
666	26.85	8.35	-21.69
667	26.89	8.31	-21.68
668	26.93	8.29	-21.67
669	26.97	8.29	-21.67
670	27.01	8.28	-21.66
671	27.05	8.28	-21.66
672	27.09	8.27	-21.65
673	27.13	8.29	-21.65
674	27.17	8.29	-21.65
675	27.21	8.29	-21.64
676	27.25	8.3	-21.64
677	27.29	8.29	-21.64
678	27.33	8.29	-21.64
679	27.37	8.3	-21.63
680	27.41	8.3	-21.63
681	27.45	8.29	-21.63
682	27.49	8.29	-21.63
683	27.53	8.28	-21.63
684	27.57	8.28	-21.63
685	27.61	8.27	-21.63
686	27.65	8.27	-21.63
687	27.69	8.27	-21.62
688	27.73	8.27	-21.62
689	27.77	8.28	-21.62
690	27.81	8.28	-21.62
691	27.85	8.28	-21.62
692	27.89	8.27	-21.62
693	27.93	8.27	-21.62
694	27.97	8.27	-21.62
695	28.01	8.27	-21.63
696	28.05	8.26	-21.63
697	28.09	8.28	-21.63
698	28.13	8.28	-21.63
699	28.17	8.28	-21.63
700	28.21	8.29	-21.63
701	28.25	8.28	-21.62
702	28.29	8.28	-21.62
703	28.33	8.28	-21.62
704	28.37	8.28	-21.62
705	28.41	8.27	-21.62
706	28.45	8.26	-21.62
707	28.49	8.26	-21.62
708	28.53	8.26	-21.62
709	28.57	8.27	-21.62
710	28.61	8.29	-21.61
711	28.65	8.28	-21.61
712	28.69	8.28	-21.61
713	28.73	8.27	-21.6
714	28.77	8.26	-21.6
715	28.81	8.26	-21.59
716	28.85	8.26	-21.59
717	28.89	8.26	-21.59
718	28.93	8.26	-21.6
719	28.97	8.27	-21.6
720	29.01	8.27	-21.6
721	29.05	8.27	-21.6
722	29.09	8.28	-21.6
723	29.13	8.27	-21.6
724	29.17	8.27	-21.61
725	29.21	8.27	-21.61
726	29.25	8.26	-21.61
727	29.29	8.27	-21.61
728	29.33	8.25	-21.6
729	29.37	8.25	-21.61
730	29.41	8.25	-21.6
731	29.45	8.25	-21.6
732	29.49	8.25	-21.61
733	29.53	8.24	-21.62
734	29.57	8.21	-21.63
735	29.61	8.17	-21.64
736	29.65	8.13	-21.64
737	29.69	8.08	-21.64
738	29.73	8.04	-21.63
739	29.77	8.01	-21.64
740	29.81	7.99	-21.64
741	29.85	7.99	-21.64
742	29.89	7.96	-21.64
743	29.93	7.95	-21.64
744	29.97	7.94	-21.64
745	30.01	7.92	-21.63
746	30.05	7.92	-21.63
747	30.09	7.9	-21.62
748	30.13	7.89	-21.62
749	30.17	7.88	-21.61
750	30.21	7.87	-21.59
751	30.25	7.86	-21.56
752	30.29	7.85	-21.55
753	30.33	7.83	-21.53
754	30.37	7.81	-21.5
755	30.41	7.8	-21.47
756	30.45	7.8	-21.45
757	30.49	7.78	-21.43
758	30.53	7.76	-21.42
759	30.57	7.75	-21.42
760	30.61	7.73	-21.41
761	30.65	7.73	-21.41
762	30.69	7.73	-21.4
763	30.73	7.71	-21.38
764	30.77	7.7	-21.34
765	30.81	7.68	-21.33
766	30.85	7.66	-21.31
767	30.89	7.65	-21.29
768	30.93	7.65	-21.28
769	30.97	7.64	-21.28
770	31.01	7.63	-21.29
771	31.05	7.62	-21.33
772	31.09	7.6	-21.35
773	31.13	7.6	-21.35
774	31.17	7.61	-21.31
775	31.21	7.6	-21.28
776	31.25	7.59	-21.24
777	31.29	7.54	-21.21
778	31.33	7.49	-21.21
779	31.37	7.45	-21.2
780	31.41	7.4	-21.21
781	31.45	7.36	-21.2
782	31.49	7.32	-21.19
783	31.53	7.29	-21.17
784	31.57	7.26	-21.13
785	31.61	7.23	-21.1
786	31.65	7.2	-21.06
787	31.69	7.17	-21.02
788	31.73	7.15	-21
789	31.77	7.15	-20.96
790	31.81	7.15	-20.92
791	31.85	7.16	-20.9
792	31.89	7.16	-20.87
793	31.93	7.15	-20.86
794	31.97	7.15	-20.85
795	32.01	7.16	-20.83
796	32.05	7.17	-20.81
797	32.09	7.17	-20.8
798	32.13	7.17	-20.79
799	32.17	7.17	-20.79
800	32.21	7.16	-20.8
801	32.25	7.16	-20.8
802	32.29	7.16	-20.8
803	32.33	7.15	-20.8
804	32.37	7.16	-20.79
805	32.41	7.15	-20.79
806	32.45	7.15	-20.8
807	32.49	7.15	-20.8
808	32.53	7.13	-20.82
809	32.57	7.11	-20.88
810	32.61	7.07	-20.95
811	32.65	7.04	-21.03
812	32.69	7.01	-21.1
813	32.73	7	-21.13
814	32.77	7	-21.15
815	32.81	6.99	-21.17
816	32.85	6.99	-21.19
817	32.89	6.99	-21.2
818	32.93	6.99	-21.22
819	32.97	7	-21.23
820	33.01	6.99	-21.24
821	33.05	6.99	-21.24
822	33.09	6.98	-21.25
823	33.13	6.98	-21.26
824	33.17	6.99	-21.28
825	33.21	7	-21.29
826	33.25	7.01	-21.29
827	33.29	7.03	-21.3
828	33.33	7.03	-21.3
829	33.37	7.04	-21.31
830	33.41	7.05	-21.32
831	33.45	7.06	-21.32
832	33.49	7.09	-21.33
833	33.53	7.12	-21.34
834	33.57	7.14	-21.35
835	33.61	7.19	-21.36
836	33.65	7.21	-21.37
837	33.69	7.25	-21.37
838	33.73	7.3	-21.37
839	33.77	7.34	-21.39
840	33.81	7.39	-21.42
841	33.85	7.44	-21.44
842	33.89	7.49	-21.47
843	33.93	7.58	-21.5
844	33.97	7.65	-21.52
845	34.01	7.73	-21.54
846	34.05	7.79	-21.54
847	34.09	7.84	-21.52
848	34.13	7.88	-21.5
849	34.17	7.89	-21.48
850	34.21	7.96	-21.44
851	34.25	8.01	-21.4
852	34.29	8.06	-21.35
853	34.33	8.13	-21.31
854	34.37	8.19	-21.29
855	34.41	8.23	-21.32
856	34.45	8.33	-21.36
857	34.49	8.42	-21.4
858	34.53	8.48	-21.46
859	34.57	8.55	-21.49
860	34.61	8.58	-21.54
861	34.65	8.61	-21.58
862	34.69	8.63	-21.61
863	34.73	8.66	-21.64
864	34.77	8.71	-21.66
865	34.81	8.78	-21.68
866	34.85	8.87	-21.7
867	34.89	8.97	-21.73
868	34.93	9.02	-21.76
869	34.97	9.07	-21.79
870	35.01	9.11	-21.83
871	35.05	9.19	-21.88
872	35.09	9.27	-21.93
873	35.13	9.35	-21.96
874	35.17	9.41	-21.98
875	35.21	9.45	-21.99
876	35.25	9.51	-22.01
877	35.29	9.59	-22.04
878	35.33	9.66	-22.08
879	35.37	9.73	-22.11
880	35.41	9.78	-22.15
881	35.45	9.83	-22.17
882	35.49	9.91	-22.19
883	35.53	10.02	-22.22
884	35.57	10.14	-22.22
885	35.61	10.27	-22.24
886	35.65	10.37	-22.24
887	35.69	10.43	-22.19
888	35.77	10.49	-22.12
889	35.81	10.57	-22.05
890	35.85	10.65	-22.01
891	35.89	10.79	-21.98
892	35.93	10.92	-21.98
893	35.97	11.06	-21.96
894	36.01	11.22	-21.96
895	36.05	11.34	-21.97
896	36.09	11.43	-21.99
897	36.13	11.5	-22.03
898	36.17	11.57	-22.08
899	36.21	11.65	-22.14
900	36.25	11.74	-22.21
901	36.29	11.81	-22.3
902	36.33	11.85	-22.38
903	36.37	11.9	-22.46
904	36.41	11.94	-22.53
905	36.45	11.98	-22.61
906	36.49	12.05	-22.67
907	36.53	12.1	-22.73
908	36.57	12.17	-22.8
909	36.61	12.25	-22.88
910	36.65	12.32	-22.94
911	36.69	12.39	-23
912	36.73	12.44	-23.04
913	36.77	12.49	-23.08
914	36.81	12.54	-23.13
915	36.85	12.59	-23.17
916	36.89	12.67	-23.2
917	36.93	12.77	-23.22
918	36.97	12.89	-23.22
919	37.01	13.01	-23.21
920	37.05	13.12	-23.2
921	37.09	13.22	-23.18
922	37.13	13.32	-23.17
923	37.17	13.42	-23.17
924	37.21	13.48	-23.16
925	37.25	13.54	-23.15
926	37.29	13.55	-23.13
927	37.33	13.55	-23.12
928	37.37	13.54	-23.1
929	37.41	13.51	-23.09
930	37.45	13.49	-23.08
931	37.49	13.48	-23.09
932	37.53	13.46	-23.09
933	37.57	13.44	-23.09
934	37.61	13.43	-23.1
935	37.65	13.4	-23.1
936	37.69	13.39	-23.1
937	37.73	13.41	-23.1
938	37.77	13.44	-23.09
939	37.81	13.49	-23.08
940	37.85	13.55	-23.08
941	37.89	13.58	-23.08
942	37.93	13.63	-23.09
943	37.97	13.66	-23.09
944	38.01	13.69	-23.09
945	38.05	13.71	-23.08
946	38.09	13.73	-23.08
947	38.13	13.76	-23.1
948	38.17	13.77	-23.1
949	38.21	13.78	-23.1
950	38.28	13.79	-23.11
951	38.31	13.8	-23.11
952	38.34	13.82	-23.12
953	38.37	13.86	-23.12
954	38.41	13.88	-23.11
955	38.45	13.89	-23.1
956	38.49	13.89	-23.08
957	38.53	13.89	-23.07
958	38.57	13.91	-23.07
959	38.62	13.92	-23.06
960	38.65	13.94	-23.06
961	38.69	13.94	-23.07
962	38.73	13.94	-23.07
963	38.77	13.93	-23.07
964	38.81	13.92	-23.08
965	38.85	13.9	-23.07
966	38.89	13.9	-23.08
967	38.93	13.89	-23.08
968	38.97	13.89	-23.08
969	39.01	13.9	-23.09
970	39.05	13.9	-23.08
971	39.09	13.89	-23.07
972	39.13	13.89	-23.07
973	39.17	13.9	-23.08
974	39.21	13.9	-23.08
975	39.25	13.91	-23.09
976	39.29	13.9	-23.09
977	39.33	13.89	-23.07
978	39.37	13.89	-23.07
979	39.41	13.89	-23.07
980	39.45	13.9	-23.06
981	39.49	13.91	-23.05
982	39.53	13.91	-23.05
983	39.57	13.91	-23.04
984	39.61	13.91	-23.04
985	39.65	13.91	-23.05
986	39.69	13.91	-23.05
987	39.73	13.91	-23.05
988	39.77	13.91	-23.06
989	39.81	13.9	-23.06
990	39.85	13.9	-23.06
991	39.89	13.89	-23.06
992	39.93	13.88	-23.05
993	39.97	13.87	-23.05
994	40.01	13.88	-23.05
995	40.05	13.89	-23.05
996	40.09	13.88	-23.06
997	40.13	13.89	-23.07
998	40.17	13.88	-23.06
999	40.21	13.86	-23.05
1000	40.25	13.83	-23.03
1001	40.29	13.8	-23.02
1002	40.33	13.77	-23.02
1003	40.41	13.75	-23.02
1004	40.45	13.72	-23.01
1005	40.49	13.69	-23
1006	40.53	13.66	-23
1007	40.57	13.63	-22.99
1008	40.61	13.61	-22.98
1009	40.65	13.57	-22.98
1010	40.69	13.54	-22.97
1011	40.73	13.5	-22.95
1012	40.77	13.47	-22.95
1013	40.81	13.44	-22.94
1014	40.85	13.41	-22.93
1015	40.89	13.38	-22.93
1016	40.93	13.35	-22.93
1017	40.97	13.31	-22.94
1018	41.01	13.27	-22.95
1019	41.05	13.22	-22.94
1020	41.09	13.17	-22.91
1021	41.13	13.12	-22.9
1022	41.17	13.07	-22.88
1023	41.21	13.02	-22.9
1024	41.25	12.98	-22.91
1025	41.29	12.95	-22.91
1026	41.33	12.93	-22.89
1027	41.37	12.93	-22.86
1028	41.5	12.9	-22.86
1029	41.53	12.88	-22.88
1030	41.57	12.84	-22.91
1031	41.61	12.81	-22.93
1032	41.65	12.79	-22.93
1033	41.69	12.77	-22.9
1034	41.73	12.74	-22.88
1035	41.77	12.68	-22.85
1036	41.81	12.61	-22.82
1037	41.85	12.53	-22.81
1038	41.89	12.45	-22.79
1039	41.93	12.39	-22.78
1040	41.97	12.36	-22.78
1041	42.01	12.35	-22.78
1042	42.05	12.35	-22.79
1043	42.09	12.36	-22.79
1044	42.13	12.37	-22.78
1045	42.17	12.38	-22.77
1046	42.21	12.38	-22.76
1047	42.25	12.4	-22.74
1048	42.29	12.43	-22.73
1049	42.33	12.45	-22.72
1050	42.37	12.47	-22.73
1051	42.41	12.49	-22.73
1052	42.45	12.48	-22.71
1053	42.49	12.49	-22.7
1054	42.53	12.49	-22.7
1055	42.57	12.51	-22.7
1056	42.61	12.52	-22.71
1057	42.65	12.52	-22.71
1058	42.69	12.52	-22.7
1059	42.73	12.52	-22.67
1060	42.77	12.52	-22.65
1061	42.81	12.53	-22.62
1062	42.85	12.54	-22.61
1063	42.89	12.54	-22.59
1064	42.93	12.55	-22.57
1065	42.97	12.56	-22.56
1066	43.01	12.57	-22.55
1067	43.05	12.6	-22.53
1068	43.09	12.62	-22.52
1069	43.13	12.65	-22.51
1070	43.17	12.68	-22.49
1071	43.21	12.7	-22.48
1072	43.25	12.73	-22.48
1073	43.29	12.76	-22.48
1074	43.33	12.8	-22.48
1075	43.37	12.84	-22.49
1076	43.41	12.86	-22.48
1077	43.45	12.89	-22.48
1078	43.49	12.91	-22.49
1079	43.53	12.94	-22.51
1080	43.57	12.98	-22.53
1081	43.61	13.01	-22.55
1082	43.65	13.04	-22.56
1083	43.69	13.07	-22.58
1084	43.73	13.15	-22.59
1085	43.77	13.22	-22.59
1086	43.81	13.31	-22.6
1087	43.85	13.39	-22.6
1088	43.89	13.43	-22.59
1089	43.93	13.48	-22.59
1090	43.97	13.53	-22.57
1091	44.01	13.6	-22.55
1092	44.05	13.69	-22.55
1093	44.09	13.75	-22.58
1094	44.13	13.8	-22.61
1095	44.17	13.85	-22.67
1096	44.21	13.88	-22.72
1097	44.25	13.93	-22.78
1098	44.29	13.97	-22.83
1099	44.33	14	-22.88
1100	44.37	14.02	-22.92
1101	44.41	14.03	-22.95
1102	44.45	14.07	-22.99
1103	44.49	14.09	-23.02
1104	44.53	14.13	-23.06
1105	44.57	14.17	-23.1
1106	44.61	14.2	-23.13
1107	44.65	14.25	-23.17
1108	44.69	14.3	-23.18
1109	44.73	14.36	-23.21
1110	44.77	14.42	-23.26
1111	44.81	14.48	-23.29
1112	44.85	14.55	-23.34
1113	44.89	14.6	-23.39
1114	44.93	14.67	-23.43
1115	44.97	14.74	-23.48
1116	45.01	14.86	-23.52
1117	45.05	14.97	-23.54
1118	45.09	15.05	-23.56
1119	45.13	15.1	-23.57
1120	45.17	15.11	-23.58
1121	45.21	15.13	-23.59
1122	45.25	15.17	-23.59
1123	45.29	15.22	-23.6
1124	45.33	15.25	-23.6
1125	45.37	15.27	-23.6
1126	45.41	15.3	-23.63
1127	45.45	15.31	-23.64
1128	45.49	15.34	-23.67
1129	45.53	15.36	-23.7
1130	45.57	15.38	-23.72
1131	45.61	15.4	-23.75
1132	45.65	15.42	-23.75
1133	45.69	15.44	-23.76
1134	45.73	15.47	-23.76
1135	45.77	15.5	-23.76
1136	45.81	15.52	-23.74
1137	45.85	15.54	-23.74
1138	45.89	15.56	-23.73
1139	45.93	15.59	-23.71
1140	45.97	15.62	-23.71
1141	46.01	15.67	-23.69
1142	46.05	15.68	-23.69
1143	46.09	15.7	-23.68
1144	46.13	15.71	-23.67
1145	46.17	15.71	-23.66
1146	46.21	15.74	-23.65
1147	46.25	15.76	-23.64
1148	46.29	15.78	-23.63
1149	46.33	15.79	-23.63
1150	46.37	15.8	-23.63
1151	46.41	15.81	-23.63
1152	46.45	15.81	-23.63
1153	46.49	15.79	-23.62
1154	46.53	15.8	-23.62
1155	46.57	15.8	-23.61
1156	46.61	15.79	-23.59
1157	46.65	15.8	-23.58
1158	46.69	15.79	-23.57
1159	46.73	15.79	-23.57
1160	46.77	15.8	-23.56
1161	46.81	15.8	-23.55
1162	46.85	15.81	-23.53
1163	46.89	15.8	-23.53
1164	46.93	15.8	-23.51
1165	46.97	15.81	-23.5
1166	47.01	15.81	-23.49
1167	47.05	15.82	-23.48
1168	47.09	15.82	-23.46
1169	47.13	15.8	-23.45
1170	47.17	15.77	-23.45
1171	47.21	15.75	-23.45
1172	47.25	15.72	-23.45
1173	47.29	15.72	-23.44
1174	47.33	15.74	-23.43
1175	47.37	15.75	-23.42
1176	47.41	15.77	-23.41
1177	47.45	15.77	-23.41
1178	47.49	15.77	-23.41
1179	47.53	15.77	-23.41
1180	47.57	15.77	-23.41
1181	47.61	15.78	-23.41
1182	47.65	15.79	-23.41
1183	47.69	15.8	-23.41
1184	47.73	15.82	-23.41
1185	47.77	15.83	-23.41
1186	47.81	15.85	-23.41
1187	47.85	15.86	-23.42
1188	47.89	15.86	-23.42
1189	47.93	15.87	-23.44
1190	47.97	15.87	-23.46
1191	48.01	15.88	-23.48
1192	48.05	15.87	-23.5
1193	48.09	15.87	-23.52
1194	48.13	15.86	-23.54
1195	48.17	15.86	-23.56
1196	48.21	15.85	-23.58
1197	48.25	15.84	-23.59
1198	48.29	15.83	-23.61
1199	48.35	15.82	-23.63
1200	48.38	15.82	-23.64
1201	48.41	15.81	-23.65
1202	48.45	15.8	-23.66
1203	48.49	15.8	-23.67
1204	48.53	15.81	-23.69
1205	48.57	15.81	-23.7
1206	48.61	15.83	-23.72
1207	48.65	15.85	-23.73
1208	48.69	15.87	-23.74
1209	48.73	15.89	-23.76
1210	48.77	15.91	-23.77
1211	48.81	15.92	-23.78
1212	48.85	15.93	-23.78
1213	48.89	15.93	-23.77
1214	48.93	15.93	-23.77
1215	48.97	15.92	-23.77
1216	49.01	15.93	-23.77
1217	49.05	15.96	-23.78
1218	49.09	15.95	-23.78
1219	49.13	16.01	-23.79
1220	49.17	16.02	-23.78
1221	49.21	16.05	-23.78
1222	49.25	16.09	-23.79
1223	49.29	16.11	-23.79
1224	49.33	16.12	-23.79
1225	49.37	16.14	-23.8
1226	49.41	16.17	-23.8
1227	49.45	16.19	-23.8
1228	49.49	16.17	-23.8
1229	49.53	16.19	-23.8
1230	49.57	16.18	-23.81
1231	49.61	16.18	-23.81
1232	49.65	16.26	-23.8
1233	49.69	16.27	-23.8
1234	49.73	16.27	-23.79
1235	49.77	16.28	-23.79
1236	49.81	16.24	-23.78
1237	49.85	16.22	-23.78
1238	49.89	16.24	-23.78
1239	49.93	16.24	-23.78
1240	49.97	16.26	-23.78
1241	50.01	16.26	-23.79
1242	50.05	16.26	-23.79
1243	50.09	16.25	-23.8
1244	50.13	16.26	-23.8
1245	50.17	16.26	-23.8
1246	50.21	16.26	-23.8
1247	50.25	16.26	-23.8
1248	50.29	16.27	-23.8
1249	50.33	16.28	-23.8
1250	50.37	16.29	-23.79
1251	50.41	16.27	-23.78
1252	50.45	16.25	-23.77
1253	50.49	16.25	-23.75
1254	50.53	16.24	-23.74
1255	50.57	16.26	-23.73
1256	50.61	16.27	-23.71
1257	50.65	16.27	-23.7
1258	50.69	16.29	-23.67
1259	50.73	16.3	-23.64
1260	50.78	16.3	-23.61
1261	50.84	16.29	-23.57
1262	50.89	16.3	-23.53
1263	50.93	16.31	-23.5
1264	50.97	16.31	-23.46
1265	51.01	16.32	-23.43
1266	51.05	16.31	-23.41
1267	51.09	16.29	-23.39
1268	51.13	16.27	-23.37
1269	51.17	16.22	-23.36
1270	51.21	16.16	-23.35
1271	51.25	16.12	-23.34
1272	51.29	16.09	-23.33
1273	51.33	16.09	-23.33
1274	51.37	16.1	-23.33
1275	51.41	16.1	-23.34
1276	51.45	16.09	-23.35
1277	51.49	16.1	-23.36
1278	51.53	16.11	-23.37
1279	51.57	16.12	-23.37
1280	51.61	16.15	-23.37
1281	51.65	16.16	-23.37
1282	51.69	16.16	-23.36
1283	51.73	16.16	-23.35
1284	51.77	16.19	-23.33
1285	51.81	16.21	-23.31
1286	51.85	16.23	-23.3
1287	51.89	16.25	-23.29
1288	51.93	16.27	-23.29
1289	51.97	16.3	-23.3
1290	52.01	16.32	-23.31
1291	52.05	16.35	-23.33
1292	52.09	16.35	-23.36
1293	52.13	16.36	-23.37
1294	52.17	16.4	-23.38
1295	52.21	16.43	-23.38
1296	52.25	16.46	-23.39
1297	52.29	16.47	-23.4
1298	52.33	16.46	-23.41
1299	52.37	16.45	-23.43
1300	52.41	16.43	-23.45
1301	52.45	16.45	-23.47
1302	52.49	16.46	-23.49
1303	52.53	16.48	-23.51
1304	52.57	16.48	-23.54
1305	52.61	16.48	-23.56
1306	52.65	16.47	-23.58
1307	52.69	16.45	-23.6
1308	52.73	16.45	-23.6
1309	52.77	16.44	-23.62
1310	52.81	16.42	-23.63
1311	52.85	16.42	-23.63
1312	52.89	16.42	-23.64
1313	52.93	16.42	-23.63
1314	52.97	16.45	-23.63
1315	53.01	16.45	-23.63
1316	53.05	16.46	-23.63
1317	53.09	16.46	-23.63
1318	53.13	16.45	-23.65
1319	53.17	16.44	-23.66
1320	53.21	16.43	-23.68
1321	53.25	16.41	-23.69
1322	53.29	16.4	-23.69
1323	53.33	16.4	-23.7
1324	53.37	16.39	-23.7
1325	53.41	16.4	-23.71
1326	53.45	16.39	-23.71
1327	53.49	16.39	-23.71
1328	53.53	16.38	-23.71
1329	53.57	16.37	-23.73
1330	53.61	16.36	-23.74
1331	53.65	16.36	-23.75
1332	53.69	16.38	-23.76
1333	53.73	16.36	-23.77
1334	53.77	16.36	-23.78
1335	53.81	16.34	-23.79
1336	53.85	16.32	-23.79
1337	53.89	16.31	-23.79
1338	53.93	16.3	-23.79
1339	53.97	16.29	-23.79
1340	54.01	16.27	-23.8
1341	54.05	16.25	-23.82
1342	54.09	16.22	-23.84
1343	54.13	16.18	-23.85
1344	54.17	16.15	-23.86
1345	54.21	16.11	-23.86
1346	54.25	16.08	-23.85
1347	54.29	16.06	-23.85
1348	54.33	16.02	-23.85
1349	54.37	16	-23.86
1350	54.41	15.97	-23.85
1351	54.45	15.92	-23.84
1352	54.49	15.88	-23.84
1353	54.53	15.84	-23.84
1354	54.57	15.8	-23.85
1355	54.61	15.79	-23.85
1356	54.65	15.79	-23.84
1357	54.69	15.78	-23.84
1358	54.73	15.79	-23.84
1359	54.77	15.79	-23.86
1360	54.9	15.79	-23.86
1361	54.93	15.78	-23.87
1362	54.97	15.76	-23.87
1363	55.01	15.73	-23.86
1364	55.05	15.72	-23.87
1365	55.09	15.71	-23.87
1366	55.13	15.7	-23.86
1367	55.17	15.71	-23.86
1368	55.21	15.7	-23.85
1369	55.25	15.69	-23.84
1370	55.29	15.69	-23.84
1371	55.33	15.67	-23.85
1372	55.37	15.64	-23.86
1373	55.41	15.62	-23.88
1374	55.45	15.59	-23.88
1375	55.49	15.59	-23.86
1376	55.53	15.6	-23.83
1377	55.57	15.6	-23.8
1378	55.61	15.6	-23.78
1379	55.65	15.58	-23.78
1380	55.69	15.56	-23.78
1381	55.73	15.56	-23.78
1382	55.77	15.56	-23.77
1383	55.81	15.55	-23.76
1384	55.85	15.54	-23.76
1385	55.89	15.55	-23.75
1386	55.93	15.55	-23.74
1387	55.97	15.56	-23.72
1388	56.01	15.6	-23.69
1389	56.05	15.61	-23.67
1390	56.08	15.64	-23.65
1391	56.13	15.66	-23.63
1392	56.16	15.7	-23.62
1393	56.2	15.73	-23.6
1394	56.24	15.77	-23.58
1395	56.29	15.81	-23.56
1396	56.32	15.86	-23.52
1397	56.36	15.9	-23.51
1398	56.4	15.93	-23.5
1399	56.44	15.96	-23.49
1400	56.48	15.97	-23.49
1401	56.52	16.01	-23.49
1402	56.57	16.05	-23.49
1403	56.6	16.1	-23.51
1404	56.64	16.16	-23.52
1405	56.68	16.2	-23.53
1406	56.72	16.26	-23.53
1407	56.76	16.32	-23.52
1408	56.8	16.37	-23.51
1409	56.84	16.41	-23.51
1410	56.88	16.45	-23.51
1411	56.92	16.48	-23.52
1412	56.96	16.53	-23.52
1413	57	16.56	-23.53
1414	57.04	16.56	-23.52
1415	57.08	16.56	-23.52
1416	57.12	16.54	-23.53
1417	57.16	16.55	-23.51
1418	57.2	16.55	-23.5
1419	57.24	16.57	-23.49
1420	57.28	16.57	-23.48
1421	57.32	16.57	-23.47
1422	57.36	16.58	-23.45
1423	57.4	16.59	-23.44
1424	57.44	16.58	-23.44
1425	57.48	16.58	-23.45
1426	57.52	16.57	-23.44
1427	57.56	16.57	-23.44
1428	57.6	16.58	-23.42
1429	57.64	16.6	-23.4
1430	57.68	16.6	-23.4
1431	57.72	16.6	-23.38
1432	57.76	16.6	-23.37
1433	57.8	16.59	-23.38
1434	57.84	16.59	-23.39
1435	57.88	16.58	-23.39
1436	57.92	16.58	-23.4
1437	57.96	16.57	-23.4
1438	58	16.56	-23.39
1439	58.04	16.54	-23.4
1440	58.08	16.52	-23.4
1441	58.12	16.5	-23.38
1442	58.16	16.49	-23.38
1443	58.2	16.49	-23.36
1444	58.24	16.48	-23.35
1445	58.28	16.48	-23.34
1446	58.32	16.46	-23.33
1447	58.36	16.44	-23.33
1448	58.4	16.45	-23.33
1449	58.44	16.43	-23.33
1450	58.48	16.43	-23.33
1451	58.52	16.44	-23.32
1452	58.56	16.43	-23.33
1453	58.6	16.43	-23.32
1454	58.64	16.43	-23.31
1455	58.68	16.42	-23.31
1456	58.72	16.41	-23.3
1457	58.76	16.4	-23.32
1458	58.8	16.38	-23.33
1459	58.84	16.36	-23.34
1460	58.88	16.34	-23.34
1461	58.92	16.32	-23.33
1462	58.96	16.29	-23.31
1463	59	16.28	-23.25
1464	59.04	16.27	-23.19
1465	59.08	16.25	-23.12
1466	59.12	16.24	-23.06
1467	59.16	16.21	-23.02
1468	59.2	16.17	-22.99
1469	59.24	16.14	-22.96
1470	59.28	16.09	-22.93
1471	59.32	16.04	-22.91
1472	59.36	16.01	-22.88
1473	59.4	15.98	-22.85
1474	59.44	15.95	-22.83
1475	59.48	15.92	-22.8
1476	59.52	15.88	-22.78
1477	59.56	15.85	-22.75
1478	59.6	15.81	-22.73
1479	59.64	15.76	-22.68
1480	59.68	15.72	-22.65
1481	59.72	15.68	-22.61
1482	59.76	15.65	-22.59
1483	59.8	15.65	-22.57
1484	59.84	15.65	-22.55
1485	59.88	15.65	-22.52
1486	59.92	15.65	-22.44
1487	59.96	15.62	-22.36
1488	60	15.6	-22.27
1489	60.04	15.55	-22.18
1490	60.08	15.5	-22.13
1491	60.12	15.46	-22.08
1492	60.16	15.41	-22.05
1493	60.2	15.36	-22.04
1494	60.24	15.32	-21.99
1495	60.28	15.28	-21.93
1496	60.32	15.24	-21.86
1497	60.36	15.22	-21.78
1498	60.4	15.19	-21.73
1499	60.44	15.16	-21.7
1500	60.48	15.13	-21.68
1501	60.52	15.11	-21.64
1502	60.56	15.09	-21.59
1503	60.6	15.07	-21.54
1504	60.64	15.06	-21.49
1505	60.68	15.04	-21.45
1506	60.72	15.03	-21.43
1507	60.76	15.02	-21.4
1508	60.8	15.01	-21.38
1509	60.84	15	-21.37
1510	60.88	15	-21.34
1511	60.92	15.01	-21.31
1512	60.96	15	-21.27
1513	61	14.98	-21.18
1514	61.04	14.95	-21.1
1515	61.08	14.91	-21.02
1516	61.12	14.89	-20.94
1517	61.16	14.87	-20.91
1518	61.2	14.87	-20.88
1519	61.24	14.86	-20.87
1520	61.28	14.85	-20.85
1521	61.32	14.86	-20.8
1522	61.36	14.88	-20.73
1523	61.4	14.89	-20.66
1524	61.44	14.91	-20.58
1525	61.48	14.92	-20.53
1526	61.52	14.91	-20.49
1527	61.56	14.89	-20.44
1528	61.6	14.86	-20.4
1529	61.64	14.85	-20.35
1530	61.68	14.84	-20.31
1531	61.72	14.83	-20.27
1532	61.76	14.82	-20.23
1533	61.8	14.83	-20.19
1534	61.84	14.84	-20.16
1535	61.88	14.85	-20.13
1536	61.92	14.87	-20.08
1537	61.96	14.89	-20.04
1538	62	14.91	-19.99
1539	62.04	14.93	-19.96
1540	62.08	14.96	-19.92
1541	62.12	14.97	-19.9
1542	62.16	14.98	-19.89
1543	62.2	15	-19.89
1544	62.24	15.01	-19.89
1545	62.28	15.02	-19.88
1546	62.32	15.02	-19.87
1547	62.36	15.03	-19.88
1548	62.4	15.03	-19.91
1549	62.44	15.04	-19.93
1550	62.48	15.06	-19.95
1551	62.52	15.06	-19.99
1552	62.56	15.08	-20.03
1553	62.6	15.09	-20.06
1554	62.64	15.09	-20.07
1555	62.68	15.1	-20.06
1556	62.72	15.11	-20.05
1557	62.76	15.11	-20.04
1558	62.8	15.12	-20.05
1559	62.84	15.12	-20.04
1560	62.88	15.13	-20.04
1561	62.92	15.15	-20.04
1562	62.96	15.17	-20.02
1563	63	15.18	-20.02
1564	63.04	15.2	-20
1565	63.08	15.21	-19.99
1566	63.12	15.21	-19.98
1567	63.16	15.22	-19.98
1568	63.2	15.23	-19.98
1569	63.24	15.24	-19.96
1570	63.28	15.24	-19.97
1571	63.32	15.24	-19.97
1572	63.36	15.22	-19.98
1573	63.4	15.21	-20
1574	63.44	15.2	-20
1575	63.48	15.2	-19.99
1576	63.52	15.19	-20
1577	63.56	15.18	-19.98
1578	63.6	15.17	-19.98
1579	63.64	15.14	-19.98
1580	63.68	15.13	-19.97
1581	63.72	15.12	-19.98
1582	63.76	15.1	-19.99
1583	63.8	15.09	-20
1584	63.84	15.08	-20
1585	63.88	15.06	-20
1586	63.92	15.06	-19.99
1587	63.96	15.06	-19.97
1588	64	15.05	-19.97
1589	64.04	15.05	-19.95
1590	64.08	15.05	-19.95
1591	64.12	15.05	-19.95
1592	64.16	15.05	-19.94
1593	64.2	15.05	-19.93
1594	64.24	15.05	-19.92
1595	64.28	15.04	-19.91
1596	64.32	15.03	-19.92
1597	64.36	15	-19.94
1598	64.4	14.96	-20.01
1599	64.44	14.92	-20.07
1600	64.48	14.88	-20.13
1601	64.52	14.85	-20.2
1602	64.56	14.83	-20.21
1603	64.6	14.82	-20.21
1604	64.64	14.8	-20.21
1605	64.68	14.79	-20.21
1606	64.72	14.78	-20.21
1607	64.76	14.77	-20.24
1608	64.8	14.76	-20.25
1609	64.84	14.76	-20.26
1610	64.88	14.76	-20.28
1611	64.92	14.75	-20.29
1612	64.96	14.76	-20.32
1613	65	14.76	-20.36
1614	65.04	14.76	-20.39
1615	65.08	14.76	-20.4
1616	65.12	14.75	-20.42
1617	65.16	14.75	-20.4
1618	65.2	14.73	-20.37
1619	65.24	14.71	-20.36
1620	65.28	14.68	-20.34
1621	65.32	14.65	-20.33
1622	65.36	14.63	-20.34
1623	65.4	14.6	-20.35
1624	65.44	14.56	-20.4
1625	65.48	14.49	-20.43
1626	65.52	14.4	-20.48
1627	65.56	14.31	-20.5
1628	65.6	14.24	-20.52
1629	65.64	14.19	-20.54
1630	65.68	14.13	-20.56
1631	65.72	14.08	-20.59
1632	65.76	14.03	-20.63
1633	65.8	13.97	-20.68
1634	65.84	13.91	-20.74
1635	65.88	13.86	-20.78
1636	65.92	13.81	-20.8
1637	65.96	13.76	-20.79
1638	66	13.71	-20.77
1639	66.04	13.65	-20.76
1640	66.08	13.6	-20.74
1641	66.12	13.56	-20.73
1642	66.16	13.54	-20.73
1643	66.2	13.52	-20.73
1644	66.24	13.5	-20.74
1645	66.28	13.47	-20.76
1646	66.32	13.4	-20.77
1647	66.36	13.32	-20.79
1648	66.4	13.23	-20.8
1649	66.44	13.15	-20.81
1650	66.48	13.08	-20.81
1651	66.52	13.02	-20.82
1652	66.56	12.95	-20.84
1653	66.6	12.84	-20.83
1654	66.64	12.74	-20.85
1655	66.68	12.65	-20.86
1656	66.72	12.56	-20.86
1657	66.76	12.49	-20.86
1658	66.8	12.45	-20.86
1659	66.84	12.4	-20.84
1660	66.88	12.36	-20.83
1661	66.92	12.35	-20.83
1662	66.96	12.33	-20.82
1663	67	12.32	-20.82
1664	67.04	12.3	-20.82
1665	67.08	12.25	-20.81
1666	67.12	12.2	-20.8
1667	67.16	12.17	-20.81
1668	67.2	12.11	-20.82
1669	67.24	12.06	-20.85
1670	67.28	11.98	-20.88
1671	67.32	11.91	-20.91
1672	67.36	11.87	-20.92
1673	67.4	11.82	-20.93
1674	67.44	11.76	-20.94
1675	67.48	11.7	-20.98
1676	67.52	11.61	-21.04
1677	67.56	11.5	-21.1
1678	67.6	11.43	-21.15
1679	67.64	11.36	-21.18
1680	67.68	11.32	-21.21
1681	67.72	11.31	-21.24
1682	67.76	11.26	-21.27
1683	67.8	11.19	-21.31
1684	67.84	11.1	-21.35
1685	67.88	10.99	-21.39
1686	67.92	10.89	-21.42
1687	67.96	10.8	-21.47
1688	68	10.75	-21.51
1689	68.04	10.72	-21.54
1690	68.08	10.7	-21.59
1691	68.12	10.68	-21.61
1692	68.16	10.66	-21.61
1693	68.2	10.63	-21.61
1694	68.24	10.63	-21.59
1695	68.28	10.63	-21.58
1696	68.32	10.59	-21.6
1697	68.36	10.54	-21.65
1698	68.4	10.46	-21.71
1699	68.44	10.38	-21.79
1700	68.48	10.31	-21.87
1701	68.52	10.26	-21.96
1702	68.56	10.2	-22.06
1703	68.6	10.14	-22.15
1704	68.64	10.09	-22.24
1705	68.68	10.02	-22.31
1706	68.72	9.99	-22.37
1707	68.76	10.01	-22.39
1708	68.8	10.01	-22.4
1709	68.84	9.99	-22.43
1710	68.88	9.96	-22.47
1711	68.92	9.87	-22.54
1712	68.96	9.79	-22.63
1713	69	9.74	-22.72
1714	69.04	9.69	-22.77
1715	69.08	9.65	-22.83
1716	69.12	9.6	-22.85
1717	69.16	9.57	-22.85
1718	69.2	9.56	-22.85
1719	69.24	9.55	-22.82
1720	69.28	9.56	-22.79
1721	69.32	9.58	-22.77
1722	69.36	9.58	-22.76
1723	69.4	9.57	-22.76
1724	69.44	9.57	-22.75
1725	69.48	9.57	-22.73
1726	69.52	9.56	-22.71
1727	69.56	9.56	-22.69
1728	69.6	9.57	-22.69
1729	69.64	9.55	-22.71
1730	69.68	9.56	-22.74
1731	69.72	9.57	-22.8
1732	69.76	9.58	-22.85
1733	69.8	9.58	-22.92
1734	69.84	9.59	-22.97
1735	69.88	9.61	-23.01
1736	69.92	9.61	-23.03
1737	69.96	9.62	-23.05
1738	70	9.61	-23.05
1739	70.04	9.59	-23.06
1740	70.08	9.6	-23.06
1741	70.12	9.59	-23.06
1742	70.16	9.59	-23.07
1743	70.2	9.6	-23.07
1744	70.24	9.59	-23.07
1745	70.28	9.59	-23.08
1746	70.32	9.57	-23.09
1747	70.36	9.57	-23.09
1748	70.4	9.58	-23.09
1749	70.44	9.57	-23.09
1750	70.48	9.57	-23.08
1751	70.52	9.55	-23.08
1752	70.56	9.55	-23.08
1753	70.6	9.54	-23.09
1754	70.64	9.53	-23.1
1755	70.68	9.53	-23.11
1756	70.72	9.52	-23.12
1757	70.76	9.51	-23.13
1758	70.8	9.49	-23.13
1759	70.84	9.48	-23.13
1760	70.88	9.47	-23.14
1761	70.92	9.46	-23.13
1762	70.96	9.47	-23.13
1763	71	9.48	-23.13
1764	71.04	9.47	-23.13
1765	71.08	9.47	-23.13
1766	71.12	9.48	-23.13
1767	71.16	9.49	-23.13
1768	71.2	9.5	-23.13
1769	71.24	9.51	-23.13
1770	71.28	9.51	-23.13
1771	71.32	9.52	-23.12
1772	71.36	9.53	-23.11
1773	71.4	9.55	-23.11
1774	71.44	9.56	-23.1
1775	71.48	9.58	-23.1
1776	71.52	9.6	-23.1
1777	71.56	9.63	-23.1
1778	71.6	9.65	-23.1
1779	71.64	9.65	-23.1
1780	71.68	9.67	-23.09
1781	71.72	9.67	-23.1
1782	71.76	9.71	-23.11
1783	71.8	9.77	-23.12
1784	71.84	9.81	-23.13
1785	71.88	9.85	-23.13
1786	71.92	9.85	-23.13
1787	71.96	9.85	-23.12
1788	72	9.85	-23.13
1789	72.04	9.85	-23.14
1790	72.08	9.87	-23.16
1791	72.12	9.88	-23.18
1792	72.16	9.91	-23.19
1793	72.2	9.94	-23.21
1794	72.24	9.95	-23.21
1795	72.28	9.96	-23.22
1796	72.32	9.96	-23.23
1797	72.36	9.97	-23.24
1798	72.4	9.99	-23.26
1799	72.44	10.01	-23.28
1800	72.48	10.05	-23.29
1801	72.52	10.07	-23.3
1802	72.56	10.08	-23.3
1803	72.6	10.1	-23.29
1804	72.64	10.1	-23.29
1805	72.68	10.11	-23.27
1806	72.72	10.13	-23.27
1807	72.76	10.14	-23.28
1808	72.8	10.13	-23.3
1809	72.84	10.11	-23.34
1810	72.88	10.09	-23.37
1811	72.92	10.06	-23.39
1812	72.96	10.04	-23.41
1813	73	10	-23.42
1814	73.04	9.95	-23.43
1815	73.08	9.91	-23.46
1816	73.12	9.87	-23.49
1817	73.16	9.84	-23.51
1818	73.2	9.82	-23.52
1819	73.24	9.79	-23.51
1820	73.28	9.78	-23.51
1821	73.32	9.77	-23.5
1822	73.36	9.77	-23.5
1823	73.4	9.77	-23.5
1824	73.44	9.75	-23.49
1825	73.48	9.75	-23.49
1826	73.52	9.75	-23.48
1827	73.56	9.75	-23.48
1828	73.6	9.76	-23.49
1829	73.64	9.76	-23.49
1830	73.68	9.76	-23.5
1831	73.72	9.77	-23.5
1832	73.76	9.77	-23.5
1833	73.8	9.77	-23.5
1834	73.84	9.77	-23.51
1835	73.88	9.78	-23.51
1836	73.92	9.78	-23.51
1837	73.96	9.79	-23.52
1838	74	9.79	-23.52
1839	74.04	9.79	-23.52
1840	74.08	9.8	-23.53
1841	74.12	9.8	-23.54
1842	74.16	9.8	-23.54
1843	74.2	9.81	-23.54
1844	74.24	9.81	-23.55
1845	74.28	9.81	-23.54
1846	74.32	9.82	-23.55
1847	74.36	9.82	-23.55
1848	74.4	9.83	-23.54
1849	74.44	9.82	-23.55
1850	74.48	9.82	-23.55
1851	74.52	9.83	-23.55
1852	74.56	9.83	-23.55
1853	74.6	9.84	-23.55
1854	74.64	9.84	-23.55
1855	74.68	9.84	-23.55
1856	74.72	9.84	-23.55
1857	74.76	9.83	-23.56
1858	74.8	9.82	-23.56
1859	74.84	9.82	-23.56
1860	74.88	9.83	-23.56
1861	74.92	9.84	-23.56
1862	74.96	9.86	-23.58
1863	75	9.88	-23.58
1864	75.04	9.9	-23.59
1865	75.08	9.9	-23.58
1866	75.12	9.89	-23.57
1867	75.16	9.88	-23.56
1868	75.2	9.86	-23.55
1869	75.24	9.86	-23.55
1870	75.28	9.86	-23.54
1871	75.32	9.86	-23.54
1872	75.36	9.85	-23.54
1873	75.4	9.85	-23.55
1874	75.44	9.87	-23.56
1875	75.48	9.9	-23.57
1876	75.52	9.94	-23.57
1877	75.56	9.96	-23.56
1878	75.6	9.97	-23.54
1879	75.64	9.97	-23.53
1880	75.68	9.98	-23.53
1881	75.72	10	-23.54
1882	75.76	10.03	-23.55
1883	75.8	10.06	-23.56
1884	75.84	10.08	-23.57
1885	75.88	10.1	-23.56
1886	75.92	10.09	-23.56
1887	75.96	10.09	-23.56
1888	76	10.09	-23.55
1889	76.04	10.09	-23.56
1890	76.08	10.1	-23.57
1891	76.12	10.09	-23.58
1892	76.16	10.07	-23.59
1893	76.2	10.08	-23.59
1894	76.24	10.09	-23.6
1895	76.28	10.1	-23.62
1896	76.32	10.12	-23.64
1897	76.36	10.13	-23.66
1898	76.4	10.12	-23.67
1899	76.44	10.12	-23.67
1900	76.48	10.12	-23.67
1901	76.52	10.12	-23.67
1902	76.56	10.13	-23.69
1903	76.6	10.13	-23.7
1904	76.64	10.14	-23.72
1905	76.68	10.14	-23.73
1906	76.72	10.15	-23.73
1907	76.76	10.17	-23.74
1908	76.8	10.16	-23.74
1909	76.84	10.17	-23.74
1910	76.88	10.17	-23.75
1911	76.92	10.16	-23.75
1912	76.96	10.16	-23.76
1913	77	10.15	-23.76
1914	77.04	10.14	-23.76
1915	77.08	10.14	-23.75
1916	77.12	10.14	-23.75
1917	77.16	10.15	-23.73
1918	77.2	10.16	-23.71
1919	77.24	10.15	-23.7
1920	77.28	10.16	-23.69
1921	77.32	10.15	-23.69
1922	77.36	10.13	-23.69
1923	77.4	10.12	-23.7
1924	77.44	10.09	-23.69
1925	77.48	10.07	-23.69
1926	77.52	10.05	-23.67
1927	77.56	10.04	-23.66
1928	77.6	10.04	-23.66
1929	77.64	10.03	-23.65
1930	77.68	10.03	-23.66
1931	77.72	10.03	-23.67
1932	77.76	10.02	-23.68
1933	77.8	10.02	-23.68
1934	77.84	10.03	-23.68
1935	77.88	10.03	-23.68
1936	77.92	10.03	-23.67
1937	77.96	10.03	-23.68
1938	78	10.02	-23.68
1939	78.04	10.02	-23.68
1940	78.08	10.02	-23.68
1941	78.12	10.02	-23.68
1942	78.16	10.02	-23.67
1943	78.2	10.03	-23.68
1944	78.24	10.03	-23.68
1945	78.28	10.03	-23.68
1946	78.32	10.03	-23.68
1947	78.36	10.04	-23.68
1948	78.4	10.05	-23.67
1949	78.44	10.05	-23.67
1950	78.48	10.05	-23.68
1951	78.52	10.05	-23.68
1952	78.56	10.05	-23.68
1953	78.6	10.05	-23.68
1954	78.64	10.05	-23.67
1955	78.68	10.05	-23.66
1956	78.72	10.07	-23.66
1957	78.76	10.08	-23.65
1958	78.8	10.09	-23.64
1959	78.84	10.09	-23.64
1960	78.88	10.09	-23.64
1961	78.92	10.09	-23.62
1962	78.96	10.09	-23.61
1963	79	10.08	-23.61
1964	79.04	10.07	-23.6
1965	79.08	10.05	-23.6
1966	79.12	10.03	-23.59
1967	79.16	10.01	-23.59
1968	79.2	9.98	-23.59
1969	79.24	9.98	-23.57
1970	79.28	9.95	-23.56
1971	79.32	9.94	-23.55
1972	79.36	9.92	-23.52
1973	79.4	9.91	-23.49
1974	79.44	9.9	-23.46
1975	79.48	9.89	-23.43
1976	79.52	9.88	-23.4
1977	79.56	9.88	-23.39
1978	79.6	9.88	-23.37
1979	79.64	9.87	-23.36
1980	79.68	9.88	-23.36
1981	79.72	9.88	-23.36
1982	79.76	9.89	-23.36
1983	79.8	9.91	-23.37
1984	79.84	9.92	-23.38
1985	79.88	9.92	-23.37
1986	79.92	9.91	-23.36
1987	79.96	9.89	-23.36
1988	80	9.88	-23.35
1989	80.04	9.88	-23.34
1990	80.08	9.88	-23.34
1991	80.12	9.88	-23.34
1992	80.16	9.88	-23.33
1993	80.2	9.88	-23.33
1994	80.24	9.88	-23.32
1995	80.28	9.88	-23.33
1996	80.32	9.87	-23.33
1997	80.36	9.86	-23.32
1998	80.4	9.86	-23.32
1999	80.44	9.86	-23.31
2000	80.48	9.86	-23.31
2001	80.52	9.87	-23.32
2002	80.56	9.87	-23.32
2003	80.6	9.86	-23.32
2004	80.64	9.86	-23.33
2005	80.68	9.87	-23.32
2006	80.72	9.88	-23.32
2007	80.76	9.88	-23.32
2008	80.8	9.88	-23.32
2009	80.84	9.88	-23.32
2010	80.88	9.87	-23.32
2011	80.92	9.87	-23.32
2012	80.96	9.88	-23.33
2013	81	9.88	-23.32
2014	81.04	9.89	-23.33
2015	81.08	9.9	-23.34
2016	81.12	9.9	-23.34
2017	81.16	9.91	-23.34
2018	81.2	9.91	-23.34
2019	81.24	9.9	-23.34
2020	81.28	9.9	-23.34
2021	81.32	9.91	-23.35
2022	81.36	9.91	-23.35
2023	81.4	9.92	-23.35
2024	81.44	9.92	-23.36
2025	81.48	9.92	-23.36
2026	81.52	9.93	-23.36
2027	81.56	9.94	-23.36
2028	81.6	9.94	-23.35
2029	81.64	9.94	-23.35
2030	81.68	9.94	-23.35
2031	81.72	9.92	-23.35
2032	81.76	9.92	-23.36
2033	81.8	9.92	-23.36
2034	81.84	9.93	-23.36
2035	81.88	9.93	-23.37
2036	81.92	9.93	-23.37
2037	81.96	9.94	-23.36
2038	82	9.96	-23.37
2039	82.04	10	-23.4
2040	82.08	10.03	-23.44
2041	82.12	10.04	-23.49
2042	82.16	10.04	-23.53
2043	82.2	10.04	-23.57
2044	82.24	10.05	-23.6
2045	82.28	10.08	-23.62
2046	82.32	10.09	-23.64
2047	82.36	10.1	-23.65
2048	82.4	10.1	-23.66
2049	82.44	10.1	-23.66
2050	82.48	10.11	-23.65
2051	82.52	10.11	-23.65
2052	82.56	10.12	-23.65
2053	82.6	10.12	-23.66
2054	82.64	10.11	-23.66
2055	82.68	10.1	-23.66
2056	82.72	10.09	-23.66
2057	82.76	10.09	-23.66
2058	82.8	10.09	-23.67
2059	82.84	10.1	-23.68
2060	82.88	10.11	-23.7
2061	82.92	10.12	-23.72
2062	82.96	10.13	-23.73
2063	83	10.14	-23.73
2064	83.04	10.14	-23.73
2065	83.08	10.15	-23.73
2066	83.12	10.13	-23.73
2067	83.16	10.14	-23.73
2068	83.2	10.14	-23.74
2069	83.24	10.14	-23.74
2070	83.28	10.15	-23.74
2071	83.32	10.16	-23.75
2072	83.36	10.16	-23.76
2073	83.4	10.15	-23.77
2074	83.44	10.14	-23.77
2075	83.48	10.14	-23.77
2076	83.52	10.13	-23.77
2077	83.56	10.14	-23.77
2078	83.6	10.14	-23.77
2079	83.64	10.15	-23.76
2080	83.68	10.18	-23.77
2081	83.72	10.17	-23.77
2082	83.76	10.2	-23.77
2083	83.8	10.21	-23.77
2084	83.84	10.22	-23.77
2085	83.88	10.24	-23.76
2086	83.92	10.25	-23.76
2087	83.96	10.26	-23.77
2088	84	10.25	-23.77
2089	84.04	10.25	-23.78
2090	84.08	10.24	-23.79
2091	84.12	10.24	-23.8
2092	84.16	10.23	-23.8
2093	84.2	10.22	-23.81
2094	84.24	10.22	-23.82
2095	84.28	10.22	-23.82
2096	84.32	10.22	-23.82
2097	84.36	10.22	-23.82
2098	84.4	10.21	-23.82
2099	84.44	10.21	-23.83
2100	84.48	10.2	-23.83
2101	84.52	10.19	-23.83
2102	84.56	10.21	-23.82
2103	84.6	10.22	-23.81
2104	84.64	10.23	-23.8
2105	84.68	10.25	-23.79
2106	84.72	10.23	-23.8
2107	84.76	10.24	-23.79
2108	84.8	10.27	-23.78
2109	84.84	10.29	-23.76
2110	84.88	10.32	-23.74
2111	84.92	10.34	-23.73
2112	84.96	10.34	-23.73
2113	85	10.35	-23.73
2114	85.04	10.35	-23.7
2115	85.08	10.36	-23.68
2116	85.12	10.38	-23.64
2117	85.16	10.39	-23.61
2118	85.2	10.42	-23.6
2119	85.24	10.43	-23.61
2120	85.28	10.44	-23.62
2121	85.32	10.45	-23.63
2122	85.36	10.46	-23.65
2123	85.4	10.49	-23.65
2124	85.44	10.52	-23.66
2125	85.48	10.53	-23.66
2126	85.52	10.55	-23.66
2127	85.56	10.56	-23.65
2128	85.6	10.56	-23.65
2129	85.64	10.55	-23.66
2130	85.68	10.54	-23.66
2131	85.72	10.53	-23.67
2132	85.76	10.53	-23.68
2133	85.8	10.52	-23.68
2134	85.84	10.52	-23.68
2135	85.88	10.52	-23.67
2136	85.92	10.52	-23.67
2137	85.96	10.51	-23.67
2138	86	10.51	-23.67
2139	86.04	10.5	-23.65
2140	86.08	10.5	-23.62
2141	86.12	10.5	-23.6
2142	86.16	10.49	-23.58
2143	86.2	10.48	-23.57
2144	86.24	10.47	-23.57
2145	86.28	10.46	-23.57
2146	86.32	10.45	-23.57
2147	86.36	10.42	-23.57
2148	86.4	10.41	-23.57
2149	86.44	10.4	-23.57
2150	86.48	10.38	-23.58
2151	86.52	10.37	-23.57
2152	86.56	10.34	-23.55
2153	86.6	10.32	-23.53
2154	86.64	10.32	-23.51
2155	86.68	10.31	-23.5
2156	86.72	10.32	-23.5
2157	86.76	10.31	-23.5
2158	86.8	10.32	-23.49
2159	86.84	10.31	-23.49
2160	86.88	10.31	-23.5
2161	86.92	10.3	-23.5
2162	86.96	10.29	-23.5
2163	87	10.3	-23.5
2164	87.04	10.3	-23.5
2165	87.08	10.32	-23.5
2166	87.12	10.32	-23.5
2167	87.16	10.33	-23.49
2168	87.2	10.34	-23.49
2169	87.24	10.34	-23.48
2170	87.28	10.33	-23.48
2171	87.32	10.33	-23.48
2172	87.36	10.32	-23.48
2173	87.4	10.32	-23.48
2174	87.44	10.31	-23.49
2175	87.48	10.32	-23.49
2176	87.52	10.32	-23.5
2177	87.56	10.33	-23.49
2178	87.6	10.34	-23.47
2179	87.64	10.36	-23.47
2180	87.68	10.36	-23.47
2181	87.72	10.38	-23.48
2182	87.76	10.36	-23.49
2183	87.8	10.35	-23.5
2184	87.84	10.34	-23.51
2185	87.88	10.31	-23.51
2186	87.92	10.28	-23.52
2187	87.96	10.24	-23.51
2188	88	10.22	-23.5
2189	88.04	10.19	-23.48
2190	88.08	10.19	-23.47
2191	88.12	10.17	-23.46
2192	88.16	10.13	-23.43
2193	88.2	10.12	-23.41
2194	88.24	10.09	-23.38
2195	88.28	10.05	-23.35
2196	88.32	10.04	-23.33
2197	88.36	10.02	-23.32
2198	88.4	10	-23.29
2199	88.44	10	-23.28
2200	88.48	10	-23.28
2201	88.52	9.98	-23.27
2202	88.56	9.98	-23.26
2203	88.6	9.97	-23.24
2204	88.64	9.95	-23.21
2205	88.68	9.93	-23.17
2206	88.72	9.91	-23.13
2207	88.76	9.9	-23.07
2208	88.8	9.9	-23
2209	88.84	9.92	-22.94
2210	88.88	9.92	-22.87
2211	88.92	9.92	-22.8
2212	88.96	9.91	-22.74
2213	89	9.92	-22.69
2214	89.04	9.92	-22.64
2215	89.08	9.95	-22.61
2216	89.12	9.96	-22.57
2217	89.16	9.97	-22.53
2218	89.2	9.98	-22.5
2219	89.24	9.99	-22.47
2220	89.28	10.01	-22.46
2221	89.32	10.01	-22.46
2222	89.36	10	-22.44
2223	89.4	10	-22.43
2224	89.44	9.99	-22.41
2225	89.48	9.99	-22.39
2226	89.52	9.99	-22.37
2227	89.56	9.99	-22.35
2228	89.6	9.97	-22.32
2229	89.64	9.96	-22.32
2230	89.68	9.96	-22.32
2231	89.72	9.95	-22.31
2232	89.76	9.96	-22.33
2233	89.8	9.95	-22.32
2234	89.84	9.94	-22.3
2235	89.88	9.92	-22.28
2236	89.92	9.9	-22.25
2237	89.96	9.88	-22.22
2238	90.04	9.85	-22.22
2239	90.08	9.83	-22.2
2240	90.12	9.82	-22.21
2241	90.16	9.82	-22.21
2242	90.2	9.82	-22.2
2243	90.24	9.82	-22.2
2244	90.28	9.83	-22.2
2245	90.32	9.82	-22.2
2246	90.36	9.83	-22.21
2247	90.4	9.84	-22.22
2248	90.44	9.86	-22.24
2249	90.48	9.88	-22.26
2250	90.52	9.9	-22.28
2251	90.56	9.92	-22.3
2252	90.6	9.91	-22.3
2253	90.64	9.91	-22.31
2254	90.68	9.91	-22.31
2255	90.72	9.91	-22.32
2256	90.76	9.92	-22.32
2257	90.8	9.94	-22.35
2258	90.84	9.95	-22.35
2259	90.88	9.96	-22.36
2260	90.92	9.96	-22.37
2261	90.96	9.95	-22.37
2262	91	9.94	-22.37
2263	91.04	9.96	-22.38
2264	91.08	9.94	-22.37
2265	91.12	9.93	-22.36
2266	91.16	9.92	-22.35
2267	91.2	9.9	-22.35
2268	91.24	9.91	-22.35
2269	91.28	9.91	-22.36
2270	91.32	9.9	-22.37
2271	91.36	9.9	-22.36
2272	91.4	9.89	-22.35
2273	91.44	9.88	-22.33
2274	91.48	9.87	-22.32
2275	91.52	9.89	-22.34
2276	91.56	9.9	-22.35
2277	91.6	9.93	-22.38
2278	91.64	9.94	-22.39
2279	91.68	9.95	-22.4
2280	91.72	9.94	-22.4
2281	91.76	9.94	-22.4
2282	91.8	9.97	-22.42
2283	91.84	9.99	-22.44
2284	91.88	10.03	-22.49
2285	91.92	10.07	-22.55
2286	91.96	10.1	-22.6
2287	92	10.13	-22.65
2288	92.04	10.17	-22.71
2289	92.08	10.2	-22.74
2290	92.12	10.22	-22.77
2291	92.16	10.25	-22.79
2292	92.2	10.26	-22.8
2293	92.24	10.29	-22.83
2294	92.28	10.33	-22.87
2295	92.32	10.37	-22.9
2296	92.36	10.42	-22.93
2297	92.4	10.45	-22.95
2298	92.44	10.48	-22.96
2299	92.48	10.51	-22.99
2300	92.52	10.52	-22.99
2301	92.56	10.55	-22.99
2302	92.6	10.57	-22.99
2303	92.64	10.58	-22.99
2304	92.68	10.6	-22.99
2305	92.72	10.6	-22.98
2306	92.76	10.62	-22.97
2307	92.8	10.65	-22.95
2308	92.84	10.69	-22.92
2309	92.88	10.73	-22.91
2310	92.92	10.77	-22.91
2311	92.96	10.79	-22.9
2312	93	10.8	-22.9
2313	93.04	10.81	-22.91
2314	93.08	10.81	-22.92
2315	93.12	10.81	-22.95
2316	93.16	10.81	-22.98
2317	93.2	10.81	-23
2318	93.24	10.81	-23.01
2319	93.28	10.8	-23.01
2320	93.32	10.81	-23.01
2321	93.36	10.82	-23
2322	93.4	10.84	-22.99
2323	93.44	10.86	-22.98
2324	93.48	10.88	-22.96
2325	93.52	10.89	-22.94
2326	93.56	10.89	-22.92
2327	93.6	10.88	-22.93
2328	93.64	10.86	-22.93
2329	93.68	10.86	-22.94
2330	93.72	10.86	-22.94
2331	93.76	10.88	-22.93
2332	93.8	10.89	-22.92
2333	93.84	10.89	-22.93
2334	93.88	10.9	-22.95
2335	93.92	10.9	-22.96
2336	93.96	10.91	-22.97
2337	94	10.92	-22.98
2338	94.04	10.95	-23
2339	94.08	11	-23.04
2340	94.12	11.04	-23.08
2341	94.16	11.08	-23.1
2342	94.2	11.08	-23.11
2343	94.23	11.06	-23.12
2344	94.28	11.05	-23.14
2345	94.31	11.03	-23.17
2346	94.35	11.03	-23.19
2347	94.4	11.03	-23.21
2348	94.43	11.03	-23.23
2349	94.47	11.03	-23.24
2350	94.51	11.03	-23.25
2351	94.56	11.03	-23.25
2352	94.6	11.02	-23.24
2353	94.63	11	-23.24
2354	94.67	10.97	-23.23
2355	94.71	10.95	-23.23
2356	94.75	10.95	-23.23
2357	94.79	10.95	-23.24
2358	94.83	10.94	-23.24
2359	94.87	10.94	-23.25
2360	94.91	10.94	-23.27
2361	94.95	10.94	-23.27
2362	94.99	10.94	-23.29
2363	95.03	10.95	-23.29
2364	95.07	10.96	-23.29
2365	95.12	10.96	-23.3
2366	95.24	10.98	-23.34
2367	95.27	10.99	-23.39
2368	95.31	11.01	-23.43
2369	95.35	11.02	-23.46
2370	95.39	11.03	-23.45
2371	95.43	11.03	-23.43
2372	95.47	11.04	-23.42
2373	95.51	11.04	-23.43
2374	95.55	11.06	-23.46
2375	95.59	11.07	-23.51
2376	95.63	11.08	-23.55
2377	95.67	11.09	-23.55
2378	95.71	11.1	-23.55
2379	95.75	11.12	-23.53
2380	95.79	11.13	-23.51
2381	95.83	11.15	-23.51
2382	95.87	11.16	-23.52
2383	95.91	11.16	-23.55
2384	95.95	11.17	-23.57
2385	95.99	11.18	-23.59
2386	96.03	11.19	-23.59
2387	96.07	11.19	-23.59
2388	96.11	11.21	-23.59
2389	96.15	11.25	-23.6
2390	96.19	11.28	-23.59
2391	96.23	11.32	-23.58
2392	96.28	11.35	-23.56
2393	96.31	11.37	-23.52
2394	96.35	11.39	-23.48
2395	96.39	11.4	-23.43
2396	96.43	11.42	-23.39
2397	96.47	11.43	-23.36
2398	96.51	11.43	-23.31
2399	96.55	11.44	-23.29
2400	96.59	11.45	-23.26
2401	96.63	11.45	-23.24
2402	96.67	11.47	-23.25
2403	96.71	11.48	-23.26
2404	96.75	11.49	-23.26
2405	96.79	11.5	-23.26
2406	96.83	11.52	-23.25
2407	96.87	11.54	-23.26
2408	96.91	11.56	-23.27
2409	96.95	11.59	-23.27
2410	96.99	11.61	-23.28
2411	97.03	11.62	-23.3
2412	97.07	11.65	-23.31
2413	97.11	11.67	-23.34
2414	97.15	11.69	-23.36
2415	97.19	11.72	-23.36
2416	97.23	11.75	-23.35
2417	97.27	11.78	-23.34
2418	97.31	11.81	-23.35
2419	97.35	11.85	-23.36
2420	97.39	11.89	-23.38
2421	97.43	11.92	-23.41
2422	97.47	11.93	-23.4
2423	97.51	11.94	-23.42
2424	97.55	11.93	-23.42
2425	97.59	11.93	-23.42
2426	97.63	11.92	-23.43
2427	97.67	11.93	-23.44
2428	97.71	11.94	-23.45
2429	97.75	11.95	-23.46
2430	97.79	11.97	-23.49
2431	97.83	11.97	-23.5
2432	97.87	11.97	-23.49
2433	97.91	11.97	-23.49
2434	97.95	11.96	-23.45
2435	97.99	11.98	-23.4
2436	98.03	11.99	-23.39
2437	98.07	12	-23.38
2438	98.11	12.01	-23.38
2439	98.15	12.03	-23.39
2440	98.19	12.04	-23.41
2441	98.23	12.06	-23.41
2442	98.27	12.08	-23.41
2443	98.31	12.09	-23.41
2444	98.35	12.1	-23.41
2445	98.39	12.11	-23.43
2446	98.43	12.11	-23.43
2447	98.47	12.11	-23.41
2448	98.51	12.11	-23.4
2449	98.55	12.12	-23.38
2450	98.59	12.12	-23.38
2451	98.63	12.13	-23.38
2452	98.67	12.13	-23.32
2453	98.71	12.1	-23.23
2454	98.75	12.07	-23.14
2455	98.79	12.05	-23.05
2456	98.83	12.03	-23
2457	98.87	12.04	-22.99
2458	98.91	12.05	-23
2459	98.95	12.04	-23.01
2460	98.99	12.04	-23.01
2461	99.03	12.04	-23.01
2462	99.07	12.03	-23
2463	99.11	12.02	-22.99
2464	99.15	12.01	-22.99
2465	99.19	12	-22.99
2466	99.23	11.98	-23.01
2467	99.27	11.97	-23.01
2468	99.31	11.96	-23.03
2469	99.35	11.96	-23.03
2470	99.39	11.96	-23.04
2471	99.43	11.95	-23.07
2472	99.47	11.95	-23.1
2473	99.51	11.95	-23.13
2474	99.55	11.95	-23.14
2475	99.59	11.96	-23.15
2476	99.63	11.97	-23.14
2477	99.67	11.96	-23.15
2478	99.71	11.96	-23.15
2479	99.75	11.95	-23.16
2480	99.79	11.94	-23.17
2481	99.83	11.92	-23.17
2482	99.87	11.91	-23.17
2483	99.91	11.89	-23.18
2484	99.95	11.87	-23.21
2485	99.99	11.87	-23.24
2486	100.03	11.87	-23.26
2487	100.07	11.88	-23.26
2488	100.11	11.89	-23.24
2489	100.15	11.91	-23.22
2490	100.19	11.92	-23.21
2491	100.23	11.95	-23.21
2492	100.27	11.97	-23.19
2493	100.31	11.98	-23.19
2494	100.35	12.01	-23.18
2495	100.39	12.02	-23.19
2496	100.43	12.02	-23.19
2497	100.47	12.03	-23.2
2498	100.51	12.03	-23.2
2499	100.55	12.03	-23.2
2500	100.59	12.04	-23.21
2501	100.63	12.04	-23.21
2502	100.67	12.05	-23.2
2503	100.71	12.06	-23.2
2504	100.75	12.07	-23.19
2505	100.79	12.07	-23.19
2506	100.83	12.08	-23.19
2507	100.87	12.08	-23.2
2508	100.91	12.08	-23.2
2509	100.95	12.08	-23.2
2510	100.99	12.07	-23.2
2511	101.03	12.07	-23.2
2512	101.07	12.07	-23.2
2513	101.11	12.07	-23.2
2514	101.15	12.07	-23.21
2515	101.19	12.06	-23.21
2516	101.23	12.05	-23.22
2517	101.27	12.05	-23.22
2518	101.31	12.05	-23.22
2519	101.35	12.05	-23.22
2520	101.39	12.04	-23.21
2521	101.43	12.05	-23.21
2522	101.47	12.04	-23.21
2523	101.51	12.04	-23.2
2524	101.55	12.04	-23.2
2525	101.59	12.03	-23.2
2526	101.63	12.03	-23.2
2527	101.67	12.04	-23.2
2528	101.71	12.02	-23.22
2529	101.75	12	-23.24
2530	101.79	11.99	-23.25
2531	101.83	11.98	-23.25
2532	101.87	12	-23.23
2533	101.91	12	-23.23
2534	101.95	11.99	-23.23
2535	101.99	11.98	-23.24
2536	102.03	11.96	-23.25
2537	102.07	11.98	-23.22
2538	102.11	11.98	-23.22
2539	102.15	11.98	-23.23
2540	102.19	11.98	-23.23
2541	102.23	11.97	-23.25
2542	102.27	11.96	-23.26
2543	102.31	11.95	-23.27
2544	102.35	11.96	-23.27
2545	102.39	11.96	-23.26
2546	102.43	11.96	-23.25
2547	102.47	11.96	-23.25
2548	102.51	11.96	-23.24
2549	102.55	11.96	-23.24
2550	102.59	11.97	-23.23
2551	102.63	11.96	-23.24
2552	102.67	11.95	-23.24
2553	102.71	11.95	-23.25
2554	102.75	11.96	-23.24
2555	102.79	11.96	-23.25
2556	102.83	11.97	-23.24
2557	102.87	11.97	-23.24
2558	102.91	11.96	-23.24
2559	102.95	11.96	-23.24
2560	102.99	11.96	-23.24
2561	103.03	11.96	-23.24
2562	103.07	11.96	-23.24
2563	103.11	11.96	-23.23
2564	103.15	11.96	-23.23
2565	103.19	11.95	-23.23
2566	103.23	11.94	-23.25
2567	103.27	11.95	-23.25
2568	103.31	11.94	-23.26
2569	103.35	11.95	-23.26
2570	103.39	11.95	-23.25
2571	103.43	11.95	-23.24
2572	103.47	11.95	-23.24
2573	103.51	11.94	-23.24
2574	103.55	11.94	-23.24
2575	103.59	11.94	-23.25
2576	103.63	11.94	-23.24
2577	103.67	11.94	-23.24
2578	103.71	11.94	-23.23
2579	103.75	11.94	-23.22
2580	103.79	11.95	-23.21
2581	103.83	11.94	-23.21
2582	103.87	11.94	-23.2
2583	103.91	11.94	-23.2
2584	103.95	11.94	-23.2
2585	103.99	11.93	-23.2
2586	104.03	11.93	-23.21
2587	104.07	11.93	-23.22
2588	104.11	11.94	-23.23
2589	104.15	11.94	-23.24
2590	104.19	11.94	-23.25
2591	104.23	11.93	-23.25
2592	104.27	11.93	-23.26
2593	104.31	11.92	-23.26
2594	104.35	11.92	-23.26
2595	104.39	11.92	-23.27
2596	104.43	11.93	-23.26
2597	104.47	11.93	-23.26
2598	104.51	11.93	-23.26
2599	104.55	11.94	-23.26
2600	104.59	11.94	-23.27
2601	104.63	11.94	-23.27
2602	104.67	11.94	-23.26
2603	104.71	11.93	-23.26
2604	104.75	11.94	-23.26
2605	104.79	11.94	-23.26
2606	104.83	11.94	-23.26
2607	104.87	11.95	-23.26
2608	104.91	11.95	-23.26
2609	104.95	11.94	-23.26
2610	104.99	11.95	-23.26
2611	105.03	11.95	-23.26
2612	105.07	11.95	-23.26
2613	105.11	11.95	-23.26
2614	105.15	11.94	-23.26
2615	105.19	11.93	-23.26
2616	105.23	11.93	-23.24
2617	105.27	11.93	-23.22
2618	105.31	11.95	-23.19
2619	105.35	11.95	-23.19
2620	105.39	11.96	-23.18
2621	105.43	11.97	-23.19
2622	105.47	11.95	-23.21
2623	105.51	11.94	-23.21
2624	105.55	11.94	-23.22
2625	105.59	11.94	-23.21
2626	105.63	11.95	-23.21
2627	105.67	11.95	-23.21
2628	105.71	11.95	-23.21
2629	105.75	11.95	-23.21
2630	105.79	11.94	-23.21
2631	105.83	11.93	-23.21
2632	105.87	11.93	-23.21
2633	105.91	11.93	-23.2
2634	105.95	11.93	-23.21
2635	105.99	11.93	-23.21
2636	106.03	11.93	-23.21
2637	106.07	11.92	-23.21
2638	106.11	11.92	-23.21
2639	106.15	11.92	-23.21
2640	106.19	11.91	-23.21
2641	106.23	11.91	-23.21
2642	106.27	11.9	-23.21
2643	106.31	11.9	-23.21
2644	106.35	11.9	-23.21
2645	106.39	11.9	-23.22
2646	106.43	11.9	-23.22
2647	106.47	11.9	-23.22
2648	106.51	11.91	-23.22
2649	106.55	11.92	-23.22
2650	106.59	11.93	-23.23
2651	106.63	11.94	-23.23
2652	106.67	11.94	-23.24
2653	106.71	11.96	-23.25
2654	106.75	11.97	-23.26
2655	106.79	11.99	-23.27
2656	106.83	12	-23.28
2657	106.87	12	-23.28
2658	106.91	12.02	-23.27
2659	106.95	12.03	-23.28
2660	106.99	12.04	-23.28
2661	107.03	12.05	-23.28
2662	107.07	12.04	-23.29
2663	107.11	12.04	-23.29
2664	107.15	12.04	-23.29
2665	107.19	12.04	-23.29
2666	107.23	12.04	-23.29
2667	107.27	12.03	-23.3
2668	107.31	12.03	-23.29
2669	107.35	12.01	-23.29
2670	107.39	12	-23.28
2671	107.43	12	-23.28
2672	107.47	12	-23.29
2673	107.51	11.99	-23.29
2674	107.55	11.99	-23.29
2675	107.59	11.99	-23.29
2676	107.63	12	-23.28
2677	107.67	12	-23.29
2678	107.71	12	-23.29
2679	107.75	12	-23.29
2680	107.79	11.99	-23.29
2681	107.83	11.99	-23.29
2682	107.87	11.98	-23.29
2683	107.91	11.98	-23.29
2684	107.95	11.98	-23.29
2685	107.99	11.98	-23.29
2686	108.03	11.98	-23.29
2687	108.07	11.97	-23.3
2688	108.11	11.96	-23.3
2689	108.15	11.95	-23.29
2690	108.19	11.96	-23.29
2691	108.23	11.96	-23.28
2692	108.27	11.96	-23.28
2693	108.31	11.96	-23.27
2694	108.35	11.95	-23.27
2695	108.39	11.95	-23.27
2696	108.43	11.95	-23.27
2697	108.47	11.96	-23.27
2698	108.51	11.96	-23.27
2699	108.55	11.95	-23.27
2700	108.59	11.95	-23.27
2701	108.63	11.94	-23.28
2702	108.67	11.94	-23.28
2703	108.71	11.95	-23.28
2704	108.75	11.95	-23.28
2705	108.79	11.95	-23.28
2706	108.83	11.95	-23.28
2707	108.87	11.94	-23.28
2708	108.91	11.94	-23.28
2709	108.95	11.94	-23.28
2710	108.99	11.94	-23.28
2711	109.03	11.93	-23.28
2712	109.07	11.94	-23.28
2713	109.11	11.93	-23.28
2714	109.15	11.94	-23.27
2715	109.19	11.94	-23.27
2716	109.23	11.94	-23.27
2717	109.27	11.93	-23.27
2718	109.31	11.93	-23.27
2719	109.35	11.93	-23.28
2720	109.39	11.93	-23.28
2721	109.43	11.93	-23.28
2722	109.47	11.93	-23.29
2723	109.51	11.93	-23.29
2724	109.55	11.93	-23.29
2725	109.59	11.93	-23.29
2726	109.63	11.94	-23.28
2727	109.67	11.96	-23.27
2728	109.71	11.98	-23.23
2729	109.75	12.01	-23.2
2730	109.79	12.03	-23.17
2731	109.83	12.06	-23.14
2732	109.87	12.06	-23.14
2733	109.91	12.05	-23.14
2734	109.95	12.04	-23.14
2735	109.99	12.03	-23.14
2736	110.03	12.03	-23.13
2737	110.07	12.03	-23.13
2738	110.11	12.04	-23.12
2739	110.15	12.03	-23.12
2740	110.19	12.03	-23.12
2741	110.23	12.02	-23.12
2742	110.27	12.02	-23.12
2743	110.31	12.02	-23.12
2744	110.35	12.03	-23.11
2745	110.39	12.03	-23.11
2746	110.43	12.03	-23.12
2747	110.47	12.03	-23.12
2748	110.51	12.02	-23.13
2749	110.55	12.02	-23.13
2750	110.59	12.02	-23.13
2751	110.63	12.03	-23.12
2752	110.67	12.03	-23.12
2753	110.71	12.03	-23.12
2754	110.75	12.03	-23.12
2755	110.79	12.02	-23.12
2756	110.83	12.02	-23.12
2757	110.87	12.02	-23.13
2758	110.91	12.01	-23.13
2759	110.95	12.01	-23.13
2760	110.99	12.01	-23.13
2761	111.03	12	-23.13
2762	111.07	12	-23.13
2763	111.11	12	-23.13
2764	111.15	12	-23.14
2765	111.19	12.01	-23.14
2766	111.23	12.01	-23.14
2767	111.27	12.01	-23.13
2768	111.31	12	-23.13
2769	111.35	12	-23.13
2770	111.39	11.99	-23.13
2771	111.43	11.98	-23.13
2772	111.47	11.99	-23.13
2773	111.51	11.99	-23.14
2774	111.55	12	-23.14
2775	111.59	12.01	-23.14
2776	111.63	12	-23.14
2777	111.67	11.99	-23.14
2778	111.71	11.99	-23.14
2779	111.75	11.97	-23.15
2780	111.79	11.96	-23.15
2781	111.83	11.97	-23.14
2782	111.87	11.97	-23.15
2783	111.91	11.98	-23.14
2784	111.95	11.99	-23.14
2785	111.99	11.99	-23.14
2786	112.03	11.99	-23.13
2787	112.07	11.99	-23.14
2788	112.11	11.98	-23.14
2789	112.15	11.97	-23.14
2790	112.19	11.98	-23.14
2791	112.23	11.98	-23.14
2792	112.27	11.98	-23.14
2793	112.31	11.98	-23.13
2794	112.35	11.97	-23.13
2795	112.39	11.96	-23.14
2796	112.43	11.96	-23.14
2797	112.47	11.96	-23.14
2798	112.51	11.96	-23.14
2799	112.55	11.96	-23.13
2800	112.59	11.96	-23.13
2801	112.63	11.96	-23.14
2802	112.67	11.96	-23.14
2803	112.71	11.96	-23.14
2804	112.75	11.97	-23.14
2805	112.79	11.97	-23.14
2806	112.83	11.98	-23.15
2807	112.87	11.99	-23.15
2808	112.91	12	-23.16
2809	112.95	12.01	-23.15
2810	112.99	12.02	-23.15
2811	113.03	12.05	-23.14
2812	113.07	12.06	-23.14
2813	113.11	12.08	-23.15
2814	113.15	12.11	-23.15
2815	113.19	12.12	-23.17
2816	113.23	12.13	-23.17
2817	113.27	12.15	-23.19
2818	113.31	12.16	-23.19
2819	113.35	12.18	-23.19
2820	113.39	12.2	-23.19
2821	113.43	12.21	-23.2
2822	113.47	12.24	-23.19
2823	113.51	12.25	-23.19
2824	113.55	12.25	-23.19
2825	113.59	12.26	-23.18
2826	113.63	12.26	-23.18
2827	113.67	12.27	-23.17
2828	113.71	12.27	-23.17
2829	113.75	12.27	-23.17
2830	113.79	12.27	-23.16
2831	113.83	12.25	-23.17
2832	113.87	12.23	-23.17
2833	113.91	12.22	-23.18
2834	113.95	12.22	-23.18
2835	113.99	12.24	-23.17
2836	114.03	12.24	-23.17
2837	114.07	12.25	-23.16
2838	114.11	12.25	-23.17
2839	114.15	12.24	-23.18
2840	114.19	12.24	-23.18
2841	114.23	12.23	-23.18
2842	114.27	12.22	-23.19
2843	114.31	12.22	-23.2
2844	114.35	12.22	-23.21
2845	114.39	12.22	-23.22
2846	114.43	12.23	-23.23
2847	114.47	12.24	-23.23
2848	114.51	12.26	-23.23
2849	114.55	12.26	-23.23
2850	114.59	12.27	-23.23
2851	114.63	12.27	-23.23
2852	114.67	12.27	-23.23
2853	114.71	12.27	-23.23
2854	114.75	12.26	-23.25
2855	114.79	12.25	-23.25
2856	114.83	12.26	-23.25
2857	114.87	12.27	-23.25
2858	114.91	12.26	-23.24
2859	114.95	12.26	-23.24
2860	114.99	12.25	-23.24
2861	115.03	12.23	-23.24
2862	115.07	12.23	-23.24
2863	115.11	12.23	-23.24
2864	115.15	12.23	-23.23
2865	115.19	12.23	-23.23
2866	115.23	12.23	-23.23
2867	115.27	12.23	-23.22
2868	115.31	12.22	-23.22
2869	115.35	12.22	-23.22
2870	115.39	12.22	-23.22
2871	115.43	12.22	-23.22
2872	115.47	12.21	-23.22
2873	115.51	12.21	-23.22
2874	115.55	12.21	-23.22
2875	115.59	12.21	-23.22
2876	115.63	12.21	-23.21
2877	115.67	12.21	-23.21
2878	115.71	12.2	-23.21
2879	115.75	12.2	-23.2
2880	115.79	12.19	-23.2
2881	115.83	12.19	-23.2
2882	115.87	12.2	-23.2
2883	115.91	12.19	-23.21
2884	115.95	12.19	-23.21
2885	115.99	12.18	-23.21
2886	116.03	12.17	-23.21
2887	116.07	12.16	-23.21
2888	116.11	12.16	-23.21
2889	116.15	12.17	-23.2
2890	116.19	12.17	-23.2
2891	116.23	12.16	-23.2
2892	116.27	12.16	-23.2
2893	116.31	12.15	-23.2
2894	116.35	12.15	-23.2
2895	116.39	12.15	-23.2
2896	116.43	12.16	-23.2
2897	116.47	12.16	-23.19
2898	116.51	12.16	-23.19
2899	116.55	12.16	-23.19
2900	116.59	12.16	-23.19
2901	116.63	12.15	-23.19
2902	116.67	12.15	-23.2
2903	116.71	12.14	-23.2
2904	116.75	12.14	-23.2
2905	116.79	12.13	-23.2
2906	116.83	12.14	-23.2
2907	116.87	12.15	-23.19
2908	116.91	12.15	-23.19
2909	116.95	12.15	-23.19
2910	116.99	12.14	-23.21
2911	117.03	12.14	-23.21
2912	117.07	12.12	-23.22
2913	117.11	12.12	-23.22
2914	117.15	12.11	-23.22
2915	117.19	12.11	-23.21
2916	117.23	12.12	-23.2
2917	117.27	12.16	-23.17
2918	117.31	12.19	-23.14
2919	117.35	12.23	-23.12
2920	117.39	12.25	-23.12
2921	117.43	12.26	-23.13
2922	117.47	12.28	-23.15
2923	117.51	12.31	-23.17
2924	117.55	12.33	-23.19
2925	117.59	12.36	-23.2
2926	117.63	12.38	-23.22
2927	117.67	12.41	-23.23
2928	117.71	12.44	-23.24
2929	117.75	12.45	-23.24
2930	117.79	12.45	-23.23
2931	117.83	12.43	-23.22
2932	117.87	12.42	-23.21
2933	117.91	12.39	-23.26
2934	117.95	12.38	-23.3
2935	117.99	12.39	-23.34
2936	118.03	12.41	-23.39
2937	118.07	12.45	-23.4
2938	118.11	12.48	-23.43
2939	118.15	12.5	-23.49
2940	118.19	12.51	-23.56
2941	118.23	12.51	-23.63
2942	118.27	12.51	-23.69
2943	118.31	12.49	-23.71
2944	118.35	12.47	-23.73
2945	118.39	12.43	-23.75
2946	118.43	12.41	-23.76
2947	118.47	12.42	-23.77
2948	118.51	12.44	-23.78
2949	118.55	12.47	-23.78
2950	118.59	12.52	-23.79
2951	118.63	12.55	-23.79
2952	118.67	12.58	-23.78
2953	118.71	12.61	-23.76
2954	118.75	12.61	-23.74
2955	118.79	12.6	-23.74
2956	118.83	12.56	-23.76
2957	118.87	12.51	-23.79
2958	118.91	12.5	-23.82
2959	118.95	12.5	-23.81
2960	118.99	12.5	-23.8
2961	119.03	12.5	-23.79
2962	119.07	12.49	-23.78
2963	119.11	12.47	-23.79
2964	119.15	12.47	-23.79
2965	119.19	12.46	-23.79
2966	119.23	12.46	-23.8
2967	119.27	12.47	-23.8
2968	119.31	12.46	-23.82
2969	119.35	12.44	-23.85
2970	119.39	12.4	-23.86
2971	119.43	12.35	-23.86
2972	119.47	12.31	-23.86
2973	119.51	12.28	-23.83
2974	119.55	12.25	-23.81
2975	119.59	12.24	-23.8
2976	119.63	12.23	-23.78
2977	119.67	12.22	-23.76
2978	119.71	12.22	-23.74
2979	119.75	12.23	-23.71
2980	119.79	12.22	-23.71
2981	119.83	12.23	-23.71
2982	119.87	12.24	-23.71
2983	119.91	12.23	-23.73
