7	0.3	0.08	-0.33
8	0.34	0.08	-0.32
9	0.38	0.1	-0.28
10	0.42	0.14	-0.23
11	0.51	0.15	-0.17
12	0.54	0.15	-0.09
13	0.58	0.13	-0.03
14	0.62	0.1	0.05
15	0.66	0.11	0.08
16	0.7	0.12	0.11
17	0.74	0.1	0.15
18	0.78	0.08	0.18
19	0.82	0.05	0.22
20	0.86	0.03	0.27
21	0.9	0.03	0.32
22	0.94	0.04	0.37
23	0.98	0.05	0.45
24	1.02	0.07	0.52
25	1.06	0.13	0.62
26	1.1	0.23	0.74
27	1.14	0.31	0.85
28	1.18	0.42	0.96
29	1.22	0.5	1.05
30	1.26	0.54	1.14
31	1.3	0.59	1.24
32	1.34	0.6	1.34
33	1.38	0.6	1.44
34	1.42	0.63	1.51
35	1.46	0.62	1.59
36	1.5	0.63	1.66
37	1.54	0.61	1.72
38	1.58	0.6	1.79
39	1.62	0.57	1.85
40	1.66	0.53	1.91
41	1.7	0.49	1.98
42	1.74	0.44	2.05
43	1.78	0.42	2.14
44	1.82	0.39	2.23
45	1.86	0.36	2.33
46	1.9	0.33	2.43
47	1.94	0.26	2.54
48	1.98	0.17	2.67
49	2.02	0.07	2.81
50	2.06	-0.02	2.95
51	2.1	-0.1	3.07
52	2.14	-0.18	3.14
53	2.18	-0.27	3.15
54	2.22	-0.36	3.14
55	2.26	-0.43	3.12
56	2.3	-0.49	3.07
57	2.34	-0.55	3.09
58	2.38	-0.65	3.09
59	2.42	-0.78	3.1
60	2.46	-0.89	3.13
61	2.5	-0.99	3.12
62	2.54	-1.04	3.12
63	2.58	-1.08	3.1
64	2.62	-1.11	3.1
65	2.66	-1.15	3.08
66	2.7	-1.18	3.06
67	2.74	-1.21	3.06
68	2.78	-1.27	3.05
69	2.82	-1.36	3.04
70	2.86	-1.41	3.06
71	2.9	-1.49	3.05
72	2.94	-1.55	3.02
73	2.98	-1.61	3
74	3.02	-1.71	2.99
75	3.06	-1.78	2.98
76	3.1	-1.86	2.99
77	3.14	-1.93	2.98
78	3.18	-2.03	2.91
79	3.22	-2.15	2.81
80	3.26	-2.26	2.71
81	3.3	-2.4	2.59
82	3.34	-2.49	2.48
83	3.38	-2.57	2.38
84	3.42	-2.72	2.3
85	3.62	-2.82	2.23
86	3.66	-2.94	2.22
87	3.7	-3.06	2.19
88	3.74	-3.1	2.18
89	3.78	-3.17	2.16
90	3.82	-3.22	2.11
91	3.86	-3.25	2.08
92	3.9	-3.27	2.03
93	3.94	-3.28	1.96
94	3.98	-3.27	1.9
95	4.02	-3.27	1.8
96	4.06	-3.28	1.68
97	4.1	-3.31	1.57
98	4.14	-3.34	1.47
99	4.18	-3.38	1.39
100	4.22	-3.42	1.37
101	4.26	-3.45	1.34
102	4.3	-3.46	1.3
103	4.34	-3.46	1.28
104	4.38	-3.45	1.25
105	4.42	-3.44	1.24
106	4.46	-3.42	1.22
107	4.5	-3.41	1.24
108	4.54	-3.39	1.24
109	4.58	-3.38	1.26
110	4.62	-3.37	1.24
111	4.66	-3.38	1.17
112	4.7	-3.39	1.08
113	4.74	-3.41	0.99
114	4.78	-3.42	0.95
115	4.82	-3.42	0.95
116	4.86	-3.42	0.97
117	4.9	-3.41	1
118	4.94	-3.4	1.03
119	4.98	-3.39	1.03
120	5.02	-3.38	1.03
121	5.06	-3.36	1.04
122	5.1	-3.34	1.08
123	5.14	-3.3	1.13
124	5.18	-3.27	1.19
125	5.22	-3.24	1.24
126	5.26	-3.22	1.27
127	5.3	-3.2	1.31
128	5.34	-3.17	1.34
129	5.38	-3.15	1.38
130	5.42	-3.13	1.42
131	5.46	-3.12	1.45
132	5.5	-3.1	1.48
133	5.54	-3.09	1.5
134	5.58	-3.08	1.5
135	5.62	-3.07	1.5
136	5.66	-3.07	1.5
137	5.7	-3.06	1.49
138	5.74	-3.05	1.49
139	5.78	-3.04	1.47
140	5.82	-3.03	1.45
141	5.86	-3.02	1.4
142	5.9	-3	1.35
143	5.94	-2.99	1.3
144	5.98	-2.98	1.23
145	6.02	-2.97	1.16
146	6.06	-2.97	1.07
147	6.1	-2.97	0.99
148	6.14	-2.97	0.92
149	6.18	-2.97	0.89
150	6.22	-2.97	0.87
151	6.26	-2.97	0.83
152	6.3	-2.96	0.79
153	6.34	-2.96	0.75
154	6.38	-2.93	0.69
155	6.42	-2.91	0.66
156	6.46	-2.9	0.64
157	6.5	-2.89	0.6
158	6.54	-2.88	0.56
159	6.58	-2.86	0.48
160	6.62	-2.84	0.41
161	6.66	-2.81	0.32
162	6.7	-2.77	0.2
163	6.74	-2.76	0.08
164	6.78	-2.76	-0.01
165	6.82	-2.78	-0.06
166	6.86	-2.79	-0.07
167	6.9	-2.77	-0.06
168	6.94	-2.74	-0.07
169	6.98	-2.72	-0.13
170	7.02	-2.74	-0.2
171	7.06	-2.77	-0.29
172	7.1	-2.79	-0.39
173	7.14	-2.83	-0.49
174	7.18	-2.86	-0.56
175	7.22	-2.9	-0.61
176	7.26	-2.93	-0.64
177	7.3	-2.92	-0.66
178	7.34	-2.86	-0.67
179	7.38	-2.78	-0.69
180	7.42	-2.74	-0.71
181	7.46	-2.7	-0.77
182	7.5	-2.72	-0.86
183	7.54	-2.74	-0.95
184	7.58	-2.75	-1.07
185	7.62	-2.77	-1.19
186	7.66	-2.8	-1.32
187	7.7	-2.83	-1.44
188	7.74	-2.84	-1.56
189	7.78	-2.83	-1.67
190	7.82	-2.8	-1.77
191	7.86	-2.77	-1.87
192	7.9	-2.75	-1.91
193	7.94	-2.74	-1.94
194	7.98	-2.7	-1.93
195	8.02	-2.63	-1.91
196	8.06	-2.56	-1.93
197	8.1	-2.48	-1.95
198	8.14	-2.45	-2
199	8.18	-2.46	-2.05
200	8.22	-2.52	-2.12
201	8.26	-2.58	-2.18
202	8.3	-2.62	-2.22
203	8.34	-2.64	-2.28
204	8.38	-2.63	-2.34
205	8.42	-2.65	-2.43
206	8.46	-2.67	-2.56
207	8.5	-2.7	-2.71
208	8.54	-2.71	-2.84
209	8.58	-2.69	-2.95
210	8.62	-2.66	-3.04
211	8.66	-2.6	-3.08
212	8.7	-2.52	-3.16
213	8.74	-2.47	-3.27
214	8.78	-2.42	-3.37
215	8.82	-2.38	-3.48
216	8.86	-2.41	-3.55
217	8.9	-2.43	-3.6
218	8.94	-2.46	-3.66
219	8.98	-2.5	-3.73
220	9.02	-2.51	-3.86
221	9.06	-2.54	-4.02
222	9.1	-2.57	-4.18
223	9.14	-2.56	-4.33
224	9.18	-2.56	-4.45
225	9.22	-2.51	-4.55
226	9.26	-2.43	-4.68
227	9.3	-2.36	-4.86
228	9.34	-2.27	-5.07
229	9.38	-2.22	-5.26
230	9.42	-2.21	-5.4
231	9.46	-2.26	-5.5
232	9.5	-2.34	-5.54
233	9.54	-2.4	-5.59
234	9.58	-2.42	-5.64
235	9.62	-2.42	-5.67
236	9.66	-2.39	-5.72
237	9.7	-2.37	-5.76
238	9.74	-2.36	-5.8
239	9.78	-2.32	-5.83
240	9.82	-2.3	-5.83
241	9.86	-2.29	-5.82
242	9.9	-2.3	-5.81
243	9.94	-2.3	-5.79
244	9.98	-2.3	-5.78
245	10.02	-2.31	-5.75
246	10.06	-2.35	-5.71
247	10.1	-2.42	-5.66
248	10.14	-2.49	-5.63
249	10.18	-2.57	-5.6
250	10.22	-2.64	-5.59
251	10.26	-2.71	-5.58
252	10.3	-2.77	-5.56
253	10.34	-2.84	-5.54
254	10.38	-2.89	-5.53
255	10.42	-2.94	-5.51
256	10.46	-2.98	-5.5
257	10.5	-3.02	-5.51
258	10.54	-3.08	-5.54
259	10.58	-3.14	-5.62
260	10.62	-3.21	-5.72
261	10.66	-3.31	-5.77
262	10.7	-3.39	-5.8
263	10.74	-3.46	-5.79
264	10.78	-3.54	-5.74
265	10.82	-3.62	-5.75
266	10.86	-3.69	-5.79
267	10.9	-3.75	-5.83
268	10.94	-3.75	-5.93
269	10.98	-3.71	-6.05
270	11.02	-3.65	-6.14
271	11.06	-3.61	-6.23
272	11.1	-3.64	-6.26
273	11.14	-3.72	-6.27
274	11.18	-3.83	-6.26
275	11.22	-3.98	-6.27
276	11.26	-4.13	-6.27
277	11.3	-4.25	-6.29
278	11.34	-4.37	-6.34
279	11.38	-4.47	-6.39
280	11.42	-4.6	-6.47
281	11.46	-4.71	-6.52
282	11.5	-4.81	-6.52
283	11.54	-4.9	-6.48
284	11.58	-4.96	-6.42
285	11.62	-5.02	-6.35
286	11.66	-5.08	-6.29
287	11.7	-5.14	-6.24
288	11.74	-5.2	-6.22
289	11.78	-5.28	-6.2
290	11.82	-5.35	-6.21
291	11.86	-5.43	-6.25
292	11.9	-5.5	-6.29
293	11.94	-5.55	-6.34
294	11.98	-5.63	-6.38
295	12.02	-5.76	-6.42
296	12.06	-5.96	-6.45
297	12.1	-6.18	-6.47
298	12.14	-6.38	-6.49
299	12.18	-6.49	-6.46
300	12.22	-6.53	-6.43
301	12.26	-6.53	-6.35
302	12.3	-6.54	-6.24
303	12.34	-6.58	-6.14
304	12.38	-6.66	-6.03
305	12.42	-6.74	-5.93
306	12.46	-6.84	-5.86
307	12.5	-6.93	-5.83
308	12.54	-6.99	-5.82
309	12.58	-7.06	-5.82
310	12.62	-7.11	-5.84
311	12.66	-7.16	-5.86
312	12.7	-7.22	-5.87
313	12.74	-7.31	-5.89
314	12.78	-7.43	-5.86
315	12.82	-7.58	-5.81
316	12.86	-7.72	-5.73
317	12.9	-7.8	-5.64
318	12.94	-7.83	-5.55
319	12.98	-7.82	-5.45
320	13.02	-7.79	-5.37
321	13.06	-7.76	-5.3
322	13.1	-7.75	-5.25
323	13.14	-7.71	-5.22
324	13.18	-7.65	-5.17
325	13.22	-7.62	-5.16
326	13.26	-7.56	-5.11
327	13.3	-7.51	-5.05
328	13.34	-7.48	-4.97
329	13.38	-7.5	-4.85
330	13.42	-7.52	-4.75
331	13.46	-7.56	-4.68
332	13.5	-7.63	-4.63
333	13.54	-7.66	-4.56
334	13.58	-7.71	-4.48
335	13.62	-7.74	-4.39
336	13.66	-7.75	-4.3
337	13.7	-7.73	-4.19
338	13.74	-7.71	-4.06
339	13.78	-7.68	-3.91
340	13.82	-7.66	-3.78
341	13.86	-7.65	-3.68
342	13.9	-7.64	-3.57
343	13.94	-7.68	-3.43
344	13.98	-7.75	-3.24
345	14.02	-7.82	-3.05
346	14.06	-7.88	-2.87
347	14.1	-7.87	-2.75
348	14.14	-7.86	-2.66
349	14.18	-7.82	-2.56
350	14.22	-7.82	-2.48
351	14.26	-7.84	-2.42
352	14.3	-7.92	-2.37
353	14.34	-8.01	-2.35
354	14.38	-8.08	-2.28
355	14.42	-8.12	-2.18
356	14.46	-8.09	-2.07
357	14.5	-8.02	-1.93
358	14.54	-7.94	-1.83
359	14.58	-7.87	-1.73
360	14.62	-7.81	-1.6
361	14.66	-7.77	-1.41
362	14.7	-7.71	-1.22
363	14.74	-7.66	-1.05
364	14.78	-7.61	-0.93
365	14.82	-7.53	-0.87
366	14.86	-7.47	-0.81
367	14.9	-7.39	-0.72
368	14.94	-7.31	-0.61
369	14.98	-7.25	-0.51
370	15.02	-7.22	-0.4
371	15.06	-7.21	-0.32
372	15.1	-7.22	-0.23
373	15.14	-7.23	-0.06
374	15.18	-7.21	0.14
375	15.22	-7.17	0.34
376	15.26	-7.14	0.54
377	15.3	-7.12	0.66
378	15.34	-7.1	0.73
379	15.38	-7.09	0.79
380	15.42	-7.08	0.85
381	15.46	-7.06	0.88
382	15.5	-7.05	0.91
383	15.54	-7.02	0.92
384	15.58	-6.99	0.92
385	15.62	-6.96	0.94
386	15.66	-6.92	0.95
387	15.7	-6.9	0.97
388	15.74	-6.9	1.02
389	15.78	-6.89	1.04
390	15.82	-6.89	1.06
391	15.86	-6.9	1.08
392	15.9	-6.91	1.07
393	15.94	-6.92	1.07
394	15.98	-6.94	1.06
395	16.02	-6.95	1.05
396	16.06	-6.98	1.02
397	16.1	-7.02	1.01
398	16.14	-7.05	0.98
399	16.18	-7.07	0.96
400	16.22	-7.09	0.93
401	16.26	-7.1	0.9
402	16.3	-7.12	0.86
403	16.34	-7.11	0.81
404	16.38	-7.11	0.77
405	16.42	-7.11	0.71
406	16.46	-7.1	0.64
407	16.5	-7.1	0.59
408	16.54	-7.07	0.53
409	16.58	-7.05	0.46
410	16.62	-7.01	0.38
411	16.66	-6.97	0.34
412	16.7	-6.93	0.32
413	16.74	-6.88	0.34
414	16.78	-6.84	0.38
415	16.82	-6.79	0.4
416	16.86	-6.73	0.4
417	16.9	-6.67	0.4
418	16.94	-6.61	0.42
419	16.98	-6.55	0.41
420	17.02	-6.5	0.43
421	17.06	-6.47	0.46
422	17.1	-6.46	0.51
423	17.14	-6.46	0.6
424	17.18	-6.46	0.7
425	17.22	-6.42	0.77
426	17.26	-6.32	0.81
427	17.3	-6.19	0.85
428	17.34	-6.05	0.86
429	17.38	-5.93	0.86
430	17.42	-5.86	0.87
431	17.46	-5.8	0.88
432	17.5	-5.7	0.92
433	17.54	-5.56	0.99
434	17.58	-5.36	1.06
435	17.62	-5.15	1.13
436	17.66	-4.97	1.15
437	17.7	-4.82	1.15
438	17.74	-4.71	1.13
439	17.78	-4.59	1.1
440	17.82	-4.48	1.09
441	17.86	-4.41	1.07
442	17.9	-4.37	1.06
443	17.94	-4.35	1.07
444	17.98	-4.36	1.07
445	18.02	-4.34	1.07
446	18.06	-4.29	1.07
447	18.09	-4.2	1.06
448	18.14	-4.03	1.08
449	18.18	-3.83	1.09
450	18.22	-3.64	1.11
451	18.26	-3.5	1.11
452	18.3	-3.45	1.06
453	18.34	-3.42	1
454	18.38	-3.38	0.91
455	18.42	-3.33	0.82
456	18.46	-3.26	0.74
457	18.49	-3.2	0.67
458	18.53	-3.15	0.63
459	18.58	-3.11	0.6
460	18.62	-3.07	0.62
461	18.65	-3.03	0.63
462	18.69	-3.01	0.63
463	18.74	-2.98	0.6
464	18.78	-2.96	0.51
465	18.82	-2.94	0.41
466	18.86	-2.91	0.3
467	18.9	-2.85	0.21
468	18.94	-2.74	0.13
469	18.98	-2.61	0.02
470	19.01	-2.49	-0.1
471	19.05	-2.42	-0.23
472	19.1	-2.42	-0.36
473	19.13	-2.44	-0.48
474	19.17	-2.45	-0.61
475	19.21	-2.46	-0.75
476	19.25	-2.45	-0.86
477	19.29	-2.41	-0.93
478	19.33	-2.35	-0.99
479	19.37	-2.24	-1.09
480	19.41	-2.14	-1.23
481	19.45	-2.05	-1.4
482	19.49	-2	-1.56
483	19.53	-2	-1.67
484	19.58	-2	-1.77
485	19.62	-2.02	-1.85
486	19.65	-2.01	-1.95
487	19.69	-1.96	-2.07
488	19.73	-1.91	-2.19
489	19.77	-1.85	-2.3
490	19.81	-1.81	-2.38
491	19.85	-1.78	-2.43
492	19.89	-1.78	-2.46
493	19.93	-1.8	-2.5
494	19.97	-1.8	-2.58
495	20.01	-1.81	-2.69
496	20.05	-1.77	-2.88
497	20.09	-1.69	-3.1
498	20.13	-1.6	-3.35
499	20.17	-1.51	-3.58
500	20.21	-1.46	-3.76
501	20.25	-1.44	-3.91
502	20.29	-1.45	-4.03
503	20.33	-1.43	-4.12
504	20.37	-1.36	-4.24
505	20.41	-1.27	-4.35
506	20.45	-1.18	-4.46
507	20.49	-1.1	-4.56
508	20.53	-1.07	-4.62
509	20.57	-1.03	-4.67
510	20.62	-1	-4.74
511	20.65	-1	-4.84
512	20.69	-1	-4.94
513	20.73	-0.99	-5.04
514	20.77	-0.96	-5.12
515	20.81	-0.9	-5.17
516	20.85	-0.82	-5.2
517	20.89	-0.78	-5.22
518	20.93	-0.75	-5.22
519	20.97	-0.71	-5.23
520	21.01	-0.68	-5.24
521	21.05	-0.65	-5.25
522	21.09	-0.6	-5.26
523	21.13	-0.57	-5.25
524	21.17	-0.55	-5.24
525	21.21	-0.54	-5.24
526	21.25	-0.53	-5.23
527	21.29	-0.51	-5.24
528	21.33	-0.49	-5.24
529	21.37	-0.45	-5.25
530	21.41	-0.39	-5.27
531	21.45	-0.32	-5.3
532	21.49	-0.22	-5.36
533	21.53	-0.14	-5.42
534	21.57	-0.09	-5.48
535	21.61	-0.05	-5.51
536	21.65	-0.01	-5.53
537	21.69	0.03	-5.53
538	21.73	0.08	-5.54
539	21.77	0.12	-5.55
540	21.81	0.15	-5.55
541	21.85	0.2	-5.55
542	21.89	0.25	-5.55
543	21.93	0.3	-5.55
544	21.97	0.33	-5.54
545	22.01	0.32	-5.52
546	22.05	0.31	-5.51
547	22.09	0.3	-5.48
548	22.13	0.31	-5.47
549	22.17	0.33	-5.45
550	22.21	0.31	-5.42
551	22.25	0.32	-5.39
552	22.29	0.31	-5.35
553	22.33	0.31	-5.33
554	22.37	0.31	-5.31
555	22.41	0.3	-5.32
556	22.45	0.29	-5.34
557	22.49	0.27	-5.37
558	22.53	0.27	-5.39
559	22.57	0.27	-5.41
560	22.61	0.25	-5.43
561	22.65	0.23	-5.45
562	22.69	0.18	-5.46
563	22.73	0.12	-5.46
564	22.77	0.06	-5.46
565	22.81	0	-5.46
566	22.85	-0.04	-5.46
567	22.89	-0.09	-5.46
568	22.93	-0.12	-5.46
569	22.97	-0.15	-5.48
570	23.01	-0.18	-5.52
571	23.05	-0.22	-5.58
572	23.09	-0.23	-5.66
573	23.13	-0.25	-5.73
574	23.17	-0.29	-5.79
575	23.21	-0.34	-5.82
576	23.25	-0.42	-5.82
577	23.29	-0.48	-5.84
578	23.33	-0.55	-5.86
579	23.37	-0.61	-5.89
580	23.41	-0.63	-5.96
581	23.45	-0.64	-6.02
582	23.49	-0.62	-6.09
583	23.53	-0.57	-6.14
584	23.57	-0.56	-6.18
585	23.61	-0.6	-6.2
586	23.65	-0.67	-6.22
587	23.69	-0.78	-6.27
588	23.73	-0.9	-6.34
589	23.77	-0.99	-6.44
590	23.81	-1.06	-6.57
591	23.85	-1.14	-6.7
592	23.89	-1.2	-6.81
593	23.93	-1.28	-6.93
594	23.97	-1.38	-7
595	24.01	-1.5	-7.03
596	24.05	-1.64	-7.03
597	24.09	-1.78	-7.03
598	24.13	-1.91	-7.06
599	24.17	-2.01	-7.14
600	24.21	-2.09	-7.25
601	24.25	-2.17	-7.38
602	24.29	-2.24	-7.48
603	24.33	-2.31	-7.59
604	24.37	-2.39	-7.73
605	24.41	-2.52	-7.89
606	24.45	-2.68	-8.07
607	24.49	-2.84	-8.23
608	24.53	-2.97	-8.33
609	24.57	-3.08	-8.4
610	24.61	-3.15	-8.42
611	24.65	-3.22	-8.41
612	24.69	-3.29	-8.4
613	24.73	-3.33	-8.38
614	24.77	-3.36	-8.38
615	24.81	-3.38	-8.38
616	24.85	-3.39	-8.35
617	24.89	-3.39	-8.3
618	24.93	-3.4	-8.24
619	24.97	-3.41	-8.19
620	25.01	-3.45	-8.15
621	25.05	-3.51	-8.12
622	25.09	-3.56	-8.09
623	25.13	-3.64	-8.05
624	25.17	-3.71	-8.02
625	25.21	-3.78	-8.01
626	25.25	-3.84	-8.01
627	25.29	-3.89	-8.03
628	25.33	-3.91	-8.04
629	25.37	-3.93	-8.07
630	25.41	-3.93	-8.09
631	25.45	-3.94	-8.11
632	25.49	-3.93	-8.12
633	25.53	-3.93	-8.11
634	25.57	-3.93	-8.08
635	25.61	-3.92	-8.03
636	25.65	-3.9	-7.99
637	25.69	-3.87	-7.92
638	25.73	-3.88	-7.86
639	25.77	-3.97	-7.82
640	25.81	-4.12	-7.78
641	25.85	-4.23	-7.71
642	25.89	-4.33	-7.67
643	25.93	-4.34	-7.61
644	25.97	-4.35	-7.55
645	26.01	-4.4	-7.51
646	26.05	-4.42	-7.42
647	26.09	-4.45	-7.38
648	26.13	-4.49	-7.39
649	26.17	-4.53	-7.44
650	26.21	-4.61	-7.57
651	26.25	-4.7	-7.71
652	26.29	-4.77	-7.78
653	26.33	-4.84	-7.8
654	26.37	-4.91	-7.76
655	26.41	-4.96	-7.67
656	26.45	-5.03	-7.59
657	26.49	-5.07	-7.52
658	26.53	-5.14	-7.44
659	26.57	-5.22	-7.33
660	26.61	-5.31	-7.19
661	26.65	-5.42	-7.03
662	26.69	-5.5	-6.89
663	26.73	-5.53	-6.81
664	26.77	-5.53	-6.73
665	26.81	-5.55	-6.64
666	26.85	-5.55	-6.54
667	26.89	-5.6	-6.42
668	26.93	-5.64	-6.31
669	26.97	-5.66	-6.23
670	27.01	-5.71	-6.15
671	27.05	-5.75	-6.07
672	27.09	-5.82	-5.93
673	27.13	-5.91	-5.77
674	27.17	-5.99	-5.62
675	27.21	-6.07	-5.5
676	27.25	-6.12	-5.44
677	27.29	-6.18	-5.37
678	27.33	-6.21	-5.29
679	27.37	-6.26	-5.21
680	27.41	-6.28	-5.11
681	27.45	-6.23	-5.05
682	27.49	-6.17	-4.98
683	27.53	-6.1	-4.93
684	27.57	-6.07	-4.85
685	27.61	-6.12	-4.74
686	27.65	-6.17	-4.64
687	27.69	-6.22	-4.56
688	27.73	-6.26	-4.51
689	27.77	-6.29	-4.48
690	27.81	-6.34	-4.44
691	27.85	-6.38	-4.41
692	27.89	-6.39	-4.43
693	27.93	-6.41	-4.45
694	27.97	-6.41	-4.5
695	28.01	-6.4	-4.56
696	28.05	-6.41	-4.59
697	28.09	-6.39	-4.62
698	28.13	-6.37	-4.66
699	28.17	-6.34	-4.68
700	28.21	-6.31	-4.69
701	28.25	-6.28	-4.7
702	28.29	-6.25	-4.69
703	28.33	-6.21	-4.68
704	28.37	-6.17	-4.67
705	28.41	-6.11	-4.64
706	28.45	-6.04	-4.6
707	28.49	-5.98	-4.53
708	28.53	-5.92	-4.48
709	28.57	-5.88	-4.43
710	28.61	-5.85	-4.38
711	28.65	-5.83	-4.37
712	28.69	-5.81	-4.35
713	28.73	-5.8	-4.35
714	28.77	-5.78	-4.34
715	28.81	-5.76	-4.32
716	28.85	-5.75	-4.3
717	28.89	-5.74	-4.27
718	28.93	-5.73	-4.23
719	28.97	-5.72	-4.16
720	29.01	-5.7	-4.13
721	29.05	-5.67	-4.1
722	29.09	-5.62	-4.05
723	29.13	-5.55	-3.97
724	29.17	-5.44	-3.81
725	29.21	-5.34	-3.63
726	29.25	-5.25	-3.46
727	29.29	-5.18	-3.37
728	29.33	-5.14	-3.35
729	29.37	-5.08	-3.35
730	29.41	-5.01	-3.35
731	29.45	-4.93	-3.32
732	29.49	-4.88	-3.29
733	29.53	-4.86	-3.23
734	29.57	-4.83	-3.2
735	29.61	-4.81	-3.16
736	29.65	-4.77	-3.12
737	29.69	-4.69	-3.09
738	29.73	-4.62	-3.05
739	29.77	-4.55	-3.03
740	29.81	-4.51	-2.98
741	29.85	-4.47	-2.96
742	29.89	-4.44	-2.9
743	29.93	-4.38	-2.8
744	29.97	-4.31	-2.67
745	30.01	-4.22	-2.51
746	30.05	-4.13	-2.39
747	30.09	-4.04	-2.33
748	30.13	-3.94	-2.29
749	30.17	-3.85	-2.25
750	30.21	-3.76	-2.21
751	30.25	-3.68	-2.15
752	30.29	-3.62	-2.08
753	30.33	-3.57	-2.02
754	30.37	-3.53	-1.94
755	30.41	-3.5	-1.9
756	30.45	-3.46	-1.82
757	30.49	-3.35	-1.72
758	30.53	-3.21	-1.59
759	30.57	-3.08	-1.45
760	30.61	-2.96	-1.38
761	30.65	-2.9	-1.34
762	30.69	-2.89	-1.33
763	30.73	-2.88	-1.31
764	30.77	-2.85	-1.29
765	30.81	-2.81	-1.29
766	30.85	-2.76	-1.29
767	30.89	-2.71	-1.3
768	30.93	-2.7	-1.3
769	30.97	-2.68	-1.29
770	31.01	-2.66	-1.32
771	31.05	-2.66	-1.34
772	31.09	-2.65	-1.37
773	31.13	-2.65	-1.39
774	31.17	-2.64	-1.43
775	31.21	-2.61	-1.48
776	31.25	-2.58	-1.52
777	31.29	-2.55	-1.56
778	31.33	-2.52	-1.56
779	31.37	-2.5	-1.55
780	31.41	-2.47	-1.54
781	31.45	-2.45	-1.51
782	31.49	-2.44	-1.49
783	31.53	-2.46	-1.48
784	31.57	-2.48	-1.48
785	31.61	-2.5	-1.48
786	31.65	-2.53	-1.49
787	31.69	-2.53	-1.5
788	31.73	-2.53	-1.5
789	31.77	-2.49	-1.52
790	31.81	-2.46	-1.53
791	31.85	-2.45	-1.54
792	31.89	-2.45	-1.54
793	31.93	-2.49	-1.54
794	31.97	-2.54	-1.54
795	32.01	-2.56	-1.52
796	32.05	-2.57	-1.51
797	32.09	-2.55	-1.5
798	32.13	-2.54	-1.47
799	32.17	-2.53	-1.47
800	32.21	-2.52	-1.48
801	32.25	-2.52	-1.47
802	32.29	-2.5	-1.48
803	32.33	-2.49	-1.47
804	32.37	-2.48	-1.44
805	32.41	-2.48	-1.44
806	32.45	-2.49	-1.42
807	32.49	-2.49	-1.42
808	32.53	-2.47	-1.42
809	32.57	-2.45	-1.39
810	32.61	-2.42	-1.38
811	32.65	-2.41	-1.34
812	32.69	-2.4	-1.33
813	32.73	-2.37	-1.31
814	32.77	-2.35	-1.28
815	32.81	-2.31	-1.28
816	32.85	-2.29	-1.28
817	32.89	-2.29	-1.29
818	32.93	-2.29	-1.32
819	32.97	-2.29	-1.33
820	33.01	-2.29	-1.35
821	33.05	-2.28	-1.34
822	33.09	-2.28	-1.34
823	33.13	-2.27	-1.34
824	33.17	-2.28	-1.34
825	33.21	-2.28	-1.36
826	33.25	-2.27	-1.36
827	33.29	-2.27	-1.36
828	33.33	-2.25	-1.38
829	33.37	-2.24	-1.4
830	33.41	-2.23	-1.39
831	33.45	-2.23	-1.4
832	33.49	-2.23	-1.4
833	33.53	-2.23	-1.41
834	33.57	-2.23	-1.44
835	33.61	-2.23	-1.46
836	33.65	-2.24	-1.46
837	33.69	-2.25	-1.46
838	33.73	-2.25	-1.45
839	33.77	-2.26	-1.43
840	33.81	-2.27	-1.4
841	33.85	-2.29	-1.38
842	33.89	-2.3	-1.35
843	33.93	-2.3	-1.34
844	33.97	-2.3	-1.33
845	34.01	-2.29	-1.31
846	34.05	-2.29	-1.31
847	34.09	-2.29	-1.32
848	34.13	-2.28	-1.32
849	34.17	-2.28	-1.33
850	34.21	-2.27	-1.32
851	34.25	-2.27	-1.31
852	34.29	-2.28	-1.31
853	34.33	-2.29	-1.29
854	34.37	-2.3	-1.3
855	34.41	-2.31	-1.29
856	34.45	-2.31	-1.28
857	34.49	-2.32	-1.29
858	34.53	-2.32	-1.3
859	34.57	-2.33	-1.33
860	34.61	-2.32	-1.37
861	34.65	-2.34	-1.39
862	34.69	-2.34	-1.42
863	34.73	-2.35	-1.42
864	34.77	-2.36	-1.42
865	34.81	-2.36	-1.44
866	34.85	-2.36	-1.46
867	34.89	-2.35	-1.49
868	34.93	-2.36	-1.53
869	34.97	-2.36	-1.56
870	35.01	-2.37	-1.61
871	35.05	-2.39	-1.64
872	35.09	-2.4	-1.69
873	35.13	-2.41	-1.7
874	35.17	-2.42	-1.72
875	35.21	-2.43	-1.75
876	35.25	-2.43	-1.77
877	35.29	-2.43	-1.8
878	35.33	-2.44	-1.83
879	35.37	-2.43	-1.85
880	35.41	-2.43	-1.85
881	35.45	-2.42	-1.88
882	35.49	-2.42	-1.88
883	35.53	-2.43	-1.88
884	35.57	-2.42	-1.89
885	35.61	-2.42	-1.89
886	35.65	-2.41	-1.9
887	35.69	-2.4	-1.93
888	35.73	-2.4	-1.97
889	35.77	-2.4	-1.98
890	35.81	-2.42	-1.97
891	35.85	-2.44	-1.95
892	35.89	-2.46	-1.93
893	35.93	-2.47	-1.9
894	35.97	-2.47	-1.9
895	36.01	-2.47	-1.9
896	36.05	-2.46	-1.91
897	36.09	-2.45	-1.92
898	36.13	-2.43	-1.92
899	36.17	-2.41	-1.94
900	36.21	-2.4	-1.94
901	36.25	-2.41	-1.96
902	36.29	-2.43	-2.02
903	36.33	-2.47	-2.07
904	36.37	-2.51	-2.11
905	36.41	-2.53	-2.15
906	36.45	-2.52	-2.13
907	36.49	-2.49	-2.09
908	36.53	-2.45	-2.08
909	36.57	-2.4	-2.06
910	36.61	-2.35	-2.07
911	36.65	-2.31	-2.08
912	36.69	-2.29	-2.08
913	36.73	-2.27	-2.08
914	36.77	-2.26	-2.07
915	36.81	-2.25	-2.09
916	36.85	-2.23	-2.09
917	36.89	-2.21	-2.09
918	36.93	-2.19	-2.1
919	36.97	-2.16	-2.12
920	37.01	-2.13	-2.16
921	37.05	-2.1	-2.19
922	37.09	-2.05	-2.22
923	37.13	-2.02	-2.25
924	37.17	-1.99	-2.26
925	37.21	-1.96	-2.29
926	37.25	-1.92	-2.32
927	37.29	-1.88	-2.33
928	37.33	-1.84	-2.33
929	37.37	-1.79	-2.34
930	37.41	-1.73	-2.31
931	37.45	-1.66	-2.3
932	37.49	-1.57	-2.28
933	37.53	-1.49	-2.27
934	37.57	-1.39	-2.29
935	37.61	-1.27	-2.34
936	37.65	-1.12	-2.42
937	37.69	-0.96	-2.51
938	37.73	-0.8	-2.59
939	37.77	-0.65	-2.65
940	37.81	-0.51	-2.67
941	37.85	-0.39	-2.66
942	37.89	-0.27	-2.66
943	37.93	-0.14	-2.6
944	37.97	-0.01	-2.51
945	38.01	0.12	-2.45
946	38.05	0.22	-2.39
947	38.09	0.27	-2.37
948	38.13	0.28	-2.42
949	38.17	0.31	-2.44
950	38.21	0.31	-2.51
951	38.25	0.32	-2.59
952	38.29	0.32	-2.67
953	38.33	0.28	-2.78
954	38.37	0.26	-2.86
955	38.41	0.22	-2.94
956	38.45	0.16	-3.03
957	38.49	0.13	-3.1
958	38.53	0.13	-3.14
959	38.57	0.17	-3.16
960	38.61	0.24	-3.16
961	38.65	0.28	-3.18
962	38.69	0.31	-3.22
963	38.73	0.31	-3.3
964	38.77	0.31	-3.38
965	38.81	0.33	-3.41
966	38.85	0.32	-3.44
967	38.89	0.35	-3.44
968	38.93	0.38	-3.49
969	38.97	0.41	-3.55
970	39.01	0.47	-3.64
971	39.05	0.54	-3.72
972	39.09	0.59	-3.81
973	39.13	0.61	-3.89
974	39.17	0.65	-3.95
975	39.21	0.67	-4.06
976	39.25	0.76	-4.14
977	39.29	0.85	-4.22
978	39.33	0.91	-4.29
979	39.37	0.96	-4.33
980	39.41	0.95	-4.39
981	39.45	0.93	-4.46
982	39.49	0.94	-4.52
983	39.53	0.96	-4.57
984	39.57	0.99	-4.6
985	39.61	1.04	-4.61
986	39.65	1.06	-4.63
987	39.69	1.09	-4.63
988	39.73	1.12	-4.64
989	39.77	1.15	-4.63
990	39.81	1.18	-4.62
991	39.85	1.2	-4.6
992	39.89	1.2	-4.57
993	39.93	1.18	-4.55
994	39.97	1.19	-4.54
995	40.01	1.17	-4.52
996	40.05	1.15	-4.52
997	40.09	1.12	-4.51
998	40.13	1.02	-4.51
999	40.17	0.91	-4.55
1000	40.21	0.8	-4.6
1001	40.25	0.68	-4.67
1002	40.29	0.64	-4.72
1003	40.33	0.63	-4.74
1004	40.37	0.63	-4.74
1005	40.41	0.66	-4.76
1006	40.45	0.69	-4.79
1007	40.49	0.71	-4.83
1008	40.53	0.74	-4.89
1009	40.57	0.76	-4.93
1010	40.61	0.79	-4.95
1011	40.65	0.84	-5
1012	40.69	0.91	-5.05
1013	40.73	0.94	-5.14
1014	40.77	0.97	-5.23
1015	40.81	0.98	-5.29
1016	40.85	1.01	-5.31
1017	40.89	1.04	-5.32
1018	40.93	1.06	-5.35
1019	40.97	1.09	-5.37
1020	41.01	1.09	-5.41
1021	41.05	1.13	-5.45
1022	41.09	1.19	-5.48
1023	41.13	1.26	-5.52
1024	41.17	1.3	-5.55
1025	41.21	1.33	-5.58
1026	41.25	1.33	-5.59
1027	41.29	1.33	-5.6
1028	41.33	1.35	-5.6
1029	41.37	1.38	-5.57
1030	41.41	1.39	-5.56
1031	41.45	1.39	-5.54
1032	41.49	1.37	-5.53
1033	41.53	1.34	-5.52
1034	41.57	1.32	-5.49
1035	41.61	1.29	-5.44
1036	41.65	1.29	-5.35
1037	41.69	1.3	-5.27
1038	41.73	1.32	-5.19
1039	41.77	1.35	-5.11
1040	41.81	1.37	-5.06
1041	41.85	1.38	-5.01
1042	41.89	1.37	-5
1043	41.93	1.35	-5
1044	41.97	1.32	-5.01
1045	42.01	1.29	-5.04
1046	42.05	1.27	-5.06
1047	42.09	1.23	-5.09
1048	42.13	1.19	-5.1
1049	42.17	1.14	-5.09
1050	42.21	1.07	-5.08
1051	42.25	1	-5.08
1052	42.29	0.95	-5.01
1053	42.33	0.92	-4.94
1054	42.37	0.91	-4.83
1055	42.41	0.9	-4.72
1056	42.45	0.89	-4.68
1057	42.49	0.84	-4.65
1058	42.53	0.78	-4.64
1059	42.57	0.69	-4.64
1060	42.61	0.58	-4.62
1061	42.65	0.5	-4.6
1062	42.69	0.44	-4.55
1063	42.73	0.38	-4.48
1064	42.77	0.32	-4.4
1065	42.81	0.23	-4.29
1066	42.85	0.12	-4.21
1067	42.89	0	-4.12
1068	42.93	-0.12	-4.05
1069	42.97	-0.22	-4.01
1070	43.01	-0.33	-4
1071	43.05	-0.43	-4
1072	43.09	-0.54	-4
1073	43.13	-0.63	-3.97
1074	43.17	-0.72	-3.93
1075	43.21	-0.79	-3.87
1076	43.25	-0.89	-3.77
1077	43.29	-1.02	-3.67
1078	43.33	-1.19	-3.54
1079	43.37	-1.37	-3.41
1080	43.41	-1.53	-3.3
1081	43.45	-1.66	-3.23
1082	43.49	-1.77	-3.16
1083	43.53	-1.86	-3.1
1084	43.57	-1.95	-3.02
1085	43.61	-2.03	-2.91
1086	43.65	-2.09	-2.81
1087	43.69	-2.13	-2.7
1088	43.73	-2.16	-2.59
1089	43.77	-2.18	-2.45
1090	43.81	-2.21	-2.25
1091	43.85	-2.22	-2.08
1092	43.89	-2.23	-1.91
1093	43.93	-2.22	-1.79
1094	43.97	-2.2	-1.72
1095	44.01	-2.18	-1.63
1096	44.05	-2.15	-1.56
1097	44.09	-2.14	-1.48
1098	44.13	-2.12	-1.39
1099	44.17	-2.1	-1.32
1100	44.21	-2.1	-1.23
1101	44.25	-2.09	-1.13
1102	44.29	-2.06	-1.08
1103	44.33	-2.03	-1.02
1104	44.37	-2	-1
1105	44.41	-1.96	-0.99
1106	44.45	-1.93	-0.98
1107	44.49	-1.9	-0.98
1108	44.53	-1.86	-0.99
1109	44.57	-1.83	-1.02
1110	44.61	-1.81	-1.04
1111	44.65	-1.79	-1.07
1112	44.69	-1.78	-1.11
1113	44.73	-1.79	-1.13
1114	44.77	-1.82	-1.17
1115	44.81	-1.85	-1.21
1116	44.85	-1.88	-1.25
1117	44.89	-1.89	-1.3
1118	44.93	-1.91	-1.32
1119	44.97	-1.93	-1.33
1120	45.01	-1.96	-1.34
1121	45.05	-1.99	-1.35
1122	45.09	-2.02	-1.36
1123	45.13	-2.05	-1.38
1124	45.17	-2.09	-1.37
1125	45.21	-2.12	-1.38
1126	45.25	-2.16	-1.4
1127	45.29	-2.19	-1.4
1128	45.33	-2.21	-1.41
1129	45.37	-2.23	-1.41
1130	45.41	-2.24	-1.41
1131	45.45	-2.26	-1.41
1132	45.49	-2.28	-1.44
1133	45.53	-2.32	-1.46
1134	45.57	-2.36	-1.48
1135	45.61	-2.41	-1.53
1136	45.65	-2.48	-1.58
1137	45.69	-2.53	-1.64
1138	45.73	-2.57	-1.71
1139	45.77	-2.6	-1.73
1140	45.81	-2.63	-1.73
1141	45.85	-2.63	-1.74
1142	45.89	-2.66	-1.72
1143	45.93	-2.68	-1.73
1144	45.97	-2.66	-1.77
1145	46.01	-2.67	-1.79
1146	46.05	-2.69	-1.82
1147	46.09	-2.76	-1.84
1148	46.13	-2.9	-1.84
1149	46.17	-3.05	-1.87
1150	46.21	-3.19	-1.91
1151	46.25	-3.28	-1.96
1152	46.29	-3.33	-2
1153	46.33	-3.38	-2.02
1154	46.37	-3.43	-2.04
1155	46.41	-3.5	-2.06
1156	46.45	-3.57	-2.07
1157	46.49	-3.63	-2.06
1158	46.53	-3.7	-2.02
1159	46.57	-3.73	-2
1160	46.61	-3.74	-1.96
1161	46.65	-3.75	-1.94
1162	46.69	-3.75	-1.93
1163	46.73	-3.76	-1.91
1164	46.77	-3.75	-1.91
1165	46.81	-3.76	-1.91
1166	46.85	-3.74	-1.92
1167	46.89	-3.74	-1.92
1168	46.93	-3.75	-1.91
1169	46.97	-3.74	-1.93
1170	47.01	-3.74	-1.95
1171	47.05	-3.71	-1.98
1172	47.09	-3.68	-2.02
1173	47.13	-3.64	-2.07
1174	47.17	-3.6	-2.09
1175	47.21	-3.57	-2.13
1176	47.25	-3.53	-2.18
1177	47.29	-3.52	-2.23
1178	47.33	-3.5	-2.33
1179	47.37	-3.51	-2.4
1180	47.41	-3.52	-2.46
1181	47.45	-3.52	-2.49
1182	47.49	-3.52	-2.48
1183	47.53	-3.5	-2.47
1184	47.57	-3.51	-2.47
1185	47.61	-3.55	-2.49
1186	47.65	-3.58	-2.53
1187	47.69	-3.63	-2.58
1188	47.73	-3.65	-2.63
1189	47.77	-3.63	-2.68
1190	47.81	-3.62	-2.72
1191	47.85	-3.62	-2.74
1192	47.89	-3.61	-2.8
1193	47.93	-3.61	-2.86
1194	47.97	-3.61	-2.94
1195	48.01	-3.59	-3.01
1196	48.05	-3.6	-3.06
1197	48.09	-3.62	-3.09
1198	48.13	-3.63	-3.12
1199	48.17	-3.67	-3.17
1200	48.21	-3.69	-3.24
1201	48.25	-3.69	-3.34
1202	48.29	-3.7	-3.43
1203	48.33	-3.67	-3.51
1204	48.37	-3.64	-3.6
1205	48.41	-3.63	-3.65
1206	48.45	-3.59	-3.71
1207	48.49	-3.56	-3.75
1208	48.53	-3.53	-3.75
1209	48.57	-3.5	-3.76
1210	48.61	-3.5	-3.77
1211	48.65	-3.51	-3.79
1212	48.69	-3.53	-3.81
1213	48.73	-3.56	-3.83
1214	48.77	-3.57	-3.84
1215	48.81	-3.56	-3.84
1216	48.85	-3.56	-3.87
1217	48.89	-3.53	-3.9
1218	48.93	-3.5	-3.95
1219	48.97	-3.47	-4.02
1220	49.01	-3.45	-4.1
1221	49.05	-3.42	-4.17
1222	49.09	-3.39	-4.24
1223	49.13	-3.35	-4.3
1224	49.17	-3.3	-4.34
1225	49.21	-3.26	-4.4
1226	49.25	-3.23	-4.43
1227	49.29	-3.21	-4.46
1228	49.33	-3.19	-4.49
1229	49.37	-3.18	-4.52
1230	49.41	-3.23	-4.59
1231	49.45	-3.29	-4.64
1232	49.49	-3.38	-4.7
1233	49.53	-3.44	-4.73
1234	49.57	-3.47	-4.74
1235	49.61	-3.48	-4.75
1236	49.65	-3.48	-4.75
1237	49.69	-3.5	-4.76
1238	49.73	-3.52	-4.76
1239	49.77	-3.54	-4.76
1240	49.81	-3.57	-4.77
1241	49.85	-3.6	-4.78
1242	49.89	-3.63	-4.77
1243	49.93	-3.65	-4.75
1244	49.97	-3.66	-4.72
1245	50.01	-3.68	-4.69
1246	50.05	-3.69	-4.65
1247	50.09	-3.71	-4.62
1248	50.13	-3.73	-4.58
1249	50.17	-3.76	-4.55
1250	50.21	-3.8	-4.52
1251	50.25	-3.87	-4.5
1252	50.29	-3.91	-4.46
1253	50.33	-3.97	-4.43
1254	50.37	-4	-4.39
1255	50.41	-4.02	-4.35
1256	50.45	-4.05	-4.31
1257	50.49	-4.05	-4.26
1258	50.53	-4.07	-4.18
1259	50.57	-4.1	-4.1
1260	50.61	-4.16	-4.03
1261	50.65	-4.25	-3.97
1262	50.69	-4.32	-3.93
1263	50.73	-4.38	-3.92
1264	50.77	-4.45	-3.91
1265	50.81	-4.49	-3.93
1266	50.85	-4.53	-3.95
1267	50.89	-4.57	-3.99
1268	50.93	-4.6	-4.03
1269	50.97	-4.66	-4.05
1270	51.01	-4.75	-4.04
1271	51.05	-4.87	-4.02
1272	51.09	-4.99	-3.98
1273	51.13	-5.09	-3.94
1274	51.17	-5.15	-3.9
1275	51.21	-5.2	-3.85
1276	51.25	-5.24	-3.79
1277	51.29	-5.26	-3.73
1278	51.33	-5.29	-3.68
1279	51.37	-5.34	-3.64
1280	51.41	-5.41	-3.62
1281	51.45	-5.48	-3.62
1282	51.49	-5.58	-3.61
1283	51.53	-5.65	-3.61
1284	51.57	-5.7	-3.6
1285	51.61	-5.75	-3.58
1286	51.65	-5.78	-3.57
1287	51.69	-5.8	-3.55
1288	51.73	-5.82	-3.54
1289	51.77	-5.81	-3.52
1290	51.81	-5.84	-3.49
1291	51.85	-5.83	-3.46
1292	51.89	-5.81	-3.44
1293	51.93	-5.8	-3.42
1294	51.97	-5.77	-3.41
1295	52.01	-5.77	-3.41
1296	52.05	-5.78	-3.4
1297	52.09	-5.77	-3.41
1298	52.13	-5.77	-3.42
1299	52.17	-5.77	-3.42
1300	52.21	-5.76	-3.43
1301	52.25	-5.78	-3.43
1302	52.29	-5.8	-3.44
1303	52.33	-5.8	-3.46
1304	52.37	-5.82	-3.48
1305	52.41	-5.82	-3.5
1306	52.45	-5.82	-3.52
1307	52.49	-5.81	-3.52
1308	52.53	-5.83	-3.52
1309	52.57	-5.82	-3.51
1310	52.61	-5.82	-3.51
1311	52.65	-5.84	-3.51
1312	52.69	-5.83	-3.51
1313	52.73	-5.85	-3.51
1314	52.77	-5.85	-3.5
1315	52.81	-5.86	-3.5
1316	52.85	-5.9	-3.49
1317	52.89	-5.93	-3.49
1318	52.93	-5.98	-3.49
1319	52.97	-6.03	-3.51
1320	53.01	-6.01	-3.52
1321	53.05	-6	-3.55
1322	53.09	-5.99	-3.57
1323	53.13	-5.97	-3.59
1324	53.17	-5.96	-3.61
1325	53.21	-5.95	-3.63
1326	53.25	-5.92	-3.65
1327	53.29	-5.88	-3.67
1328	53.33	-5.85	-3.69
1329	53.37	-5.79	-3.69
1330	53.41	-5.76	-3.69
1331	53.45	-5.74	-3.69
1332	53.49	-5.74	-3.71
1333	53.53	-5.74	-3.75
1334	53.57	-5.73	-3.79
1335	53.61	-5.7	-3.83
1336	53.65	-5.66	-3.85
1337	53.69	-5.63	-3.87
1338	53.73	-5.61	-3.89
1339	53.77	-5.57	-3.91
1340	53.81	-5.55	-3.94
1341	53.85	-5.53	-3.97
1342	53.89	-5.5	-4
1343	53.93	-5.49	-4.04
1344	53.97	-5.48	-4.07
1345	54.01	-5.46	-4.1
1346	54.05	-5.44	-4.15
1347	54.09	-5.41	-4.19
1348	54.13	-5.37	-4.23
1349	54.17	-5.35	-4.29
1350	54.21	-5.32	-4.36
1351	54.25	-5.3	-4.42
1352	54.29	-5.28	-4.49
1353	54.33	-5.27	-4.53
1354	54.37	-5.25	-4.57
1355	54.41	-5.23	-4.61
1356	54.45	-5.21	-4.68
1357	54.49	-5.18	-4.75
1358	54.53	-5.16	-4.82
1359	54.57	-5.13	-4.86
1360	54.61	-5.09	-4.87
1361	54.65	-5.05	-4.87
1362	54.69	-5.01	-4.87
1363	54.73	-4.98	-4.87
1364	54.77	-4.98	-4.9
1365	54.81	-4.97	-4.94
1366	54.85	-4.96	-4.97
1367	54.89	-4.96	-5.01
1368	54.93	-4.96	-5.03
1369	54.97	-4.97	-5.05
1370	55.01	-4.97	-5.04
1371	55.05	-4.96	-5.02
1372	55.09	-4.91	-4.95
1373	55.13	-4.85	-4.89
1374	55.17	-4.78	-4.84
1375	55.21	-4.7	-4.79
1376	55.25	-4.65	-4.76
1377	55.29	-4.61	-4.72
1378	55.33	-4.59	-4.68
1379	55.37	-4.58	-4.68
1380	55.41	-4.56	-4.68
1381	55.45	-4.55	-4.69
1382	55.49	-4.53	-4.68
1383	55.53	-4.5	-4.66
1384	55.57	-4.45	-4.61
1385	55.61	-4.37	-4.55
1386	55.65	-4.29	-4.5
1387	55.69	-4.24	-4.46
1388	55.73	-4.22	-4.42
1389	55.77	-4.21	-4.37
1390	55.81	-4.2	-4.32
1391	55.85	-4.17	-4.25
1392	55.89	-4.16	-4.19
1393	55.93	-4.14	-4.15
1394	55.97	-4.11	-4.12
1395	56.01	-4.06	-4.12
1396	56.05	-4	-4.13
1397	56.09	-3.94	-4.14
1398	56.13	-3.9	-4.15
1399	56.17	-3.87	-4.14
1400	56.21	-3.85	-4.13
1401	56.25	-3.82	-4.11
1402	56.29	-3.8	-4.12
1403	56.33	-3.77	-4.13
1404	56.37	-3.77	-4.14
1405	56.41	-3.78	-4.16
1406	56.45	-3.8	-4.16
1407	56.49	-3.81	-4.14
1408	56.53	-3.84	-4.12
1409	56.57	-3.86	-4.08
1410	56.6	-3.89	-4.02
1411	56.65	-3.93	-3.97
1412	56.69	-3.97	-3.89
1413	56.73	-4.05	-3.82
1414	56.77	-4.12	-3.77
1415	56.81	-4.19	-3.73
1416	56.85	-4.25	-3.74
1417	56.88	-4.28	-3.76
1418	56.93	-4.3	-3.8
1419	56.97	-4.35	-3.82
1420	57	-4.44	-3.8
1421	57.04	-4.54	-3.75
1422	57.08	-4.67	-3.68
1423	57.12	-4.78	-3.6
1424	57.16	-4.89	-3.52
1425	57.2	-4.98	-3.46
1426	57.24	-5.06	-3.41
1427	57.28	-5.11	-3.38
1428	57.32	-5.14	-3.35
1429	57.36	-5.15	-3.32
1430	57.4	-5.14	-3.29
1431	57.44	-5.16	-3.27
1432	57.48	-5.18	-3.27
1433	57.52	-5.2	-3.27
1434	57.56	-5.22	-3.28
1435	57.6	-5.24	-3.28
1436	57.64	-5.23	-3.29
1437	57.68	-5.23	-3.3
1438	57.72	-5.21	-3.32
1439	57.76	-5.19	-3.33
1440	57.8	-5.17	-3.35
1441	57.84	-5.13	-3.37
1442	57.88	-5.11	-3.38
1443	57.92	-5.08	-3.38
1444	57.96	-5.05	-3.38
1445	58	-5.03	-3.37
1446	58.04	-5	-3.35
1447	58.08	-4.96	-3.34
1448	58.12	-4.93	-3.35
1449	58.16	-4.9	-3.37
1450	58.2	-4.87	-3.38
1451	58.24	-4.84	-3.4
1452	58.28	-4.78	-3.41
1453	58.32	-4.73	-3.42
1454	58.36	-4.63	-3.44
1455	58.4	-4.56	-3.45
1456	58.44	-4.49	-3.48
1457	58.48	-4.45	-3.48
1458	58.52	-4.43	-3.48
1459	58.56	-4.41	-3.48
1460	58.6	-4.41	-3.48
1461	58.64	-4.38	-3.48
1462	58.68	-4.36	-3.5
1463	58.72	-4.34	-3.51
1464	58.77	-4.32	-3.53
1465	58.8	-4.3	-3.56
1466	58.84	-4.28	-3.61
1467	58.88	-4.25	-3.69
1468	58.92	-4.24	-3.75
1469	58.96	-4.24	-3.82
1470	59	-4.28	-3.85
1471	59.04	-4.33	-3.9
1472	59.08	-4.41	-3.97
1473	59.12	-4.47	-4.07
1474	59.16	-4.52	-4.17
1475	59.2	-4.56	-4.23
1476	59.24	-4.57	-4.25
1477	59.28	-4.6	-4.22
1478	59.32	-4.6	-4.19
1479	59.36	-4.61	-4.17
1480	59.4	-4.64	-4.16
1481	59.44	-4.67	-4.15
1482	59.48	-4.71	-4.14
1483	59.52	-4.73	-4.14
1484	59.56	-4.72	-4.14
1485	59.6	-4.71	-4.15
1486	59.64	-4.7	-4.15
1487	59.68	-4.69	-4.14
1488	59.72	-4.68	-4.12
1489	59.76	-4.68	-4.11
1490	59.8	-4.7	-4.09
1491	59.84	-4.72	-4.05
1492	59.88	-4.76	-4
1493	59.92	-4.82	-3.94
1494	59.96	-4.9	-3.89
1495	60	-4.96	-3.87
1496	60.04	-5.02	-3.86
1497	60.08	-5.05	-3.86
1498	60.12	-5.07	-3.85
1499	60.16	-5.09	-3.85
1500	60.2	-5.12	-3.83
1501	60.24	-5.14	-3.82
1502	60.28	-5.16	-3.82
1503	60.32	-5.18	-3.82
1504	60.36	-5.18	-3.82
1505	60.4	-5.18	-3.82
1506	60.44	-5.19	-3.82
1507	60.48	-5.19	-3.81
1508	60.52	-5.18	-3.81
1509	60.56	-5.17	-3.82
1510	60.6	-5.13	-3.83
1511	60.64	-5.07	-3.85
1512	60.68	-4.99	-3.87
1513	60.72	-4.91	-3.9
1514	60.76	-4.83	-3.93
1515	60.8	-4.78	-3.97
1516	60.84	-4.76	-3.98
1517	60.88	-4.72	-4
1518	60.92	-4.69	-4.02
1519	60.96	-4.65	-4.03
1520	61	-4.61	-4.06
1521	61.04	-4.58	-4.08
1522	61.08	-4.56	-4.07
1523	61.12	-4.53	-4.06
1524	61.16	-4.47	-4.02
1525	61.2	-4.4	-3.97
1526	61.24	-4.34	-3.96
1527	61.28	-4.29	-3.95
1528	61.32	-4.28	-3.98
1529	61.36	-4.28	-4.01
1530	61.4	-4.27	-4.03
1531	61.44	-4.25	-4.03
1532	61.48	-4.21	-4.01
1533	61.52	-4.18	-3.98
1534	61.56	-4.15	-3.96
1535	61.6	-4.16	-3.98
1536	61.64	-4.19	-4.06
1537	61.68	-4.2	-4.16
1538	61.72	-4.21	-4.24
1539	61.76	-4.19	-4.25
1540	61.8	-4.17	-4.23
1541	61.84	-4.17	-4.17
1542	61.88	-4.17	-4.13
1543	61.92	-4.18	-4.11
1544	61.96	-4.19	-4.08
1545	62	-4.2	-4.08
1546	62.04	-4.2	-4.05
1547	62.08	-4.19	-4.02
1548	62.12	-4.18	-3.97
1549	62.16	-4.16	-3.93
1550	62.2	-4.14	-3.92
1551	62.24	-4.13	-3.91
1552	62.28	-4.12	-3.92
1553	62.32	-4.11	-3.92
1554	62.36	-4.1	-3.92
1555	62.4	-4.09	-3.92
1556	62.44	-4.07	-3.95
1557	62.48	-4.04	-3.96
1558	62.52	-4.02	-3.97
1559	62.56	-4	-3.95
1560	62.6	-4	-3.91
1561	62.64	-4.01	-3.87
1562	62.68	-4.03	-3.83
1563	62.72	-4.06	-3.8
1564	62.76	-4.08	-3.77
1565	62.8	-4.08	-3.73
1566	62.84	-4.07	-3.69
1567	62.88	-4.04	-3.64
1568	62.92	-4.01	-3.58
1569	62.96	-3.98	-3.56
1570	63	-3.95	-3.54
1571	63.04	-3.9	-3.51
1572	63.08	-3.85	-3.46
1573	63.12	-3.81	-3.39
1574	63.16	-3.77	-3.35
1575	63.2	-3.73	-3.32
1576	63.24	-3.71	-3.33
1577	63.28	-3.68	-3.37
1578	63.32	-3.65	-3.43
1579	63.36	-3.64	-3.47
1580	63.4	-3.61	-3.5
1581	63.44	-3.59	-3.48
1582	63.48	-3.59	-3.42
1583	63.52	-3.58	-3.37
1584	63.56	-3.58	-3.3
1585	63.6	-3.56	-3.23
1586	63.64	-3.53	-3.16
1587	63.68	-3.49	-3.09
1588	63.72	-3.45	-3.06
1589	63.76	-3.4	-3.01
1590	63.8	-3.35	-2.98
1591	63.84	-3.26	-2.97
1592	63.88	-3.19	-2.97
1593	63.92	-3.13	-2.99
1594	63.96	-3.07	-3.01
1595	64	-3.05	-3.02
1596	64.04	-3.03	-3.01
1597	64.08	-3	-2.98
1598	64.12	-2.96	-2.96
1599	64.16	-2.9	-2.95
1600	64.2	-2.86	-2.93
1601	64.24	-2.82	-2.94
1602	64.28	-2.79	-2.94
1603	64.32	-2.76	-2.96
1604	64.36	-2.73	-3.01
1605	64.4	-2.71	-3.1
1606	64.44	-2.69	-3.21
1607	64.48	-2.68	-3.29
1608	64.52	-2.68	-3.33
1609	64.56	-2.65	-3.34
1610	64.6	-2.62	-3.34
1611	64.64	-2.56	-3.36
1612	64.68	-2.47	-3.37
1613	64.72	-2.39	-3.39
1614	64.76	-2.31	-3.44
1615	64.8	-2.25	-3.49
1616	64.84	-2.2	-3.59
1617	64.88	-2.18	-3.75
1618	64.92	-2.17	-3.95
1619	64.96	-2.16	-4.1
1620	65	-2.16	-4.22
1621	65.04	-2.17	-4.26
1622	65.08	-2.17	-4.23
1623	65.12	-2.2	-4.23
1624	65.16	-2.25	-4.21
1625	65.2	-2.3	-4.21
1626	65.24	-2.36	-4.21
1627	65.28	-2.41	-4.17
1628	65.32	-2.45	-4.15
1629	65.36	-2.49	-4.07
1630	65.4	-2.52	-4
1631	65.44	-2.56	-3.94
1632	65.48	-2.6	-3.86
1633	65.52	-2.64	-3.81
1634	65.56	-2.69	-3.77
1635	65.6	-2.75	-3.77
1636	65.64	-2.79	-3.76
1637	65.68	-2.82	-3.74
1638	65.72	-2.83	-3.68
1639	65.76	-2.83	-3.63
1640	65.8	-2.84	-3.6
1641	65.84	-2.87	-3.56
1642	65.88	-2.93	-3.55
1643	65.92	-3.04	-3.52
1644	65.96	-3.17	-3.48
1645	66	-3.34	-3.47
1646	66.04	-3.5	-3.47
1647	66.08	-3.61	-3.46
1648	66.12	-3.7	-3.46
1649	66.16	-3.79	-3.46
1650	66.2	-3.89	-3.47
1651	66.24	-4.02	-3.51
1652	66.28	-4.16	-3.54
1653	66.32	-4.3	-3.55
1654	66.36	-4.39	-3.51
1655	66.4	-4.47	-3.43
1656	66.44	-4.55	-3.35
1657	66.48	-4.65	-3.28
1658	66.52	-4.77	-3.24
1659	66.56	-4.86	-3.23
1660	66.6	-4.95	-3.23
1661	66.64	-5.02	-3.23
1662	66.68	-5.13	-3.22
1663	66.72	-5.3	-3.22
1664	66.76	-5.45	-3.21
1665	66.8	-5.62	-3.19
1666	66.84	-5.77	-3.18
1667	66.88	-5.87	-3.13
1668	66.92	-5.99	-3.08
1669	66.96	-6.1	-3.03
1670	67	-6.2	-2.99
1671	67.04	-6.32	-3
1672	67.08	-6.4	-2.99
1673	67.12	-6.49	-3.01
1674	67.16	-6.54	-3.04
1675	67.2	-6.59	-3.08
1676	67.24	-6.67	-3.14
1677	67.28	-6.71	-3.2
1678	67.32	-6.77	-3.23
1679	67.36	-6.83	-3.27
1680	67.4	-6.87	-3.3
1681	67.44	-6.91	-3.32
1682	67.48	-6.97	-3.34
1683	67.52	-7.02	-3.33
1684	67.56	-7.06	-3.3
1685	67.6	-7.07	-3.27
1686	67.64	-7.06	-3.26
1687	67.68	-7.04	-3.27
1688	67.72	-7.02	-3.3
1689	67.76	-6.99	-3.32
1690	67.8	-6.97	-3.34
1691	67.84	-6.94	-3.36
1692	67.88	-6.89	-3.38
1693	67.92	-6.86	-3.41
1694	67.96	-6.81	-3.41
1695	68	-6.78	-3.42
1696	68.04	-6.77	-3.43
1697	68.08	-6.74	-3.42
1698	68.12	-6.71	-3.4
1699	68.16	-6.66	-3.37
1700	68.2	-6.6	-3.32
1701	68.24	-6.55	-3.28
1702	68.28	-6.51	-3.25
1703	68.32	-6.49	-3.22
1704	68.36	-6.5	-3.2
1705	68.4	-6.51	-3.19
1706	68.44	-6.52	-3.17
1707	68.48	-6.53	-3.15
1708	68.52	-6.53	-3.14
1709	68.56	-6.51	-3.13
1710	68.6	-6.51	-3.13
1711	68.64	-6.5	-3.12
1712	68.68	-6.5	-3.11
1713	68.72	-6.51	-3.11
1714	68.76	-6.53	-3.1
1715	68.8	-6.52	-3.08
1716	68.84	-6.53	-3.06
1717	68.88	-6.55	-3.04
1718	68.92	-6.56	-3
1719	68.96	-6.6	-2.95
1720	69	-6.63	-2.9
1721	69.04	-6.65	-2.85
1722	69.08	-6.69	-2.81
1723	69.12	-6.7	-2.79
1724	69.16	-6.71	-2.78
1725	69.2	-6.69	-2.78
1726	69.24	-6.69	-2.78
1727	69.28	-6.7	-2.77
1728	69.32	-6.71	-2.73
1729	69.36	-6.73	-2.7
1730	69.4	-6.73	-2.65
1731	69.44	-6.75	-2.58
1732	69.48	-6.76	-2.53
1733	69.52	-6.77	-2.44
1734	69.56	-6.79	-2.37
1735	69.6	-6.82	-2.28
1736	69.64	-6.84	-2.19
1737	69.68	-6.88	-2.11
1738	69.72	-6.93	-2.02
1739	69.76	-7	-1.95
1740	69.8	-7.07	-1.9
1741	69.84	-7.14	-1.86
1742	69.88	-7.18	-1.85
1743	69.92	-7.21	-1.83
1744	69.96	-7.23	-1.78
1745	70	-7.22	-1.72
1746	70.04	-7.22	-1.64
1747	70.08	-7.18	-1.57
1748	70.12	-7.15	-1.53
1749	70.16	-7.13	-1.48
1750	70.2	-7.09	-1.47
1751	70.24	-7.07	-1.46
1752	70.28	-7.04	-1.46
1753	70.32	-7.01	-1.47
1754	70.36	-6.97	-1.46
1755	70.4	-6.94	-1.44
1756	70.44	-6.91	-1.42
1757	70.48	-6.87	-1.39
1758	70.52	-6.82	-1.36
1759	70.56	-6.75	-1.33
1760	70.6	-6.68	-1.27
1761	70.64	-6.59	-1.23
1762	70.68	-6.54	-1.18
1763	70.72	-6.52	-1.13
1764	70.76	-6.51	-1.1
1765	70.8	-6.53	-1.07
1766	70.84	-6.53	-1.03
1767	70.88	-6.51	-0.96
1768	70.92	-6.47	-0.86
1769	70.96	-6.44	-0.73
1770	71	-6.41	-0.6
1771	71.04	-6.36	-0.5
1772	71.08	-6.3	-0.45
1773	71.12	-6.25	-0.43
1774	71.16	-6.2	-0.42
1775	71.2	-6.17	-0.41
1776	71.24	-6.15	-0.38
1777	71.28	-6.12	-0.34
1778	71.32	-6.1	-0.28
1779	71.36	-6.1	-0.22
1780	71.4	-6.14	-0.17
1781	71.44	-6.22	-0.09
1782	71.48	-6.31	-0.04
1783	71.52	-6.38	0.03
1784	71.56	-6.41	0.11
1785	71.6	-6.38	0.15
1786	71.64	-6.34	0.21
1787	71.68	-6.28	0.25
1788	71.72	-6.23	0.26
1789	71.76	-6.18	0.26
1790	71.8	-6.14	0.25
1791	71.84	-6.09	0.26
1792	71.88	-6.02	0.32
1793	71.92	-5.9	0.41
1794	71.96	-5.76	0.53
1795	72	-5.63	0.64
1796	72.04	-5.5	0.7
1797	72.08	-5.41	0.76
1798	72.12	-5.34	0.78
1799	72.16	-5.27	0.81
1800	72.2	-5.21	0.87
1801	72.24	-5.15	0.92
1802	72.28	-5.1	0.98
1803	72.32	-5.05	1.03
1804	72.36	-5.03	1.1
1805	72.4	-5.02	1.15
1806	72.44	-5.03	1.2
1807	72.48	-5.03	1.27
1808	72.52	-4.97	1.36
1809	72.56	-4.89	1.46
1810	72.6	-4.81	1.58
1811	72.64	-4.73	1.66
1812	72.68	-4.68	1.76
1813	72.72	-4.64	1.86
1814	72.76	-4.6	1.96
1815	72.8	-4.59	2.05
1816	72.84	-4.59	2.09
1817	72.88	-4.6	2.13
1818	72.92	-4.63	2.17
1819	72.96	-4.65	2.21
1820	73	-4.68	2.24
1821	73.04	-4.7	2.27
1822	73.08	-4.73	2.27
1823	73.12	-4.76	2.28
1824	73.16	-4.79	2.3
1825	73.2	-4.82	2.3
1826	73.24	-4.84	2.31
1827	73.28	-4.85	2.32
1828	73.32	-4.87	2.33
1829	73.36	-4.89	2.36
1830	73.4	-4.92	2.36
1831	73.44	-4.95	2.38
1832	73.48	-4.96	2.38
1833	73.52	-4.98	2.35
1834	73.56	-4.99	2.31
1835	73.6	-4.98	2.25
1836	73.64	-4.99	2.18
1837	73.68	-4.99	2.11
1838	73.72	-5.02	2.05
1839	73.76	-5.05	1.98
1840	73.8	-5.09	1.88
1841	73.84	-5.15	1.77
1842	73.88	-5.21	1.65
1843	73.92	-5.24	1.53
1844	73.96	-5.24	1.45
1845	74	-5.18	1.39
1846	74.04	-5.1	1.35
1847	74.08	-5.02	1.32
1848	74.12	-4.94	1.31
1849	74.16	-4.85	1.33
1850	74.2	-4.77	1.33
1851	74.24	-4.68	1.35
1852	74.28	-4.6	1.37
1853	74.32	-4.54	1.42
1854	74.36	-4.52	1.44
1855	74.4	-4.52	1.46
1856	74.44	-4.53	1.47
1857	74.48	-4.55	1.39
1858	74.52	-4.54	1.33
1859	74.56	-4.5	1.23
1860	74.6	-4.46	1.12
1861	74.64	-4.41	1.03
1862	74.68	-4.36	0.96
1863	74.72	-4.31	0.93
1864	74.76	-4.28	0.9
1865	74.8	-4.19	0.87
1866	74.84	-4.06	0.8
1867	74.88	-3.92	0.72
1868	74.92	-3.78	0.61
1869	74.96	-3.7	0.51
1870	75	-3.65	0.45
1871	75.04	-3.63	0.38
1872	75.08	-3.61	0.29
1873	75.12	-3.58	0.19
1874	75.16	-3.54	0.08
1875	75.2	-3.48	-0.01
1876	75.24	-3.41	-0.05
1877	75.28	-3.35	-0.05
1878	75.32	-3.27	-0.05
1879	75.36	-3.12	-0.06
1880	75.4	-2.96	-0.13
1881	75.44	-2.8	-0.22
1882	75.48	-2.69	-0.3
1883	75.52	-2.64	-0.36
1884	75.56	-2.63	-0.41
1885	75.6	-2.62	-0.46
1886	75.64	-2.62	-0.53
1887	75.68	-2.64	-0.58
1888	75.72	-2.65	-0.62
1889	75.76	-2.65	-0.67
1890	75.8	-2.63	-0.71
1891	75.84	-2.6	-0.76
1892	75.88	-2.53	-0.79
1893	75.92	-2.5	-0.82
1894	75.96	-2.47	-0.85
1895	76	-2.44	-0.86
1896	76.04	-2.46	-0.89
1897	76.08	-2.43	-0.91
1898	76.12	-2.42	-0.92
1899	76.16	-2.39	-0.95
1900	76.2	-2.34	-0.97
1901	76.24	-2.33	-0.99
1902	76.28	-2.31	-1
1903	76.32	-2.29	-0.99
1904	76.36	-2.26	-0.97
1905	76.4	-2.22	-0.95
1906	76.44	-2.2	-0.92
1907	76.48	-2.15	-0.91
1908	76.52	-2.14	-0.88
1909	76.56	-2.13	-0.86
1910	76.6	-2.12	-0.86
1911	76.64	-2.11	-0.85
1912	76.68	-2.09	-0.86
1913	76.72	-2.07	-0.86
1914	76.76	-2.06	-0.87
1915	76.8	-2.08	-0.87
1916	76.84	-2.1	-0.88
1917	76.88	-2.11	-0.9
1918	76.92	-2.09	-0.92
1919	76.96	-2.03	-0.95
1920	77	-1.98	-0.95
1921	77.04	-1.93	-0.96
1922	77.08	-1.89	-0.95
1923	77.12	-1.87	-0.95
1924	77.16	-1.84	-0.94
1925	77.2	-1.83	-0.92
1926	77.24	-1.81	-0.9
1927	77.28	-1.78	-0.87
1928	77.32	-1.75	-0.85
1929	77.36	-1.72	-0.83
1930	77.4	-1.68	-0.81
1931	77.44	-1.67	-0.78
1932	77.48	-1.66	-0.75
1933	77.52	-1.66	-0.72
1934	77.56	-1.68	-0.69
1935	77.6	-1.7	-0.66
1936	77.64	-1.75	-0.63
1937	77.68	-1.78	-0.6
1938	77.72	-1.84	-0.58
1939	77.76	-1.9	-0.55
1940	77.8	-1.97	-0.54
1941	77.84	-2.06	-0.54
1942	77.88	-2.14	-0.53
1943	77.92	-2.22	-0.52
1944	77.96	-2.31	-0.52
1945	78	-2.37	-0.51
1946	78.04	-2.44	-0.5
1947	78.08	-2.51	-0.51
1948	78.12	-2.53	-0.52
1949	78.16	-2.57	-0.55
1950	78.2	-2.58	-0.6
1951	78.24	-2.56	-0.63
1952	78.28	-2.56	-0.65
1953	78.32	-2.59	-0.66
1954	78.36	-2.64	-0.66
1955	78.4	-2.72	-0.66
1956	78.44	-2.81	-0.65
1957	78.48	-2.89	-0.66
1958	78.52	-2.95	-0.69
1959	78.56	-2.99	-0.75
1960	78.6	-3.03	-0.84
1961	78.64	-3.05	-0.91
1962	78.68	-3.09	-0.95
1963	78.72	-3.14	-0.98
1964	78.76	-3.17	-1.02
1965	78.8	-3.22	-1.05
1966	78.84	-3.24	-1.09
1967	78.88	-3.3	-1.11
1968	78.92	-3.38	-1.16
1969	78.96	-3.46	-1.24
1970	79	-3.55	-1.33
1971	79.04	-3.61	-1.4
1972	79.08	-3.62	-1.45
1973	79.12	-3.63	-1.46
1974	79.16	-3.65	-1.46
1975	79.2	-3.69	-1.49
1976	79.24	-3.73	-1.54
1977	79.28	-3.78	-1.59
1978	79.32	-3.82	-1.63
1979	79.36	-3.84	-1.65
1980	79.4	-3.87	-1.66
1981	79.44	-3.89	-1.69
1982	79.48	-3.91	-1.73
1983	79.52	-3.92	-1.78
1984	79.56	-3.94	-1.83
1985	79.6	-3.95	-1.88
1986	79.64	-3.96	-1.96
1987	79.68	-3.96	-2.05
1988	79.72	-3.91	-2.16
1989	79.76	-3.84	-2.25
1990	79.8	-3.76	-2.3
1991	79.84	-3.7	-2.34
1992	79.88	-3.69	-2.38
1993	79.92	-3.7	-2.45
1994	79.96	-3.72	-2.53
1995	80	-3.73	-2.62
1996	80.04	-3.74	-2.68
1997	80.08	-3.76	-2.72
1998	80.12	-3.79	-2.75
1999	80.16	-3.86	-2.81
2000	80.2	-3.96	-2.89
2001	80.24	-4.06	-2.95
2002	80.28	-4.15	-3.02
2003	80.32	-4.2	-3.05
2004	80.36	-4.25	-3.05
2005	80.4	-4.3	-3.07
2006	80.44	-4.36	-3.1
2007	80.48	-4.42	-3.13
2008	80.52	-4.49	-3.15
2009	80.56	-4.56	-3.17
2010	80.6	-4.65	-3.18
2011	80.64	-4.74	-3.2
2012	80.68	-4.8	-3.23
2013	80.72	-4.82	-3.26
2014	80.76	-4.82	-3.27
2015	80.8	-4.83	-3.3
2016	80.84	-4.9	-3.34
2017	80.88	-5.02	-3.41
2018	80.92	-5.14	-3.46
2019	80.96	-5.22	-3.47
2020	81	-5.26	-3.47
2021	81.04	-5.25	-3.42
2022	81.08	-5.26	-3.4
2023	81.12	-5.3	-3.4
2024	81.16	-5.37	-3.42
2025	81.2	-5.45	-3.47
2026	81.24	-5.55	-3.53
2027	81.28	-5.62	-3.6
2028	81.32	-5.67	-3.67
2029	81.36	-5.7	-3.75
2030	81.4	-5.7	-3.84
2031	81.44	-5.69	-3.94
2032	81.48	-5.69	-4
2033	81.52	-5.71	-4.04
2034	81.56	-5.76	-4.08
2035	81.6	-5.81	-4.08
2036	81.64	-5.86	-4.1
2037	81.68	-5.87	-4.14
2038	81.72	-5.87	-4.15
2039	81.76	-5.88	-4.2
2040	81.8	-5.87	-4.23
2041	81.84	-5.91	-4.23
2042	81.88	-5.99	-4.24
2043	81.92	-6.07	-4.2
2044	81.96	-6.17	-4.15
2045	82	-6.25	-4.1
2046	82.04	-6.29	-4.03
2047	82.08	-6.32	-3.97
2048	82.12	-6.35	-3.89
2049	82.16	-6.38	-3.79
2050	82.2	-6.43	-3.69
2051	82.24	-6.46	-3.6
2052	82.28	-6.49	-3.54
2053	82.32	-6.51	-3.52
2054	82.36	-6.53	-3.53
2055	82.4	-6.53	-3.54
2056	82.44	-6.55	-3.53
2057	82.48	-6.57	-3.48
2058	82.52	-6.6	-3.41
2059	82.56	-6.65	-3.32
2060	82.6	-6.69	-3.24
2061	82.64	-6.73	-3.17
2062	82.68	-6.72	-3.1
2063	82.72	-6.69	-3.04
2064	82.76	-6.68	-2.95
2065	82.8	-6.64	-2.85
2066	82.84	-6.65	-2.76
2067	82.88	-6.67	-2.68
2068	82.92	-6.7	-2.62
2069	82.96	-6.76	-2.6
2070	83	-6.78	-2.56
2071	83.04	-6.8	-2.55
2072	83.08	-6.82	-2.55
2073	83.12	-6.84	-2.54
2074	83.16	-6.87	-2.55
2075	83.2	-6.87	-2.55
2076	83.24	-6.88	-2.55
2077	83.28	-6.87	-2.54
2078	83.32	-6.86	-2.52
2079	83.36	-6.87	-2.54
2080	83.4	-6.85	-2.54
2081	83.44	-6.85	-2.57
2082	83.48	-6.85	-2.61
2083	83.52	-6.84	-2.61
2084	83.56	-6.85	-2.63
2085	83.6	-6.85	-2.63
2086	83.64	-6.84	-2.62
2087	83.68	-6.83	-2.63
2088	83.72	-6.79	-2.63
2089	83.76	-6.79	-2.67
2090	83.8	-6.77	-2.71
2091	83.84	-6.77	-2.75
2092	83.88	-6.74	-2.76
2093	83.92	-6.66	-2.73
2094	83.96	-6.59	-2.7
2095	84	-6.52	-2.65
2096	84.04	-6.45	-2.62
2097	84.08	-6.45	-2.65
2098	84.12	-6.45	-2.66
2099	84.16	-6.45	-2.68
2100	84.2	-6.49	-2.73
2101	84.24	-6.48	-2.73
2102	84.28	-6.48	-2.74
2103	84.32	-6.49	-2.76
2104	84.36	-6.47	-2.75
2105	84.4	-6.46	-2.76
2106	84.44	-6.47	-2.79
2107	84.48	-6.46	-2.8
2108	84.52	-6.47	-2.83
2109	84.56	-6.48	-2.87
2110	84.6	-6.48	-2.89
2111	84.64	-6.48	-2.93
2112	84.68	-6.49	-2.96
2113	84.72	-6.52	-3.01
2114	84.76	-6.52	-3.03
2115	84.8	-6.53	-3.05
2116	84.84	-6.53	-3.07
2117	84.88	-6.51	-3.08
2118	84.92	-6.52	-3.11
2119	84.96	-6.52	-3.14
2120	85	-6.52	-3.16
2121	85.04	-6.53	-3.19
2122	85.08	-6.54	-3.21
2123	85.12	-6.52	-3.19
2124	85.16	-6.51	-3.18
2125	85.2	-6.45	-3.13
2126	85.24	-6.4	-3.11
2127	85.28	-6.35	-3.1
2128	85.32	-6.27	-3.08
2129	85.36	-6.21	-3.07
2130	85.4	-6.16	-3.04
2131	85.44	-6.11	-3
2132	85.48	-6.08	-2.94
2133	85.52	-6.08	-2.91
2134	85.56	-6.02	-2.87
2135	85.6	-6.01	-2.88
2136	85.64	-6.01	-2.92
2137	85.68	-5.97	-2.93
2138	85.72	-5.98	-2.96
2139	85.76	-5.95	-2.94
2140	85.8	-5.93	-2.93
2141	85.84	-5.92	-2.92
2142	85.88	-5.89	-2.88
2143	85.92	-5.9	-2.88
2144	85.96	-5.89	-2.84
2145	86	-5.88	-2.81
2146	86.04	-5.88	-2.81
2147	86.08	-5.84	-2.78
2148	86.12	-5.83	-2.79
2149	86.16	-5.8	-2.79
2150	86.2	-5.79	-2.8
2151	86.24	-5.78	-2.82
2152	86.28	-5.76	-2.82
2153	86.32	-5.75	-2.83
2154	86.36	-5.72	-2.8
2155	86.4	-5.72	-2.8
2156	86.44	-5.71	-2.81
2157	86.48	-5.66	-2.82
2158	86.52	-5.6	-2.88
2159	86.56	-5.55	-2.91
2160	86.6	-5.53	-2.92
2161	86.64	-5.56	-2.93
2162	86.68	-5.63	-2.92
2163	86.72	-5.68	-2.9
2164	86.76	-5.72	-2.89
2165	86.8	-5.76	-2.89
2166	86.84	-5.77	-2.88
2167	86.88	-5.79	-2.87
2168	86.92	-5.8	-2.85
2169	86.96	-5.78	-2.84
2170	87	-5.75	-2.84
2171	87.04	-5.73	-2.86
2172	87.08	-5.71	-2.88
2173	87.12	-5.71	-2.87
2174	87.16	-5.73	-2.84
2175	87.2	-5.75	-2.8
2176	87.24	-5.77	-2.77
2177	87.28	-5.81	-2.73
2178	87.32	-5.82	-2.73
2179	87.36	-5.85	-2.72
2180	87.4	-5.86	-2.71
2181	87.44	-5.87	-2.71
2182	87.48	-5.89	-2.68
2183	87.52	-5.91	-2.65
2184	87.56	-5.95	-2.62
2185	87.6	-5.99	-2.58
2186	87.64	-6.03	-2.55
2187	87.68	-6.05	-2.53
2188	87.72	-6.03	-2.5
2189	87.76	-6.01	-2.49
2190	87.8	-6	-2.49
2191	87.84	-5.99	-2.47
2192	87.88	-6.02	-2.45
2193	87.92	-6.04	-2.4
2194	87.96	-6.06	-2.36
2195	88	-6.08	-2.33
2196	88.04	-6.09	-2.29
2197	88.08	-6.09	-2.26
2198	88.12	-6.08	-2.23
2199	88.16	-6.06	-2.19
2200	88.2	-6.05	-2.16
2201	88.24	-6.04	-2.12
2202	88.28	-6.03	-2.1
2203	88.32	-6.02	-2.06
2204	88.36	-6	-2.02
2205	88.4	-5.98	-2
2206	88.44	-5.96	-1.97
2207	88.48	-5.94	-1.96
2208	88.52	-5.9	-1.95
2209	88.56	-5.86	-1.94
2210	88.6	-5.83	-1.93
2211	88.64	-5.8	-1.95
2212	88.68	-5.79	-1.98
2213	88.72	-5.8	-2.02
2214	88.76	-5.81	-2.05
2215	88.8	-5.85	-2.07
2216	88.84	-5.92	-2.05
2217	88.88	-5.95	-1.95
2218	88.92	-5.98	-1.87
2219	88.96	-6	-1.83
2220	89	-6	-1.81
2221	89.04	-6.01	-1.82
2222	89.08	-5.97	-1.78
2223	89.12	-5.97	-1.73
2224	89.16	-5.98	-1.67
2225	89.2	-5.98	-1.6
2226	89.24	-6.04	-1.56
2227	89.28	-6.08	-1.5
2228	89.32	-6.12	-1.49
2229	89.36	-6.16	-1.51
2230	89.4	-6.2	-1.53
2231	89.44	-6.2	-1.54
2232	89.48	-6.18	-1.5
2233	89.52	-6.16	-1.44
2234	89.56	-6.16	-1.36
2235	89.6	-6.2	-1.27
2236	89.64	-6.26	-1.18
2237	89.68	-6.32	-1.11
2238	89.72	-6.37	-1.05
2239	89.76	-6.4	-1.01
2240	89.8	-6.43	-0.93
2241	89.84	-6.47	-0.81
2242	89.88	-6.48	-0.67
2243	89.92	-6.49	-0.52
2244	89.96	-6.49	-0.4
2245	90	-6.47	-0.33
2246	90.04	-6.45	-0.28
2247	90.08	-6.42	-0.21
2248	90.12	-6.39	-0.15
2249	90.16	-6.38	-0.07
2250	90.2	-6.38	0.04
2251	90.24	-6.39	0.13
2252	90.28	-6.43	0.23
2253	90.32	-6.46	0.29
2254	90.36	-6.5	0.34
2255	90.4	-6.55	0.4
2256	90.44	-6.59	0.45
2257	90.48	-6.67	0.57
2258	90.52	-6.72	0.71
2259	90.56	-6.77	0.82
2260	90.6	-6.8	0.92
2261	90.64	-6.8	0.94
2262	90.68	-6.82	0.96
2263	90.72	-6.83	0.96
2264	90.76	-6.84	0.97
2265	90.8	-6.86	0.96
2266	90.84	-6.88	0.95
2267	90.88	-6.89	0.93
2268	90.92	-6.9	0.93
2269	90.96	-6.91	0.93
2270	91	-6.92	0.92
2271	91.04	-6.92	0.9
2272	91.08	-6.95	0.89
2273	91.12	-6.96	0.87
2274	91.16	-6.97	0.84
2275	91.2	-6.99	0.84
2276	91.24	-6.97	0.81
2277	91.28	-6.98	0.79
2278	91.32	-6.97	0.75
2279	91.36	-6.95	0.69
2280	91.4	-6.93	0.63
2281	91.44	-6.9	0.55
2282	91.48	-6.89	0.5
2283	91.52	-6.85	0.45
2284	91.56	-6.82	0.43
2285	91.6	-6.78	0.44
2286	91.64	-6.74	0.45
2287	91.68	-6.72	0.51
2288	91.72	-6.72	0.59
2289	91.76	-6.75	0.64
2290	91.8	-6.8	0.68
2291	91.84	-6.84	0.67
2292	91.88	-6.88	0.63
2293	91.92	-6.88	0.61
2294	91.96	-6.87	0.61
2295	92	-6.85	0.6
2296	92.04	-6.83	0.6
2297	92.08	-6.81	0.61
2298	92.12	-6.78	0.63
2299	92.16	-6.77	0.66
2300	92.2	-6.74	0.68
2301	92.24	-6.71	0.69
2302	92.28	-6.68	0.71
2303	92.32	-6.63	0.73
2304	92.36	-6.61	0.78
2305	92.4	-6.56	0.82
2306	92.44	-6.53	0.84
2307	92.48	-6.51	0.86
2308	92.52	-6.48	0.86
2309	92.56	-6.43	0.85
2310	92.6	-6.36	0.88
2311	92.64	-6.25	0.89
2312	92.68	-6.16	0.9
2313	92.72	-6.09	0.88
2314	92.76	-6.05	0.86
2315	92.8	-6.02	0.82
2316	92.84	-5.99	0.8
2317	92.88	-5.96	0.79
2318	92.92	-5.95	0.8
2319	92.96	-5.94	0.81
2320	93	-5.92	0.81
2321	93.04	-5.88	0.81
2322	93.08	-5.84	0.8
2323	93.12	-5.82	0.79
2324	93.16	-5.81	0.79
2325	93.2	-5.82	0.79
2326	93.24	-5.84	0.79
2327	93.28	-5.85	0.78
2328	93.32	-5.86	0.77
2329	93.36	-5.87	0.74
2330	93.4	-5.87	0.7
2331	93.44	-5.87	0.66
2332	93.48	-5.85	0.6
2333	93.52	-5.84	0.56
2334	93.56	-5.83	0.52
2335	93.6	-5.85	0.49
2336	93.64	-5.88	0.44
2337	93.68	-5.91	0.41
2338	93.72	-5.94	0.36
2339	93.76	-5.95	0.33
2340	93.8	-5.96	0.32
2341	93.84	-5.96	0.3
2342	93.88	-5.96	0.29
2343	93.92	-5.97	0.26
2344	93.96	-5.98	0.23
2345	94	-5.99	0.2
2346	94.04	-5.99	0.18
2347	94.08	-6	0.16
2348	94.12	-6	0.14
2349	94.16	-6.02	0.13
2350	94.2	-6.03	0.12
2351	94.24	-6.05	0.12
2352	94.28	-6.05	0.13
2353	94.32	-6.06	0.14
2354	94.36	-6.06	0.13
2355	94.4	-6.06	0.12
2356	94.44	-6.05	0.09
2357	94.48	-6.05	0.06
2358	94.52	-6.05	0.05
2359	94.56	-6.06	0.02
2360	94.6	-6.08	0.01
2361	94.64	-6.08	0
2362	94.67	-6.08	-0.01
2363	94.72	-6.07	-0.01
2364	94.75	-6.06	-0.03
2365	94.79	-6.06	-0.03
2366	94.83	-6.05	-0.05
2367	94.88	-6.03	-0.08
2368	94.92	-6.01	-0.11
2369	94.96	-5.99	-0.14
2370	95	-5.99	-0.18
2371	95.04	-5.99	-0.18
2372	95.08	-6.02	-0.19
2373	95.12	-6.02	-0.18
2374	95.15	-5.98	-0.16
2375	95.19	-5.94	-0.15
2376	95.23	-5.9	-0.13
2377	95.27	-5.86	-0.14
2378	95.31	-5.85	-0.13
2379	95.35	-5.84	-0.13
2380	95.39	-5.83	-0.12
2381	95.43	-5.86	-0.11
2382	95.47	-5.92	-0.16
2383	95.51	-6	-0.22
2384	95.55	-6.05	-0.26
2385	95.59	-6.06	-0.27
2386	95.63	-6.03	-0.27
2387	95.67	-5.99	-0.28
2388	95.71	-5.96	-0.29
2389	95.76	-5.94	-0.32
2390	95.79	-5.92	-0.34
2391	95.83	-5.91	-0.36
2392	95.87	-5.91	-0.4
2393	95.91	-5.92	-0.45
2394	95.95	-5.92	-0.53
2395	95.99	-5.91	-0.61
2396	96.03	-5.89	-0.67
2397	96.07	-5.87	-0.72
2398	96.11	-5.86	-0.73
2399	96.15	-5.86	-0.73
2400	96.19	-5.89	-0.77
2401	96.23	-5.91	-0.81
2402	96.27	-5.92	-0.83
2403	96.31	-5.92	-0.83
2404	96.35	-5.91	-0.8
2405	96.39	-5.92	-0.74
2406	96.43	-5.93	-0.71
2407	96.47	-5.95	-0.7
2408	96.51	-5.96	-0.72
2409	96.55	-5.97	-0.77
2410	96.59	-5.98	-0.84
2411	96.63	-5.98	-0.92
2412	96.67	-5.95	-0.97
2413	96.71	-5.9	-0.98
2414	96.75	-5.88	-0.99
2415	96.79	-5.91	-0.98
2416	96.83	-5.98	-0.98
2417	96.87	-6.07	-1.03
2418	96.91	-6.14	-1.04
2419	96.95	-6.16	-1.08
2420	96.99	-6.18	-1.11
2421	97.03	-6.19	-1.12
2422	97.07	-6.21	-1.12
2423	97.11	-6.21	-1.12
2424	97.15	-6.21	-1.12
2425	97.19	-6.2	-1.11
2426	97.23	-6.22	-1.13
2427	97.27	-6.26	-1.16
2428	97.31	-6.31	-1.18
2429	97.35	-6.35	-1.24
2430	97.39	-6.38	-1.28
2431	97.43	-6.38	-1.31
2432	97.47	-6.38	-1.35
2433	97.51	-6.39	-1.37
2434	97.55	-6.42	-1.41
2435	97.59	-6.46	-1.45
2436	97.63	-6.49	-1.49
2437	97.67	-6.53	-1.54
2438	97.71	-6.52	-1.6
2439	97.75	-6.49	-1.67
2440	97.79	-6.44	-1.72
2441	97.83	-6.38	-1.69
2442	97.87	-6.35	-1.62
2443	97.91	-6.36	-1.57
2444	97.95	-6.38	-1.56
2445	97.99	-6.37	-1.6
2446	98.03	-6.35	-1.68
2447	98.07	-6.29	-1.74
2448	98.11	-6.21	-1.77
2449	98.15	-6.17	-1.81
2450	98.19	-6.15	-1.81
2451	98.23	-6.12	-1.81
2452	98.27	-6.13	-1.82
2453	98.31	-6.13	-1.83
2454	98.35	-6.12	-1.84
2455	98.39	-6.12	-1.85
2456	98.43	-6.12	-1.85
2457	98.47	-6.12	-1.85
2458	98.51	-6.11	-1.86
2459	98.55	-6.12	-1.86
2460	98.59	-6.12	-1.88
2461	98.63	-6.13	-1.9
2462	98.67	-6.13	-1.92
2463	98.71	-6.12	-1.93
2464	98.75	-6.11	-1.95
2465	98.79	-6.11	-1.96
2466	98.83	-6.12	-1.98
2467	98.87	-6.12	-2
2468	98.91	-6.11	-2.03
2469	98.95	-6.1	-2.07
2470	98.99	-6.07	-2.11
2471	99.03	-6.06	-2.16
2472	99.07	-6.07	-2.21
2473	99.11	-6.06	-2.26
2474	99.15	-6.06	-2.3
2475	99.19	-6.03	-2.32
2476	99.23	-5.99	-2.31
2477	99.27	-5.98	-2.28
2478	99.31	-5.97	-2.26
2479	99.35	-5.97	-2.24
2480	99.39	-5.97	-2.23
2481	99.43	-5.95	-2.22
2482	99.47	-5.93	-2.22
2483	99.51	-5.92	-2.22
2484	99.55	-5.89	-2.23
2485	99.59	-5.86	-2.24
2486	99.63	-5.84	-2.25
2487	99.67	-5.8	-2.26
2488	99.71	-5.79	-2.26
2489	99.75	-5.78	-2.27
2490	99.79	-5.75	-2.28
2491	99.83	-5.73	-2.29
2492	99.87	-5.71	-2.3
2493	99.91	-5.68	-2.29
2494	99.95	-5.67	-2.28
2495	99.99	-5.65	-2.29
2496	100.03	-5.64	-2.29
2497	100.07	-5.59	-2.31
2498	100.11	-5.52	-2.35
2499	100.15	-5.45	-2.39
2500	100.19	-5.38	-2.44
2501	100.23	-5.32	-2.47
2502	100.27	-5.28	-2.5
2503	100.31	-5.23	-2.52
2504	100.35	-5.19	-2.53
2505	100.39	-5.14	-2.54
2506	100.43	-5.1	-2.53
2507	100.47	-5.06	-2.52
2508	100.51	-5.01	-2.51
2509	100.55	-4.98	-2.49
2510	100.59	-4.95	-2.47
2511	100.63	-4.93	-2.45
2512	100.67	-4.94	-2.44
2513	100.71	-4.95	-2.43
2514	100.75	-4.96	-2.43
2515	100.79	-4.98	-2.42
2516	100.83	-4.98	-2.42
2517	100.87	-4.99	-2.42
2518	100.91	-5.01	-2.43
2519	100.95	-5.01	-2.44
2520	100.99	-5.03	-2.45
2521	101.03	-5.05	-2.47
2522	101.07	-5.05	-2.49
2523	101.11	-5.07	-2.5
2524	101.15	-5.09	-2.51
2525	101.19	-5.1	-2.52
2526	101.23	-5.12	-2.53
2527	101.27	-5.14	-2.55
2528	101.31	-5.16	-2.57
2529	101.35	-5.16	-2.59
2530	101.39	-5.16	-2.6
2531	101.43	-5.15	-2.62
2532	101.47	-5.17	-2.64
2533	101.51	-5.18	-2.65
2534	101.55	-5.2	-2.66
2535	101.59	-5.2	-2.66
2536	101.63	-5.19	-2.67
2537	101.67	-5.17	-2.66
2538	101.71	-5.14	-2.67
2539	101.75	-5.14	-2.66
2540	101.79	-5.15	-2.66
2541	101.83	-5.17	-2.65
2542	101.87	-5.18	-2.64
2543	101.91	-5.2	-2.64
2544	101.95	-5.21	-2.63
2545	101.99	-5.22	-2.63
2546	102.03	-5.24	-2.62
2547	102.07	-5.24	-2.62
2548	102.11	-5.23	-2.62
2549	102.15	-5.21	-2.61
2550	102.19	-5.2	-2.61
2551	102.23	-5.17	-2.61
2552	102.27	-5.16	-2.61
2553	102.31	-5.14	-2.62
2554	102.35	-5.1	-2.62
2555	102.39	-5.08	-2.62
2556	102.43	-5.06	-2.63
2557	102.47	-5.03	-2.64
2558	102.51	-5.03	-2.65
2559	102.55	-5.02	-2.67
2560	102.59	-5.01	-2.69
2561	102.63	-5.03	-2.7
2562	102.67	-5.03	-2.71
2563	102.71	-5.04	-2.71
2564	102.75	-5.05	-2.71
2565	102.79	-5.06	-2.71
2566	102.83	-5.08	-2.71
2567	102.87	-5.09	-2.72
2568	102.91	-5.1	-2.72
2569	102.95	-5.11	-2.73
2570	102.99	-5.12	-2.76
2571	103.03	-5.12	-2.78
2572	103.07	-5.13	-2.81
2573	103.11	-5.13	-2.85
2574	103.15	-5.15	-2.89
2575	103.19	-5.17	-2.92
2576	103.23	-5.19	-2.92
2577	103.27	-5.21	-2.91
2578	103.31	-5.23	-2.9
2579	103.35	-5.25	-2.92
2580	103.39	-5.28	-2.97
2581	103.43	-5.29	-3.05
2582	103.47	-5.31	-3.13
2583	103.51	-5.32	-3.19
2584	103.55	-5.33	-3.25
2585	103.59	-5.37	-3.28
2586	103.63	-5.41	-3.31
2587	103.67	-5.44	-3.34
2588	103.71	-5.48	-3.39
2589	103.75	-5.5	-3.44
2590	103.79	-5.51	-3.49
2591	103.83	-5.52	-3.54
2592	103.87	-5.51	-3.57
2593	103.91	-5.51	-3.58
2594	103.95	-5.51	-3.59
2595	103.99	-5.51	-3.58
2596	104.03	-5.52	-3.58
2597	104.07	-5.51	-3.59
2598	104.11	-5.5	-3.57
2599	104.15	-5.49	-3.57
2600	104.19	-5.48	-3.56
2601	104.23	-5.47	-3.55
2602	104.27	-5.45	-3.54
2603	104.31	-5.43	-3.53
2604	104.35	-5.4	-3.52
2605	104.39	-5.38	-3.52
2606	104.43	-5.34	-3.51
2607	104.47	-5.3	-3.5
2608	104.51	-5.25	-3.51
2609	104.55	-5.2	-3.52
2610	104.59	-5.17	-3.51
2611	104.63	-5.16	-3.5
2612	104.67	-5.14	-3.48
2613	104.71	-5.13	-3.45
2614	104.75	-5.11	-3.43
2615	104.79	-5.1	-3.42
2616	104.83	-5.11	-3.4
2617	104.87	-5.14	-3.37
2618	104.91	-5.15	-3.34
2619	104.95	-5.16	-3.31
2620	104.99	-5.17	-3.29
2621	105.03	-5.16	-3.26
2622	105.07	-5.17	-3.24
2623	105.11	-5.19	-3.21
2624	105.15	-5.2	-3.17
2625	105.19	-5.22	-3.14
2626	105.23	-5.23	-3.11
2627	105.27	-5.24	-3.08
2628	105.31	-5.24	-3.05
2629	105.35	-5.23	-3.01
2630	105.39	-5.21	-2.96
2631	105.43	-5.18	-2.9
2632	105.47	-5.16	-2.83
2633	105.51	-5.12	-2.76
2634	105.55	-5.1	-2.71
2635	105.59	-5.08	-2.67
2636	105.63	-5.05	-2.64
2637	105.67	-5.05	-2.63
2638	105.71	-5.04	-2.61
2639	105.75	-5.01	-2.57
2640	105.79	-4.98	-2.5
2641	105.83	-4.94	-2.4
2642	105.87	-4.91	-2.32
2643	105.91	-4.89	-2.25
2644	105.95	-4.88	-2.19
2645	105.99	-4.88	-2.13
2646	106.03	-4.87	-2.05
2647	106.07	-4.87	-1.96
2648	106.11	-4.85	-1.88
2649	106.15	-4.85	-1.78
2650	106.19	-4.83	-1.68
2651	106.23	-4.8	-1.59
2652	106.27	-4.76	-1.5
2653	106.31	-4.72	-1.45
2654	106.35	-4.67	-1.4
2655	106.39	-4.61	-1.34
2656	106.43	-4.57	-1.27
2657	106.47	-4.53	-1.18
2658	106.51	-4.5	-1.11
2659	106.55	-4.47	-1.07
2660	106.59	-4.42	-1.04
2661	106.63	-4.42	-1.05
2662	106.67	-4.39	-1.06
2663	106.71	-4.38	-1.09
2664	106.75	-4.35	-1.11
2665	106.79	-4.32	-1.13
2666	106.83	-4.31	-1.14
2667	106.87	-4.29	-1.14
2668	106.91	-4.29	-1.15
2669	106.95	-4.29	-1.16
2670	106.99	-4.29	-1.17
2671	107.03	-4.3	-1.18
2672	107.07	-4.31	-1.18
2673	107.11	-4.32	-1.19
2674	107.15	-4.33	-1.2
2675	107.19	-4.34	-1.21
2676	107.23	-4.37	-1.23
2677	107.27	-4.4	-1.25
2678	107.31	-4.42	-1.28
2679	107.35	-4.44	-1.31
2680	107.39	-4.44	-1.35
2681	107.43	-4.44	-1.4
2682	107.47	-4.46	-1.43
2683	107.51	-4.47	-1.46
2684	107.55	-4.47	-1.47
2685	107.59	-4.48	-1.47
2686	107.63	-4.48	-1.47
2687	107.67	-4.49	-1.46
2688	107.71	-4.51	-1.47
2689	107.75	-4.51	-1.47
2690	107.79	-4.5	-1.48
2691	107.83	-4.48	-1.48
2692	107.87	-4.46	-1.48
2693	107.91	-4.44	-1.48
2694	107.95	-4.46	-1.49
2695	107.99	-4.47	-1.51
2696	108.03	-4.48	-1.53
2697	108.07	-4.5	-1.55
2698	108.11	-4.5	-1.56
2699	108.15	-4.51	-1.58
2700	108.19	-4.51	-1.6
2701	108.23	-4.51	-1.61
2702	108.27	-4.49	-1.61
2703	108.31	-4.5	-1.62
2704	108.35	-4.48	-1.62
2705	108.39	-4.48	-1.62
2706	108.43	-4.48	-1.62
2707	108.47	-4.48	-1.62
2708	108.51	-4.48	-1.62
2709	108.55	-4.5	-1.62
2710	108.59	-4.54	-1.63
2711	108.63	-4.56	-1.64
2712	108.67	-4.59	-1.66
2713	108.71	-4.61	-1.68
2714	108.75	-4.62	-1.68
2715	108.79	-4.65	-1.68
2716	108.83	-4.68	-1.66
2717	108.87	-4.7	-1.65
2718	108.91	-4.72	-1.63
2719	108.95	-4.75	-1.63
2720	108.99	-4.77	-1.62
2721	109.03	-4.81	-1.62
2722	109.07	-4.86	-1.61
2723	109.11	-4.9	-1.6
2724	109.15	-4.97	-1.57
2725	109.19	-5.02	-1.53
2726	109.23	-5.08	-1.49
2727	109.27	-5.12	-1.45
2728	109.31	-5.14	-1.41
2729	109.35	-5.16	-1.36
2730	109.39	-5.16	-1.3
2731	109.43	-5.13	-1.24
2732	109.47	-5.1	-1.22
2733	109.51	-5.06	-1.22
2734	109.55	-5.04	-1.24
2735	109.59	-5.05	-1.27
2736	109.63	-5.06	-1.25
2737	109.67	-5.09	-1.22
2738	109.71	-5.12	-1.17
2739	109.75	-5.16	-1.14
2740	109.79	-5.2	-1.12
2741	109.83	-5.25	-1.11
2742	109.87	-5.29	-1.08
2743	109.91	-5.34	-1.03
2744	109.95	-5.41	-0.99
2745	109.99	-5.46	-0.96
2746	110.03	-5.51	-0.96
2747	110.07	-5.55	-0.99
2748	110.11	-5.58	-1
2749	110.15	-5.62	-1.03
2750	110.19	-5.66	-1.04
2751	110.23	-5.7	-1.02
2752	110.27	-5.75	-0.99
2753	110.31	-5.79	-0.92
2754	110.35	-5.82	-0.83
2755	110.39	-5.83	-0.76
2756	110.43	-5.84	-0.69
2757	110.47	-5.85	-0.63
2758	110.51	-5.88	-0.56
2759	110.55	-5.91	-0.48
2760	110.59	-5.96	-0.38
2761	110.63	-6.03	-0.29
2762	110.67	-6.11	-0.22
2763	110.71	-6.19	-0.14
2764	110.75	-6.29	-0.07
2765	110.79	-6.38	0.02
2766	110.83	-6.44	0.14
2767	110.87	-6.49	0.3
2768	110.91	-6.5	0.46
2769	110.95	-6.47	0.59
2770	110.99	-6.47	0.67
2771	111.03	-6.49	0.73
2772	111.07	-6.52	0.78
2773	111.11	-6.54	0.86
2774	111.15	-6.52	0.98
2775	111.19	-6.47	1.07
2776	111.23	-6.41	1.16
2777	111.27	-6.37	1.22
2778	111.31	-6.35	1.27
2779	111.35	-6.34	1.34
2780	111.39	-6.36	1.42
2781	111.43	-6.38	1.5
2782	111.47	-6.4	1.57
2783	111.51	-6.41	1.63
2784	111.55	-6.4	1.71
2785	111.59	-6.4	1.77
2786	111.63	-6.4	1.81
2787	111.67	-6.4	1.84
2788	111.71	-6.42	1.81
2789	111.75	-6.44	1.78
2790	111.79	-6.47	1.74
2791	111.83	-6.49	1.7
2792	111.87	-6.5	1.67
2793	111.91	-6.51	1.62
2794	111.95	-6.51	1.59
2795	111.99	-6.53	1.56
2796	112.03	-6.57	1.56
2797	112.07	-6.61	1.58
2798	112.11	-6.66	1.59
2799	112.15	-6.71	1.62
2800	112.19	-6.77	1.64
2801	112.23	-6.84	1.64
2802	112.27	-6.92	1.63
2803	112.31	-6.96	1.6
2804	112.35	-6.97	1.56
2805	112.39	-6.97	1.53
2806	112.43	-6.94	1.53
2807	112.47	-6.95	1.52
2808	112.51	-6.96	1.52
2809	112.55	-6.97	1.5
2810	112.59	-7	1.46
2811	112.63	-7.04	1.42
2812	112.67	-7.08	1.37
2813	112.71	-7.13	1.31
2814	112.75	-7.17	1.23
2815	112.79	-7.21	1.16
2816	112.83	-7.25	1.02
2817	112.87	-7.3	0.88
2818	112.91	-7.32	0.78
2819	112.95	-7.3	0.69
2820	112.99	-7.28	0.7
2821	113.03	-7.23	0.7
2822	113.07	-7.18	0.71
2823	113.11	-7.15	0.67
2824	113.15	-7.11	0.62
2825	113.19	-7.08	0.58
2826	113.23	-7.05	0.56
2827	113.27	-7.03	0.53
2828	113.31	-7.02	0.47
2829	113.35	-7	0.42
2830	113.39	-6.97	0.36
2831	113.43	-6.95	0.3
2832	113.47	-6.91	0.26
2833	113.51	-6.88	0.25
2834	113.55	-6.85	0.24
2835	113.59	-6.82	0.26
2836	113.63	-6.79	0.29
2837	113.67	-6.77	0.28
2838	113.71	-6.73	0.26
2839	113.75	-6.69	0.24
2840	113.79	-6.64	0.21
2841	113.83	-6.59	0.19
2842	113.87	-6.55	0.18
2843	113.91	-6.51	0.16
2844	113.95	-6.5	0.13
2845	113.99	-6.48	0.13
2846	114.03	-6.45	0.12
2847	114.07	-6.39	0.14
2848	114.11	-6.3	0.17
2849	114.15	-6.23	0.19
2850	114.19	-6.18	0.18
2851	114.23	-6.17	0.13
2852	114.27	-6.17	0.06
2853	114.31	-6.18	-0.01
2854	114.35	-6.18	-0.02
2855	114.39	-6.19	-0.04
2856	114.43	-6.19	-0.05
2857	114.47	-6.18	-0.07
2858	114.51	-6.17	-0.18
2859	114.55	-6.13	-0.27
2860	114.59	-6.09	-0.38
2861	114.63	-6.07	-0.48
2862	114.67	-6.05	-0.48
2863	114.71	-6.04	-0.48
2864	114.75	-6.04	-0.43
2865	114.79	-6.06	-0.41
2866	114.83	-6.08	-0.44
2867	114.87	-6.1	-0.46
2868	114.91	-6.12	-0.49
2869	114.95	-6.13	-0.49
2870	114.99	-6.13	-0.49
2871	115.03	-6.13	-0.48
2872	115.07	-6.13	-0.48
2873	115.11	-6.14	-0.51
2874	115.15	-6.15	-0.49
2875	115.19	-6.17	-0.51
2876	115.23	-6.2	-0.5
2877	115.27	-6.22	-0.51
2878	115.31	-6.23	-0.56
2879	115.35	-6.24	-0.58
2880	115.39	-6.24	-0.61
2881	115.43	-6.25	-0.63
2882	115.47	-6.25	-0.65
2883	115.51	-6.24	-0.63
2884	115.55	-6.25	-0.61
2885	115.59	-6.28	-0.58
2886	115.63	-6.34	-0.51
2887	115.67	-6.41	-0.43
2888	115.71	-6.45	-0.34
2889	115.75	-6.47	-0.28
2890	115.79	-6.44	-0.25
2891	115.83	-6.4	-0.25
2892	115.87	-6.38	-0.26
2893	115.91	-6.36	-0.27
2894	115.95	-6.35	-0.28
2895	115.99	-6.34	-0.28
2896	116.03	-6.32	-0.29
2897	116.07	-6.31	-0.31
2898	116.11	-6.29	-0.32
2899	116.15	-6.26	-0.31
2900	116.19	-6.25	-0.3
2901	116.23	-6.24	-0.3
2902	116.27	-6.25	-0.33
2903	116.31	-6.27	-0.42
2904	116.35	-6.29	-0.5
2905	116.39	-6.29	-0.56
2906	116.43	-6.27	-0.6
2907	116.47	-6.24	-0.59
2908	116.51	-6.23	-0.59
2909	116.55	-6.22	-0.58
2910	116.59	-6.23	-0.55
2911	116.63	-6.23	-0.5
2912	116.67	-6.23	-0.47
2913	116.71	-6.24	-0.48
2914	116.75	-6.22	-0.52
2915	116.79	-6.2	-0.57
2916	116.83	-6.18	-0.55
2917	116.87	-6.16	-0.5
2918	116.91	-6.14	-0.45
2919	116.95	-6.1	-0.4
2920	116.99	-6.06	-0.37
2921	117.03	-6	-0.31
2922	117.07	-5.97	-0.26
2923	117.11	-5.97	-0.22
2924	117.15	-5.96	-0.18
2925	117.19	-5.97	-0.2
2926	117.23	-5.98	-0.22
2927	117.27	-5.99	-0.25
2928	117.31	-6.01	-0.31
2929	117.35	-6.03	-0.35
2930	117.39	-6.05	-0.43
2931	117.43	-6.06	-0.51
2932	117.47	-6.05	-0.56
2933	117.51	-6.06	-0.61
2934	117.55	-6.07	-0.62
2935	117.59	-6.07	-0.61
2936	117.63	-6.1	-0.65
2937	117.67	-6.14	-0.7
2938	117.71	-6.17	-0.76
2939	117.75	-6.21	-0.8
2940	117.79	-6.24	-0.85
2941	117.83	-6.28	-0.89
2942	117.87	-6.31	-0.91
2943	117.91	-6.35	-0.98
2944	117.95	-6.38	-1.01
2945	117.99	-6.41	-1.03
2946	118.03	-6.44	-1.04
2947	118.07	-6.46	-1
2948	118.11	-6.48	-0.97
2949	118.15	-6.49	-0.93
2950	118.19	-6.49	-0.91
2951	118.23	-6.48	-0.94
2952	118.27	-6.48	-0.96
2953	118.31	-6.48	-0.99
2954	118.35	-6.5	-0.98
2955	118.39	-6.52	-0.95
2956	118.43	-6.54	-0.9
2957	118.47	-6.54	-0.85
2958	118.51	-6.54	-0.81
2959	118.55	-6.55	-0.75
2960	118.59	-6.56	-0.72
2961	118.63	-6.57	-0.68
2962	118.67	-6.57	-0.66
2963	118.71	-6.59	-0.66
2964	118.75	-6.63	-0.65
2965	118.79	-6.69	-0.64
2966	118.83	-6.74	-0.61
2967	118.87	-6.78	-0.61
2968	118.91	-6.77	-0.61
2969	118.95	-6.76	-0.58
2970	118.99	-6.76	-0.55
2971	119.03	-6.76	-0.5
2972	119.07	-6.78	-0.42
2973	119.11	-6.76	-0.36
2974	119.15	-6.74	-0.3
2975	119.19	-6.7	-0.26
2976	119.23	-6.68	-0.23
2977	119.27	-6.65	-0.21
2978	119.31	-6.63	-0.23
2979	119.35	-6.6	-0.23
2980	119.39	-6.57	-0.24
2981	119.43	-6.55	-0.23
2982	119.47	-6.53	-0.19
2983	119.51	-6.5	-0.14
2984	119.55	-6.47	-0.08
2985	119.59	-6.43	0.01
2986	119.63	-6.42	0.12
2987	119.67	-6.4	0.23
2988	119.71	-6.4	0.33
2989	119.75	-6.41	0.43
2990	119.79	-6.43	0.5
2991	119.83	-6.46	0.58
2992	119.87	-6.48	0.61
2993	119.91	-6.49	0.64
