6	0.26	-0.44	-3.18
7	0.3	-0.41	-3.32
8	0.34	-0.38	-3.4
9	0.38	-0.34	-3.5
10	0.42	-0.27	-3.6
11	0.5	-0.19	-3.67
12	0.54	-0.12	-3.7
13	0.58	-0.05	-3.75
14	0.62	0	-3.78
15	0.66	0.02	-3.84
16	0.7	0.02	-3.92
17	0.74	0.02	-3.98
18	0.78	0.01	-4.06
19	0.82	-0.01	-4.16
20	0.86	-0.07	-4.27
21	0.9	-0.14	-4.41
22	0.94	-0.25	-4.52
23	0.98	-0.36	-4.61
24	1.02	-0.44	-4.66
25	1.06	-0.51	-4.68
26	1.1	-0.55	-4.7
27	1.14	-0.58	-4.7
28	1.18	-0.63	-4.72
29	1.22	-0.67	-4.73
30	1.26	-0.72	-4.75
31	1.3	-0.79	-4.77
32	1.34	-0.84	-4.78
33	1.38	-0.9	-4.78
34	1.42	-0.96	-4.77
35	1.46	-1.03	-4.77
36	1.5	-1.12	-4.78
37	1.54	-1.21	-4.79
38	1.58	-1.31	-4.81
39	1.62	-1.44	-4.82
40	1.66	-1.57	-4.83
41	1.7	-1.7	-4.84
42	1.74	-1.83	-4.85
43	1.78	-1.9	-4.87
44	1.82	-1.96	-4.89
45	1.86	-2	-4.89
46	1.9	-2.01	-4.88
47	1.94	-2.03	-4.88
48	1.98	-2.05	-4.9
49	2.02	-2.06	-4.94
50	2.06	-2.08	-4.98
51	2.1	-2.1	-5.04
52	2.14	-2.12	-5.07
53	2.18	-2.16	-5.16
54	2.22	-2.19	-5.29
55	2.26	-2.24	-5.42
56	2.3	-2.28	-5.55
57	2.34	-2.3	-5.64
58	2.38	-2.35	-5.71
59	2.42	-2.41	-5.78
60	2.46	-2.5	-5.85
61	2.5	-2.6	-5.94
62	2.54	-2.69	-6.03
63	2.58	-2.77	-6.13
64	2.62	-2.81	-6.23
65	2.66	-2.87	-6.31
66	2.7	-2.92	-6.41
67	2.74	-2.97	-6.48
68	2.78	-3.03	-6.55
69	2.82	-3.07	-6.62
70	2.86	-3.12	-6.68
71	2.9	-3.17	-6.74
72	2.94	-3.24	-6.78
73	2.98	-3.33	-6.81
74	3.02	-3.44	-6.83
75	3.06	-3.62	-6.87
76	3.1	-3.86	-6.93
77	3.14	-4.09	-7
78	3.18	-4.33	-7.07
79	3.22	-4.51	-7.1
80	3.26	-4.69	-7.12
81	3.3	-4.89	-7.16
82	3.34	-5.04	-7.18
83	3.38	-5.17	-7.23
84	3.42	-5.23	-7.28
85	3.46	-5.3	-7.41
86	3.66	-5.4	-7.55
87	3.7	-5.5	-7.68
88	3.74	-5.6	-7.8
89	3.78	-5.64	-7.82
90	3.82	-5.67	-7.84
91	3.86	-5.71	-7.88
92	3.9	-5.79	-7.94
93	3.94	-5.84	-7.99
94	3.98	-5.89	-7.99
95	4.02	-5.93	-7.96
96	4.06	-5.93	-7.9
97	4.1	-5.99	-7.86
98	4.14	-6.05	-7.82
99	4.18	-6.14	-7.79
100	4.22	-6.25	-7.77
101	4.26	-6.32	-7.72
102	4.3	-6.39	-7.66
103	4.34	-6.43	-7.6
104	4.38	-6.46	-7.54
105	4.42	-6.49	-7.5
106	4.46	-6.52	-7.46
107	4.5	-6.55	-7.43
108	4.54	-6.64	-7.42
109	4.58	-6.74	-7.42
110	4.62	-6.83	-7.43
111	4.66	-6.91	-7.45
112	4.7	-6.95	-7.46
113	4.74	-6.98	-7.41
114	4.78	-7.01	-7.34
115	4.82	-7.05	-7.21
116	4.86	-7.07	-7.04
117	4.9	-7.06	-6.88
118	4.94	-7.06	-6.74
119	4.98	-7.03	-6.65
120	5.02	-7.01	-6.59
121	5.06	-7.02	-6.54
122	5.1	-7.03	-6.47
123	5.14	-7.04	-6.37
124	5.18	-7.06	-6.26
125	5.22	-7.09	-6.15
126	5.26	-7.14	-6.04
127	5.3	-7.16	-5.95
128	5.34	-7.17	-5.85
129	5.38	-7.16	-5.75
130	5.42	-7.12	-5.68
131	5.46	-7.11	-5.6
132	5.5	-7.11	-5.53
133	5.54	-7.14	-5.44
134	5.58	-7.2	-5.32
135	5.62	-7.27	-5.21
136	5.66	-7.33	-5.11
137	5.7	-7.36	-5.03
138	5.74	-7.38	-4.95
139	5.78	-7.4	-4.81
140	5.82	-7.41	-4.62
141	5.86	-7.44	-4.4
142	5.9	-7.45	-4.17
143	5.94	-7.44	-3.98
144	5.98	-7.45	-3.82
145	6.02	-7.48	-3.66
146	6.06	-7.52	-3.54
147	6.1	-7.58	-3.41
148	6.14	-7.62	-3.31
149	6.18	-7.65	-3.29
150	6.22	-7.72	-3.25
151	6.26	-7.79	-3.21
152	6.3	-7.88	-3.17
153	6.34	-7.99	-3.09
154	6.38	-8.08	-3.02
155	6.42	-8.14	-3
156	6.46	-8.19	-2.95
157	6.5	-8.22	-2.87
158	6.54	-8.24	-2.78
159	6.58	-8.27	-2.64
160	6.62	-8.28	-2.53
161	6.66	-8.27	-2.46
162	6.7	-8.25	-2.42
163	6.74	-8.22	-2.41
164	6.78	-8.18	-2.38
165	6.82	-8.16	-2.35
166	6.86	-8.15	-2.22
167	6.9	-8.14	-2.04
168	6.94	-8.11	-1.84
169	6.98	-8.04	-1.6
170	7.02	-7.95	-1.4
171	7.06	-7.85	-1.23
172	7.1	-7.78	-1.07
173	7.14	-7.73	-0.89
174	7.18	-7.7	-0.73
175	7.22	-7.7	-0.59
176	7.26	-7.71	-0.46
177	7.3	-7.76	-0.34
178	7.34	-7.81	-0.22
179	7.38	-7.89	-0.08
180	7.42	-7.95	0.05
181	7.46	-8	0.14
182	7.5	-8.05	0.22
183	7.54	-8.06	0.29
184	7.58	-8.05	0.37
185	7.62	-8.03	0.46
186	7.66	-8.03	0.54
187	7.7	-8.06	0.62
188	7.74	-8.09	0.68
189	7.78	-8.1	0.75
190	7.82	-8.06	0.82
191	7.86	-7.99	0.85
192	7.9	-7.93	0.89
193	7.94	-7.9	0.91
194	7.98	-7.86	0.99
195	8.02	-7.79	1.14
196	8.06	-7.67	1.3
197	8.1	-7.53	1.48
198	8.14	-7.41	1.63
199	8.18	-7.3	1.73
200	8.22	-7.21	1.83
201	8.26	-7.13	1.93
202	8.3	-7.07	2.05
203	8.34	-7.02	2.18
204	8.38	-7	2.33
205	8.42	-6.98	2.49
206	8.46	-6.96	2.63
207	8.5	-6.94	2.77
208	8.54	-6.92	2.88
209	8.58	-6.91	2.98
210	8.62	-6.9	3.06
211	8.66	-6.88	3.16
212	8.7	-6.85	3.25
213	8.74	-6.83	3.31
214	8.78	-6.81	3.37
215	8.82	-6.8	3.39
216	8.86	-6.81	3.44
217	8.9	-6.8	3.52
218	8.94	-6.8	3.57
219	8.98	-6.8	3.58
220	9.02	-6.81	3.57
221	9.06	-6.83	3.53
222	9.1	-6.83	3.52
223	9.14	-6.85	3.49
224	9.18	-6.87	3.49
225	9.22	-6.9	3.47
226	9.26	-6.94	3.45
227	9.3	-6.95	3.45
228	9.34	-6.94	3.44
229	9.38	-6.92	3.43
230	9.42	-6.91	3.43
231	9.46	-6.91	3.4
232	9.5	-6.92	3.39
233	9.54	-6.93	3.37
234	9.58	-6.94	3.36
235	9.62	-6.94	3.35
236	9.66	-6.94	3.35
237	9.7	-6.94	3.33
238	9.74	-6.95	3.29
239	9.78	-6.97	3.27
240	9.82	-6.99	3.24
241	9.86	-7	3.23
242	9.9	-7.01	3.24
243	9.94	-7.01	3.24
244	9.98	-7.02	3.26
245	10.02	-7.03	3.25
246	10.06	-7.04	3.23
247	10.1	-7.06	3.21
248	10.14	-7.08	3.16
249	10.18	-7.09	3.14
250	10.22	-7.11	3.11
251	10.26	-7.12	3.08
252	10.3	-7.12	3.06
253	10.34	-7.14	3.03
254	10.38	-7.14	3.03
255	10.42	-7.15	3.02
256	10.46	-7.17	3.02
257	10.5	-7.18	3.03
258	10.54	-7.19	3.03
259	10.58	-7.21	3.04
260	10.62	-7.22	3.05
261	10.66	-7.24	3.06
262	10.7	-7.26	3.09
263	10.74	-7.27	3.11
264	10.78	-7.29	3.13
265	10.82	-7.3	3.14
266	10.86	-7.31	3.15
267	10.9	-7.32	3.15
268	10.94	-7.33	3.16
269	10.98	-7.34	3.17
270	11.02	-7.35	3.15
271	11.06	-7.36	3.16
272	11.1	-7.36	3.15
273	11.14	-7.37	3.15
274	11.18	-7.36	3.18
275	11.22	-7.35	3.22
276	11.26	-7.32	3.29
277	11.3	-7.28	3.39
278	11.34	-7.25	3.47
279	11.38	-7.24	3.51
280	11.42	-7.25	3.56
281	11.46	-7.26	3.58
282	11.5	-7.26	3.64
283	11.54	-7.25	3.71
284	11.58	-7.21	3.75
285	11.62	-7.2	3.79
286	11.66	-7.19	3.81
287	11.7	-7.17	3.83
288	11.74	-7.18	3.85
289	11.78	-7.16	3.89
290	11.82	-7.14	3.91
291	11.86	-7.12	3.91
292	11.9	-7.11	3.93
293	11.94	-7.1	3.93
294	11.98	-7.1	3.95
295	12.02	-7.1	3.97
296	12.06	-7.09	4
297	12.1	-7.09	4.02
298	12.14	-7.07	4.02
299	12.18	-7.06	4.02
300	12.22	-7.04	4.02
301	12.26	-7.03	4
302	12.3	-7.02	3.97
303	12.34	-7.02	3.92
304	12.38	-7.03	3.85
305	12.42	-7.04	3.83
306	12.46	-7.04	3.81
307	12.5	-7.06	3.81
308	12.54	-7.07	3.79
309	12.58	-7.1	3.76
310	12.62	-7.12	3.71
311	12.66	-7.13	3.67
312	12.7	-7.15	3.68
313	12.74	-7.18	3.72
314	12.78	-7.21	3.78
315	12.82	-7.27	3.85
316	12.86	-7.32	3.89
317	12.9	-7.35	3.91
318	12.94	-7.4	3.93
319	12.98	-7.44	3.93
320	13.02	-7.47	3.93
321	13.06	-7.53	3.95
322	13.1	-7.58	3.96
323	13.14	-7.65	4.01
324	13.18	-7.72	4.1
325	13.22	-7.79	4.21
326	13.26	-7.85	4.35
327	13.3	-7.89	4.47
328	13.34	-7.91	4.6
329	13.38	-7.92	4.68
330	13.42	-7.95	4.72
331	13.46	-7.96	4.79
332	13.5	-7.96	4.84
333	13.54	-7.94	4.9
334	13.58	-7.94	4.98
335	13.62	-7.97	5.01
336	13.66	-8.04	5.05
337	13.7	-8.13	5.12
338	13.74	-8.22	5.19
339	13.78	-8.31	5.3
340	13.82	-8.39	5.4
341	13.86	-8.5	5.48
342	13.9	-8.62	5.54
343	13.94	-8.73	5.6
344	13.98	-8.82	5.65
345	14.02	-8.86	5.68
346	14.06	-8.91	5.73
347	14.1	-8.95	5.81
348	14.14	-8.99	5.93
349	14.18	-9.05	6.1
350	14.22	-9.08	6.27
351	14.26	-9.09	6.39
352	14.3	-9.12	6.47
353	14.34	-9.14	6.54
354	14.38	-9.16	6.62
355	14.42	-9.2	6.68
356	14.46	-9.22	6.7
357	14.5	-9.23	6.7
358	14.54	-9.25	6.73
359	14.58	-9.3	6.77
360	14.62	-9.35	6.82
361	14.66	-9.4	6.87
362	14.7	-9.46	6.89
363	14.74	-9.52	6.91
364	14.78	-9.56	6.92
365	14.82	-9.59	6.93
366	14.86	-9.6	6.95
367	14.9	-9.63	6.98
368	14.94	-9.68	7.05
369	14.98	-9.77	7.15
370	15.02	-9.91	7.25
371	15.06	-10.04	7.31
372	15.1	-10.17	7.37
373	15.14	-10.27	7.38
374	15.18	-10.34	7.35
375	15.22	-10.44	7.33
376	15.26	-10.54	7.28
377	15.3	-10.65	7.28
378	15.34	-10.74	7.29
379	15.38	-10.8	7.32
380	15.42	-10.86	7.38
381	15.46	-10.94	7.44
382	15.5	-11.1	7.5
383	15.54	-11.26	7.53
384	15.58	-11.43	7.52
385	15.62	-11.56	7.48
386	15.66	-11.65	7.44
387	15.7	-11.73	7.41
388	15.74	-11.82	7.42
389	15.78	-11.91	7.44
390	15.82	-11.99	7.46
391	15.86	-12.04	7.49
392	15.9	-12.05	7.48
393	15.94	-12.01	7.49
394	15.98	-11.94	7.48
395	16.02	-11.87	7.45
396	16.06	-11.82	7.45
397	16.1	-11.83	7.43
398	16.14	-11.9	7.46
399	16.18	-11.99	7.54
400	16.22	-12.11	7.63
401	16.26	-12.21	7.77
402	16.3	-12.28	7.88
403	16.34	-12.31	7.96
404	16.38	-12.32	7.97
405	16.42	-12.31	7.97
406	16.46	-12.37	8
407	16.5	-12.46	8.04
408	16.54	-12.56	8.11
409	16.58	-12.65	8.18
410	16.62	-12.7	8.24
411	16.66	-12.72	8.29
412	16.7	-12.74	8.35
413	16.74	-12.73	8.37
414	16.78	-12.72	8.36
415	16.82	-12.75	8.36
416	16.86	-12.82	8.35
417	16.9	-12.92	8.36
418	16.94	-13.04	8.39
419	16.98	-13.13	8.42
420	17.02	-13.19	8.44
421	17.06	-13.22	8.46
422	17.1	-13.22	8.46
423	17.14	-13.23	8.47
424	17.18	-13.22	8.47
425	17.22	-13.24	8.49
426	17.26	-13.25	8.53
427	17.3	-13.28	8.59
428	17.34	-13.32	8.67
429	17.38	-13.33	8.7
430	17.42	-13.35	8.73
431	17.46	-13.34	8.73
432	17.5	-13.33	8.74
433	17.54	-13.35	8.81
434	17.58	-13.37	8.86
435	17.62	-13.39	8.94
436	17.66	-13.42	9.02
437	17.7	-13.43	9.06
438	17.74	-13.44	9.1
439	17.78	-13.45	9.09
440	17.82	-13.42	9.04
441	17.86	-13.39	9
442	17.9	-13.37	8.94
443	17.94	-13.34	8.9
444	17.98	-13.32	8.86
445	18.02	-13.31	8.82
446	18.06	-13.28	8.77
447	18.09	-13.26	8.74
448	18.14	-13.25	8.71
449	18.17	-13.24	8.65
450	18.21	-13.24	8.63
451	18.26	-13.23	8.6
452	18.3	-13.23	8.56
453	18.33	-13.23	8.53
454	18.37	-13.26	8.49
455	18.41	-13.28	8.46
456	18.45	-13.31	8.42
457	18.49	-13.35	8.37
458	18.53	-13.39	8.3
459	18.57	-13.44	8.24
460	18.61	-13.46	8.17
461	18.65	-13.48	8.13
462	18.69	-13.52	8.09
463	18.73	-13.57	8.01
464	18.77	-13.66	7.9
465	18.81	-13.78	7.76
466	18.85	-13.85	7.59
467	18.89	-13.93	7.46
468	18.93	-13.98	7.37
469	18.97	-14	7.34
470	19.01	-14.02	7.34
471	19.05	-14.04	7.34
472	19.09	-14.06	7.35
473	19.13	-14.1	7.35
474	19.17	-14.15	7.34
475	19.21	-14.18	7.32
476	19.25	-14.21	7.28
477	19.29	-14.23	7.21
478	19.33	-14.25	7.14
479	19.37	-14.28	7.07
480	19.41	-14.35	7
481	19.45	-14.41	6.95
482	19.49	-14.5	6.9
483	19.53	-14.59	6.8
484	19.57	-14.64	6.66
485	19.61	-14.69	6.5
486	19.65	-14.7	6.36
487	19.69	-14.72	6.23
488	19.73	-14.72	6.16
489	19.77	-14.72	6.09
490	19.81	-14.73	6.04
491	19.85	-14.73	6
492	19.89	-14.78	5.95
493	19.93	-14.8	5.93
494	19.97	-14.8	5.89
495	20.01	-14.78	5.86
496	20.05	-14.74	5.83
497	20.09	-14.7	5.79
498	20.13	-14.69	5.76
499	20.17	-14.65	5.72
500	20.21	-14.64	5.7
501	20.25	-14.63	5.69
502	20.29	-14.6	5.68
503	20.33	-14.58	5.66
504	20.37	-14.54	5.61
505	20.41	-14.5	5.58
506	20.45	-14.51	5.5
507	20.49	-14.53	5.48
508	20.53	-14.53	5.47
509	20.57	-14.55	5.47
510	20.61	-14.52	5.51
511	20.65	-14.52	5.53
512	20.69	-14.55	5.55
513	20.73	-14.55	5.55
514	20.77	-14.54	5.55
515	20.81	-14.52	5.56
516	20.85	-14.51	5.57
517	20.89	-14.52	5.61
518	20.93	-14.53	5.65
519	20.97	-14.55	5.69
520	21.01	-14.54	5.71
521	21.05	-14.55	5.74
522	21.09	-14.58	5.8
523	21.13	-14.6	5.86
524	21.17	-14.66	5.95
525	21.21	-14.72	6.03
526	21.25	-14.74	6.09
527	21.29	-14.75	6.14
528	21.33	-14.76	6.17
529	21.37	-14.74	6.19
530	21.41	-14.73	6.21
531	21.45	-14.7	6.22
532	21.49	-14.68	6.23
533	21.53	-14.64	6.25
534	21.57	-14.6	6.25
535	21.61	-14.59	6.25
536	21.65	-14.57	6.26
537	21.69	-14.56	6.27
538	21.73	-14.57	6.28
539	21.77	-14.56	6.31
540	21.81	-14.56	6.32
541	21.85	-14.57	6.33
542	21.89	-14.57	6.34
543	21.93	-14.57	6.35
544	21.97	-14.57	6.35
545	22.01	-14.55	6.36
546	22.05	-14.54	6.37
547	22.09	-14.54	6.38
548	22.13	-14.54	6.39
549	22.17	-14.54	6.39
550	22.21	-14.53	6.39
551	22.25	-14.52	6.38
552	22.29	-14.5	6.38
553	22.33	-14.48	6.37
554	22.37	-14.48	6.37
555	22.41	-14.46	6.36
556	22.45	-14.44	6.34
557	22.49	-14.44	6.33
558	22.53	-14.42	6.31
559	22.57	-14.42	6.3
560	22.61	-14.41	6.3
561	22.65	-14.39	6.3
562	22.69	-14.38	6.28
563	22.73	-14.37	6.28
564	22.77	-14.36	6.27
565	22.81	-14.35	6.26
566	22.85	-14.33	6.25
567	22.89	-14.31	6.25
568	22.93	-14.29	6.24
569	22.97	-14.28	6.24
570	23.01	-14.27	6.24
571	23.05	-14.26	6.24
572	23.09	-14.26	6.25
573	23.13	-14.22	6.24
574	23.17	-14.18	6.24
575	23.21	-14.15	6.24
576	23.25	-14.1	6.21
577	23.29	-14.06	6.2
578	23.33	-14.02	6.19
579	23.37	-13.99	6.17
580	23.41	-13.97	6.15
581	23.45	-13.97	6.14
582	23.49	-13.98	6.13
583	23.53	-13.98	6.12
584	23.57	-14.03	6.1
585	23.61	-14.07	6.08
586	23.65	-14.11	6.06
587	23.69	-14.16	6.05
588	23.73	-14.17	6.04
589	23.77	-14.17	6.03
590	23.81	-14.16	6.03
591	23.85	-14.15	6.03
592	23.89	-14.12	6.02
593	23.93	-14.09	6.02
594	23.97	-14.1	5.99
595	24.01	-14.12	5.93
596	24.05	-14.15	5.88
597	24.09	-14.17	5.82
598	24.13	-14.17	5.77
599	24.17	-14.17	5.75
600	24.21	-14.16	5.71
601	24.25	-14.18	5.67
602	24.29	-14.23	5.62
603	24.33	-14.29	5.56
604	24.37	-14.44	5.47
605	24.41	-14.58	5.41
606	24.45	-14.69	5.34
607	24.49	-14.79	5.28
608	24.53	-14.83	5.26
609	24.57	-14.89	5.24
610	24.61	-14.98	5.25
611	24.65	-15.1	5.25
612	24.69	-15.23	5.26
613	24.73	-15.35	5.27
614	24.77	-15.44	5.28
615	24.81	-15.52	5.29
616	24.85	-15.55	5.29
617	24.89	-15.58	5.31
618	24.93	-15.64	5.33
619	24.97	-15.66	5.32
620	25.01	-15.73	5.3
621	25.05	-15.83	5.28
622	25.09	-15.95	5.26
623	25.13	-16.06	5.25
624	25.17	-16.16	5.26
625	25.21	-16.26	5.23
626	25.25	-16.37	5.17
627	25.29	-16.55	5.06
628	25.33	-16.78	4.88
629	25.37	-16.99	4.7
630	25.41	-17.17	4.5
631	25.45	-17.31	4.34
632	25.49	-17.41	4.2
633	25.53	-17.51	4.08
634	25.57	-17.6	4
635	25.61	-17.68	3.91
636	25.65	-17.76	3.86
637	25.69	-17.85	3.82
638	25.73	-17.97	3.76
639	25.77	-18.08	3.73
640	25.81	-18.16	3.69
641	25.85	-18.24	3.63
642	25.89	-18.36	3.59
643	25.93	-18.44	3.53
644	25.97	-18.54	3.47
645	26.01	-18.65	3.43
646	26.05	-18.72	3.39
647	26.09	-18.81	3.34
648	26.13	-18.9	3.28
649	26.17	-18.97	3.21
650	26.21	-19.03	3.14
651	26.25	-19.12	3.07
652	26.29	-19.19	3
653	26.33	-19.26	2.93
654	26.37	-19.32	2.86
655	26.41	-19.38	2.77
656	26.45	-19.44	2.67
657	26.49	-19.53	2.54
658	26.53	-19.67	2.34
659	26.57	-19.82	2.12
660	26.61	-19.94	1.89
661	26.65	-20.03	1.7
662	26.69	-20.05	1.57
663	26.73	-20.06	1.49
664	26.77	-20.06	1.44
665	26.81	-20.07	1.39
666	26.85	-20.11	1.32
667	26.89	-20.17	1.24
668	26.93	-20.23	1.16
669	26.97	-20.29	1.09
670	27.01	-20.32	1.05
671	27.05	-20.33	1.05
672	27.09	-20.32	1.08
673	27.13	-20.34	1.12
674	27.17	-20.36	1.17
675	27.21	-20.39	1.2
676	27.25	-20.41	1.23
677	27.29	-20.44	1.23
678	27.33	-20.47	1.21
679	27.37	-20.48	1.19
680	27.41	-20.5	1.17
681	27.45	-20.52	1.16
682	27.49	-20.51	1.16
683	27.53	-20.52	1.17
684	27.57	-20.52	1.17
685	27.61	-20.51	1.17
686	27.65	-20.51	1.17
687	27.69	-20.52	1.16
688	27.73	-20.52	1.16
689	27.77	-20.52	1.15
690	27.81	-20.5	1.16
691	27.85	-20.46	1.2
692	27.89	-20.41	1.26
693	27.93	-20.36	1.32
694	27.97	-20.32	1.37
695	28.01	-20.31	1.39
696	28.05	-20.31	1.4
697	28.09	-20.3	1.4
698	28.13	-20.29	1.41
699	28.17	-20.28	1.42
700	28.21	-20.27	1.44
701	28.25	-20.25	1.45
702	28.29	-20.23	1.48
703	28.33	-20.2	1.5
704	28.37	-20.18	1.5
705	28.41	-20.17	1.5
706	28.45	-20.17	1.49
707	28.49	-20.18	1.48
708	28.53	-20.18	1.45
709	28.57	-20.17	1.44
710	28.61	-20.17	1.42
711	28.65	-20.18	1.41
712	28.69	-20.16	1.41
713	28.73	-20.16	1.42
714	28.77	-20.14	1.43
715	28.81	-20.12	1.45
716	28.85	-20.1	1.46
717	28.89	-20.09	1.47
718	28.93	-20.08	1.47
719	28.97	-20.07	1.47
720	29.01	-20.06	1.47
721	29.05	-20.07	1.46
722	29.09	-20.06	1.46
723	29.13	-20.06	1.46
724	29.17	-20.05	1.46
725	29.21	-20.04	1.48
726	29.25	-20.02	1.49
727	29.29	-19.99	1.49
728	29.33	-19.96	1.43
729	29.37	-19.93	1.36
730	29.41	-19.92	1.28
731	29.45	-19.91	1.22
732	29.49	-19.91	1.18
733	29.53	-19.89	1.19
734	29.57	-19.87	1.19
735	29.61	-19.84	1.17
736	29.65	-19.8	1.13
737	29.69	-19.78	1.04
738	29.73	-19.77	0.93
739	29.77	-19.78	0.83
740	29.81	-19.8	0.74
741	29.85	-19.82	0.69
742	29.89	-19.82	0.67
743	29.93	-19.8	0.65
744	29.97	-19.75	0.64
745	30.01	-19.68	0.63
746	30.05	-19.62	0.64
747	30.09	-19.57	0.63
748	30.13	-19.52	0.63
749	30.17	-19.45	0.6
750	30.21	-19.37	0.56
751	30.25	-19.29	0.51
752	30.29	-19.2	0.46
753	30.33	-19.12	0.43
754	30.37	-19.05	0.42
755	30.41	-18.98	0.42
756	30.45	-18.93	0.41
757	30.49	-18.89	0.41
758	30.53	-18.83	0.4
759	30.57	-18.77	0.39
760	30.61	-18.73	0.37
761	30.65	-18.7	0.36
762	30.69	-18.69	0.33
763	30.73	-18.69	0.29
764	30.77	-18.66	0.24
765	30.81	-18.58	0.14
766	30.85	-18.49	0.03
767	30.89	-18.38	-0.1
768	30.93	-18.27	-0.25
769	30.97	-18.19	-0.38
770	31.01	-18.08	-0.52
771	31.05	-17.97	-0.64
772	31.09	-17.84	-0.75
773	31.13	-17.73	-0.84
774	31.17	-17.69	-0.92
775	31.21	-17.65	-1.03
776	31.25	-17.65	-1.13
777	31.29	-17.65	-1.24
778	31.33	-17.63	-1.34
779	31.37	-17.62	-1.4
780	31.41	-17.6	-1.47
781	31.45	-17.56	-1.54
782	31.49	-17.53	-1.61
783	31.53	-17.5	-1.68
784	31.57	-17.48	-1.73
785	31.61	-17.45	-1.79
786	31.65	-17.42	-1.91
787	31.69	-17.4	-2.04
788	31.73	-17.38	-2.18
789	31.77	-17.36	-2.31
790	31.81	-17.33	-2.39
791	31.85	-17.26	-2.45
792	31.89	-17.18	-2.51
793	31.93	-17.1	-2.59
794	31.97	-17	-2.65
795	32.01	-16.88	-2.76
796	32.05	-16.74	-2.85
797	32.09	-16.57	-2.95
798	32.13	-16.41	-3.03
799	32.17	-16.26	-3.08
800	32.21	-16.13	-3.13
801	32.25	-16.01	-3.2
802	32.29	-15.92	-3.27
803	32.33	-15.84	-3.36
804	32.37	-15.79	-3.43
805	32.41	-15.76	-3.48
806	32.45	-15.72	-3.55
807	32.49	-15.71	-3.6
808	32.53	-15.67	-3.68
809	32.57	-15.63	-3.77
810	32.61	-15.6	-3.82
811	32.65	-15.54	-3.88
812	32.69	-15.51	-3.95
813	32.73	-15.48	-4
814	32.77	-15.44	-4.06
815	32.81	-15.39	-4.13
816	32.85	-15.34	-4.11
817	32.89	-15.27	-4.09
818	32.93	-15.21	-4.08
819	32.97	-15.13	-4.08
820	33.01	-15.07	-4.1
821	33.05	-15.01	-4.13
822	33.09	-14.95	-4.15
823	33.13	-14.91	-4.16
824	33.17	-14.84	-4.2
825	33.21	-14.77	-4.23
826	33.25	-14.7	-4.26
827	33.29	-14.64	-4.29
828	33.33	-14.6	-4.31
829	33.37	-14.55	-4.34
830	33.41	-14.45	-4.37
831	33.45	-14.32	-4.42
832	33.49	-14.18	-4.45
833	33.53	-14.06	-4.48
834	33.57	-14	-4.47
835	33.61	-13.97	-4.45
836	33.65	-13.91	-4.42
837	33.69	-13.85	-4.38
838	33.73	-13.8	-4.36
839	33.77	-13.79	-4.34
840	33.81	-13.82	-4.33
841	33.85	-13.85	-4.32
842	33.89	-13.89	-4.3
843	33.93	-13.9	-4.29
844	33.97	-13.92	-4.27
845	34.01	-13.93	-4.25
846	34.05	-13.92	-4.24
847	34.09	-13.92	-4.22
848	34.13	-13.93	-4.2
849	34.17	-13.94	-4.17
850	34.21	-13.95	-4.15
851	34.25	-13.96	-4.14
852	34.29	-13.97	-4.13
853	34.33	-13.98	-4.12
854	34.37	-14.01	-4.11
855	34.41	-14.03	-4.1
856	34.45	-14.04	-4.1
857	34.49	-14.06	-4.09
858	34.53	-14.04	-4.12
859	34.57	-14.06	-4.12
860	34.61	-14.06	-4.13
861	34.65	-14.07	-4.14
862	34.69	-14.12	-4.12
863	34.73	-14.14	-4.1
864	34.77	-14.13	-4.09
865	34.81	-14.15	-4.07
866	34.85	-14.15	-4.08
867	34.89	-14.17	-4.08
868	34.93	-14.22	-4.09
869	34.97	-14.26	-4.12
870	35.01	-14.29	-4.14
871	35.05	-14.3	-4.18
872	35.09	-14.3	-4.21
873	35.13	-14.32	-4.24
874	35.17	-14.33	-4.28
875	35.21	-14.33	-4.3
876	35.25	-14.33	-4.35
877	35.29	-14.32	-4.38
878	35.33	-14.31	-4.4
879	35.37	-14.32	-4.42
880	35.41	-14.33	-4.4
881	35.45	-14.33	-4.41
882	35.49	-14.33	-4.4
883	35.53	-14.33	-4.42
884	35.57	-14.31	-4.42
885	35.61	-14.31	-4.4
886	35.65	-14.32	-4.4
887	35.69	-14.33	-4.36
888	35.73	-14.36	-4.35
889	35.77	-14.36	-4.33
890	35.81	-14.36	-4.32
891	35.85	-14.35	-4.32
892	35.89	-14.34	-4.32
893	35.93	-14.33	-4.32
894	35.97	-14.33	-4.31
895	36.01	-14.32	-4.31
896	36.05	-14.32	-4.29
897	36.09	-14.32	-4.27
898	36.13	-14.31	-4.27
899	36.17	-14.29	-4.26
900	36.21	-14.28	-4.25
901	36.25	-14.27	-4.24
902	36.29	-14.27	-4.21
903	36.33	-14.29	-4.19
904	36.37	-14.29	-4.19
905	36.41	-14.29	-4.19
906	36.45	-14.25	-4.23
907	36.49	-14.2	-4.26
908	36.53	-14.14	-4.29
909	36.57	-14.08	-4.32
910	36.61	-14.01	-4.35
911	36.65	-13.92	-4.37
912	36.69	-13.85	-4.38
913	36.73	-13.78	-4.38
914	36.77	-13.71	-4.38
915	36.81	-13.66	-4.36
916	36.85	-13.6	-4.36
917	36.89	-13.55	-4.36
918	36.93	-13.5	-4.36
919	36.97	-13.45	-4.37
920	37.01	-13.39	-4.36
921	37.05	-13.31	-4.33
922	37.09	-13.21	-4.28
923	37.13	-13.14	-4.19
924	37.17	-13.1	-4.06
925	37.21	-13.04	-3.93
926	37.25	-12.98	-3.77
927	37.29	-12.88	-3.64
928	37.33	-12.75	-3.52
929	37.37	-12.66	-3.44
930	37.41	-12.58	-3.4
931	37.45	-12.53	-3.38
932	37.49	-12.52	-3.39
933	37.53	-12.51	-3.4
934	37.57	-12.55	-3.42
935	37.61	-12.56	-3.43
936	37.65	-12.54	-3.43
937	37.69	-12.52	-3.44
938	37.73	-12.47	-3.44
939	37.77	-12.46	-3.45
940	37.81	-12.46	-3.46
941	37.85	-12.48	-3.45
942	37.89	-12.53	-3.43
943	37.93	-12.59	-3.41
944	37.97	-12.65	-3.36
945	38.01	-12.7	-3.32
946	38.05	-12.73	-3.26
947	38.09	-12.74	-3.19
948	38.13	-12.77	-3.13
949	38.17	-12.8	-3.08
950	38.21	-12.8	-3.03
951	38.25	-12.82	-3
952	38.29	-12.83	-2.97
953	38.33	-12.84	-2.96
954	38.37	-12.85	-2.96
955	38.41	-12.86	-2.96
956	38.45	-12.86	-2.95
957	38.49	-12.86	-2.95
958	38.53	-12.88	-2.92
959	38.57	-12.87	-2.92
960	38.61	-12.86	-2.92
961	38.65	-12.87	-2.92
962	38.69	-12.87	-2.93
963	38.73	-12.89	-2.93
964	38.77	-12.92	-2.94
965	38.81	-12.92	-2.94
966	38.85	-12.94	-2.93
967	38.89	-12.96	-2.92
968	38.93	-12.98	-2.91
969	38.97	-13.02	-2.9
970	39.01	-13.04	-2.89
971	39.05	-13.03	-2.88
972	39.09	-13.03	-2.88
973	39.13	-13.04	-2.86
974	39.17	-13.03	-2.86
975	39.21	-13.07	-2.83
976	39.25	-13.09	-2.78
977	39.29	-13.07	-2.72
978	39.33	-13.07	-2.64
979	39.37	-13.03	-2.6
980	39.41	-12.98	-2.55
981	39.45	-12.95	-2.51
982	39.49	-12.92	-2.43
983	39.53	-12.89	-2.34
984	39.57	-12.88	-2.26
985	39.61	-12.87	-2.19
986	39.65	-12.87	-2.14
987	39.69	-12.91	-2.1
988	39.73	-12.95	-2.08
989	39.77	-12.98	-2.06
990	39.81	-13.02	-2.05
991	39.85	-13.05	-2.06
992	39.89	-13.07	-2.06
993	39.93	-13.11	-2.06
994	39.97	-13.13	-2.03
995	40.01	-13.17	-1.94
996	40.05	-13.21	-1.85
997	40.09	-13.26	-1.73
998	40.13	-13.3	-1.63
999	40.17	-13.36	-1.57
1000	40.21	-13.41	-1.51
1001	40.25	-13.45	-1.44
1002	40.29	-13.49	-1.35
1003	40.33	-13.51	-1.25
1004	40.37	-13.52	-1.15
1005	40.41	-13.53	-1.05
1006	40.45	-13.54	-0.96
1007	40.49	-13.57	-0.88
1008	40.53	-13.59	-0.79
1009	40.57	-13.61	-0.72
1010	40.61	-13.63	-0.66
1011	40.65	-13.64	-0.61
1012	40.69	-13.64	-0.56
1013	40.73	-13.65	-0.51
1014	40.77	-13.66	-0.44
1015	40.81	-13.64	-0.33
1016	40.85	-13.64	-0.23
1017	40.89	-13.63	-0.14
1018	40.93	-13.6	-0.05
1019	40.97	-13.55	0.06
1020	41.01	-13.49	0.17
1021	41.05	-13.43	0.29
1022	41.09	-13.37	0.43
1023	41.13	-13.33	0.52
1024	41.17	-13.31	0.62
1025	41.21	-13.28	0.74
1026	41.25	-13.29	0.87
1027	41.29	-13.32	1.03
1028	41.33	-13.34	1.19
1029	41.37	-13.39	1.33
1030	41.41	-13.41	1.44
1031	41.45	-13.42	1.5
1032	41.49	-13.42	1.55
1033	41.53	-13.42	1.59
1034	41.57	-13.42	1.6
1035	41.61	-13.43	1.63
1036	41.65	-13.44	1.65
1037	41.69	-13.46	1.66
1038	41.73	-13.49	1.67
1039	41.77	-13.5	1.69
1040	41.81	-13.51	1.73
1041	41.85	-13.5	1.78
1042	41.89	-13.49	1.84
1043	41.93	-13.49	1.86
1044	41.97	-13.48	1.89
1045	42.01	-13.48	1.92
1046	42.05	-13.48	1.95
1047	42.09	-13.46	2
1048	42.13	-13.45	2.04
1049	42.17	-13.42	2.07
1050	42.21	-13.39	2.12
1051	42.25	-13.37	2.16
1052	42.29	-13.33	2.2
1053	42.33	-13.31	2.2
1054	42.37	-13.28	2.2
1055	42.41	-13.25	2.18
1056	42.45	-13.24	2.14
1057	42.49	-13.23	2.11
1058	42.53	-13.24	2.08
1059	42.57	-13.24	2.05
1060	42.61	-13.23	2.02
1061	42.65	-13.23	1.99
1062	42.69	-13.23	1.93
1063	42.73	-13.24	1.86
1064	42.77	-13.26	1.79
1065	42.81	-13.27	1.73
1066	42.85	-13.28	1.69
1067	42.89	-13.29	1.64
1068	42.93	-13.29	1.62
1069	42.97	-13.3	1.58
1070	43.01	-13.31	1.55
1071	43.05	-13.3	1.55
1072	43.09	-13.29	1.55
1073	43.13	-13.27	1.57
1074	43.17	-13.26	1.57
1075	43.21	-13.25	1.57
1076	43.25	-13.24	1.55
1077	43.29	-13.23	1.54
1078	43.33	-13.22	1.53
1079	43.37	-13.22	1.52
1080	43.41	-13.2	1.51
1081	43.45	-13.2	1.49
1082	43.49	-13.18	1.48
1083	43.53	-13.18	1.47
1084	43.57	-13.17	1.47
1085	43.61	-13.16	1.47
1086	43.65	-13.16	1.46
1087	43.69	-13.14	1.47
1088	43.73	-13.14	1.46
1089	43.77	-13.14	1.45
1090	43.81	-13.14	1.42
1091	43.85	-13.17	1.38
1092	43.89	-13.17	1.36
1093	43.93	-13.19	1.33
1094	43.97	-13.2	1.32
1095	44.01	-13.21	1.31
1096	44.05	-13.23	1.3
1097	44.09	-13.25	1.29
1098	44.13	-13.28	1.27
1099	44.17	-13.3	1.23
1100	44.21	-13.33	1.18
1101	44.25	-13.35	1.15
1102	44.29	-13.38	1.13
1103	44.33	-13.4	1.13
1104	44.37	-13.41	1.11
1105	44.41	-13.43	1.09
1106	44.45	-13.45	1.07
1107	44.49	-13.48	1.03
1108	44.53	-13.51	1.02
1109	44.57	-13.54	0.99
1110	44.61	-13.57	0.98
1111	44.65	-13.6	0.96
1112	44.69	-13.62	0.96
1113	44.73	-13.65	0.94
1114	44.77	-13.69	0.93
1115	44.81	-13.73	0.92
1116	44.85	-13.77	0.89
1117	44.89	-13.81	0.88
1118	44.93	-13.84	0.85
1119	44.97	-13.87	0.83
1120	45.01	-13.9	0.8
1121	45.05	-13.94	0.77
1122	45.09	-13.99	0.74
1123	45.13	-14.04	0.7
1124	45.17	-14.1	0.67
1125	45.21	-14.17	0.63
1126	45.25	-14.23	0.59
1127	45.29	-14.3	0.56
1128	45.33	-14.36	0.5
1129	45.37	-14.43	0.48
1130	45.41	-14.49	0.44
1131	45.45	-14.55	0.4
1132	45.49	-14.59	0.36
1133	45.53	-14.62	0.33
1134	45.57	-14.64	0.31
1135	45.61	-14.65	0.31
1136	45.65	-14.66	0.32
1137	45.69	-14.65	0.33
1138	45.73	-14.66	0.33
1139	45.77	-14.66	0.33
1140	45.81	-14.66	0.3
1141	45.85	-14.66	0.27
1142	45.89	-14.65	0.23
1143	45.93	-14.64	0.18
1144	45.97	-14.63	0.15
1145	46.01	-14.63	0.12
1146	46.05	-14.64	0.11
1147	46.09	-14.63	0.11
1148	46.13	-14.64	0.11
1149	46.17	-14.64	0.11
1150	46.21	-14.64	0.11
1151	46.25	-14.64	0.1
1152	46.29	-14.64	0.11
1153	46.33	-14.63	0.12
1154	46.37	-14.63	0.11
1155	46.41	-14.65	0.1
1156	46.45	-14.69	0.06
1157	46.49	-14.78	-0.02
1158	46.53	-14.87	-0.09
1159	46.57	-14.92	-0.13
1160	46.61	-14.94	-0.17
1161	46.65	-14.93	-0.15
1162	46.69	-14.86	-0.16
1163	46.73	-14.79	-0.15
1164	46.77	-14.72	-0.13
1165	46.81	-14.66	-0.12
1166	46.85	-14.62	-0.1
1167	46.89	-14.59	-0.08
1168	46.93	-14.56	-0.08
1169	46.97	-14.52	-0.07
1170	47.01	-14.48	-0.06
1171	47.05	-14.46	-0.07
1172	47.09	-14.44	-0.08
1173	47.13	-14.42	-0.09
1174	47.17	-14.39	-0.1
1175	47.21	-14.37	-0.08
1176	47.25	-14.35	-0.09
1177	47.29	-14.33	-0.07
1178	47.33	-14.3	-0.03
1179	47.37	-14.28	0.02
1180	47.41	-14.26	0.1
1181	47.45	-14.23	0.19
1182	47.49	-14.21	0.26
1183	47.53	-14.17	0.32
1184	47.57	-14.12	0.37
1185	47.61	-14.09	0.41
1186	47.65	-14.06	0.46
1187	47.69	-14.05	0.49
1188	47.73	-14.05	0.5
1189	47.77	-14.06	0.53
1190	47.81	-14.05	0.57
1191	47.85	-14.04	0.62
1192	47.89	-14.03	0.69
1193	47.93	-14	0.76
1194	47.97	-13.95	0.84
1195	48.01	-13.85	0.93
1196	48.05	-13.72	1.03
1197	48.09	-13.61	1.08
1198	48.13	-13.52	1.11
1199	48.17	-13.46	1.14
1200	48.21	-13.39	1.16
1201	48.25	-13.32	1.2
1202	48.29	-13.24	1.24
1203	48.33	-13.19	1.25
1204	48.37	-13.16	1.27
1205	48.41	-13.13	1.29
1206	48.45	-13.1	1.32
1207	48.49	-13.07	1.39
1208	48.53	-13.04	1.41
1209	48.57	-13.02	1.44
1210	48.61	-13.01	1.45
1211	48.65	-12.99	1.44
1212	48.69	-12.98	1.46
1213	48.73	-12.97	1.49
1214	48.77	-12.96	1.52
1215	48.81	-12.97	1.57
1216	48.85	-12.97	1.61
1217	48.89	-12.97	1.66
1218	48.93	-12.98	1.68
1219	48.97	-13	1.66
1220	49.01	-13.02	1.67
1221	49.05	-13.02	1.66
1222	49.09	-13.03	1.66
1223	49.13	-13.03	1.69
1224	49.17	-13.03	1.68
1225	49.21	-13.03	1.7
1226	49.25	-13.03	1.7
1227	49.29	-13.02	1.71
1228	49.33	-13.03	1.7
1229	49.37	-13.06	1.65
1230	49.41	-13.09	1.6
1231	49.45	-13.14	1.51
1232	49.49	-13.17	1.43
1233	49.53	-13.19	1.38
1234	49.57	-13.22	1.32
1235	49.61	-13.24	1.25
1236	49.65	-13.27	1.17
1237	49.69	-13.31	1.09
1238	49.73	-13.35	1
1239	49.77	-13.4	0.94
1240	49.81	-13.45	0.88
1241	49.85	-13.5	0.81
1242	49.89	-13.51	0.74
1243	49.93	-13.49	0.68
1244	49.97	-13.48	0.61
1245	50.01	-13.48	0.55
1246	50.05	-13.5	0.49
1247	50.09	-13.53	0.42
1248	50.13	-13.53	0.39
1249	50.17	-13.52	0.35
1250	50.21	-13.5	0.33
1251	50.25	-13.47	0.32
1252	50.29	-13.42	0.31
1253	50.33	-13.34	0.32
1254	50.37	-13.25	0.34
1255	50.41	-13.15	0.37
1256	50.45	-13.09	0.4
1257	50.49	-13.06	0.42
1258	50.53	-13.01	0.44
1259	50.57	-12.95	0.47
1260	50.61	-12.88	0.51
1261	50.65	-12.81	0.55
1262	50.69	-12.77	0.57
1263	50.73	-12.71	0.6
1264	50.77	-12.63	0.61
1265	50.81	-12.55	0.63
1266	50.85	-12.47	0.64
1267	50.89	-12.42	0.63
1268	50.93	-12.38	0.65
1269	50.97	-12.34	0.66
1270	51.01	-12.26	0.67
1271	51.05	-12.13	0.69
1272	51.09	-11.95	0.67
1273	51.13	-11.75	0.64
1274	51.17	-11.57	0.6
1275	51.21	-11.43	0.55
1276	51.25	-11.33	0.51
1277	51.29	-11.21	0.5
1278	51.33	-11.11	0.48
1279	51.37	-10.97	0.49
1280	51.41	-10.79	0.51
1281	51.45	-10.61	0.51
1282	51.49	-10.46	0.51
1283	51.53	-10.36	0.51
1284	51.57	-10.27	0.52
1285	51.61	-10.18	0.56
1286	51.65	-10.07	0.63
1287	51.69	-9.95	0.72
1288	51.73	-9.88	0.79
1289	51.77	-9.85	0.84
1290	51.81	-9.84	0.91
1291	51.85	-9.84	0.99
1292	51.89	-9.84	1.04
1293	51.93	-9.79	1.13
1294	51.97	-9.74	1.17
1295	52.01	-9.69	1.19
1296	52.05	-9.64	1.22
1297	52.09	-9.63	1.22
1298	52.13	-9.64	1.24
1299	52.17	-9.67	1.26
1300	52.21	-9.7	1.27
1301	52.25	-9.74	1.27
1302	52.29	-9.78	1.28
1303	52.33	-9.81	1.29
1304	52.37	-9.83	1.31
1305	52.41	-9.88	1.33
1306	52.45	-9.91	1.36
1307	52.49	-9.94	1.39
1308	52.53	-9.99	1.4
1309	52.57	-9.99	1.42
1310	52.61	-10	1.44
1311	52.65	-10.01	1.44
1312	52.69	-10	1.45
1313	52.73	-10.01	1.45
1314	52.77	-10.03	1.45
1315	52.81	-10.08	1.45
1316	52.85	-10.15	1.45
1317	52.89	-10.23	1.44
1318	52.93	-10.28	1.43
1319	52.97	-10.3	1.42
1320	53.01	-10.33	1.41
1321	53.05	-10.32	1.42
1322	53.09	-10.33	1.41
1323	53.13	-10.34	1.41
1324	53.17	-10.35	1.41
1325	53.21	-10.35	1.4
1326	53.25	-10.36	1.39
1327	53.29	-10.38	1.39
1328	53.33	-10.39	1.39
1329	53.37	-10.42	1.39
1330	53.41	-10.44	1.38
1331	53.45	-10.48	1.38
1332	53.49	-10.5	1.39
1333	53.53	-10.51	1.38
1334	53.57	-10.52	1.38
1335	53.61	-10.51	1.38
1336	53.65	-10.52	1.39
1337	53.69	-10.55	1.39
1338	53.73	-10.59	1.4
1339	53.77	-10.67	1.4
1340	53.81	-10.73	1.39
1341	53.85	-10.79	1.38
1342	53.89	-10.82	1.38
1343	53.93	-10.84	1.37
1344	53.97	-10.86	1.37
1345	54.01	-10.86	1.38
1346	54.05	-10.85	1.38
1347	54.09	-10.82	1.39
1348	54.13	-10.78	1.37
1349	54.17	-10.73	1.37
1350	54.21	-10.7	1.35
1351	54.25	-10.67	1.34
1352	54.29	-10.65	1.32
1353	54.33	-10.63	1.32
1354	54.37	-10.59	1.34
1355	54.41	-10.56	1.33
1356	54.45	-10.53	1.33
1357	54.49	-10.5	1.31
1358	54.53	-10.52	1.3
1359	54.57	-10.52	1.29
1360	54.61	-10.53	1.3
1361	54.65	-10.54	1.3
1362	54.69	-10.55	1.29
1363	54.73	-10.55	1.29
1364	54.77	-10.56	1.28
1365	54.81	-10.59	1.27
1366	54.85	-10.62	1.27
1367	54.89	-10.66	1.27
1368	54.93	-10.69	1.27
1369	54.97	-10.71	1.27
1370	55.01	-10.72	1.27
1371	55.05	-10.72	1.28
1372	55.09	-10.73	1.28
1373	55.13	-10.75	1.28
1374	55.17	-10.75	1.28
1375	55.21	-10.76	1.28
1376	55.25	-10.74	1.28
1377	55.29	-10.72	1.3
1378	55.33	-10.72	1.32
1379	55.37	-10.72	1.34
1380	55.41	-10.74	1.38
1381	55.45	-10.76	1.42
1382	55.49	-10.78	1.46
1383	55.53	-10.81	1.54
1384	55.57	-10.85	1.61
1385	55.61	-10.87	1.66
1386	55.65	-10.89	1.71
1387	55.69	-10.89	1.72
1388	55.73	-10.89	1.72
1389	55.77	-10.9	1.73
1390	55.81	-10.91	1.74
1391	55.85	-10.91	1.77
1392	55.89	-10.94	1.83
1393	55.93	-10.98	1.9
1394	55.97	-11.04	1.98
1395	56.01	-11.14	2.04
1396	56.05	-11.24	2.09
1397	56.09	-11.35	2.13
1398	56.13	-11.45	2.18
1399	56.17	-11.52	2.24
1400	56.21	-11.57	2.31
1401	56.25	-11.59	2.39
1402	56.29	-11.6	2.48
1403	56.33	-11.6	2.56
1404	56.37	-11.59	2.62
1405	56.41	-11.58	2.71
1406	56.45	-11.58	2.8
1407	56.49	-11.58	2.92
1408	56.53	-11.57	3.04
1409	56.57	-11.57	3.17
1410	56.61	-11.55	3.35
1411	56.64	-11.55	3.5
1412	56.68	-11.56	3.66
1413	56.73	-11.57	3.77
1414	56.77	-11.6	3.85
1415	56.81	-11.62	3.96
1416	56.85	-11.64	4.08
1417	56.88	-11.66	4.23
1418	56.92	-11.67	4.34
1419	56.96	-11.64	4.44
1420	57	-11.59	4.54
1421	57.04	-11.55	4.64
1422	57.08	-11.51	4.75
1423	57.12	-11.52	4.84
1424	57.16	-11.51	4.9
1425	57.2	-11.5	4.96
1426	57.24	-11.47	5.02
1427	57.28	-11.45	5.07
1428	57.32	-11.45	5.16
1429	57.36	-11.46	5.25
1430	57.4	-11.5	5.36
1431	57.44	-11.55	5.53
1432	57.48	-11.64	5.71
1433	57.52	-11.72	5.88
1434	57.56	-11.81	6.03
1435	57.6	-11.87	6.16
1436	57.64	-11.91	6.25
1437	57.68	-11.94	6.38
1438	57.72	-11.96	6.51
1439	57.76	-11.97	6.62
1440	57.8	-11.97	6.71
1441	57.84	-11.95	6.79
1442	57.88	-11.93	6.88
1443	57.92	-11.9	6.96
1444	57.96	-11.87	7.07
1445	58	-11.85	7.14
1446	58.04	-11.84	7.21
1447	58.08	-11.85	7.27
1448	58.12	-11.86	7.32
1449	58.16	-11.86	7.41
1450	58.2	-11.85	7.49
1451	58.24	-11.83	7.62
1452	58.28	-11.8	7.73
1453	58.32	-11.78	7.8
1454	58.36	-11.77	7.86
1455	58.4	-11.75	7.86
1456	58.44	-11.75	7.86
1457	58.48	-11.74	7.87
1458	58.52	-11.75	7.85
1459	58.56	-11.79	7.85
1460	58.6	-11.82	7.86
1461	58.64	-11.86	7.87
1462	58.68	-11.88	7.91
1463	58.72	-11.89	7.94
1464	58.76	-11.89	7.95
1465	58.8	-11.89	7.95
1466	58.84	-11.87	7.96
1467	58.88	-11.85	7.97
1468	58.92	-11.84	7.97
1469	58.96	-11.81	7.98
1470	59	-11.79	7.95
1471	59.04	-11.78	7.9
1472	59.08	-11.76	7.89
1473	59.12	-11.75	7.88
1474	59.16	-11.75	7.92
1475	59.2	-11.73	7.96
1476	59.24	-11.72	7.99
1477	59.28	-11.72	8.02
1478	59.32	-11.71	8.02
1479	59.36	-11.7	8.04
1480	59.4	-11.68	8.06
1481	59.44	-11.66	8.08
1482	59.48	-11.63	8.09
1483	59.52	-11.61	8.1
1484	59.56	-11.58	8.11
1485	59.6	-11.56	8.13
1486	59.64	-11.55	8.17
1487	59.68	-11.54	8.24
1488	59.72	-11.54	8.29
1489	59.76	-11.54	8.33
1490	59.8	-11.54	8.34
1491	59.84	-11.54	8.34
1492	59.88	-11.53	8.36
1493	59.92	-11.52	8.42
1494	59.96	-11.5	8.49
1495	60	-11.49	8.56
1496	60.04	-11.49	8.62
1497	60.08	-11.48	8.72
1498	60.12	-11.45	8.83
1499	60.16	-11.4	8.99
1500	60.2	-11.33	9.18
1501	60.24	-11.26	9.35
1502	60.28	-11.17	9.5
1503	60.32	-11.05	9.64
1504	60.36	-10.93	9.75
1505	60.4	-10.82	9.82
1506	60.44	-10.74	9.9
1507	60.48	-10.7	9.95
1508	60.52	-10.68	10.01
1509	60.56	-10.66	10.08
1510	60.6	-10.63	10.13
1511	60.64	-10.6	10.16
1512	60.68	-10.57	10.17
1513	60.72	-10.55	10.18
1514	60.76	-10.54	10.21
1515	60.8	-10.53	10.26
1516	60.84	-10.51	10.29
1517	60.88	-10.5	10.3
1518	60.92	-10.48	10.28
1519	60.96	-10.49	10.25
1520	61	-10.49	10.25
1521	61.04	-10.48	10.27
1522	61.08	-10.48	10.29
1523	61.12	-10.47	10.29
1524	61.16	-10.47	10.29
1525	61.2	-10.47	10.28
1526	61.24	-10.49	10.28
1527	61.28	-10.48	10.3
1528	61.32	-10.49	10.28
1529	61.36	-10.48	10.28
1530	61.4	-10.47	10.29
1531	61.44	-10.47	10.33
1532	61.48	-10.44	10.38
1533	61.52	-10.43	10.4
1534	61.56	-10.41	10.43
1535	61.6	-10.39	10.42
1536	61.64	-10.39	10.41
1537	61.68	-10.39	10.41
1538	61.72	-10.39	10.38
1539	61.76	-10.4	10.38
1540	61.8	-10.4	10.38
1541	61.84	-10.39	10.39
1542	61.88	-10.39	10.39
1543	61.92	-10.4	10.41
1544	61.96	-10.4	10.39
1545	62	-10.41	10.37
1546	62.04	-10.44	10.31
1547	62.08	-10.48	10.24
1548	62.12	-10.52	10.17
1549	62.16	-10.58	10.09
1550	62.2	-10.61	10.04
1551	62.24	-10.64	9.99
1552	62.28	-10.67	9.95
1553	62.32	-10.7	9.9
1554	62.36	-10.71	9.87
1555	62.4	-10.73	9.81
1556	62.44	-10.73	9.76
1557	62.48	-10.71	9.71
1558	62.52	-10.7	9.66
1559	62.56	-10.69	9.67
1560	62.6	-10.7	9.7
1561	62.64	-10.74	9.76
1562	62.68	-10.8	9.78
1563	62.72	-10.85	9.79
1564	62.76	-10.89	9.79
1565	62.8	-10.93	9.75
1566	62.84	-10.96	9.75
1567	62.88	-11.01	9.73
1568	62.92	-11.05	9.72
1569	62.96	-11.12	9.71
1570	63	-11.18	9.73
1571	63.04	-11.23	9.74
1572	63.08	-11.27	9.77
1573	63.12	-11.31	9.83
1574	63.16	-11.34	9.89
1575	63.2	-11.38	9.96
1576	63.24	-11.4	10.02
1577	63.28	-11.41	10.06
1578	63.32	-11.42	10.11
1579	63.36	-11.42	10.14
1580	63.4	-11.43	10.17
1581	63.44	-11.45	10.19
1582	63.48	-11.47	10.19
1583	63.52	-11.51	10.18
1584	63.56	-11.56	10.16
1585	63.6	-11.63	10.14
1586	63.64	-11.71	10.11
1587	63.68	-11.76	10.09
1588	63.72	-11.78	10.08
1589	63.76	-11.76	10.07
1590	63.8	-11.75	10.06
1591	63.84	-11.74	10.07
1592	63.88	-11.73	10.09
1593	63.92	-11.72	10.13
1594	63.96	-11.71	10.18
1595	64	-11.69	10.2
1596	64.04	-11.68	10.23
1597	64.08	-11.67	10.25
1598	64.12	-11.66	10.27
1599	64.16	-11.66	10.28
1600	64.2	-11.65	10.29
1601	64.24	-11.65	10.29
1602	64.28	-11.65	10.28
1603	64.32	-11.65	10.28
1604	64.36	-11.67	10.28
1605	64.4	-11.68	10.29
1606	64.44	-11.69	10.28
1607	64.48	-11.7	10.29
1608	64.52	-11.7	10.28
1609	64.56	-11.7	10.26
1610	64.6	-11.69	10.24
1611	64.64	-11.69	10.2
1612	64.68	-11.69	10.16
1613	64.72	-11.71	10.11
1614	64.76	-11.73	10.06
1615	64.8	-11.73	10.02
1616	64.84	-11.75	9.98
1617	64.88	-11.75	9.95
1618	64.92	-11.76	9.93
1619	64.96	-11.79	9.9
1620	65	-11.82	9.88
1621	65.04	-11.86	9.84
1622	65.08	-11.89	9.81
1623	65.12	-11.91	9.79
1624	65.16	-11.9	9.78
1625	65.2	-11.9	9.77
1626	65.24	-11.89	9.74
1627	65.28	-11.88	9.73
1628	65.32	-11.87	9.71
1629	65.36	-11.85	9.7
1630	65.4	-11.83	9.72
1631	65.44	-11.81	9.72
1632	65.48	-11.8	9.72
1633	65.52	-11.8	9.73
1634	65.56	-11.8	9.74
1635	65.6	-11.8	9.74
1636	65.64	-11.8	9.75
1637	65.68	-11.79	9.75
1638	65.72	-11.78	9.76
1639	65.76	-11.75	9.76
1640	65.8	-11.7	9.77
1641	65.84	-11.64	9.77
1642	65.88	-11.58	9.79
1643	65.92	-11.52	9.82
1644	65.96	-11.47	9.83
1645	66	-11.4	9.84
1646	66.04	-11.34	9.86
1647	66.08	-11.24	9.91
1648	66.12	-11.13	9.97
1649	66.16	-11.05	10.03
1650	66.2	-10.98	10.11
1651	66.24	-10.95	10.17
1652	66.28	-10.95	10.22
1653	66.32	-10.94	10.28
1654	66.36	-10.93	10.32
1655	66.4	-10.95	10.35
1656	66.44	-10.97	10.37
1657	66.48	-11	10.35
1658	66.52	-11.04	10.33
1659	66.56	-11.09	10.28
1660	66.6	-11.14	10.23
1661	66.64	-11.19	10.2
1662	66.68	-11.24	10.15
1663	66.72	-11.27	10.13
1664	66.76	-11.31	10.12
1665	66.8	-11.34	10.1
1666	66.84	-11.35	10.08
1667	66.88	-11.37	10.05
1668	66.92	-11.37	10.04
1669	66.96	-11.35	10.03
1670	67	-11.34	10.03
1671	67.04	-11.32	10.04
1672	67.08	-11.3	10.05
1673	67.12	-11.31	10.04
1674	67.16	-11.31	10.05
1675	67.2	-11.31	10.04
1676	67.24	-11.28	10.06
1677	67.28	-11.25	10.06
1678	67.32	-11.22	10.05
1679	67.36	-11.19	10.05
1680	67.4	-11.14	10
1681	67.44	-11.07	9.96
1682	67.48	-10.97	9.89
1683	67.52	-10.9	9.83
1684	67.56	-10.84	9.77
1685	67.6	-10.79	9.73
1686	67.64	-10.74	9.7
1687	67.68	-10.69	9.66
1688	67.72	-10.64	9.61
1689	67.76	-10.59	9.56
1690	67.8	-10.56	9.51
1691	67.84	-10.53	9.46
1692	67.88	-10.49	9.42
1693	67.92	-10.42	9.38
1694	67.96	-10.33	9.35
1695	68	-10.24	9.33
1696	68.04	-10.17	9.32
1697	68.08	-10.08	9.34
1698	68.12	-9.98	9.34
1699	68.16	-9.84	9.33
1700	68.2	-9.65	9.28
1701	68.24	-9.49	9.2
1702	68.28	-9.34	9.12
1703	68.32	-9.22	9.06
1704	68.36	-9.13	9.03
1705	68.4	-9.03	8.99
1706	68.44	-8.9	8.96
1707	68.48	-8.8	8.94
1708	68.52	-8.75	8.94
1709	68.56	-8.73	8.95
1710	68.6	-8.78	8.97
1711	68.64	-8.79	8.98
1712	68.68	-8.8	8.99
1713	68.72	-8.8	9.03
1714	68.76	-8.78	9.11
1715	68.8	-8.75	9.19
1716	68.84	-8.69	9.26
1717	68.88	-8.63	9.31
1718	68.92	-8.57	9.31
1719	68.96	-8.53	9.3
1720	69	-8.52	9.3
1721	69.04	-8.53	9.29
1722	69.08	-8.56	9.28
1723	69.12	-8.58	9.26
1724	69.16	-8.59	9.21
1725	69.2	-8.56	9.15
1726	69.24	-8.48	9.06
1727	69.28	-8.39	8.99
1728	69.32	-8.3	8.93
1729	69.36	-8.23	8.88
1730	69.4	-8.2	8.88
1731	69.44	-8.18	8.87
1732	69.48	-8.15	8.82
1733	69.52	-8.1	8.73
1734	69.56	-8.03	8.59
1735	69.6	-7.97	8.43
1736	69.64	-7.92	8.28
1737	69.68	-7.94	8.18
1738	69.72	-7.97	8.1
1739	69.76	-7.99	8.04
1740	69.8	-8.02	7.99
1741	69.84	-8.02	7.94
1742	69.88	-8.03	7.9
1743	69.92	-8.04	7.87
1744	69.96	-8.03	7.82
1745	70	-8	7.76
1746	70.04	-7.97	7.69
1747	70.08	-7.93	7.63
1748	70.12	-7.9	7.57
1749	70.16	-7.88	7.52
1750	70.2	-7.86	7.46
1751	70.24	-7.83	7.36
1752	70.28	-7.79	7.27
1753	70.32	-7.75	7.24
1754	70.36	-7.7	7.25
1755	70.4	-7.64	7.28
1756	70.44	-7.58	7.32
1757	70.48	-7.55	7.34
1758	70.52	-7.52	7.38
1759	70.56	-7.51	7.42
1760	70.6	-7.53	7.46
1761	70.64	-7.54	7.47
1762	70.68	-7.56	7.47
1763	70.72	-7.58	7.48
1764	70.76	-7.58	7.49
1765	70.8	-7.58	7.5
1766	70.84	-7.59	7.51
1767	70.88	-7.6	7.52
1768	70.92	-7.62	7.53
1769	70.96	-7.64	7.54
1770	71	-7.65	7.54
1771	71.04	-7.67	7.56
1772	71.08	-7.68	7.56
1773	71.12	-7.7	7.57
1774	71.16	-7.71	7.57
1775	71.2	-7.71	7.57
1776	71.24	-7.71	7.57
1777	71.28	-7.71	7.56
1778	71.32	-7.71	7.54
1779	71.36	-7.7	7.53
1780	71.4	-7.69	7.51
1781	71.44	-7.68	7.51
1782	71.48	-7.67	7.52
1783	71.52	-7.67	7.52
1784	71.56	-7.68	7.53
1785	71.6	-7.69	7.53
1786	71.64	-7.71	7.55
1787	71.68	-7.71	7.59
1788	71.72	-7.72	7.65
1789	71.76	-7.72	7.73
1790	71.8	-7.73	7.82
1791	71.84	-7.74	7.9
1792	71.88	-7.75	7.96
1793	71.92	-7.76	8
1794	71.96	-7.76	8.03
1795	72	-7.77	8.02
1796	72.04	-7.76	8.03
1797	72.08	-7.76	8.02
1798	72.12	-7.77	8.01
1799	72.16	-7.77	8.01
1800	72.2	-7.77	8.01
1801	72.24	-7.76	8.03
1802	72.28	-7.76	8.04
1803	72.32	-7.77	8.08
1804	72.36	-7.79	8.11
1805	72.4	-7.81	8.13
1806	72.44	-7.82	8.17
1807	72.48	-7.83	8.21
1808	72.52	-7.83	8.25
1809	72.56	-7.83	8.29
1810	72.6	-7.81	8.31
1811	72.64	-7.74	8.29
1812	72.68	-7.66	8.27
1813	72.72	-7.56	8.25
1814	72.76	-7.49	8.25
1815	72.8	-7.45	8.28
1816	72.84	-7.42	8.33
1817	72.88	-7.4	8.39
1818	72.92	-7.36	8.42
1819	72.96	-7.33	8.44
1820	73	-7.3	8.44
1821	73.04	-7.28	8.44
1822	73.08	-7.26	8.45
1823	73.12	-7.25	8.44
1824	73.16	-7.23	8.43
1825	73.2	-7.21	8.39
1826	73.24	-7.2	8.35
1827	73.28	-7.17	8.32
1828	73.32	-7.16	8.31
1829	73.36	-7.14	8.3
1830	73.4	-7.12	8.27
1831	73.44	-7.11	8.21
1832	73.48	-7.08	8.12
1833	73.52	-7.06	8.04
1834	73.56	-7.03	7.99
1835	73.6	-6.99	7.97
1836	73.64	-6.98	7.97
1837	73.68	-6.98	7.98
1838	73.72	-7	7.97
1839	73.76	-7.06	7.96
1840	73.8	-7.11	7.94
1841	73.84	-7.16	7.9
1842	73.88	-7.2	7.89
1843	73.92	-7.24	7.88
1844	73.96	-7.29	7.88
1845	74	-7.33	7.92
1846	74.08	-7.38	7.92
1847	74.12	-7.43	7.93
1848	74.16	-7.47	7.89
1849	74.2	-7.52	7.83
1850	74.24	-7.55	7.76
1851	74.28	-7.56	7.67
1852	74.32	-7.57	7.63
1853	74.36	-7.57	7.63
1854	74.4	-7.58	7.65
1855	74.44	-7.6	7.7
1856	74.48	-7.66	7.74
1857	74.52	-7.73	7.78
1858	74.56	-7.81	7.82
1859	74.6	-7.87	7.85
1860	74.64	-7.92	7.86
1861	74.68	-7.99	7.86
1862	74.72	-8.08	7.83
1863	74.76	-8.19	7.76
1864	74.8	-8.3	7.66
1865	74.84	-8.41	7.51
1866	74.88	-8.5	7.35
1867	74.92	-8.53	7.22
1868	74.96	-8.52	7.14
1869	75	-8.47	7.12
1870	75.04	-8.42	7.13
1871	75.08	-8.44	7.15
1872	75.12	-8.5	7.14
1873	75.16	-8.58	7.14
1874	75.2	-8.68	7.12
1875	75.24	-8.76	7.09
1876	75.28	-8.79	7.08
1877	75.32	-8.81	7.06
1878	75.36	-8.8	7.04
1879	75.4	-8.8	7.06
1880	75.44	-8.84	7.06
1881	75.48	-8.88	7.08
1882	75.52	-8.93	7.11
1883	75.56	-8.98	7.12
1884	75.6	-9	7.14
1885	75.64	-9.02	7.16
1886	75.68	-9.02	7.2
1887	75.72	-9.02	7.23
1888	75.76	-9.02	7.26
1889	75.8	-9.03	7.28
1890	75.84	-9.06	7.3
1891	75.88	-9.1	7.3
1892	75.92	-9.14	7.31
1893	75.96	-9.18	7.32
1894	76	-9.22	7.33
1895	76.04	-9.27	7.35
1896	76.08	-9.31	7.36
1897	76.12	-9.35	7.4
1898	76.16	-9.38	7.44
1899	76.2	-9.41	7.49
1900	76.24	-9.44	7.56
1901	76.28	-9.48	7.61
1902	76.32	-9.5	7.66
1903	76.36	-9.51	7.69
1904	76.4	-9.48	7.73
1905	76.44	-9.45	7.76
1906	76.48	-9.44	7.8
1907	76.52	-9.45	7.85
1908	76.56	-9.48	7.89
1909	76.6	-9.52	7.96
1910	76.64	-9.57	8.02
1911	76.68	-9.6	8.08
1912	76.72	-9.63	8.13
1913	76.76	-9.65	8.15
1914	76.8	-9.66	8.16
1915	76.84	-9.68	8.16
1916	76.88	-9.71	8.15
1917	76.92	-9.73	8.17
1918	76.96	-9.77	8.18
1919	77	-9.8	8.19
1920	77.04	-9.83	8.19
1921	77.08	-9.85	8.18
1922	77.12	-9.84	8.15
1923	77.16	-9.85	8.14
1924	77.2	-9.85	8.11
1925	77.24	-9.85	8.1
1926	77.28	-9.86	8.09
1927	77.32	-9.85	8.07
1928	77.36	-9.84	8.04
1929	77.4	-9.88	8.01
1930	77.44	-9.87	7.98
1931	77.48	-9.89	7.94
1932	77.52	-9.91	7.92
1933	77.56	-9.91	7.88
1934	77.6	-9.93	7.85
1935	77.64	-9.97	7.79
1936	77.68	-10.01	7.72
1937	77.72	-10.07	7.65
1938	77.76	-10.11	7.57
1939	77.8	-10.11	7.52
1940	77.84	-10.12	7.47
1941	77.88	-10.12	7.43
1942	77.92	-10.15	7.38
1943	77.96	-10.18	7.33
1944	78	-10.23	7.29
1945	78.04	-10.29	7.26
1946	78.08	-10.35	7.25
1947	78.12	-10.41	7.24
1948	78.16	-10.49	7.24
1949	78.2	-10.53	7.24
1950	78.24	-10.55	7.24
1951	78.28	-10.59	7.23
1952	78.32	-10.59	7.22
1953	78.36	-10.61	7.23
1954	78.4	-10.64	7.24
1955	78.44	-10.66	7.26
1956	78.48	-10.66	7.29
1957	78.52	-10.69	7.31
1958	78.56	-10.7	7.33
1959	78.6	-10.71	7.34
1960	78.64	-10.74	7.35
1961	78.68	-10.74	7.37
1962	78.72	-10.76	7.39
1963	78.76	-10.79	7.4
1964	78.8	-10.83	7.41
1965	78.84	-10.85	7.42
1966	78.88	-10.89	7.43
1967	78.92	-10.89	7.43
1968	78.96	-10.88	7.44
1969	79	-10.89	7.44
1970	79.04	-10.86	7.45
1971	79.08	-10.85	7.47
1972	79.12	-10.86	7.47
1973	79.16	-10.84	7.48
1974	79.2	-10.85	7.48
1975	79.24	-10.83	7.49
1976	79.28	-10.81	7.49
1977	79.32	-10.8	7.49
1978	79.36	-10.79	7.49
1979	79.4	-10.77	7.49
1980	79.44	-10.78	7.48
1981	79.48	-10.8	7.46
1982	79.52	-10.81	7.45
1983	79.56	-10.81	7.45
1984	79.6	-10.78	7.45
1985	79.64	-10.75	7.44
1986	79.68	-10.74	7.43
1987	79.72	-10.73	7.41
1988	79.76	-10.74	7.39
1989	79.8	-10.73	7.37
1990	79.84	-10.73	7.36
1991	79.88	-10.73	7.34
1992	79.92	-10.71	7.33
1993	79.96	-10.7	7.32
1994	80	-10.69	7.31
1995	80.04	-10.67	7.3
1996	80.08	-10.69	7.27
1997	80.12	-10.7	7.26
1998	80.16	-10.71	7.23
1999	80.2	-10.71	7.21
2000	80.24	-10.7	7.18
2001	80.28	-10.71	7.15
2002	80.32	-10.72	7.12
2003	80.36	-10.73	7.09
2004	80.4	-10.74	7.06
2005	80.44	-10.74	7.04
2006	80.48	-10.73	7.02
2007	80.52	-10.74	7
2008	80.56	-10.74	6.99
2009	80.6	-10.72	6.99
2010	80.64	-10.72	6.99
2011	80.68	-10.71	7
2012	80.72	-10.7	6.99
2013	80.76	-10.7	6.99
2014	80.8	-10.69	6.99
2015	80.84	-10.7	6.98
2016	80.88	-10.7	6.98
2017	80.92	-10.71	6.99
2018	80.96	-10.72	6.99
2019	81	-10.73	6.99
2020	81.04	-10.73	7.01
2021	81.08	-10.71	7.04
2022	81.12	-10.69	7.07
2023	81.16	-10.66	7.1
2024	81.2	-10.63	7.12
2025	81.24	-10.6	7.13
2026	81.28	-10.56	7.15
2027	81.32	-10.53	7.16
2028	81.36	-10.5	7.18
2029	81.4	-10.47	7.18
2030	81.44	-10.43	7.2
2031	81.48	-10.39	7.21
2032	81.52	-10.32	7.22
2033	81.56	-10.2	7.23
2034	81.6	-10.09	7.22
2035	81.64	-9.96	7.21
2036	81.68	-9.86	7.21
2037	81.72	-9.8	7.2
2038	81.76	-9.73	7.21
2039	81.8	-9.71	7.21
2040	81.84	-9.67	7.21
2041	81.88	-9.63	7.21
2042	81.92	-9.63	7.2
2043	81.96	-9.62	7.19
2044	82	-9.61	7.19
2045	82.04	-9.61	7.18
2046	82.08	-9.6	7.17
2047	82.12	-9.6	7.15
2048	82.16	-9.59	7.15
2049	82.2	-9.6	7.13
2050	82.24	-9.59	7.14
2051	82.28	-9.57	7.14
2052	82.32	-9.55	7.12
2053	82.36	-9.54	7.11
2054	82.4	-9.53	7.09
2055	82.44	-9.56	7.09
2056	82.48	-9.59	7.08
2057	82.52	-9.59	7.09
2058	82.56	-9.59	7.1
2059	82.6	-9.58	7.09
2060	82.64	-9.57	7.09
2061	82.68	-9.62	7.08
2062	82.72	-9.67	7.08
2063	82.76	-9.74	7.09
2064	82.8	-9.85	7.1
2065	82.84	-9.92	7.12
2066	82.88	-9.98	7.12
2067	82.92	-10.02	7.07
2068	82.96	-10.01	6.97
2069	83	-10	6.86
2070	83.04	-10	6.78
2071	83.08	-10	6.75
2072	83.12	-9.99	6.75
2073	83.16	-9.99	6.75
2074	83.2	-9.99	6.72
2075	83.24	-9.96	6.7
2076	83.28	-9.94	6.7
2077	83.32	-9.91	6.71
2078	83.36	-9.89	6.74
2079	83.4	-9.91	6.77
2080	83.44	-9.92	6.79
2081	83.48	-9.94	6.84
2082	83.52	-9.95	6.9
2083	83.56	-9.93	6.96
2084	83.6	-9.91	7.02
2085	83.64	-9.89	7.06
2086	83.68	-9.87	7.1
2087	83.72	-9.85	7.13
2088	83.76	-9.82	7.19
2089	83.8	-9.79	7.26
2090	83.84	-9.75	7.32
2091	83.88	-9.71	7.38
2092	83.92	-9.68	7.43
2093	83.96	-9.65	7.48
2094	84	-9.64	7.53
2095	84.04	-9.64	7.59
2096	84.08	-9.64	7.66
2097	84.12	-9.65	7.74
2098	84.16	-9.66	7.82
2099	84.2	-9.67	7.91
2100	84.24	-9.68	7.99
2101	84.28	-9.69	8.08
2102	84.32	-9.68	8.18
2103	84.36	-9.66	8.28
2104	84.4	-9.64	8.39
2105	84.44	-9.62	8.47
2106	84.48	-9.61	8.56
2107	84.52	-9.61	8.66
2108	84.56	-9.61	8.74
2109	84.6	-9.59	8.82
2110	84.64	-9.58	8.9
2111	84.68	-9.56	8.98
2112	84.72	-9.55	9.09
2113	84.76	-9.56	9.21
2114	84.8	-9.57	9.34
2115	84.84	-9.58	9.46
2116	84.88	-9.57	9.53
2117	84.92	-9.55	9.58
2118	84.96	-9.52	9.58
2119	85	-9.51	9.54
2120	85.04	-9.54	9.58
2121	85.08	-9.63	9.68
2122	85.12	-9.71	9.81
2123	85.16	-9.79	9.98
2124	85.2	-9.83	10.11
2125	85.24	-9.83	10.17
2126	85.28	-9.83	10.24
2127	85.32	-9.83	10.31
2128	85.36	-9.83	10.37
2129	85.4	-9.83	10.42
2130	85.44	-9.81	10.48
2131	85.48	-9.77	10.55
2132	85.52	-9.73	10.65
2133	85.56	-9.66	10.8
2134	85.6	-9.57	10.93
2135	85.64	-9.47	11.05
2136	85.68	-9.37	11.14
2137	85.72	-9.3	11.23
2138	85.76	-9.23	11.33
2139	85.8	-9.17	11.43
2140	85.84	-9.1	11.53
2141	85.88	-9.03	11.61
2142	85.92	-9.01	11.64
2143	85.96	-9	11.69
2144	86	-8.99	11.8
2145	86.04	-8.98	11.93
2146	86.08	-8.96	12.11
2147	86.12	-8.93	12.23
2148	86.16	-8.91	12.31
2149	86.2	-8.89	12.36
2150	86.24	-8.85	12.4
2151	86.28	-8.8	12.48
2152	86.32	-8.75	12.54
2153	86.36	-8.7	12.59
2154	86.4	-8.67	12.65
2155	86.44	-8.65	12.68
2156	86.48	-8.63	12.7
2157	86.52	-8.64	12.7
2158	86.56	-8.65	12.69
2159	86.6	-8.66	12.66
2160	86.64	-8.67	12.63
2161	86.68	-8.66	12.61
2162	86.72	-8.65	12.58
2163	86.76	-8.64	12.55
2164	86.8	-8.62	12.56
2165	86.84	-8.62	12.56
2166	86.88	-8.62	12.57
2167	86.92	-8.6	12.59
2168	86.96	-8.59	12.58
2169	87	-8.59	12.57
2170	87.04	-8.6	12.56
2171	87.08	-8.62	12.54
2172	87.12	-8.64	12.53
2173	87.16	-8.66	12.53
2174	87.2	-8.68	12.51
2175	87.24	-8.69	12.48
2176	87.28	-8.7	12.46
2177	87.32	-8.7	12.45
2178	87.36	-8.7	12.45
2179	87.4	-8.71	12.45
2180	87.44	-8.71	12.44
2181	87.48	-8.71	12.42
2182	87.52	-8.71	12.41
2183	87.56	-8.7	12.41
2184	87.6	-8.73	12.39
2185	87.64	-8.74	12.38
2186	87.68	-8.78	12.35
2187	87.72	-8.82	12.32
2188	87.76	-8.83	12.32
2189	87.8	-8.84	12.32
2190	87.84	-8.85	12.34
2191	87.88	-8.84	12.36
2192	87.92	-8.85	12.34
2193	87.96	-8.87	12.33
2194	88	-8.9	12.32
2195	88.04	-8.96	12.29
2196	88.08	-9.02	12.29
2197	88.12	-9.08	12.28
2198	88.16	-9.12	12.3
2199	88.2	-9.14	12.33
2200	88.24	-9.14	12.36
2201	88.28	-9.15	12.37
2202	88.32	-9.16	12.4
2203	88.36	-9.17	12.41
2204	88.4	-9.19	12.46
2205	88.44	-9.19	12.53
2206	88.48	-9.19	12.62
2207	88.52	-9.17	12.71
2208	88.56	-9.14	12.79
2209	88.6	-9.11	12.89
2210	88.64	-9.08	12.96
2211	88.68	-9.05	13.06
2212	88.72	-9.05	13.13
2213	88.76	-9.05	13.2
2214	88.8	-9.05	13.24
2215	88.84	-9.04	13.25
2216	88.88	-9.02	13.28
2217	88.92	-9	13.27
2218	88.96	-8.98	13.28
2219	89	-8.97	13.32
2220	89.04	-8.95	13.35
2221	89.08	-8.94	13.39
2222	89.12	-8.91	13.43
2223	89.16	-8.89	13.46
2224	89.2	-8.87	13.49
2225	89.24	-8.85	13.5
2226	89.28	-8.84	13.5
2227	89.32	-8.83	13.47
2228	89.36	-8.82	13.45
2229	89.4	-8.81	13.41
2230	89.44	-8.8	13.4
2231	89.48	-8.79	13.41
2232	89.52	-8.78	13.43
2233	89.56	-8.77	13.44
2234	89.6	-8.76	13.47
2235	89.64	-8.75	13.47
2236	89.68	-8.74	13.47
2237	89.72	-8.72	13.47
2238	89.76	-8.71	13.42
2239	89.8	-8.71	13.39
2240	89.84	-8.7	13.36
2241	89.88	-8.71	13.32
2242	89.92	-8.72	13.29
2243	89.96	-8.72	13.26
2244	90	-8.73	13.22
2245	90.04	-8.75	13.19
2246	90.08	-8.77	13.16
2247	90.12	-8.81	13.12
2248	90.16	-8.86	13.08
2249	90.2	-8.9	13.01
2250	90.24	-8.91	12.95
2251	90.28	-8.89	12.88
2252	90.32	-8.85	12.83
2253	90.36	-8.81	12.79
2254	90.4	-8.8	12.74
2255	90.44	-8.82	12.7
2256	90.48	-8.82	12.66
2257	90.52	-8.82	12.66
2258	90.56	-8.8	12.66
2259	90.6	-8.8	12.66
2260	90.64	-8.79	12.69
2261	90.68	-8.75	12.73
2262	90.72	-8.75	12.8
2263	90.76	-8.7	12.87
2264	90.8	-8.67	12.93
2265	90.84	-8.67	12.94
2266	90.88	-8.67	12.95
2267	90.92	-8.69	12.94
2268	90.96	-8.7	12.94
2269	91	-8.69	12.94
2270	91.04	-8.68	12.95
2271	91.08	-8.66	12.93
2272	91.12	-8.65	12.93
2273	91.16	-8.65	12.92
2274	91.2	-8.67	12.91
2275	91.24	-8.69	12.91
2276	91.28	-8.71	12.91
2277	91.32	-8.73	12.9
2278	91.36	-8.73	12.91
2279	91.4	-8.72	12.92
2280	91.44	-8.72	12.91
2281	91.48	-8.73	12.9
2282	91.52	-8.74	12.87
2283	91.56	-8.74	12.84
2284	91.6	-8.74	12.84
2285	91.64	-8.73	12.85
2286	91.68	-8.72	12.86
2287	91.72	-8.72	12.85
2288	91.76	-8.74	12.82
2289	91.8	-8.76	12.79
2290	91.84	-8.78	12.75
2291	91.88	-8.82	12.72
2292	91.92	-8.85	12.71
2293	91.96	-8.89	12.68
2294	92	-8.9	12.65
2295	92.04	-8.89	12.61
2296	92.08	-8.87	12.55
2297	92.12	-8.83	12.5
2298	92.16	-8.82	12.46
2299	92.2	-8.82	12.44
2300	92.24	-8.84	12.41
2301	92.28	-8.86	12.39
2302	92.32	-8.88	12.36
2303	92.36	-8.9	12.33
2304	92.4	-8.9	12.28
2305	92.44	-8.92	12.22
2306	92.48	-8.92	12.15
2307	92.52	-8.9	12.07
2308	92.56	-8.86	12.01
2309	92.6	-8.79	11.95
2310	92.64	-8.75	11.88
2311	92.68	-8.72	11.85
2312	92.72	-8.7	11.81
2313	92.76	-8.69	11.79
2314	92.8	-8.63	11.76
2315	92.84	-8.53	11.64
2316	92.88	-8.44	11.5
2317	92.92	-8.35	11.37
2318	92.96	-8.3	11.26
2319	93	-8.28	11.22
2320	93.04	-8.27	11.23
2321	93.08	-8.26	11.2
2322	93.12	-8.25	11.17
2323	93.16	-8.23	11.13
2324	93.2	-8.19	11.05
2325	93.24	-8.18	10.99
2326	93.28	-8.16	10.95
2327	93.32	-8.15	10.92
2328	93.36	-8.16	10.91
2329	93.4	-8.18	10.9
2330	93.44	-8.19	10.89
2331	93.48	-8.19	10.86
2332	93.52	-8.21	10.84
2333	93.56	-8.21	10.83
2334	93.6	-8.2	10.82
2335	93.64	-8.21	10.82
2336	93.68	-8.2	10.82
2337	93.72	-8.22	10.82
2338	93.76	-8.24	10.85
2339	93.8	-8.26	10.87
2340	93.84	-8.28	10.9
2341	93.88	-8.27	10.91
2342	93.92	-8.27	10.9
2343	93.96	-8.27	10.89
2344	94	-8.27	10.88
2345	94.04	-8.28	10.89
2346	94.08	-8.27	10.91
2347	94.12	-8.25	10.93
2348	94.16	-8.25	10.96
2349	94.2	-8.25	11
2350	94.24	-8.26	11.01
2351	94.28	-8.28	11.03
2352	94.32	-8.3	11.05
2353	94.36	-8.34	11.06
2354	94.4	-8.36	11.09
2355	94.44	-8.37	11.13
2356	94.48	-8.37	11.17
2357	94.52	-8.35	11.21
2358	94.56	-8.33	11.22
2359	94.6	-8.31	11.23
2360	94.64	-8.29	11.24
2361	94.68	-8.28	11.26
2362	94.72	-8.27	11.3
2363	94.76	-8.28	11.35
2364	94.8	-8.28	11.4
2365	94.84	-8.31	11.45
2366	94.88	-8.34	11.5
2367	94.92	-8.38	11.53
2368	94.96	-8.4	11.55
2369	95	-8.4	11.57
2370	95.04	-8.4	11.57
2371	95.08	-8.39	11.6
2372	95.12	-8.4	11.63
2373	95.16	-8.39	11.68
2374	95.2	-8.41	11.73
2375	95.24	-8.41	11.76
2376	95.28	-8.41	11.77
2377	95.32	-8.41	11.77
2378	95.35	-8.42	11.76
2379	95.4	-8.44	11.77
2380	95.43	-8.47	11.79
2381	95.48	-8.52	11.81
2382	95.51	-8.56	11.85
2383	95.55	-8.58	11.89
2384	95.59	-8.57	11.93
2385	95.63	-8.56	11.96
2386	95.68	-8.54	11.97
2387	95.71	-8.51	11.98
2388	95.76	-8.49	11.96
2389	95.8	-8.48	11.91
2390	95.83	-8.48	11.87
2391	95.87	-8.47	11.85
2392	95.91	-8.45	11.85
2393	95.95	-8.44	11.87
2394	95.99	-8.42	11.9
2395	96.03	-8.41	11.92
2396	96.07	-8.39	11.95
2397	96.11	-8.37	11.97
2398	96.15	-8.36	11.98
2399	96.19	-8.35	11.98
2400	96.23	-8.36	11.96
2401	96.27	-8.35	11.96
2402	96.31	-8.33	11.98
2403	96.35	-8.31	11.98
2404	96.39	-8.3	11.99
2405	96.43	-8.29	12
2406	96.47	-8.28	12.02
2407	96.51	-8.26	12.05
2408	96.55	-8.24	12.07
2409	96.59	-8.21	12.08
2410	96.63	-8.21	12.09
2411	96.67	-8.21	12.08
2412	96.71	-8.21	12.06
2413	96.75	-8.22	12.06
2414	96.79	-8.23	12.05
2415	96.83	-8.23	12.05
2416	96.87	-8.24	12.05
2417	96.91	-8.26	12.03
2418	96.95	-8.28	12.01
2419	96.99	-8.31	11.98
2420	97.03	-8.32	11.96
2421	97.07	-8.31	11.97
2422	97.11	-8.27	11.99
2423	97.15	-8.24	12.07
2424	97.19	-8.19	12.17
2425	97.23	-8.17	12.26
2426	97.27	-8.15	12.34
2427	97.31	-8.13	12.39
2428	97.35	-8.1	12.39
2429	97.39	-8.11	12.37
2430	97.43	-8.13	12.32
2431	97.47	-8.16	12.3
2432	97.51	-8.19	12.3
2433	97.55	-8.2	12.31
2434	97.59	-8.2	12.35
2435	97.63	-8.21	12.36
2436	97.67	-8.21	12.32
2437	97.71	-8.21	12.31
2438	97.75	-8.19	12.31
2439	97.79	-8.15	12.37
2440	97.83	-8.12	12.46
2441	97.87	-8.08	12.52
2442	97.91	-8.06	12.56
2443	97.95	-8.06	12.58
2444	97.99	-8.06	12.61
2445	98.03	-8.08	12.64
2446	98.07	-8.09	12.68
2447	98.11	-8.11	12.71
2448	98.15	-8.16	12.72
2449	98.19	-8.21	12.71
2450	98.23	-8.26	12.67
2451	98.27	-8.29	12.65
2452	98.31	-8.29	12.64
2453	98.35	-8.3	12.64
2454	98.39	-8.3	12.65
2455	98.43	-8.29	12.67
2456	98.47	-8.26	12.71
2457	98.51	-8.2	12.73
2458	98.55	-8.14	12.73
2459	98.59	-8.13	12.69
2460	98.63	-8.18	12.64
2461	98.67	-8.25	12.61
2462	98.71	-8.3	12.64
2463	98.75	-8.31	12.67
2464	98.79	-8.28	12.68
2465	98.83	-8.27	12.67
2466	98.87	-8.31	12.63
2467	98.91	-8.39	12.61
2468	98.95	-8.46	12.63
2469	98.99	-8.51	12.66
2470	99.03	-8.52	12.7
2471	99.07	-8.48	12.71
2472	99.11	-8.46	12.7
2473	99.15	-8.45	12.69
2474	99.19	-8.47	12.68
2475	99.23	-8.51	12.68
2476	99.27	-8.54	12.69
2477	99.31	-8.55	12.67
2478	99.35	-8.56	12.66
2479	99.39	-8.56	12.64
2480	99.43	-8.56	12.64
2481	99.47	-8.56	12.65
2482	99.51	-8.57	12.68
2483	99.55	-8.6	12.73
2484	99.59	-8.63	12.76
2485	99.63	-8.66	12.8
2486	99.67	-8.68	12.84
2487	99.71	-8.68	12.87
2488	99.75	-8.67	12.89
2489	99.79	-8.65	12.93
2490	99.83	-8.66	12.93
2491	99.87	-8.69	12.91
2492	99.91	-8.74	12.9
2493	99.95	-8.78	12.88
2494	99.99	-8.79	12.9
2495	100.03	-8.8	12.91
2496	100.07	-8.81	12.91
2497	100.11	-8.83	12.88
2498	100.15	-8.87	12.84
2499	100.19	-8.91	12.81
2500	100.23	-8.92	12.78
2501	100.27	-8.91	12.77
2502	100.31	-8.89	12.74
2503	100.35	-8.89	12.73
2504	100.39	-8.9	12.71
2505	100.43	-8.93	12.7
2506	100.47	-8.96	12.7
2507	100.51	-9	12.7
2508	100.55	-9.03	12.69
2509	100.59	-9.04	12.66
2510	100.63	-9.05	12.65
2511	100.67	-9.05	12.65
2512	100.71	-9.03	12.69
2513	100.75	-9	12.75
2514	100.79	-8.95	12.79
2515	100.83	-8.88	12.83
2516	100.87	-8.8	12.83
2517	100.91	-8.75	12.81
2518	100.95	-8.71	12.79
2519	100.99	-8.67	12.75
2520	101.03	-8.65	12.74
2521	101.07	-8.62	12.76
2522	101.11	-8.6	12.79
2523	101.15	-8.58	12.8
2524	101.19	-8.57	12.8
2525	101.23	-8.54	12.74
2526	101.27	-8.47	12.65
2527	101.31	-8.37	12.56
2528	101.35	-8.27	12.48
2529	101.39	-8.17	12.45
2530	101.43	-8.06	12.48
2531	101.47	-7.89	12.53
2532	101.51	-7.71	12.6
2533	101.55	-7.53	12.64
2534	101.59	-7.41	12.68
2535	101.63	-7.35	12.69
2536	101.67	-7.33	12.71
2537	101.71	-7.32	12.73
2538	101.75	-7.31	12.73
2539	101.79	-7.31	12.72
2540	101.83	-7.31	12.71
2541	101.87	-7.3	12.7
2542	101.91	-7.31	12.68
2543	101.95	-7.32	12.66
2544	101.99	-7.32	12.67
2545	102.03	-7.33	12.65
2546	102.07	-7.32	12.64
2547	102.11	-7.29	12.65
2548	102.15	-7.26	12.63
2549	102.19	-7.23	12.63
2550	102.23	-7.19	12.63
2551	102.27	-7.15	12.64
2552	102.31	-7.13	12.63
2553	102.35	-7.09	12.63
2554	102.39	-7.06	12.61
2555	102.43	-7.04	12.59
2556	102.47	-7.02	12.58
2557	102.51	-7	12.58
2558	102.55	-7	12.57
2559	102.59	-7.02	12.56
2560	102.63	-7.03	12.57
2561	102.67	-7.05	12.57
2562	102.71	-7.08	12.57
2563	102.75	-7.1	12.58
2564	102.79	-7.12	12.58
2565	102.83	-7.14	12.59
2566	102.87	-7.15	12.58
2567	102.91	-7.16	12.59
2568	102.95	-7.18	12.58
2569	102.99	-7.18	12.58
2570	103.03	-7.18	12.62
2571	103.07	-7.18	12.64
2572	103.11	-7.18	12.67
2573	103.15	-7.19	12.7
2574	103.19	-7.2	12.72
2575	103.23	-7.22	12.73
2576	103.27	-7.24	12.75
2577	103.31	-7.27	12.78
2578	103.35	-7.28	12.82
2579	103.39	-7.3	12.87
2580	103.43	-7.3	12.91
2581	103.47	-7.31	12.96
2582	103.51	-7.32	12.98
2583	103.55	-7.33	12.99
2584	103.59	-7.34	13
2585	103.63	-7.37	13.01
2586	103.67	-7.39	13.06
2587	103.71	-7.44	13.14
2588	103.75	-7.48	13.2
2589	103.79	-7.51	13.27
2590	103.83	-7.55	13.31
2591	103.87	-7.59	13.34
2592	103.91	-7.64	13.37
2593	103.95	-7.67	13.39
2594	103.99	-7.71	13.44
2595	104.03	-7.74	13.49
2596	104.07	-7.77	13.57
2597	104.11	-7.81	13.67
2598	104.15	-7.84	13.75
2599	104.19	-7.86	13.84
2600	104.23	-7.88	13.91
2601	104.27	-7.9	14.02
2602	104.31	-7.91	14.15
2603	104.35	-7.94	14.29
2604	104.39	-7.96	14.41
2605	104.43	-7.98	14.51
2606	104.47	-8.02	14.61
2607	104.51	-8.05	14.7
2608	104.55	-8.1	14.78
2609	104.59	-8.13	14.83
2610	104.63	-8.16	14.88
2611	104.67	-8.2	14.97
2612	104.71	-8.24	15.09
2613	104.75	-8.32	15.24
2614	104.79	-8.39	15.38
2615	104.83	-8.47	15.49
2616	104.87	-8.54	15.55
2617	104.91	-8.59	15.57
2618	104.95	-8.63	15.59
2619	104.99	-8.65	15.57
2620	105.03	-8.67	15.57
2621	105.07	-8.69	15.57
2622	105.11	-8.71	15.55
2623	105.15	-8.73	15.55
2624	105.19	-8.74	15.55
2625	105.23	-8.75	15.58
2626	105.27	-8.75	15.6
2627	105.31	-8.77	15.63
2628	105.35	-8.78	15.66
2629	105.39	-8.79	15.67
2630	105.43	-8.79	15.67
2631	105.47	-8.79	15.67
2632	105.51	-8.79	15.66
2633	105.55	-8.79	15.69
2634	105.59	-8.79	15.71
2635	105.63	-8.79	15.74
2636	105.67	-8.79	15.77
2637	105.71	-8.79	15.79
2638	105.75	-8.79	15.81
2639	105.79	-8.78	15.83
2640	105.83	-8.77	15.85
2641	105.87	-8.77	15.89
2642	105.91	-8.76	15.94
2643	105.95	-8.74	15.99
2644	105.99	-8.73	16.07
2645	106.03	-8.71	16.11
2646	106.07	-8.7	16.15
2647	106.11	-8.69	16.16
2648	106.15	-8.68	16.17
2649	106.19	-8.68	16.2
2650	106.23	-8.67	16.24
2651	106.27	-8.66	16.28
2652	106.31	-8.67	16.28
2653	106.35	-8.66	16.24
2654	106.39	-8.67	16.16
2655	106.43	-8.66	16.09
2656	106.47	-8.66	16.06
2657	106.51	-8.67	16.05
2658	106.55	-8.67	16.05
2659	106.59	-8.67	16.05
2660	106.63	-8.67	16.06
2661	106.67	-8.67	16.09
2662	106.71	-8.67	16.11
2663	106.75	-8.66	16.15
2664	106.79	-8.66	16.16
2665	106.83	-8.65	16.15
2666	106.87	-8.65	16.13
2667	106.91	-8.67	16.08
2668	106.95	-8.68	16.01
2669	106.99	-8.7	15.91
2670	107.03	-8.71	15.78
2671	107.07	-8.71	15.65
2672	107.11	-8.7	15.53
2673	107.15	-8.69	15.45
2674	107.19	-8.69	15.4
2675	107.23	-8.69	15.31
2676	107.27	-8.7	15.25
2677	107.31	-8.71	15.2
2678	107.35	-8.73	15.15
2679	107.39	-8.75	15.14
2680	107.43	-8.77	15.08
2681	107.47	-8.8	15.03
2682	107.51	-8.82	14.96
2683	107.55	-8.84	14.9
2684	107.59	-8.87	14.85
2685	107.63	-8.9	14.81
2686	107.67	-8.95	14.8
2687	107.71	-9.01	14.79
2688	107.75	-9.06	14.78
2689	107.79	-9.11	14.76
2690	107.83	-9.17	14.7
2691	107.87	-9.22	14.63
2692	107.91	-9.28	14.56
2693	107.95	-9.37	14.46
2694	107.99	-9.46	14.37
2695	108.03	-9.54	14.28
2696	108.07	-9.6	14.21
2697	108.11	-9.64	14.16
2698	108.15	-9.68	14.13
2699	108.19	-9.73	14.11
2700	108.23	-9.78	14.08
2701	108.27	-9.82	14.05
2702	108.31	-9.86	14.04
2703	108.35	-9.89	14.06
2704	108.39	-9.93	14.08
2705	108.43	-9.97	14.1
2706	108.47	-10.03	14.11
2707	108.51	-10.12	14.13
2708	108.55	-10.22	14.13
2709	108.59	-10.31	14.12
2710	108.63	-10.38	14.1
2711	108.67	-10.41	14.05
2712	108.71	-10.44	14.03
2713	108.75	-10.47	13.99
2714	108.79	-10.5	13.96
2715	108.83	-10.54	13.94
2716	108.87	-10.56	13.9
2717	108.91	-10.59	13.89
2718	108.95	-10.61	13.9
2719	108.99	-10.62	13.9
2720	109.03	-10.64	13.91
2721	109.07	-10.64	13.9
2722	109.11	-10.65	13.88
2723	109.15	-10.65	13.89
2724	109.19	-10.63	13.87
2725	109.23	-10.64	13.89
2726	109.27	-10.65	13.9
2727	109.31	-10.64	13.87
2728	109.35	-10.66	13.88
2729	109.39	-10.65	13.88
2730	109.43	-10.66	13.88
2731	109.47	-10.67	13.89
2732	109.51	-10.66	13.88
2733	109.55	-10.66	13.88
2734	109.59	-10.65	13.86
2735	109.63	-10.64	13.85
2736	109.67	-10.64	13.85
2737	109.71	-10.63	13.83
2738	109.75	-10.61	13.82
2739	109.79	-10.58	13.78
2740	109.83	-10.54	13.73
2741	109.87	-10.52	13.69
2742	109.91	-10.51	13.65
2743	109.95	-10.51	13.63
2744	109.99	-10.52	13.61
2745	110.03	-10.53	13.6
2746	110.07	-10.53	13.59
2747	110.11	-10.53	13.58
2748	110.15	-10.53	13.59
2749	110.19	-10.52	13.58
2750	110.23	-10.51	13.58
2751	110.27	-10.5	13.57
2752	110.31	-10.5	13.56
2753	110.35	-10.5	13.56
2754	110.39	-10.5	13.52
2755	110.43	-10.49	13.48
2756	110.47	-10.47	13.43
2757	110.51	-10.46	13.41
2758	110.55	-10.46	13.41
2759	110.59	-10.45	13.42
2760	110.63	-10.43	13.42
2761	110.67	-10.41	13.42
2762	110.71	-10.37	13.41
2763	110.75	-10.32	13.41
2764	110.79	-10.29	13.45
2765	110.83	-10.24	13.51
2766	110.87	-10.21	13.57
2767	110.91	-10.17	13.65
2768	110.95	-10.1	13.72
2769	110.99	-10.03	13.78
2770	111.03	-9.96	13.85
2771	111.07	-9.9	13.92
2772	111.11	-9.85	13.98
2773	111.15	-9.8	14.03
2774	111.19	-9.75	14.09
2775	111.23	-9.67	14.15
2776	111.27	-9.58	14.23
2777	111.31	-9.49	14.3
2778	111.35	-9.42	14.37
2779	111.39	-9.35	14.41
2780	111.43	-9.3	14.44
2781	111.47	-9.25	14.48
2782	111.51	-9.19	14.52
2783	111.55	-9.14	14.55
2784	111.59	-9.08	14.56
2785	111.63	-9.03	14.6
2786	111.67	-8.99	14.63
2787	111.71	-8.94	14.71
2788	111.75	-8.91	14.77
2789	111.79	-8.86	14.83
2790	111.83	-8.85	14.87
2791	111.87	-8.84	14.89
2792	111.91	-8.82	14.94
2793	111.95	-8.8	14.99
2794	111.99	-8.74	15.06
2795	112.03	-8.66	15.16
2796	112.07	-8.59	15.25
2797	112.11	-8.53	15.33
2798	112.15	-8.48	15.39
2799	112.19	-8.42	15.46
2800	112.23	-8.37	15.53
2801	112.27	-8.33	15.62
2802	112.31	-8.28	15.69
2803	112.35	-8.25	15.73
2804	112.39	-8.21	15.76
2805	112.43	-8.18	15.78
2806	112.47	-8.14	15.82
2807	112.51	-8.11	15.86
2808	112.55	-8.08	15.89
2809	112.59	-8.06	15.93
2810	112.63	-8.05	15.95
2811	112.67	-8.02	15.98
2812	112.71	-7.99	16.01
2813	112.75	-7.96	16.04
2814	112.79	-7.95	16.06
2815	112.83	-7.95	16.1
2816	112.87	-7.94	16.17
2817	112.91	-7.92	16.26
2818	112.95	-7.89	16.39
2819	112.99	-7.84	16.52
2820	113.03	-7.82	16.6
2821	113.07	-7.81	16.66
2822	113.11	-7.78	16.71
2823	113.15	-7.74	16.78
2824	113.19	-7.67	16.86
2825	113.23	-7.6	16.98
2826	113.27	-7.53	17.07
2827	113.31	-7.5	17.11
2828	113.35	-7.47	17.14
2829	113.39	-7.44	17.17
2830	113.43	-7.43	17.22
2831	113.47	-7.4	17.27
2832	113.51	-7.39	17.32
2833	113.55	-7.37	17.34
2834	113.59	-7.34	17.34
2835	113.63	-7.29	17.39
2836	113.67	-7.23	17.43
2837	113.71	-7.2	17.47
2838	113.75	-7.18	17.5
2839	113.79	-7.2	17.47
2840	113.83	-7.24	17.41
2841	113.87	-7.3	17.34
2842	113.91	-7.35	17.27
2843	113.95	-7.39	17.23
2844	113.99	-7.42	17.21
2845	114.03	-7.42	17.22
2846	114.07	-7.43	17.23
2847	114.11	-7.45	17.25
2848	114.15	-7.48	17.26
2849	114.19	-7.52	17.25
2850	114.23	-7.56	17.25
2851	114.27	-7.58	17.24
2852	114.31	-7.61	17.26
2853	114.35	-7.64	17.3
2854	114.39	-7.66	17.36
2855	114.43	-7.69	17.43
2856	114.47	-7.7	17.51
2857	114.51	-7.68	17.6
2858	114.55	-7.67	17.68
2859	114.59	-7.65	17.75
2860	114.63	-7.63	17.81
2861	114.67	-7.64	17.9
2862	114.71	-7.69	18
2863	114.75	-7.77	18.11
2864	114.79	-7.85	18.22
2865	114.83	-7.92	18.3
2866	114.87	-7.94	18.33
2867	114.91	-7.93	18.37
2868	114.95	-7.93	18.39
2869	114.99	-7.92	18.39
2870	115.03	-7.92	18.4
2871	115.07	-7.93	18.37
2872	115.11	-7.93	18.34
2873	115.15	-7.95	18.28
2874	115.19	-7.97	18.2
2875	115.23	-7.98	18.12
2876	115.27	-8	18.04
2877	115.31	-8	18
2878	115.35	-8.01	17.95
2879	115.39	-8.04	17.92
2880	115.43	-8.08	17.89
2881	115.47	-8.12	17.87
2882	115.51	-8.16	17.85
2883	115.55	-8.19	17.88
2884	115.59	-8.22	17.91
2885	115.63	-8.23	17.96
2886	115.67	-8.21	18.06
2887	115.71	-8.2	18.14
2888	115.75	-8.19	18.3
2889	115.79	-8.19	18.49
2890	115.83	-8.24	18.67
2891	115.87	-8.3	18.83
2892	115.91	-8.32	18.94
2893	115.95	-8.33	18.99
2894	115.99	-8.31	19.04
2895	116.03	-8.28	19.13
2896	116.07	-8.28	19.18
2897	116.11	-8.29	19.22
2898	116.15	-8.31	19.23
2899	116.19	-8.33	19.23
2900	116.23	-8.34	19.23
2901	116.27	-8.34	19.23
2902	116.31	-8.31	19.28
2903	116.35	-8.25	19.36
2904	116.39	-8.18	19.47
2905	116.43	-8.12	19.58
2906	116.47	-8.09	19.66
2907	116.51	-8.09	19.67
2908	116.55	-8.1	19.65
2909	116.59	-8.15	19.62
2910	116.63	-8.21	19.57
2911	116.67	-8.26	19.55
2912	116.71	-8.3	19.55
2913	116.75	-8.29	19.58
2914	116.79	-8.26	19.63
2915	116.83	-8.21	19.68
2916	116.87	-8.15	19.72
2917	116.91	-8.09	19.75
2918	116.95	-8.05	19.77
2919	116.99	-8.06	19.78
2920	117.03	-8.07	19.8
2921	117.07	-8.08	19.79
2922	117.11	-8.05	19.77
2923	117.15	-8	19.74
2924	117.19	-7.97	19.69
2925	117.23	-7.94	19.62
2926	117.27	-7.93	19.57
2927	117.31	-7.93	19.5
2928	117.35	-7.9	19.43
2929	117.39	-7.86	19.38
2930	117.43	-7.81	19.33
2931	117.47	-7.74	19.29
2932	117.51	-7.68	19.27
2933	117.55	-7.58	19.27
2934	117.59	-7.51	19.3
2935	117.63	-7.44	19.34
2936	117.67	-7.36	19.36
2937	117.71	-7.31	19.36
2938	117.75	-7.27	19.37
2939	117.79	-7.24	19.37
2940	117.83	-7.22	19.38
2941	117.87	-7.19	19.38
2942	117.91	-7.1	19.36
2943	117.95	-6.98	19.33
2944	117.99	-6.82	19.29
2945	118.03	-6.65	19.22
2946	118.07	-6.48	19.16
2947	118.11	-6.37	19.11
2948	118.15	-6.3	19.05
2949	118.19	-6.26	19
2950	118.23	-6.23	18.94
2951	118.27	-6.15	18.86
2952	118.31	-6.07	18.76
2953	118.35	-5.98	18.67
2954	118.39	-5.9	18.61
2955	118.43	-5.82	18.56
2956	118.47	-5.74	18.54
2957	118.51	-5.67	18.53
2958	118.55	-5.57	18.49
2959	118.59	-5.47	18.44
2960	118.63	-5.36	18.37
2961	118.67	-5.27	18.28
2962	118.71	-5.19	18.19
2963	118.75	-5.12	18.11
2964	118.79	-5.07	18.06
2965	118.83	-5.02	18.02
2966	118.87	-4.97	17.99
2967	118.91	-4.93	17.97
2968	118.95	-4.89	17.94
2969	118.99	-4.86	17.95
2970	119.03	-4.84	17.96
2971	119.07	-4.81	17.97
2972	119.11	-4.79	17.98
2973	119.15	-4.76	17.98
2974	119.19	-4.74	17.97
2975	119.23	-4.72	17.97
2976	119.27	-4.69	17.97
2977	119.31	-4.66	17.96
2978	119.35	-4.63	17.95
2979	119.39	-4.62	17.94
2980	119.43	-4.59	17.93
2981	119.47	-4.59	17.93
2982	119.51	-4.57	17.93
2983	119.55	-4.56	17.94
2984	119.59	-4.55	17.94
2985	119.63	-4.55	17.96
2986	119.67	-4.57	17.98
2987	119.71	-4.61	18.01
2988	119.75	-4.63	18.03
2989	119.79	-4.65	18.05
2990	119.83	-4.65	18.06
2991	119.87	-4.62	18.07
2992	119.91	-4.63	18.07
