1	0.06	0.41	0.12
2	0.1	0.42	0.05
3	0.14	0.44	-0.02
4	0.18	0.46	-0.08
5	0.22	0.49	-0.14
6	0.26	0.51	-0.2
7	0.3	0.54	-0.25
8	0.34	0.56	-0.3
9	0.38	0.57	-0.32
10	0.42	0.56	-0.32
11	0.51	0.54	-0.3
12	0.54	0.52	-0.28
13	0.58	0.49	-0.23
14	0.62	0.41	-0.2
15	0.66	0.33	-0.17
16	0.7	0.21	-0.14
17	0.74	0.1	-0.12
18	0.78	0.04	-0.1
19	0.82	0	-0.09
20	0.86	-0.01	-0.13
21	0.9	-0.03	-0.17
22	0.94	-0.06	-0.23
23	0.98	-0.13	-0.28
24	1.02	-0.19	-0.34
25	1.06	-0.28	-0.39
26	1.1	-0.39	-0.47
27	1.14	-0.49	-0.54
28	1.18	-0.61	-0.59
29	1.22	-0.68	-0.65
30	1.26	-0.72	-0.67
31	1.3	-0.75	-0.65
32	1.34	-0.77	-0.62
33	1.38	-0.82	-0.56
34	1.42	-0.85	-0.52
35	1.46	-0.87	-0.48
36	1.5	-0.84	-0.44
37	1.54	-0.8	-0.42
38	1.58	-0.74	-0.39
39	1.62	-0.66	-0.37
40	1.66	-0.55	-0.36
41	1.7	-0.41	-0.36
42	1.74	-0.26	-0.36
43	1.78	-0.1	-0.37
44	1.82	0.05	-0.37
45	1.86	0.18	-0.37
46	1.9	0.28	-0.38
47	1.94	0.35	-0.41
48	1.98	0.43	-0.45
49	2.02	0.47	-0.52
50	2.06	0.49	-0.57
51	2.1	0.49	-0.61
52	2.14	0.49	-0.65
53	2.18	0.5	-0.7
54	2.22	0.52	-0.76
55	2.26	0.54	-0.81
56	2.3	0.55	-0.85
57	2.34	0.55	-0.88
58	2.38	0.56	-0.89
59	2.42	0.58	-0.91
60	2.46	0.62	-0.92
61	2.5	0.64	-0.92
62	2.54	0.67	-0.94
63	2.58	0.72	-0.96
64	2.62	0.76	-0.98
65	2.66	0.8	-0.99
66	2.7	0.81	-1
67	2.74	0.82	-1.02
68	2.78	0.84	-1.04
69	2.82	0.86	-1.06
70	2.86	0.87	-1.09
71	2.9	0.86	-1.11
72	2.94	0.84	-1.12
73	2.98	0.83	-1.13
74	3.02	0.82	-1.14
75	3.06	0.81	-1.16
76	3.1	0.8	-1.18
77	3.14	0.79	-1.21
78	3.18	0.78	-1.25
79	3.22	0.76	-1.29
80	3.26	0.74	-1.32
81	3.3	0.73	-1.34
82	3.34	0.74	-1.36
83	3.38	0.75	-1.38
84	3.42	0.77	-1.39
85	3.62	0.81	-1.41
86	3.66	0.82	-1.41
87	3.7	0.84	-1.37
88	3.74	0.85	-1.37
89	3.78	0.85	-1.33
90	3.82	0.87	-1.3
91	3.86	0.88	-1.28
92	3.9	0.85	-1.23
93	3.94	0.83	-1.19
94	3.98	0.81	-1.15
95	4.02	0.77	-1.11
96	4.06	0.74	-1.07
97	4.1	0.71	-1.01
98	4.14	0.67	-0.97
99	4.18	0.65	-0.92
100	4.22	0.65	-0.88
101	4.26	0.61	-0.84
102	4.3	0.6	-0.8
103	4.34	0.56	-0.75
104	4.38	0.52	-0.7
105	4.42	0.49	-0.65
106	4.46	0.46	-0.62
107	4.5	0.43	-0.61
108	4.54	0.41	-0.6
109	4.58	0.38	-0.58
110	4.62	0.36	-0.56
111	4.66	0.37	-0.52
112	4.7	0.38	-0.49
113	4.74	0.37	-0.46
114	4.78	0.34	-0.43
115	4.82	0.31	-0.41
116	4.86	0.28	-0.4
117	4.9	0.26	-0.37
118	4.94	0.25	-0.35
119	4.98	0.22	-0.33
120	5.02	0.19	-0.3
121	5.06	0.14	-0.29
122	5.1	0.1	-0.28
123	5.14	0.06	-0.28
124	5.18	0.03	-0.27
125	5.22	-0.02	-0.27
126	5.26	-0.08	-0.27
127	5.3	-0.14	-0.27
128	5.34	-0.21	-0.26
129	5.38	-0.29	-0.23
130	5.42	-0.4	-0.22
131	5.46	-0.52	-0.23
132	5.5	-0.62	-0.24
133	5.54	-0.71	-0.23
134	5.58	-0.78	-0.2
135	5.62	-0.86	-0.16
136	5.66	-0.96	-0.11
137	5.7	-1.05	-0.06
138	5.74	-1.13	-0.02
139	5.78	-1.2	0.02
140	5.82	-1.28	0.04
141	5.86	-1.38	0.07
142	5.9	-1.48	0.11
143	5.94	-1.61	0.16
144	5.98	-1.74	0.22
145	6.02	-1.87	0.26
146	6.06	-2	0.26
147	6.1	-2.12	0.24
148	6.14	-2.26	0.21
149	6.18	-2.39	0.22
150	6.22	-2.49	0.24
151	6.26	-2.58	0.25
152	6.3	-2.63	0.29
153	6.34	-2.7	0.31
154	6.38	-2.79	0.35
155	6.42	-2.88	0.41
156	6.46	-3	0.49
157	6.5	-3.13	0.55
158	6.54	-3.26	0.61
159	6.58	-3.39	0.7
160	6.62	-3.49	0.79
161	6.66	-3.55	0.9
162	6.7	-3.57	1.05
163	6.74	-3.57	1.18
164	6.78	-3.56	1.28
165	6.82	-3.54	1.41
166	6.86	-3.54	1.56
167	6.9	-3.55	1.76
168	6.94	-3.55	1.95
169	6.98	-3.55	2.1
170	7.02	-3.55	2.22
171	7.06	-3.56	2.29
172	7.1	-3.6	2.33
173	7.14	-3.64	2.4
174	7.18	-3.66	2.44
175	7.22	-3.68	2.46
176	7.26	-3.7	2.45
177	7.3	-3.72	2.43
178	7.34	-3.72	2.41
179	7.38	-3.71	2.39
180	7.42	-3.69	2.39
181	7.46	-3.67	2.39
182	7.5	-3.64	2.36
183	7.54	-3.62	2.33
184	7.58	-3.59	2.28
185	7.62	-3.56	2.22
186	7.66	-3.54	2.18
187	7.7	-3.51	2.16
188	7.74	-3.5	2.12
189	7.78	-3.49	2.07
190	7.82	-3.49	2
191	7.86	-3.49	1.93
192	7.9	-3.5	1.87
193	7.94	-3.51	1.8
194	7.98	-3.51	1.72
195	8.02	-3.52	1.63
196	8.06	-3.54	1.53
197	8.1	-3.55	1.45
198	8.14	-3.58	1.38
199	8.18	-3.61	1.34
200	8.22	-3.65	1.31
201	8.26	-3.67	1.27
202	8.3	-3.65	1.24
203	8.34	-3.63	1.2
204	8.38	-3.59	1.17
205	8.42	-3.54	1.17
206	8.46	-3.52	1.14
207	8.5	-3.48	1.14
208	8.54	-3.44	1.13
209	8.58	-3.4	1.1
210	8.62	-3.35	1.09
211	8.66	-3.3	1.09
212	8.7	-3.24	1.08
213	8.74	-3.16	1.07
214	8.78	-3.08	1.07
215	8.82	-2.99	1.06
216	8.86	-2.92	1.06
217	8.9	-2.85	1.07
218	8.94	-2.79	1.08
219	8.98	-2.75	1.09
220	9.02	-2.71	1.1
221	9.06	-2.7	1.11
222	9.1	-2.7	1.12
223	9.14	-2.69	1.12
224	9.18	-2.7	1.09
225	9.22	-2.73	1.05
226	9.26	-2.75	1.01
227	9.3	-2.8	0.93
228	9.34	-2.84	0.88
229	9.38	-2.91	0.8
230	9.42	-2.99	0.72
231	9.46	-3.07	0.64
232	9.5	-3.17	0.54
233	9.54	-3.26	0.44
234	9.58	-3.32	0.34
235	9.62	-3.39	0.22
236	9.66	-3.44	0.1
237	9.7	-3.48	-0.01
238	9.74	-3.53	-0.14
239	9.78	-3.57	-0.29
240	9.82	-3.6	-0.48
241	9.86	-3.64	-0.63
242	9.9	-3.67	-0.76
243	9.94	-3.71	-0.84
244	9.98	-3.76	-0.85
245	10.02	-3.79	-0.91
246	10.06	-3.81	-0.96
247	10.1	-3.79	-1
248	10.14	-3.75	-1.06
249	10.18	-3.72	-1.09
250	10.22	-3.7	-1.12
251	10.26	-3.7	-1.14
252	10.3	-3.71	-1.15
253	10.34	-3.75	-1.18
254	10.38	-3.8	-1.18
255	10.42	-3.86	-1.18
256	10.46	-3.92	-1.17
257	10.5	-3.98	-1.17
258	10.54	-4.05	-1.19
259	10.58	-4.14	-1.2
260	10.62	-4.26	-1.19
261	10.66	-4.37	-1.17
262	10.7	-4.46	-1.11
263	10.74	-4.53	-1.08
264	10.78	-4.59	-1.06
265	10.82	-4.65	-1.04
266	10.86	-4.71	-1.01
267	10.9	-4.78	-0.98
268	10.94	-4.84	-0.9
269	10.98	-4.9	-0.84
270	11.02	-4.95	-0.8
271	11.06	-4.98	-0.76
272	11.1	-4.99	-0.77
273	11.14	-4.99	-0.77
274	11.18	-4.99	-0.77
275	11.22	-4.98	-0.76
276	11.26	-4.97	-0.75
277	11.3	-4.96	-0.75
278	11.34	-4.93	-0.75
279	11.38	-4.91	-0.74
280	11.42	-4.9	-0.74
281	11.46	-4.87	-0.73
282	11.5	-4.87	-0.74
283	11.54	-4.86	-0.74
284	11.58	-4.85	-0.74
285	11.62	-4.85	-0.75
286	11.66	-4.85	-0.75
287	11.7	-4.84	-0.74
288	11.74	-4.83	-0.75
289	11.78	-4.81	-0.75
290	11.82	-4.8	-0.76
291	11.86	-4.79	-0.77
292	11.9	-4.78	-0.77
293	11.94	-4.77	-0.77
294	11.98	-4.77	-0.78
295	12.02	-4.76	-0.78
296	12.06	-4.76	-0.78
297	12.1	-4.76	-0.77
298	12.14	-4.77	-0.77
299	12.18	-4.78	-0.77
300	12.22	-4.78	-0.76
301	12.26	-4.78	-0.76
302	12.3	-4.79	-0.76
303	12.34	-4.79	-0.77
304	12.38	-4.8	-0.77
305	12.42	-4.8	-0.78
306	12.46	-4.82	-0.79
307	12.5	-4.83	-0.79
308	12.54	-4.84	-0.81
309	12.58	-4.87	-0.84
310	12.62	-4.91	-0.85
311	12.66	-4.96	-0.86
312	12.7	-5.04	-0.86
313	12.74	-5.13	-0.84
314	12.78	-5.22	-0.82
315	12.82	-5.31	-0.8
316	12.86	-5.39	-0.77
317	12.9	-5.46	-0.73
318	12.94	-5.53	-0.68
319	12.98	-5.58	-0.64
320	13.02	-5.61	-0.64
321	13.06	-5.61	-0.65
322	13.1	-5.6	-0.67
323	13.14	-5.6	-0.65
324	13.18	-5.62	-0.61
325	13.22	-5.62	-0.6
326	13.26	-5.63	-0.62
327	13.3	-5.66	-0.69
328	13.34	-5.67	-0.77
329	13.38	-5.7	-0.81
330	13.42	-5.73	-0.82
331	13.46	-5.75	-0.79
332	13.5	-5.76	-0.76
333	13.54	-5.77	-0.74
334	13.58	-5.76	-0.73
335	13.62	-5.75	-0.72
336	13.66	-5.74	-0.72
337	13.7	-5.73	-0.72
338	13.74	-5.72	-0.72
339	13.78	-5.71	-0.72
340	13.82	-5.7	-0.71
341	13.86	-5.69	-0.71
342	13.9	-5.68	-0.7
343	13.94	-5.67	-0.7
344	13.98	-5.67	-0.69
345	14.02	-5.67	-0.69
346	14.06	-5.68	-0.68
347	14.1	-5.67	-0.67
348	14.14	-5.67	-0.67
349	14.18	-5.67	-0.67
350	14.22	-5.66	-0.67
351	14.26	-5.66	-0.67
352	14.3	-5.66	-0.67
353	14.34	-5.66	-0.67
354	14.38	-5.65	-0.67
355	14.42	-5.64	-0.67
356	14.46	-5.63	-0.67
357	14.5	-5.63	-0.66
358	14.54	-5.64	-0.67
359	14.58	-5.65	-0.68
360	14.62	-5.65	-0.68
361	14.66	-5.65	-0.69
362	14.7	-5.66	-0.69
363	14.74	-5.69	-0.69
364	14.78	-5.73	-0.69
365	14.82	-5.78	-0.7
366	14.86	-5.8	-0.71
367	14.9	-5.8	-0.7
368	14.94	-5.81	-0.72
369	14.98	-5.8	-0.73
370	15.02	-5.82	-0.75
371	15.06	-5.85	-0.76
372	15.1	-5.87	-0.77
373	15.14	-5.89	-0.79
374	15.18	-5.91	-0.82
375	15.22	-5.94	-0.85
376	15.26	-5.97	-0.86
377	15.3	-6.01	-0.85
378	15.34	-6.06	-0.84
379	15.38	-6.09	-0.84
380	15.42	-6.11	-0.87
381	15.46	-6.14	-0.89
382	15.5	-6.15	-0.9
383	15.54	-6.16	-0.9
384	15.58	-6.17	-0.89
385	15.62	-6.18	-0.9
386	15.66	-6.21	-0.93
387	15.7	-6.22	-0.95
388	15.74	-6.25	-0.97
389	15.78	-6.26	-0.99
390	15.82	-6.26	-1
391	15.86	-6.26	-1.02
392	15.9	-6.24	-1.07
393	15.94	-6.23	-1.13
394	15.98	-6.22	-1.18
395	16.02	-6.22	-1.25
396	16.06	-6.22	-1.3
397	16.1	-6.23	-1.36
398	16.14	-6.24	-1.44
399	16.18	-6.25	-1.52
400	16.22	-6.27	-1.59
401	16.26	-6.29	-1.67
402	16.3	-6.31	-1.75
403	16.34	-6.32	-1.83
404	16.38	-6.32	-1.92
405	16.42	-6.3	-2.02
406	16.46	-6.28	-2.12
407	16.5	-6.24	-2.19
408	16.54	-6.17	-2.27
409	16.58	-6.11	-2.33
410	16.62	-6.04	-2.4
411	16.66	-5.98	-2.5
412	16.7	-5.96	-2.65
413	16.74	-5.95	-2.85
414	16.78	-5.93	-3.07
415	16.82	-5.88	-3.26
416	16.86	-5.82	-3.4
417	16.9	-5.75	-3.48
418	16.94	-5.68	-3.51
419	16.98	-5.65	-3.53
420	17.02	-5.65	-3.53
421	17.06	-5.66	-3.52
422	17.1	-5.68	-3.5
423	17.14	-5.74	-3.44
424	17.18	-5.81	-3.41
425	17.22	-5.88	-3.4
426	17.26	-5.94	-3.42
427	17.3	-5.97	-3.43
428	17.34	-6	-3.43
429	17.38	-6.05	-3.39
430	17.42	-6.08	-3.35
431	17.46	-6.11	-3.33
432	17.5	-6.12	-3.31
433	17.54	-6.15	-3.27
434	17.58	-6.17	-3.25
435	17.62	-6.21	-3.22
436	17.66	-6.25	-3.22
437	17.7	-6.28	-3.21
438	17.74	-6.31	-3.19
439	17.78	-6.34	-3.16
440	17.82	-6.36	-3.1
441	17.86	-6.37	-3.06
442	17.9	-6.4	-3.01
443	17.93	-6.42	-2.95
444	17.98	-6.43	-2.9
445	18.02	-6.43	-2.86
446	18.06	-6.42	-2.84
447	18.1	-6.42	-2.81
448	18.14	-6.42	-2.76
449	18.18	-6.42	-2.71
450	18.22	-6.41	-2.64
451	18.26	-6.43	-2.57
452	18.3	-6.44	-2.51
453	18.34	-6.48	-2.45
454	18.38	-6.52	-2.4
455	18.42	-6.55	-2.35
456	18.46	-6.57	-2.32
457	18.5	-6.58	-2.31
458	18.54	-6.58	-2.32
459	18.57	-6.57	-2.33
460	18.62	-6.57	-2.34
461	18.66	-6.55	-2.33
462	18.7	-6.54	-2.32
463	18.73	-6.54	-2.31
464	18.77	-6.53	-2.3
465	18.81	-6.55	-2.29
466	18.86	-6.56	-2.27
467	18.9	-6.58	-2.24
468	18.94	-6.58	-2.22
469	18.98	-6.58	-2.2
470	19.02	-6.57	-2.19
471	19.05	-6.54	-2.2
472	19.09	-6.49	-2.22
473	19.13	-6.43	-2.24
474	19.17	-6.38	-2.26
475	19.21	-6.35	-2.26
476	19.25	-6.34	-2.26
477	19.29	-6.34	-2.24
478	19.33	-6.36	-2.22
479	19.37	-6.41	-2.18
480	19.41	-6.45	-2.17
481	19.45	-6.49	-2.18
482	19.49	-6.51	-2.19
483	19.53	-6.52	-2.2
484	19.57	-6.54	-2.19
485	19.61	-6.57	-2.13
486	19.65	-6.6	-2.07
487	19.69	-6.65	-1.96
488	19.73	-6.7	-1.85
489	19.77	-6.75	-1.76
490	19.82	-6.82	-1.67
491	19.85	-6.91	-1.6
492	19.89	-7.02	-1.53
493	19.93	-7.13	-1.47
494	19.97	-7.24	-1.4
495	20.01	-7.28	-1.37
496	20.05	-7.32	-1.35
497	20.09	-7.33	-1.34
498	20.13	-7.34	-1.35
499	20.17	-7.36	-1.35
500	20.21	-7.43	-1.32
501	20.25	-7.52	-1.28
502	20.29	-7.66	-1.22
503	20.33	-7.79	-1.16
504	20.37	-7.88	-1.12
505	20.41	-7.95	-1.09
506	20.45	-7.98	-1.06
507	20.49	-7.99	-1.04
508	20.53	-8.02	-1.03
509	20.57	-8.05	-1.01
510	20.61	-8.08	-1
511	20.65	-8.13	-0.97
512	20.69	-8.17	-0.93
513	20.73	-8.21	-0.92
514	20.77	-8.25	-0.9
515	20.81	-8.27	-0.89
516	20.85	-8.3	-0.9
517	20.89	-8.31	-0.89
518	20.93	-8.33	-0.89
519	20.97	-8.33	-0.89
520	21.01	-8.33	-0.9
521	21.05	-8.33	-0.9
522	21.09	-8.33	-0.89
523	21.13	-8.34	-0.87
524	21.17	-8.35	-0.85
525	21.21	-8.36	-0.85
526	21.25	-8.37	-0.84
527	21.29	-8.39	-0.85
528	21.33	-8.39	-0.86
529	21.37	-8.41	-0.85
530	21.41	-8.42	-0.86
531	21.45	-8.41	-0.87
532	21.49	-8.41	-0.89
533	21.53	-8.42	-0.92
534	21.57	-8.41	-0.95
535	21.61	-8.43	-0.96
536	21.65	-8.44	-0.96
537	21.69	-8.44	-0.96
538	21.73	-8.45	-0.96
539	21.77	-8.45	-0.95
540	21.81	-8.45	-0.95
541	21.85	-8.44	-0.93
542	21.89	-8.44	-0.91
543	21.93	-8.43	-0.9
544	21.97	-8.44	-0.89
545	22.01	-8.43	-0.89
546	22.05	-8.44	-0.88
547	22.09	-8.44	-0.87
548	22.13	-8.44	-0.87
549	22.17	-8.44	-0.86
550	22.21	-8.44	-0.86
551	22.25	-8.44	-0.86
552	22.29	-8.44	-0.84
553	22.33	-8.45	-0.81
554	22.37	-8.47	-0.77
555	22.41	-8.5	-0.73
556	22.45	-8.54	-0.69
557	22.49	-8.58	-0.65
558	22.53	-8.61	-0.64
559	22.57	-8.63	-0.62
560	22.61	-8.65	-0.61
561	22.65	-8.65	-0.6
562	22.69	-8.65	-0.58
563	22.73	-8.65	-0.55
564	22.77	-8.65	-0.52
565	22.81	-8.65	-0.49
566	22.85	-8.64	-0.44
567	22.89	-8.64	-0.38
568	22.93	-8.64	-0.34
569	22.97	-8.64	-0.31
570	23.01	-8.64	-0.29
571	23.05	-8.63	-0.28
572	23.09	-8.64	-0.26
573	23.13	-8.65	-0.26
574	23.17	-8.65	-0.26
575	23.21	-8.65	-0.26
576	23.25	-8.65	-0.26
577	23.29	-8.65	-0.26
578	23.33	-8.66	-0.27
579	23.37	-8.66	-0.28
580	23.41	-8.66	-0.29
581	23.45	-8.65	-0.33
582	23.49	-8.63	-0.38
583	23.53	-8.61	-0.42
584	23.57	-8.59	-0.46
585	23.61	-8.56	-0.49
586	23.65	-8.52	-0.52
587	23.69	-8.48	-0.56
588	23.73	-8.43	-0.61
589	23.77	-8.38	-0.67
590	23.81	-8.33	-0.75
591	23.85	-8.29	-0.83
592	23.89	-8.24	-0.91
593	23.93	-8.21	-0.98
594	23.97	-8.19	-1.04
595	24.01	-8.18	-1.08
596	24.05	-8.16	-1.1
597	24.09	-8.16	-1.1
598	24.13	-8.16	-1.09
599	24.17	-8.15	-1.06
600	24.21	-8.16	-1.02
601	24.25	-8.17	-0.99
602	24.29	-8.16	-0.98
603	24.33	-8.16	-0.97
604	24.37	-8.13	-0.97
605	24.41	-8.11	-0.97
606	24.45	-8.1	-0.96
607	24.49	-8.1	-0.94
608	24.53	-8.13	-0.88
609	24.57	-8.18	-0.81
610	24.61	-8.25	-0.72
611	24.65	-8.31	-0.65
612	24.69	-8.36	-0.61
613	24.73	-8.42	-0.57
614	24.77	-8.48	-0.53
615	24.81	-8.54	-0.48
616	24.85	-8.62	-0.44
617	24.89	-8.66	-0.41
618	24.93	-8.68	-0.39
619	24.97	-8.7	-0.38
620	25.01	-8.69	-0.36
621	25.05	-8.67	-0.33
622	25.09	-8.65	-0.29
623	25.13	-8.58	-0.22
624	25.17	-8.51	-0.14
625	25.21	-8.44	-0.05
626	25.25	-8.35	0.02
627	25.29	-8.27	0.05
628	25.33	-8.19	0.07
629	25.37	-8.11	0.11
630	25.41	-8.01	0.17
631	25.45	-7.9	0.27
632	25.49	-7.75	0.36
633	25.53	-7.59	0.42
634	25.57	-7.45	0.48
635	25.61	-7.33	0.54
636	25.65	-7.23	0.6
637	25.69	-7.16	0.67
638	25.73	-7.04	0.72
639	25.77	-6.93	0.74
640	25.81	-6.8	0.78
641	25.85	-6.68	0.83
642	25.89	-6.59	0.86
643	25.93	-6.48	0.87
644	25.97	-6.4	0.85
645	26.01	-6.32	0.82
646	26.05	-6.24	0.79
647	26.09	-6.21	0.77
648	26.13	-6.16	0.76
649	26.17	-6.13	0.75
650	26.21	-6.11	0.74
651	26.25	-6.09	0.73
652	26.29	-6.09	0.72
653	26.33	-6.11	0.7
654	26.37	-6.15	0.68
655	26.41	-6.17	0.67
656	26.45	-6.21	0.67
657	26.49	-6.24	0.68
658	26.53	-6.26	0.68
659	26.57	-6.29	0.69
660	26.61	-6.31	0.69
661	26.65	-6.36	0.69
662	26.69	-6.41	0.66
663	26.73	-6.49	0.64
664	26.77	-6.58	0.63
665	26.81	-6.67	0.62
666	26.85	-6.76	0.64
667	26.89	-6.84	0.66
668	26.93	-6.9	0.68
669	26.97	-6.96	0.71
670	27.01	-7	0.74
671	27.05	-7.05	0.77
672	27.09	-7.1	0.78
673	27.13	-7.14	0.79
674	27.17	-7.2	0.77
675	27.21	-7.24	0.74
676	27.25	-7.28	0.7
677	27.29	-7.31	0.66
678	27.33	-7.32	0.65
679	27.37	-7.32	0.67
680	27.41	-7.36	0.69
681	27.45	-7.4	0.7
682	27.49	-7.48	0.7
683	27.53	-7.58	0.69
684	27.57	-7.66	0.69
685	27.61	-7.75	0.69
686	27.65	-7.8	0.7
687	27.69	-7.83	0.7
688	27.73	-7.86	0.7
689	27.77	-7.9	0.69
690	27.81	-7.94	0.68
691	27.85	-7.99	0.66
692	27.89	-8.03	0.63
693	27.93	-8.06	0.61
694	27.97	-8.08	0.58
695	28.01	-8.09	0.57
696	28.05	-8.09	0.58
697	28.09	-8.09	0.6
698	28.13	-8.1	0.64
699	28.17	-8.12	0.68
700	28.21	-8.17	0.73
701	28.25	-8.22	0.77
702	28.29	-8.27	0.81
703	28.33	-8.32	0.83
704	28.37	-8.35	0.86
705	28.41	-8.37	0.89
706	28.45	-8.39	0.93
707	28.49	-8.42	0.97
708	28.53	-8.48	1.01
709	28.57	-8.55	1.04
710	28.61	-8.62	1.06
711	28.65	-8.69	1.08
712	28.69	-8.74	1.06
713	28.73	-8.79	1.05
714	28.77	-8.84	1.02
715	28.81	-8.91	0.96
716	28.85	-8.99	0.92
717	28.89	-9.06	0.86
718	28.93	-9.11	0.83
719	28.97	-9.14	0.82
720	29.01	-9.15	0.81
721	29.05	-9.15	0.82
722	29.09	-9.14	0.84
723	29.13	-9.12	0.86
724	29.17	-9.09	0.88
725	29.21	-9.06	0.87
726	29.25	-9.02	0.84
727	29.29	-8.98	0.81
728	29.33	-8.96	0.75
729	29.37	-8.95	0.69
730	29.41	-8.93	0.64
731	29.45	-8.91	0.58
732	29.49	-8.89	0.54
733	29.53	-8.85	0.53
734	29.57	-8.83	0.51
735	29.61	-8.81	0.49
736	29.65	-8.78	0.46
737	29.69	-8.76	0.43
738	29.73	-8.74	0.41
739	29.77	-8.69	0.41
740	29.81	-8.56	0.43
741	29.85	-8.42	0.44
742	29.89	-8.26	0.44
743	29.93	-8.13	0.43
744	29.97	-8.05	0.4
745	30.01	-7.99	0.33
746	30.05	-7.91	0.25
747	30.09	-7.81	0.16
748	30.13	-7.71	0.08
749	30.17	-7.61	0.02
750	30.21	-7.53	-0.01
751	30.25	-7.42	-0.01
752	30.29	-7.34	-0.01
753	30.33	-7.25	0.01
754	30.37	-7.17	0.03
755	30.41	-7.13	0.04
756	30.45	-7.09	0.06
757	30.49	-7.06	0.08
758	30.53	-7.02	0.09
759	30.57	-6.97	0.07
760	30.61	-6.88	0.03
761	30.65	-6.76	-0.06
762	30.69	-6.63	-0.15
763	30.73	-6.52	-0.23
764	30.77	-6.44	-0.28
765	30.81	-6.39	-0.32
766	30.85	-6.35	-0.35
767	30.89	-6.32	-0.39
768	30.93	-6.28	-0.44
769	30.97	-6.25	-0.48
770	31.01	-6.22	-0.51
771	31.05	-6.18	-0.54
772	31.09	-6.17	-0.55
773	31.13	-6.16	-0.57
774	31.17	-6.15	-0.59
775	31.21	-6.14	-0.61
776	31.25	-6.13	-0.64
777	31.29	-6.1	-0.67
778	31.33	-6.08	-0.69
779	31.37	-6.06	-0.71
780	31.41	-6.06	-0.72
781	31.45	-6.06	-0.72
782	31.49	-6.07	-0.73
783	31.53	-6.08	-0.74
784	31.57	-6.08	-0.74
785	31.61	-6.08	-0.74
786	31.65	-6.08	-0.75
787	31.69	-6.08	-0.74
788	31.73	-6.08	-0.74
789	31.77	-6.08	-0.73
790	31.81	-6.09	-0.74
791	31.85	-6.11	-0.75
792	31.89	-6.13	-0.75
793	31.93	-6.17	-0.76
794	31.97	-6.22	-0.76
795	32.01	-6.27	-0.76
796	32.05	-6.32	-0.76
797	32.09	-6.37	-0.76
798	32.13	-6.42	-0.76
799	32.17	-6.48	-0.76
800	32.21	-6.56	-0.74
801	32.25	-6.62	-0.73
802	32.29	-6.7	-0.71
803	32.33	-6.73	-0.69
804	32.37	-6.74	-0.69
805	32.41	-6.72	-0.64
806	32.45	-6.67	-0.59
807	32.49	-6.67	-0.54
808	32.53	-6.7	-0.51
809	32.57	-6.72	-0.52
810	32.61	-6.72	-0.55
811	32.65	-6.71	-0.56
812	32.69	-6.66	-0.56
813	32.73	-6.63	-0.52
814	32.77	-6.64	-0.49
815	32.81	-6.69	-0.49
816	32.85	-6.74	-0.48
817	32.89	-6.83	-0.48
818	32.93	-6.91	-0.47
819	32.97	-6.94	-0.45
820	33.01	-6.96	-0.46
821	33.05	-6.98	-0.46
822	33.09	-6.98	-0.47
823	33.13	-7.02	-0.47
824	33.17	-7.04	-0.45
825	33.21	-7.1	-0.47
826	33.25	-7.13	-0.47
827	33.29	-7.15	-0.46
828	33.33	-7.18	-0.47
829	33.37	-7.17	-0.47
830	33.41	-7.19	-0.49
831	33.45	-7.2	-0.52
832	33.49	-7.19	-0.53
833	33.53	-7.18	-0.55
834	33.57	-7.14	-0.56
835	33.61	-7.11	-0.56
836	33.65	-7.11	-0.57
837	33.69	-7.11	-0.57
838	33.73	-7.11	-0.57
839	33.77	-7.11	-0.56
840	33.81	-7.11	-0.54
841	33.85	-7.14	-0.52
842	33.89	-7.18	-0.48
843	33.93	-7.23	-0.45
844	33.97	-7.25	-0.4
845	34.01	-7.24	-0.34
846	34.05	-7.23	-0.3
847	34.09	-7.18	-0.25
848	34.13	-7.15	-0.22
849	34.17	-7.12	-0.21
850	34.21	-7.09	-0.19
851	34.25	-7.06	-0.16
852	34.29	-7.01	-0.12
853	34.33	-6.94	-0.09
854	34.37	-6.84	-0.03
855	34.41	-6.7	0.01
856	34.45	-6.57	0.04
857	34.49	-6.44	0.09
858	34.53	-6.36	0.13
859	34.57	-6.34	0.18
860	34.61	-6.34	0.24
861	34.65	-6.35	0.3
862	34.69	-6.37	0.34
863	34.73	-6.36	0.38
864	34.77	-6.34	0.41
865	34.81	-6.34	0.43
866	34.85	-6.33	0.46
867	34.89	-6.32	0.5
868	34.93	-6.32	0.54
869	34.97	-6.34	0.57
870	35.01	-6.39	0.59
871	35.05	-6.44	0.6
872	35.09	-6.49	0.61
873	35.13	-6.54	0.66
874	35.17	-6.56	0.73
875	35.21	-6.57	0.84
876	35.25	-6.58	0.94
877	35.29	-6.6	1.01
878	35.33	-6.64	1.05
879	35.37	-6.73	1.08
880	35.41	-6.89	1.09
881	35.45	-7.07	1.16
882	35.49	-7.23	1.25
883	35.53	-7.38	1.35
884	35.57	-7.48	1.47
885	35.61	-7.57	1.55
886	35.65	-7.7	1.56
887	35.69	-7.78	1.59
888	35.73	-7.83	1.63
889	35.77	-7.87	1.68
890	35.81	-7.91	1.78
891	35.85	-8.03	1.88
892	35.89	-8.22	2.02
893	35.93	-8.45	2.23
894	35.97	-8.66	2.43
895	36.01	-8.8	2.59
896	36.05	-8.88	2.68
897	36.09	-8.93	2.73
898	36.13	-8.97	2.78
899	36.17	-9	2.84
900	36.21	-9.04	2.89
901	36.25	-9.08	2.9
902	36.29	-9.13	2.94
903	36.33	-9.2	2.95
904	36.37	-9.29	2.97
905	36.41	-9.37	3.02
906	36.45	-9.46	3.02
907	36.49	-9.55	3.05
908	36.53	-9.62	3.1
909	36.57	-9.69	3.15
910	36.61	-9.76	3.21
911	36.65	-9.82	3.26
912	36.69	-9.87	3.29
913	36.73	-9.92	3.31
914	36.77	-9.93	3.34
915	36.81	-9.94	3.38
916	36.85	-9.94	3.42
917	36.89	-9.95	3.48
918	36.93	-9.96	3.56
919	36.97	-9.98	3.69
920	37.01	-10	3.86
921	37.05	-10.01	4.03
922	37.09	-10.03	4.17
923	37.13	-10.04	4.26
924	37.17	-10.03	4.33
925	37.21	-10.02	4.37
926	37.25	-10	4.43
927	37.29	-9.96	4.45
928	37.33	-9.92	4.46
929	37.37	-9.88	4.47
930	37.41	-9.85	4.47
931	37.45	-9.82	4.48
932	37.49	-9.8	4.48
933	37.53	-9.76	4.52
934	37.57	-9.73	4.54
935	37.61	-9.71	4.55
936	37.65	-9.7	4.55
937	37.69	-9.7	4.52
938	37.73	-9.71	4.5
939	37.77	-9.71	4.47
940	37.81	-9.72	4.46
941	37.85	-9.74	4.43
942	37.89	-9.76	4.36
943	37.93	-9.79	4.27
944	37.97	-9.8	4.16
945	38.01	-9.8	4.03
946	38.05	-9.81	3.92
947	38.09	-9.82	3.84
948	38.13	-9.85	3.79
949	38.17	-9.88	3.75
950	38.21	-9.92	3.72
951	38.25	-9.99	3.7
952	38.29	-10.07	3.74
953	38.33	-10.13	3.78
954	38.37	-10.17	3.84
955	38.41	-10.18	3.88
956	38.45	-10.2	3.83
957	38.49	-10.24	3.78
958	38.53	-10.3	3.67
959	38.57	-10.36	3.55
960	38.61	-10.41	3.41
961	38.65	-10.46	3.28
962	38.69	-10.52	3.16
963	38.73	-10.59	3.11
964	38.77	-10.64	3.09
965	38.81	-10.7	3.09
966	38.85	-10.71	3.1
967	38.89	-10.73	3.09
968	38.93	-10.76	3.06
969	38.97	-10.76	2.98
970	39.01	-10.76	2.92
971	39.05	-10.74	2.84
972	39.09	-10.72	2.75
973	39.13	-10.7	2.73
974	39.17	-10.71	2.71
975	39.21	-10.72	2.67
976	39.25	-10.73	2.65
977	39.29	-10.75	2.6
978	39.33	-10.75	2.56
979	39.37	-10.72	2.53
980	39.41	-10.7	2.51
981	39.45	-10.64	2.45
982	39.49	-10.59	2.39
983	39.53	-10.57	2.33
984	39.57	-10.54	2.26
985	39.61	-10.54	2.2
986	39.65	-10.55	2.14
987	39.69	-10.55	2.08
988	39.73	-10.59	2.03
989	39.77	-10.67	1.98
990	39.81	-10.73	1.94
991	39.85	-10.8	1.88
992	39.89	-10.83	1.84
993	39.93	-10.81	1.76
994	39.97	-10.79	1.65
995	40.01	-10.77	1.54
996	40.05	-10.77	1.39
997	40.09	-10.81	1.26
998	40.13	-10.84	1.19
999	40.17	-10.86	1.16
1000	40.21	-10.87	1.16
1001	40.25	-10.85	1.22
1002	40.29	-10.83	1.28
1003	40.33	-10.8	1.37
1004	40.37	-10.77	1.49
1005	40.41	-10.74	1.61
1006	40.45	-10.71	1.74
1007	40.49	-10.66	1.84
1008	40.53	-10.62	1.97
1009	40.57	-10.59	2.05
1010	40.61	-10.59	2.15
1011	40.65	-10.6	2.25
1012	40.69	-10.66	2.28
1013	40.73	-10.74	2.27
1014	40.77	-10.83	2.21
1015	40.81	-10.91	2.14
1016	40.85	-10.99	2.09
1017	40.89	-11.06	2.05
1018	40.93	-11.13	2.01
1019	40.97	-11.21	1.97
1020	41.01	-11.28	1.95
1021	41.05	-11.37	1.89
1022	41.09	-11.44	1.88
1023	41.13	-11.52	1.87
1024	41.17	-11.62	1.89
1025	41.21	-11.67	2.04
1026	41.25	-11.72	2.19
1027	41.29	-11.78	2.35
1028	41.33	-11.83	2.49
1029	41.37	-11.9	2.55
1030	41.41	-11.98	2.57
1031	41.45	-12.07	2.58
1032	41.49	-12.16	2.58
1033	41.53	-12.29	2.56
1034	41.57	-12.42	2.53
1035	41.61	-12.5	2.5
1036	41.65	-12.56	2.46
1037	41.69	-12.58	2.45
1038	41.73	-12.58	2.46
1039	41.77	-12.56	2.47
1040	41.81	-12.51	2.49
1041	41.85	-12.42	2.52
1042	41.89	-12.33	2.58
1043	41.93	-12.24	2.62
1044	41.97	-12.17	2.66
1045	42.01	-12.1	2.68
1046	42.05	-12.04	2.7
1047	42.09	-11.96	2.71
1048	42.13	-11.86	2.72
1049	42.17	-11.77	2.72
1050	42.21	-11.67	2.71
1051	42.25	-11.58	2.7
1052	42.29	-11.48	2.7
1053	42.33	-11.35	2.67
1054	42.37	-11.17	2.62
1055	42.41	-10.99	2.51
1056	42.45	-10.81	2.39
1057	42.49	-10.69	2.28
1058	42.53	-10.62	2.18
1059	42.57	-10.6	2.12
1060	42.61	-10.57	2.05
1061	42.65	-10.54	1.97
1062	42.69	-10.52	1.91
1063	42.73	-10.45	1.84
1064	42.77	-10.36	1.78
1065	42.81	-10.25	1.73
1066	42.85	-10.14	1.66
1067	42.89	-10.01	1.59
1068	42.93	-9.9	1.52
1069	42.97	-9.8	1.46
1070	43.01	-9.72	1.38
1071	43.05	-9.65	1.29
1072	43.09	-9.6	1.17
1073	43.13	-9.51	1.05
1074	43.17	-9.42	0.95
1075	43.21	-9.32	0.88
1076	43.25	-9.23	0.81
1077	43.29	-9.2	0.74
1078	43.33	-9.11	0.67
1079	43.37	-9.07	0.59
1080	43.41	-9.02	0.51
1081	43.45	-8.95	0.46
1082	43.49	-8.87	0.41
1083	43.53	-8.77	0.37
1084	43.57	-8.63	0.34
1085	43.61	-8.49	0.29
1086	43.65	-8.36	0.24
1087	43.69	-8.28	0.2
1088	43.73	-8.26	0.15
1089	43.77	-8.23	0.09
1090	43.81	-8.19	0.05
1091	43.85	-8.11	-0.01
1092	43.89	-8.02	-0.05
1093	43.93	-7.95	-0.13
1094	43.97	-7.86	-0.27
1095	44.01	-7.78	-0.43
1096	44.05	-7.7	-0.6
1097	44.09	-7.63	-0.77
1098	44.13	-7.57	-0.9
1099	44.17	-7.51	-1.04
1100	44.21	-7.47	-1.18
1101	44.25	-7.43	-1.3
1102	44.29	-7.42	-1.44
1103	44.33	-7.45	-1.55
1104	44.37	-7.47	-1.63
1105	44.41	-7.48	-1.71
1106	44.45	-7.46	-1.75
1107	44.49	-7.42	-1.77
1108	44.53	-7.33	-1.81
1109	44.57	-7.28	-1.82
1110	44.61	-7.26	-1.83
1111	44.65	-7.21	-1.84
1112	44.69	-7.17	-1.85
1113	44.73	-7.1	-1.88
1114	44.77	-7.07	-1.88
1115	44.81	-7.04	-1.88
1116	44.85	-7.03	-1.87
1117	44.89	-7.01	-1.86
1118	44.93	-6.97	-1.86
1119	44.97	-6.95	-1.83
1120	45.01	-6.95	-1.78
1121	45.05	-6.97	-1.72
1122	45.09	-7	-1.66
1123	45.13	-7.01	-1.62
1124	45.17	-7.03	-1.58
1125	45.21	-7.03	-1.54
1126	45.25	-7.02	-1.5
1127	45.29	-7.03	-1.47
1128	45.33	-7.03	-1.42
1129	45.37	-7.04	-1.39
1130	45.41	-7.08	-1.35
1131	45.45	-7.08	-1.32
1132	45.49	-7.12	-1.3
1133	45.53	-7.15	-1.27
1134	45.57	-7.16	-1.24
1135	45.61	-7.19	-1.21
1136	45.65	-7.18	-1.2
1137	45.69	-7.19	-1.2
1138	45.73	-7.19	-1.19
1139	45.77	-7.19	-1.18
1140	45.81	-7.19	-1.17
1141	45.85	-7.21	-1.14
1142	45.89	-7.23	-1.12
1143	45.93	-7.26	-1.09
1144	45.97	-7.31	-1.08
1145	46.01	-7.4	-1.05
1146	46.05	-7.51	-1.02
1147	46.09	-7.63	-0.99
1148	46.13	-7.76	-0.94
1149	46.17	-7.88	-0.9
1150	46.21	-7.95	-0.85
1151	46.25	-8.04	-0.79
1152	46.29	-8.14	-0.75
1153	46.33	-8.22	-0.73
1154	46.37	-8.33	-0.74
1155	46.41	-8.45	-0.76
1156	46.45	-8.57	-0.78
1157	46.49	-8.68	-0.8
1158	46.53	-8.74	-0.81
1159	46.57	-8.78	-0.83
1160	46.61	-8.78	-0.88
1161	46.65	-8.78	-0.92
1162	46.69	-8.81	-0.95
1163	46.73	-8.84	-0.97
1164	46.77	-8.9	-0.97
1165	46.81	-9.02	-0.98
1166	46.85	-9.17	-1.02
1167	46.89	-9.34	-1.08
1168	46.93	-9.46	-1.13
1169	46.97	-9.52	-1.14
1170	47.01	-9.55	-1.14
1171	47.05	-9.58	-1.14
1172	47.09	-9.61	-1.14
1173	47.13	-9.64	-1.15
1174	47.17	-9.68	-1.15
1175	47.21	-9.72	-1.15
1176	47.25	-9.77	-1.15
1177	47.29	-9.82	-1.15
1178	47.33	-9.85	-1.16
1179	47.37	-9.85	-1.19
1180	47.41	-9.85	-1.22
1181	47.45	-9.84	-1.26
1182	47.49	-9.84	-1.29
1183	47.53	-9.87	-1.31
1184	47.57	-9.89	-1.33
1185	47.61	-9.91	-1.36
1186	47.65	-9.95	-1.38
1187	47.69	-9.98	-1.39
1188	47.73	-10.01	-1.4
1189	47.77	-10.05	-1.39
1190	47.81	-10.06	-1.38
1191	47.85	-10.07	-1.37
1192	47.89	-10.09	-1.37
1193	47.93	-10.12	-1.37
1194	47.97	-10.17	-1.35
1195	48.01	-10.23	-1.33
1196	48.05	-10.32	-1.33
1197	48.09	-10.43	-1.33
1198	48.13	-10.52	-1.36
1199	48.17	-10.59	-1.38
1200	48.21	-10.63	-1.38
1201	48.25	-10.64	-1.37
1202	48.29	-10.64	-1.34
1203	48.33	-10.64	-1.32
1204	48.37	-10.63	-1.3
1205	48.41	-10.63	-1.28
1206	48.45	-10.66	-1.23
1207	48.49	-10.7	-1.18
1208	48.53	-10.75	-1.14
1209	48.57	-10.76	-1.09
1210	48.61	-10.74	-1.05
1211	48.65	-10.69	-1.02
1212	48.69	-10.62	-0.95
1213	48.73	-10.57	-0.88
1214	48.77	-10.54	-0.81
1215	48.81	-10.53	-0.74
1216	48.85	-10.51	-0.67
1217	48.89	-10.49	-0.6
1218	48.93	-10.45	-0.52
1219	48.97	-10.39	-0.45
1220	49.01	-10.34	-0.38
1221	49.05	-10.29	-0.3
1222	49.09	-10.23	-0.23
1223	49.13	-10.19	-0.13
1224	49.17	-10.14	-0.04
1225	49.21	-10.09	0.03
1226	49.25	-10.06	0.09
1227	49.29	-9.98	0.13
1228	49.33	-9.92	0.15
1229	49.37	-9.85	0.2
1230	49.41	-9.82	0.26
1231	49.45	-9.84	0.3
1232	49.49	-9.85	0.35
1233	49.53	-9.82	0.39
1234	49.57	-9.77	0.41
1235	49.61	-9.71	0.44
1236	49.65	-9.64	0.47
1237	49.69	-9.6	0.52
1238	49.73	-9.53	0.61
1239	49.77	-9.45	0.71
1240	49.81	-9.38	0.85
1241	49.85	-9.3	0.99
1242	49.89	-9.24	1.09
1243	49.93	-9.21	1.18
1244	49.97	-9.18	1.25
1245	50.01	-9.19	1.29
1246	50.05	-9.2	1.33
1247	50.09	-9.23	1.35
1248	50.13	-9.25	1.39
1249	50.17	-9.27	1.41
1250	50.21	-9.3	1.41
1251	50.25	-9.33	1.42
1252	50.29	-9.38	1.42
1253	50.33	-9.41	1.44
1254	50.37	-9.41	1.49
1255	50.41	-9.41	1.54
1256	50.45	-9.41	1.59
1257	50.49	-9.4	1.63
1258	50.53	-9.42	1.66
1259	50.57	-9.45	1.7
1260	50.61	-9.47	1.74
1261	50.65	-9.5	1.81
1262	50.69	-9.53	1.87
1263	50.73	-9.55	1.92
1264	50.77	-9.58	1.96
1265	50.81	-9.61	1.98
1266	50.85	-9.63	2
1267	50.89	-9.64	1.99
1268	50.93	-9.63	1.99
1269	50.97	-9.62	1.97
1270	51.01	-9.61	1.94
1271	51.05	-9.62	1.91
1272	51.09	-9.63	1.87
1273	51.13	-9.68	1.81
1274	51.17	-9.73	1.76
1275	51.21	-9.79	1.7
1276	51.25	-9.86	1.65
1277	51.29	-9.91	1.6
1278	51.33	-9.97	1.56
1279	51.37	-10.04	1.53
1280	51.41	-10.14	1.46
1281	51.45	-10.25	1.41
1282	51.49	-10.37	1.37
1283	51.53	-10.46	1.35
1284	51.57	-10.52	1.35
1285	51.61	-10.58	1.38
1286	51.65	-10.64	1.43
1287	51.69	-10.71	1.5
1288	51.73	-10.77	1.59
1289	51.77	-10.8	1.63
1290	51.81	-10.79	1.65
1291	51.85	-10.77	1.69
1292	51.89	-10.75	1.73
1293	51.93	-10.73	1.77
1294	51.97	-10.68	1.8
1295	52.01	-10.63	1.82
1296	52.05	-10.56	1.84
1297	52.09	-10.5	1.86
1298	52.13	-10.46	1.86
1299	52.17	-10.42	1.83
1300	52.21	-10.4	1.8
1301	52.25	-10.39	1.78
1302	52.29	-10.38	1.77
1303	52.33	-10.34	1.76
1304	52.37	-10.28	1.74
1305	52.41	-10.23	1.7
1306	52.45	-10.19	1.68
1307	52.49	-10.17	1.67
1308	52.53	-10.16	1.65
1309	52.57	-10.15	1.64
1310	52.61	-10.12	1.6
1311	52.65	-10.1	1.52
1312	52.69	-10.07	1.44
1313	52.73	-10.06	1.35
1314	52.77	-10.05	1.23
1315	52.81	-10.04	1.12
1316	52.85	-10.03	1.03
1317	52.89	-10	0.94
1318	52.93	-9.97	0.86
1319	52.97	-9.95	0.8
1320	53.01	-9.92	0.74
1321	53.05	-9.89	0.71
1322	53.09	-9.86	0.68
1323	53.13	-9.82	0.62
1324	53.17	-9.8	0.54
1325	53.21	-9.77	0.44
1326	53.25	-9.75	0.34
1327	53.29	-9.71	0.26
1328	53.33	-9.67	0.21
1329	53.37	-9.63	0.16
1330	53.41	-9.6	0.11
1331	53.45	-9.58	0.07
1332	53.49	-9.57	-0.03
1333	53.53	-9.58	-0.16
1334	53.57	-9.61	-0.31
1335	53.61	-9.64	-0.46
1336	53.65	-9.66	-0.57
1337	53.69	-9.7	-0.65
1338	53.73	-9.72	-0.72
1339	53.77	-9.77	-0.8
1340	53.81	-9.82	-0.86
1341	53.85	-9.87	-0.92
1342	53.89	-9.93	-0.95
1343	53.93	-9.99	-0.98
1344	53.97	-10.04	-1.01
1345	54.01	-10.1	-1.03
1346	54.05	-10.13	-1.06
1347	54.09	-10.17	-1.09
1348	54.13	-10.2	-1.11
1349	54.17	-10.23	-1.13
1350	54.21	-10.26	-1.16
1351	54.25	-10.28	-1.19
1352	54.29	-10.31	-1.22
1353	54.33	-10.34	-1.26
1354	54.37	-10.37	-1.28
1355	54.41	-10.43	-1.3
1356	54.45	-10.49	-1.3
1357	54.49	-10.56	-1.3
1358	54.53	-10.63	-1.3
1359	54.57	-10.68	-1.3
1360	54.61	-10.74	-1.32
1361	54.65	-10.78	-1.33
1362	54.69	-10.83	-1.36
1363	54.73	-10.89	-1.39
1364	54.77	-10.95	-1.4
1365	54.81	-11.01	-1.43
1366	54.85	-11.04	-1.43
1367	54.89	-11.05	-1.41
1368	54.93	-11.05	-1.41
1369	54.97	-11.05	-1.38
1370	55.01	-11.05	-1.35
1371	55.05	-11.05	-1.31
1372	55.09	-11.05	-1.25
1373	55.13	-11.08	-1.19
1374	55.17	-11.12	-1.13
1375	55.21	-11.14	-1.09
1376	55.25	-11.19	-1.03
1377	55.29	-11.24	-0.97
1378	55.33	-11.29	-0.92
1379	55.37	-11.36	-0.87
1380	55.41	-11.39	-0.84
1381	55.45	-11.4	-0.81
1382	55.49	-11.43	-0.74
1383	55.53	-11.47	-0.67
1384	55.57	-11.57	-0.59
1385	55.61	-11.67	-0.54
1386	55.65	-11.74	-0.5
1387	55.69	-11.8	-0.47
1388	55.73	-11.83	-0.45
1389	55.77	-11.87	-0.45
1390	55.81	-11.92	-0.46
1391	55.85	-11.95	-0.44
1392	55.89	-11.99	-0.43
1393	55.93	-12.03	-0.42
1394	55.97	-12.07	-0.44
1395	56.01	-12.1	-0.44
1396	56.05	-12.11	-0.42
1397	56.09	-12.09	-0.36
1398	56.13	-12.07	-0.28
1399	56.17	-12.05	-0.24
1400	56.21	-12.05	-0.21
1401	56.25	-12.04	-0.2
1402	56.29	-12.03	-0.2
1403	56.33	-12.02	-0.2
1404	56.37	-11.99	-0.21
1405	56.41	-11.96	-0.24
1406	56.45	-11.93	-0.26
1407	56.49	-11.9	-0.28
1408	56.53	-11.88	-0.3
1409	56.57	-11.86	-0.31
1410	56.61	-11.86	-0.33
1411	56.64	-11.86	-0.33
1412	56.69	-11.86	-0.33
1413	56.73	-11.87	-0.34
1414	56.77	-11.87	-0.34
1415	56.81	-11.86	-0.35
1416	56.85	-11.83	-0.36
1417	56.89	-11.82	-0.34
1418	56.93	-11.84	-0.31
1419	56.97	-11.84	-0.29
1420	57.01	-11.85	-0.26
1421	57.05	-11.83	-0.25
1422	57.09	-11.81	-0.23
1423	57.13	-11.78	-0.21
1424	57.17	-11.76	-0.18
1425	57.2	-11.75	-0.15
1426	57.24	-11.72	-0.14
1427	57.28	-11.7	-0.11
1428	57.32	-11.68	-0.1
1429	57.36	-11.69	-0.06
1430	57.4	-11.73	-0.03
1431	57.44	-11.77	-0.01
1432	57.48	-11.84	0.04
1433	57.52	-11.9	0.07
1434	57.56	-11.96	0.11
1435	57.6	-12.04	0.16
1436	57.64	-12.14	0.2
1437	57.68	-12.22	0.24
1438	57.72	-12.29	0.26
1439	57.76	-12.36	0.29
1440	57.8	-12.44	0.33
1441	57.84	-12.52	0.37
1442	57.88	-12.61	0.44
1443	57.92	-12.65	0.5
1444	57.96	-12.66	0.55
1445	58	-12.68	0.6
1446	58.04	-12.69	0.64
1447	58.08	-12.72	0.72
1448	58.12	-12.78	0.82
1449	58.16	-12.86	0.94
1450	58.2	-12.95	1.07
1451	58.24	-13.04	1.2
1452	58.28	-13.09	1.32
1453	58.32	-13.14	1.46
1454	58.36	-13.19	1.58
1455	58.4	-13.25	1.72
1456	58.44	-13.32	1.86
1457	58.48	-13.35	1.97
1458	58.52	-13.38	2.07
1459	58.56	-13.41	2.18
1460	58.6	-13.41	2.34
1461	58.64	-13.44	2.52
1462	58.68	-13.44	2.69
1463	58.72	-13.43	2.82
1464	58.76	-13.44	2.88
1465	58.8	-13.42	2.92
1466	58.84	-13.43	2.96
1467	58.88	-13.43	3
1468	58.92	-13.42	3.05
1469	58.96	-13.41	3.09
1470	59	-13.4	3.12
1471	59.04	-13.38	3.15
1472	59.08	-13.37	3.17
1473	59.12	-13.37	3.2
1474	59.16	-13.36	3.22
1475	59.2	-13.36	3.24
1476	59.24	-13.36	3.25
1477	59.28	-13.36	3.26
1478	59.32	-13.35	3.26
1479	59.36	-13.34	3.26
1480	59.4	-13.34	3.25
1481	59.44	-13.35	3.23
1482	59.48	-13.35	3.23
1483	59.52	-13.36	3.21
1484	59.56	-13.37	3.2
1485	59.6	-13.39	3.18
1486	59.64	-13.41	3.16
1487	59.68	-13.42	3.15
1488	59.72	-13.42	3.14
1489	59.76	-13.42	3.14
1490	59.8	-13.42	3.12
1491	59.84	-13.41	3.13
1492	59.88	-13.41	3.13
1493	59.92	-13.4	3.15
1494	59.96	-13.38	3.16
1495	60	-13.38	3.17
1496	60.04	-13.37	3.18
1497	60.08	-13.36	3.18
1498	60.12	-13.35	3.21
1499	60.16	-13.33	3.22
1500	60.2	-13.32	3.22
1501	60.24	-13.32	3.23
1502	60.28	-13.32	3.23
1503	60.32	-13.33	3.22
1504	60.36	-13.33	3.23
1505	60.4	-13.32	3.23
1506	60.44	-13.31	3.24
1507	60.48	-13.32	3.24
1508	60.52	-13.33	3.24
1509	60.56	-13.34	3.24
1510	60.6	-13.35	3.24
1511	60.64	-13.34	3.24
1512	60.68	-13.34	3.24
1513	60.72	-13.35	3.24
1514	60.76	-13.34	3.24
1515	60.8	-13.34	3.24
1516	60.84	-13.33	3.25
1517	60.88	-13.32	3.25
1518	60.92	-13.32	3.24
1519	60.96	-13.31	3.24
1520	61	-13.32	3.24
1521	61.04	-13.31	3.23
1522	61.08	-13.32	3.21
1523	61.12	-13.34	3.18
1524	61.16	-13.36	3.16
1525	61.2	-13.38	3.14
1526	61.24	-13.38	3.14
1527	61.28	-13.36	3.15
1528	61.32	-13.34	3.17
1529	61.36	-13.31	3.18
1530	61.4	-13.29	3.18
1531	61.44	-13.27	3.18
1532	61.48	-13.25	3.18
1533	61.52	-13.25	3.17
1534	61.56	-13.26	3.15
1535	61.6	-13.27	3.13
1536	61.64	-13.28	3.11
1537	61.68	-13.31	3.08
1538	61.72	-13.31	3.07
1539	61.76	-13.34	3.04
1540	61.8	-13.37	3.01
1541	61.84	-13.39	2.98
1542	61.88	-13.43	2.94
1543	61.92	-13.49	2.9
1544	61.96	-13.52	2.87
1545	62	-13.56	2.85
1546	62.04	-13.61	2.82
1547	62.08	-13.65	2.79
1548	62.12	-13.74	2.74
1549	62.16	-13.84	2.71
1550	62.2	-13.93	2.72
1551	62.24	-14.02	2.74
1552	62.28	-14.06	2.77
1553	62.32	-14.08	2.79
1554	62.36	-14.06	2.77
1555	62.4	-14.01	2.77
1556	62.44	-13.98	2.77
1557	62.48	-13.93	2.78
1558	62.52	-13.92	2.8
1559	62.56	-13.91	2.83
1560	62.6	-13.92	2.87
1561	62.64	-13.94	2.88
1562	62.68	-13.95	2.89
1563	62.72	-13.95	2.9
1564	62.76	-13.95	2.89
1565	62.8	-13.95	2.91
1566	62.84	-13.96	2.97
1567	62.88	-13.98	3.03
1568	62.92	-13.99	3.09
1569	62.96	-13.99	3.14
1570	63	-13.98	3.17
1571	63.04	-13.99	3.2
1572	63.08	-13.97	3.26
1573	63.12	-13.96	3.33
1574	63.16	-13.97	3.42
1575	63.2	-13.98	3.48
1576	63.24	-14.03	3.52
1577	63.28	-14.09	3.57
1578	63.32	-14.17	3.62
1579	63.36	-14.26	3.69
1580	63.4	-14.35	3.75
1581	63.44	-14.41	3.79
1582	63.48	-14.43	3.83
1583	63.52	-14.43	3.84
1584	63.56	-14.41	3.86
1585	63.6	-14.39	3.88
1586	63.64	-14.38	3.92
1587	63.68	-14.35	3.96
1588	63.72	-14.33	3.98
1589	63.76	-14.27	3.98
1590	63.8	-14.18	3.96
1591	63.84	-14.08	3.93
1592	63.88	-13.97	3.92
1593	63.92	-13.89	3.9
1594	63.96	-13.81	3.9
1595	64	-13.75	3.91
1596	64.04	-13.71	3.93
1597	64.08	-13.67	3.94
1598	64.12	-13.61	3.92
1599	64.16	-13.54	3.89
1600	64.2	-13.48	3.85
1601	64.24	-13.41	3.81
1602	64.28	-13.36	3.79
1603	64.32	-13.31	3.77
1604	64.36	-13.27	3.74
1605	64.4	-13.24	3.72
1606	64.44	-13.22	3.7
1607	64.48	-13.2	3.69
1608	64.52	-13.18	3.68
1609	64.56	-13.17	3.67
1610	64.6	-13.17	3.66
1611	64.64	-13.18	3.65
1612	64.68	-13.18	3.65
1613	64.72	-13.19	3.65
1614	64.76	-13.2	3.65
1615	64.8	-13.22	3.65
1616	64.84	-13.24	3.65
1617	64.88	-13.27	3.65
1618	64.92	-13.29	3.65
1619	64.96	-13.31	3.65
1620	65	-13.33	3.65
1621	65.04	-13.35	3.66
1622	65.08	-13.38	3.67
1623	65.12	-13.4	3.68
1624	65.16	-13.42	3.7
1625	65.2	-13.43	3.7
1626	65.24	-13.44	3.7
1627	65.28	-13.45	3.71
1628	65.32	-13.46	3.7
1629	65.36	-13.46	3.7
1630	65.4	-13.45	3.68
1631	65.44	-13.45	3.67
1632	65.48	-13.44	3.66
1633	65.52	-13.43	3.64
1634	65.56	-13.44	3.64
1635	65.6	-13.44	3.64
1636	65.64	-13.46	3.64
1637	65.68	-13.47	3.64
1638	65.72	-13.48	3.65
1639	65.76	-13.48	3.65
1640	65.8	-13.48	3.65
1641	65.84	-13.49	3.65
1642	65.88	-13.5	3.66
1643	65.92	-13.5	3.65
1644	65.96	-13.51	3.66
1645	66	-13.51	3.66
1646	66.07	-13.52	3.66
1647	66.12	-13.53	3.66
1648	66.16	-13.53	3.66
1649	66.2	-13.54	3.66
1650	66.24	-13.54	3.66
1651	66.28	-13.55	3.66
1652	66.32	-13.55	3.66
1653	66.36	-13.56	3.66
1654	66.4	-13.56	3.66
1655	66.44	-13.58	3.66
1656	66.48	-13.58	3.66
1657	66.52	-13.58	3.66
1658	66.56	-13.59	3.66
1659	66.6	-13.6	3.66
1660	66.64	-13.61	3.66
1661	66.68	-13.63	3.66
1662	66.72	-13.63	3.65
1663	66.76	-13.64	3.65
1664	66.8	-13.63	3.65
1665	66.84	-13.64	3.65
1666	66.88	-13.64	3.65
1667	66.92	-13.65	3.65
1668	66.96	-13.64	3.65
1669	67	-13.65	3.65
1670	67.04	-13.65	3.65
1671	67.08	-13.66	3.65
1672	67.12	-13.67	3.65
1673	67.16	-13.66	3.65
1674	67.2	-13.66	3.64
1675	67.24	-13.66	3.64
1676	67.28	-13.66	3.64
1677	67.32	-13.67	3.64
1678	67.36	-13.68	3.64
1679	67.4	-13.68	3.65
1680	67.44	-13.67	3.65
1681	67.48	-13.67	3.65
1682	67.52	-13.67	3.65
1683	67.56	-13.68	3.65
1684	67.6	-13.7	3.65
1685	67.64	-13.7	3.65
1686	67.68	-13.7	3.66
1687	67.72	-13.7	3.66
1688	67.76	-13.7	3.66
1689	67.8	-13.7	3.66
1690	67.84	-13.69	3.65
1691	67.88	-13.7	3.65
1692	67.92	-13.69	3.65
1693	67.96	-13.7	3.65
1694	68	-13.71	3.65
1695	68.04	-13.7	3.65
1696	68.08	-13.71	3.65
1697	68.12	-13.7	3.65
1698	68.16	-13.69	3.64
1699	68.2	-13.7	3.65
1700	68.24	-13.69	3.65
1701	68.28	-13.7	3.65
1702	68.32	-13.71	3.66
1703	68.36	-13.71	3.66
1704	68.4	-13.71	3.66
1705	68.44	-13.71	3.66
1706	68.48	-13.72	3.66
1707	68.52	-13.73	3.66
1708	68.56	-13.73	3.66
1709	68.6	-13.73	3.67
1710	68.64	-13.73	3.67
1711	68.68	-13.72	3.67
1712	68.72	-13.72	3.67
1713	68.76	-13.72	3.67
1714	68.8	-13.72	3.67
1715	68.84	-13.72	3.67
1716	68.88	-13.72	3.68
1717	68.92	-13.71	3.68
1718	68.96	-13.7	3.68
1719	69	-13.7	3.68
1720	69.04	-13.7	3.68
1721	69.08	-13.69	3.68
1722	69.12	-13.71	3.68
1723	69.16	-13.71	3.69
1724	69.2	-13.71	3.69
1725	69.24	-13.72	3.68
1726	69.28	-13.72	3.69
1727	69.32	-13.72	3.69
1728	69.36	-13.71	3.69
1729	69.4	-13.71	3.69
1730	69.44	-13.71	3.69
1731	69.48	-13.7	3.68
1732	69.52	-13.7	3.69
1733	69.56	-13.7	3.69
1734	69.6	-13.7	3.69
1735	69.64	-13.71	3.7
1736	69.68	-13.72	3.7
1737	69.72	-13.72	3.71
1738	69.76	-13.73	3.72
1739	69.8	-13.73	3.72
1740	69.84	-13.72	3.73
1741	69.88	-13.72	3.73
1742	69.92	-13.72	3.74
1743	69.96	-13.73	3.74
1744	70	-13.73	3.74
1745	70.04	-13.73	3.74
1746	70.08	-13.72	3.74
1747	70.12	-13.73	3.74
1748	70.16	-13.73	3.74
1749	70.2	-13.74	3.74
1750	70.24	-13.73	3.74
1751	70.28	-13.73	3.74
1752	70.32	-13.73	3.74
1753	70.36	-13.72	3.74
1754	70.4	-13.73	3.73
1755	70.48	-13.73	3.74
1756	70.52	-13.73	3.74
1757	70.56	-13.73	3.75
1758	70.6	-13.72	3.75
1759	70.64	-13.72	3.75
1760	70.68	-13.72	3.75
1761	70.72	-13.72	3.74
1762	70.76	-13.73	3.74
1763	70.8	-13.73	3.74
1764	70.84	-13.73	3.74
1765	70.88	-13.73	3.75
1766	70.92	-13.73	3.76
1767	70.96	-13.74	3.75
1768	71	-13.74	3.75
1769	71.04	-13.75	3.75
1770	71.08	-13.75	3.75
1771	71.12	-13.75	3.76
1772	71.16	-13.75	3.76
1773	71.2	-13.76	3.76
1774	71.24	-13.76	3.77
1775	71.28	-13.77	3.77
1776	71.32	-13.76	3.77
1777	71.36	-13.76	3.77
1778	71.4	-13.76	3.77
1779	71.44	-13.76	3.76
1780	71.48	-13.77	3.76
1781	71.52	-13.76	3.76
1782	71.56	-13.76	3.77
1783	71.6	-13.76	3.78
1784	71.64	-13.75	3.78
1785	71.68	-13.77	3.78
1786	71.72	-13.77	3.78
1787	71.76	-13.77	3.78
1788	71.8	-13.77	3.78
1789	71.84	-13.77	3.78
1790	71.88	-13.76	3.78
1791	71.92	-13.77	3.79
1792	71.96	-13.77	3.8
1793	72	-13.77	3.79
1794	72.04	-13.78	3.8
1795	72.08	-13.77	3.79
1796	72.12	-13.78	3.79
1797	72.16	-13.79	3.8
1798	72.2	-13.85	3.81
1799	72.24	-13.92	3.84
1800	72.28	-13.99	3.87
1801	72.32	-14.05	3.89
1802	72.36	-14.08	3.9
1803	72.4	-14.09	3.9
1804	72.44	-14.1	3.9
1805	72.48	-14.12	3.9
1806	72.52	-14.14	3.89
1807	72.56	-14.16	3.9
1808	72.6	-14.18	3.91
1809	72.64	-14.21	3.93
1810	72.68	-14.24	3.95
1811	72.72	-14.26	3.97
1812	72.76	-14.28	3.98
1813	72.8	-14.31	4.01
1814	72.84	-14.33	4.02
1815	72.88	-14.37	4.03
1816	72.92	-14.4	4.04
1817	72.96	-14.43	4.05
1818	73	-14.44	4.06
1819	73.04	-14.45	4.08
1820	73.08	-14.44	4.09
1821	73.12	-14.44	4.11
1822	73.16	-14.44	4.14
1823	73.2	-14.44	4.17
1824	73.24	-14.44	4.21
1825	73.28	-14.43	4.26
1826	73.32	-14.42	4.32
1827	73.36	-14.4	4.36
1828	73.4	-14.38	4.4
1829	73.44	-14.37	4.46
1830	73.48	-14.36	4.51
1831	73.52	-14.36	4.57
1832	73.56	-14.36	4.64
1833	73.6	-14.36	4.72
1834	73.64	-14.36	4.8
1835	73.68	-14.34	4.88
1836	73.72	-14.32	4.95
1837	73.76	-14.3	5.01
1838	73.8	-14.28	5.05
1839	73.84	-14.25	5.1
1840	73.88	-14.24	5.15
1841	73.92	-14.22	5.22
1842	73.96	-14.23	5.29
1843	74	-14.26	5.34
1844	74.04	-14.28	5.37
1845	74.08	-14.3	5.38
1846	74.12	-14.32	5.38
1847	74.16	-14.32	5.39
1848	74.2	-14.35	5.38
1849	74.24	-14.36	5.39
1850	74.28	-14.39	5.37
1851	74.32	-14.43	5.36
1852	74.36	-14.47	5.33
1853	74.4	-14.51	5.28
1854	74.44	-14.56	5.24
1855	74.48	-14.59	5.19
1856	74.52	-14.62	5.16
1857	74.56	-14.64	5.14
1858	74.61	-14.64	5.12
1859	74.73	-14.65	5.11
1860	74.76	-14.63	5.07
1861	74.8	-14.61	4.99
1862	74.84	-14.57	4.91
1863	74.88	-14.51	4.81
1864	74.92	-14.47	4.74
1865	74.96	-14.44	4.71
1866	75	-14.41	4.68
1867	75.04	-14.39	4.65
1868	75.08	-14.37	4.6
1869	75.12	-14.36	4.58
1870	75.16	-14.36	4.58
1871	75.2	-14.38	4.58
1872	75.24	-14.42	4.58
1873	75.28	-14.47	4.56
1874	75.32	-14.53	4.55
1875	75.36	-14.59	4.57
1876	75.4	-14.65	4.62
1877	75.44	-14.7	4.66
1878	75.48	-14.75	4.66
1879	75.52	-14.79	4.63
1880	75.56	-14.83	4.6
1881	75.6	-14.84	4.56
1882	75.64	-14.84	4.53
1883	75.68	-14.83	4.49
1884	75.72	-14.83	4.45
1885	75.76	-14.84	4.41
1886	75.8	-14.85	4.39
1887	75.84	-14.86	4.37
1888	75.88	-14.88	4.34
1889	75.92	-14.9	4.32
1890	75.96	-14.93	4.32
1891	76	-14.95	4.33
1892	76.04	-14.99	4.37
1893	76.08	-15.03	4.4
1894	76.12	-15.05	4.41
1895	76.16	-15.08	4.4
1896	76.2	-15.09	4.38
1897	76.24	-15.09	4.36
1898	76.28	-15.1	4.37
1899	76.32	-15.1	4.38
1900	76.36	-15.1	4.37
1901	76.4	-15.11	4.34
1902	76.44	-15.11	4.3
1903	76.48	-15.11	4.24
1904	76.52	-15.12	4.18
1905	76.56	-15.12	4.15
1906	76.6	-15.13	4.12
1907	76.64	-15.13	4.1
1908	76.68	-15.14	4.11
1909	76.72	-15.14	4.1
1910	76.76	-15.13	4.11
1911	76.8	-15.12	4.11
1912	76.84	-15.1	4.1
1913	76.88	-15.09	4.08
1914	76.92	-15.07	4.05
1915	76.96	-15.06	4.01
1916	77	-15.04	3.97
1917	77.04	-15.02	3.92
1918	77.08	-15	3.89
1919	77.12	-14.97	3.87
1920	77.16	-14.94	3.84
1921	77.2	-14.91	3.82
1922	77.24	-14.89	3.8
1923	77.28	-14.89	3.79
1924	77.32	-14.9	3.78
1925	77.36	-14.9	3.78
1926	77.4	-14.88	3.76
1927	77.44	-14.87	3.74
1928	77.48	-14.85	3.71
1929	77.52	-14.84	3.69
1930	77.56	-14.86	3.68
1931	77.6	-14.88	3.69
1932	77.64	-14.92	3.71
1933	77.68	-14.96	3.73
1934	77.72	-15.01	3.76
1935	77.76	-15.05	3.8
1936	77.8	-15.1	3.84
1937	77.84	-15.16	3.89
1938	77.88	-15.21	3.94
1939	77.92	-15.25	3.99
1940	77.96	-15.28	4.03
1941	78	-15.31	4.07
1942	78.04	-15.34	4.11
1943	78.08	-15.37	4.15
1944	78.12	-15.41	4.17
1945	78.16	-15.45	4.19
1946	78.2	-15.51	4.19
1947	78.24	-15.56	4.17
1948	78.28	-15.62	4.13
1949	78.32	-15.66	4.08
1950	78.36	-15.7	4.03
1951	78.4	-15.73	4
1952	78.44	-15.77	3.99
1953	78.48	-15.81	4.01
1954	78.52	-15.85	4.03
1955	78.56	-15.9	4.08
1956	78.6	-15.96	4.13
1957	78.64	-16.02	4.16
1958	78.68	-16.08	4.21
1959	78.72	-16.13	4.27
1960	78.76	-16.17	4.33
1961	78.8	-16.2	4.41
1962	78.84	-16.23	4.48
1963	78.88	-16.27	4.55
1964	78.92	-16.34	4.61
1965	78.96	-16.39	4.65
1966	79	-16.45	4.68
1967	79.04	-16.49	4.66
1968	79.08	-16.51	4.65
1969	79.12	-16.54	4.62
1970	79.16	-16.57	4.61
1971	79.2	-16.61	4.63
1972	79.24	-16.65	4.66
1973	79.28	-16.7	4.69
1974	79.32	-16.74	4.71
1975	79.36	-16.79	4.73
1976	79.4	-16.85	4.72
1977	79.44	-16.91	4.71
1978	79.48	-16.97	4.69
1979	79.52	-17.05	4.63
1980	79.56	-17.13	4.58
1981	79.6	-17.2	4.54
1982	79.64	-17.27	4.49
1983	79.68	-17.33	4.47
1984	79.72	-17.4	4.46
1985	79.76	-17.47	4.47
1986	79.8	-17.55	4.5
1987	79.84	-17.63	4.56
1988	79.88	-17.69	4.64
1989	79.92	-17.75	4.71
1990	79.96	-17.8	4.82
1991	80	-17.86	4.9
1992	80.04	-17.92	4.97
1993	80.08	-17.98	5.04
1994	80.12	-18.05	5.07
1995	80.16	-18.11	5.1
1996	80.2	-18.2	5.11
1997	80.24	-18.3	5.12
1998	80.28	-18.42	5.11
1999	80.32	-18.57	5.09
2000	80.36	-18.72	5.03
2001	80.4	-18.86	4.94
2002	80.44	-18.95	4.82
2003	80.48	-18.99	4.71
2004	80.52	-19	4.66
2005	80.56	-18.97	4.67
2006	80.6	-18.94	4.69
2007	80.64	-18.91	4.73
2008	80.68	-18.86	4.78
2009	80.72	-18.81	4.82
2010	80.76	-18.74	4.88
2011	80.8	-18.64	4.96
2012	80.84	-18.54	5.01
2013	80.88	-18.45	5.03
2014	80.92	-18.38	5.05
2015	80.96	-18.32	5.04
2016	81	-18.25	5.02
2017	81.04	-18.22	4.99
2018	81.08	-18.17	4.97
2019	81.12	-18.12	4.94
2020	81.16	-18.08	4.91
2021	81.2	-18.01	4.88
2022	81.24	-17.95	4.82
2023	81.28	-17.87	4.77
2024	81.32	-17.79	4.73
2025	81.36	-17.72	4.69
2026	81.4	-17.66	4.69
2027	81.44	-17.61	4.68
2028	81.48	-17.56	4.67
2029	81.52	-17.54	4.65
2030	81.56	-17.51	4.63
2031	81.6	-17.49	4.62
2032	81.64	-17.49	4.6
2033	81.68	-17.49	4.61
2034	81.72	-17.49	4.61
2035	81.76	-17.49	4.62
2036	81.8	-17.5	4.61
2037	81.84	-17.49	4.62
2038	81.88	-17.49	4.61
2039	81.92	-17.49	4.59
2040	81.96	-17.49	4.57
2041	82	-17.49	4.54
2042	82.04	-17.48	4.53
2043	82.08	-17.47	4.53
2044	82.12	-17.46	4.54
2045	82.16	-17.46	4.53
2046	82.2	-17.45	4.52
2047	82.24	-17.44	4.51
2048	82.28	-17.44	4.5
2049	82.32	-17.44	4.51
2050	82.36	-17.44	4.51
2051	82.4	-17.44	4.51
2052	82.44	-17.45	4.51
2053	82.48	-17.45	4.52
2054	82.52	-17.46	4.53
2055	82.56	-17.47	4.56
2056	82.6	-17.48	4.57
2057	82.64	-17.48	4.59
2058	82.68	-17.49	4.61
2059	82.72	-17.49	4.6
2060	82.76	-17.5	4.6
2061	82.8	-17.5	4.6
2062	82.84	-17.5	4.6
2063	82.88	-17.49	4.61
2064	82.92	-17.49	4.61
2065	82.96	-17.5	4.62
2066	83	-17.5	4.62
2067	83.04	-17.51	4.62
2068	83.08	-17.52	4.64
2069	83.12	-17.52	4.65
2070	83.16	-17.53	4.66
2071	83.2	-17.53	4.67
2072	83.24	-17.53	4.66
2073	83.28	-17.54	4.67
2074	83.32	-17.55	4.69
2075	83.36	-17.55	4.7
2076	83.4	-17.54	4.71
2077	83.44	-17.54	4.71
2078	83.48	-17.53	4.71
2079	83.52	-17.53	4.71
2080	83.56	-17.53	4.71
2081	83.6	-17.54	4.71
2082	83.64	-17.54	4.72
2083	83.68	-17.55	4.73
2084	83.72	-17.55	4.74
2085	83.76	-17.55	4.75
2086	83.8	-17.55	4.76
2087	83.84	-17.55	4.76
2088	83.88	-17.56	4.77
2089	83.92	-17.56	4.77
2090	83.96	-17.57	4.76
2091	84	-17.57	4.77
2092	84.04	-17.57	4.76
2093	84.08	-17.57	4.77
2094	84.12	-17.57	4.77
2095	84.16	-17.57	4.77
2096	84.2	-17.58	4.78
2097	84.24	-17.57	4.77
2098	84.28	-17.58	4.79
2099	84.32	-17.58	4.8
2100	84.36	-17.58	4.8
2101	84.4	-17.58	4.81
2102	84.44	-17.58	4.8
2103	84.48	-17.59	4.81
2104	84.52	-17.59	4.8
2105	84.56	-17.59	4.8
2106	84.6	-17.6	4.81
2107	84.64	-17.6	4.81
2108	84.68	-17.59	4.82
2109	84.72	-17.59	4.81
2110	84.76	-17.59	4.81
2111	84.8	-17.59	4.81
2112	84.84	-17.59	4.8
2113	84.88	-17.59	4.8
2114	84.92	-17.58	4.81
2115	84.96	-17.59	4.81
2116	85	-17.59	4.82
2117	85.04	-17.59	4.82
2118	85.08	-17.59	4.82
2119	85.12	-17.59	4.81
2120	85.16	-17.59	4.81
2121	85.2	-17.6	4.81
2122	85.24	-17.6	4.81
2123	85.28	-17.59	4.81
2124	85.32	-17.59	4.82
2125	85.36	-17.59	4.82
2126	85.4	-17.58	4.82
2127	85.44	-17.58	4.82
2128	85.48	-17.59	4.83
2129	85.52	-17.59	4.82
2130	85.56	-17.6	4.83
2131	85.6	-17.6	4.83
2132	85.64	-17.6	4.83
2133	85.68	-17.6	4.84
2134	85.72	-17.59	4.84
2135	85.76	-17.59	4.85
2136	85.8	-17.59	4.87
2137	85.84	-17.59	4.87
2138	85.88	-17.6	4.87
2139	85.92	-17.6	4.87
2140	85.96	-17.6	4.87
2141	86	-17.6	4.88
2142	86.04	-17.6	4.89
2143	86.08	-17.6	4.89
2144	86.12	-17.61	4.88
2145	86.16	-17.6	4.87
2146	86.2	-17.62	4.86
2147	86.24	-17.63	4.84
2148	86.28	-17.65	4.83
2149	86.32	-17.66	4.8
2150	86.36	-17.66	4.77
2151	86.4	-17.66	4.75
2152	86.44	-17.65	4.72
2153	86.48	-17.66	4.7
2154	86.52	-17.67	4.68
2155	86.56	-17.69	4.66
2156	86.6	-17.71	4.66
2157	86.64	-17.72	4.67
2158	86.68	-17.74	4.69
2159	86.72	-17.75	4.72
2160	86.76	-17.76	4.74
2161	86.8	-17.76	4.77
2162	86.84	-17.77	4.8
2163	86.88	-17.77	4.82
2164	86.92	-17.78	4.84
2165	86.96	-17.78	4.84
2166	87	-17.78	4.84
2167	87.04	-17.78	4.81
2168	87.08	-17.78	4.8
2169	87.12	-17.78	4.77
2170	87.16	-17.77	4.75
2171	87.2	-17.77	4.73
2172	87.24	-17.77	4.71
2173	87.28	-17.76	4.71
2174	87.32	-17.75	4.71
2175	87.36	-17.74	4.7
2176	87.4	-17.74	4.69
2177	87.44	-17.74	4.68
2178	87.48	-17.74	4.68
2179	87.52	-17.73	4.7
2180	87.56	-17.72	4.7
2181	87.6	-17.72	4.71
2182	87.64	-17.71	4.7
2183	87.68	-17.71	4.69
2184	87.72	-17.71	4.69
2185	87.76	-17.7	4.67
2186	87.8	-17.7	4.68
2187	87.84	-17.7	4.68
2188	87.88	-17.69	4.69
2189	87.92	-17.69	4.7
2190	87.96	-17.69	4.7
2191	88	-17.69	4.7
2192	88.04	-17.69	4.7
2193	88.08	-17.7	4.7
2194	88.12	-17.69	4.69
2195	88.16	-17.69	4.7
2196	88.2	-17.7	4.71
2197	88.24	-17.7	4.71
2198	88.28	-17.71	4.73
2199	88.32	-17.71	4.73
2200	88.36	-17.71	4.73
2201	88.4	-17.71	4.75
2202	88.44	-17.71	4.74
2203	88.48	-17.7	4.76
2204	88.52	-17.7	4.77
2205	88.56	-17.7	4.77
2206	88.6	-17.7	4.77
2207	88.64	-17.7	4.76
2208	88.68	-17.7	4.75
2209	88.72	-17.7	4.76
2210	88.76	-17.71	4.77
2211	88.8	-17.71	4.78
2212	88.84	-17.7	4.79
2213	88.88	-17.7	4.79
2214	88.92	-17.69	4.79
2215	88.96	-17.7	4.78
2216	89	-17.7	4.77
2217	89.04	-17.7	4.77
2218	89.08	-17.7	4.77
2219	89.12	-17.7	4.78
2220	89.16	-17.7	4.78
2221	89.2	-17.7	4.8
2222	89.24	-17.69	4.79
2223	89.28	-17.7	4.78
2224	89.32	-17.7	4.78
2225	89.36	-17.7	4.79
2226	89.4	-17.7	4.8
2227	89.44	-17.7	4.81
2228	89.48	-17.7	4.83
2229	89.52	-17.7	4.81
2230	89.56	-17.7	4.82
2231	89.6	-17.7	4.82
2232	89.64	-17.7	4.83
2233	89.68	-17.7	4.84
2234	89.72	-17.7	4.82
2235	89.76	-17.7	4.82
2236	89.8	-17.7	4.81
2237	89.84	-17.7	4.81
2238	89.88	-17.7	4.81
2239	89.92	-17.7	4.81
2240	89.96	-17.69	4.81
2241	90	-17.69	4.81
2242	90.04	-17.69	4.81
2243	90.08	-17.69	4.81
2244	90.12	-17.69	4.81
2245	90.16	-17.69	4.82
2246	90.2	-17.7	4.84
2247	90.24	-17.7	4.85
2248	90.28	-17.7	4.85
2249	90.32	-17.7	4.85
2250	90.36	-17.7	4.84
2251	90.4	-17.7	4.82
2252	90.44	-17.7	4.82
2253	90.48	-17.69	4.82
2254	90.52	-17.69	4.82
2255	90.56	-17.69	4.84
2256	90.6	-17.7	4.84
2257	90.64	-17.7	4.84
2258	90.68	-17.7	4.84
2259	90.72	-17.71	4.85
2260	90.76	-17.71	4.84
2261	90.8	-17.7	4.83
2262	90.84	-17.7	4.84
2263	90.88	-17.7	4.83
2264	90.92	-17.7	4.84
2265	90.96	-17.7	4.85
2266	91	-17.7	4.84
2267	91.04	-17.7	4.85
2268	91.08	-17.7	4.85
2269	91.12	-17.7	4.86
2270	91.16	-17.7	4.86
2271	91.2	-17.7	4.88
2272	91.24	-17.7	4.9
2273	91.28	-17.7	4.9
2274	91.32	-17.7	4.9
2275	91.36	-17.7	4.9
2276	91.4	-17.7	4.9
2277	91.44	-17.7	4.91
2278	91.48	-17.7	4.91
2279	91.52	-17.71	4.91
2280	91.56	-17.71	4.9
2281	91.6	-17.7	4.89
2282	91.64	-17.7	4.89
2283	91.68	-17.69	4.89
2284	91.72	-17.69	4.9
2285	91.76	-17.69	4.89
2286	91.8	-17.69	4.9
2287	91.84	-17.7	4.9
2288	91.88	-17.7	4.9
2289	91.92	-17.7	4.9
2290	91.96	-17.7	4.9
2291	92	-17.7	4.9
2292	92.04	-17.7	4.89
2293	92.08	-17.7	4.9
2294	92.12	-17.7	4.88
2295	92.16	-17.69	4.89
2296	92.2	-17.69	4.88
2297	92.24	-17.69	4.88
2298	92.28	-17.69	4.89
2299	92.32	-17.69	4.89
2300	92.36	-17.69	4.9
2301	92.4	-17.69	4.9
2302	92.44	-17.69	4.89
2303	92.48	-17.7	4.89
2304	92.52	-17.7	4.89
2305	92.56	-17.7	4.89
2306	92.6	-17.7	4.9
2307	92.64	-17.69	4.91
2308	92.68	-17.69	4.9
2309	92.72	-17.69	4.91
2310	92.76	-17.7	4.92
2311	92.8	-17.7	4.92
2312	92.84	-17.7	4.92
2313	92.88	-17.69	4.91
2314	92.92	-17.7	4.89
2315	92.96	-17.69	4.89
2316	93	-17.7	4.88
2317	93.04	-17.7	4.9
2318	93.08	-17.69	4.91
2319	93.12	-17.69	4.91
2320	93.16	-17.69	4.92
2321	93.2	-17.69	4.92
2322	93.24	-17.7	4.91
2323	93.28	-17.7	4.92
2324	93.32	-17.71	4.92
2325	93.36	-17.71	4.92
2326	93.4	-17.71	4.93
2327	93.44	-17.7	4.93
2328	93.48	-17.7	4.92
2329	93.52	-17.7	4.94
2330	93.56	-17.7	4.93
2331	93.6	-17.7	4.92
2332	93.64	-17.71	4.92
2333	93.68	-17.7	4.91
2334	93.72	-17.7	4.92
2335	93.76	-17.69	4.93
2336	93.8	-17.69	4.93
2337	93.84	-17.69	4.94
2338	93.88	-17.69	4.95
2339	93.92	-17.7	4.95
2340	93.96	-17.69	4.94
2341	94	-17.7	4.93
2342	94.04	-17.7	4.92
2343	94.08	-17.7	4.92
2344	94.12	-17.7	4.92
2345	94.16	-17.69	4.94
2346	94.2	-17.7	4.93
2347	94.24	-17.7	4.94
2348	94.28	-17.7	4.94
2349	94.31	-17.7	4.93
2350	94.36	-17.7	4.94
2351	94.4	-17.7	4.93
2352	94.44	-17.7	4.94
2353	94.48	-17.7	4.93
2354	94.52	-17.7	4.94
2355	94.56	-17.7	4.94
2356	94.6	-17.7	4.94
2357	94.64	-17.69	4.95
2358	94.68	-17.69	4.94
2359	94.72	-17.69	4.94
2360	94.76	-17.69	4.94
2361	94.79	-17.7	4.93
2362	94.83	-17.7	4.93
2363	94.87	-17.7	4.93
2364	94.92	-17.71	4.91
2365	94.96	-17.71	4.91
2366	95	-17.71	4.89
2367	95.04	-17.72	4.87
2368	95.07	-17.72	4.87
2369	95.11	-17.72	4.86
2370	95.15	-17.73	4.86
2371	95.19	-17.74	4.87
2372	95.23	-17.74	4.88
2373	95.27	-17.74	4.89
2374	95.32	-17.74	4.89
2375	95.35	-17.74	4.89
2376	95.39	-17.73	4.88
2377	95.43	-17.74	4.87
2378	95.47	-17.74	4.88
2379	95.51	-17.75	4.89
2380	95.55	-17.75	4.89
2381	95.59	-17.75	4.88
2382	95.63	-17.75	4.87
2383	95.67	-17.75	4.87
2384	95.71	-17.74	4.88
2385	95.75	-17.75	4.88
2386	95.79	-17.74	4.89
2387	95.83	-17.74	4.88
2388	95.87	-17.74	4.88
2389	95.91	-17.74	4.89
2390	95.95	-17.74	4.89
2391	95.99	-17.73	4.9
2392	96.03	-17.73	4.89
2393	96.07	-17.73	4.89
2394	96.11	-17.73	4.89
2395	96.15	-17.73	4.89
2396	96.19	-17.74	4.89
2397	96.23	-17.74	4.88
2398	96.27	-17.74	4.88
2399	96.31	-17.74	4.88
2400	96.35	-17.73	4.88
2401	96.39	-17.73	4.89
2402	96.43	-17.72	4.9
2403	96.47	-17.72	4.91
2404	96.51	-17.71	4.93
2405	96.55	-17.71	4.93
2406	96.59	-17.7	4.94
2407	96.63	-17.69	4.94
2408	96.67	-17.67	4.94
2409	96.71	-17.64	4.94
2410	96.75	-17.62	4.95
2411	96.79	-17.6	4.94
2412	96.83	-17.59	4.94
2413	96.87	-17.57	4.96
2414	96.91	-17.56	5
2415	96.95	-17.56	5.03
2416	96.99	-17.55	5.07
2417	97.03	-17.55	5.09
2418	97.07	-17.54	5.09
2419	97.11	-17.54	5.1
2420	97.15	-17.54	5.11
2421	97.19	-17.55	5.13
2422	97.23	-17.56	5.15
2423	97.27	-17.58	5.17
2424	97.31	-17.61	5.18
2425	97.35	-17.62	5.19
2426	97.39	-17.64	5.2
2427	97.43	-17.64	5.21
2428	97.47	-17.64	5.22
2429	97.51	-17.64	5.23
2430	97.55	-17.64	5.24
2431	97.59	-17.64	5.26
2432	97.63	-17.63	5.28
2433	97.67	-17.62	5.29
2434	97.71	-17.62	5.29
2435	97.75	-17.61	5.29
2436	97.79	-17.61	5.28
2437	97.83	-17.6	5.29
2438	97.87	-17.59	5.3
2439	97.91	-17.59	5.3
2440	97.95	-17.6	5.3
2441	97.99	-17.61	5.3
2442	98.03	-17.61	5.31
2443	98.07	-17.61	5.32
2444	98.11	-17.62	5.32
2445	98.15	-17.62	5.33
2446	98.19	-17.62	5.32
2447	98.23	-17.63	5.33
2448	98.27	-17.63	5.33
2449	98.31	-17.63	5.34
2450	98.35	-17.63	5.34
2451	98.39	-17.63	5.34
2452	98.43	-17.62	5.34
2453	98.47	-17.63	5.33
2454	98.51	-17.63	5.33
2455	98.55	-17.63	5.32
2456	98.59	-17.63	5.33
2457	98.63	-17.63	5.33
2458	98.67	-17.62	5.34
2459	98.71	-17.63	5.35
2460	98.75	-17.63	5.35
2461	98.79	-17.63	5.35
2462	98.83	-17.63	5.35
2463	98.87	-17.63	5.34
2464	98.91	-17.63	5.35
2465	98.95	-17.63	5.37
2466	98.99	-17.63	5.37
2467	99.03	-17.63	5.38
2468	99.07	-17.63	5.37
2469	99.11	-17.63	5.37
2470	99.15	-17.63	5.36
2471	99.19	-17.63	5.37
2472	99.23	-17.63	5.37
2473	99.27	-17.63	5.39
2474	99.31	-17.62	5.39
2475	99.35	-17.62	5.4
2476	99.39	-17.62	5.4
2477	99.43	-17.62	5.39
2478	99.47	-17.61	5.4
2479	99.51	-17.61	5.4
2480	99.55	-17.61	5.4
2481	99.59	-17.61	5.4
2482	99.63	-17.62	5.4
2483	99.67	-17.62	5.4
2484	99.71	-17.62	5.39
2485	99.75	-17.62	5.39
2486	99.79	-17.62	5.4
2487	99.83	-17.62	5.41
2488	99.87	-17.62	5.43
2489	99.91	-17.62	5.44
2490	99.95	-17.62	5.43
2491	99.99	-17.62	5.42
2492	100.03	-17.62	5.42
2493	100.07	-17.62	5.41
2494	100.11	-17.63	5.43
2495	100.15	-17.63	5.46
2496	100.19	-17.64	5.48
2497	100.23	-17.64	5.52
2498	100.27	-17.64	5.54
2499	100.31	-17.65	5.54
2500	100.35	-17.65	5.55
2501	100.39	-17.65	5.54
2502	100.43	-17.65	5.55
2503	100.47	-17.65	5.55
2504	100.51	-17.64	5.55
2505	100.55	-17.64	5.56
2506	100.59	-17.64	5.55
2507	100.63	-17.65	5.55
2508	100.67	-17.65	5.55
2509	100.71	-17.66	5.56
2510	100.75	-17.67	5.58
2511	100.79	-17.67	5.6
2512	100.83	-17.68	5.63
2513	100.87	-17.68	5.64
2514	100.91	-17.68	5.67
2515	100.95	-17.68	5.68
2516	100.99	-17.68	5.71
2517	101.03	-17.69	5.73
2518	101.07	-17.69	5.76
2519	101.11	-17.69	5.79
2520	101.15	-17.69	5.81
2521	101.19	-17.68	5.84
2522	101.23	-17.69	5.86
2523	101.27	-17.69	5.86
2524	101.31	-17.7	5.88
2525	101.35	-17.72	5.91
2526	101.39	-17.72	5.93
2527	101.43	-17.72	5.96
2528	101.47	-17.72	5.97
2529	101.51	-17.71	5.97
2530	101.55	-17.72	5.97
2531	101.59	-17.72	5.98
2532	101.63	-17.72	5.98
2533	101.67	-17.73	5.99
2534	101.71	-17.73	5.99
2535	101.75	-17.73	5.99
2536	101.79	-17.74	6.01
2537	101.83	-17.75	6.02
2538	101.87	-17.77	6.05
2539	101.91	-17.8	6.08
2540	101.95	-17.83	6.09
2541	101.99	-17.84	6.11
2542	102.03	-17.83	6.1
2543	102.07	-17.83	6.09
2544	102.11	-17.83	6.08
2545	102.15	-17.84	6.06
2546	102.19	-17.84	6.06
2547	102.23	-17.83	6.05
2548	102.27	-17.83	6.04
2549	102.31	-17.82	6.03
2550	102.35	-17.83	6.01
2551	102.39	-17.83	6
2552	102.43	-17.83	6
2553	102.47	-17.83	6
2554	102.51	-17.81	6.02
2555	102.55	-17.78	6.07
2556	102.59	-17.75	6.1
2557	102.63	-17.72	6.13
2558	102.67	-17.72	6.17
2559	102.71	-17.73	6.17
2560	102.75	-17.74	6.18
2561	102.79	-17.74	6.19
2562	102.83	-17.74	6.2
2563	102.87	-17.76	6.22
2564	102.91	-17.77	6.23
2565	102.95	-17.79	6.25
2566	102.99	-17.79	6.27
2567	103.03	-17.78	6.28
2568	103.07	-17.77	6.3
2569	103.11	-17.75	6.32
2570	103.15	-17.72	6.34
2571	103.19	-17.71	6.35
2572	103.23	-17.69	6.36
2573	103.27	-17.66	6.34
2574	103.31	-17.62	6.32
2575	103.35	-17.57	6.32
2576	103.39	-17.53	6.32
2577	103.43	-17.48	6.33
2578	103.47	-17.45	6.35
2579	103.51	-17.44	6.37
2580	103.55	-17.43	6.39
2581	103.59	-17.42	6.42
2582	103.63	-17.41	6.44
2583	103.67	-17.39	6.47
2584	103.71	-17.36	6.49
2585	103.75	-17.34	6.54
2586	103.79	-17.32	6.61
2587	103.83	-17.32	6.67
2588	103.87	-17.32	6.72
2589	103.91	-17.31	6.78
2590	103.95	-17.29	6.8
2591	103.99	-17.26	6.82
2592	104.03	-17.23	6.84
2593	104.07	-17.22	6.88
2594	104.11	-17.21	6.91
2595	104.15	-17.22	6.98
2596	104.19	-17.23	7.04
2597	104.23	-17.23	7.08
2598	104.27	-17.23	7.12
2599	104.31	-17.22	7.15
2600	104.35	-17.21	7.18
2601	104.39	-17.21	7.22
2602	104.43	-17.23	7.26
2603	104.47	-17.24	7.3
2604	104.51	-17.27	7.31
2605	104.55	-17.29	7.32
2606	104.59	-17.29	7.31
2607	104.63	-17.29	7.29
2608	104.67	-17.3	7.29
2609	104.71	-17.29	7.29
2610	104.75	-17.28	7.26
2611	104.79	-17.28	7.24
2612	104.83	-17.27	7.2
2613	104.87	-17.27	7.15
2614	104.91	-17.26	7.12
2615	104.95	-17.26	7.1
2616	104.99	-17.25	7.08
2617	105.03	-17.24	7.07
2618	105.07	-17.24	7.08
2619	105.11	-17.24	7.08
2620	105.15	-17.22	7.1
2621	105.19	-17.21	7.12
2622	105.23	-17.2	7.14
2623	105.27	-17.18	7.15
2624	105.31	-17.18	7.15
2625	105.35	-17.17	7.14
2626	105.39	-17.17	7.15
2627	105.43	-17.17	7.17
2628	105.47	-17.16	7.17
2629	105.51	-17.15	7.16
2630	105.55	-17.14	7.12
2631	105.59	-17.14	7.05
2632	105.63	-17.14	7.02
2633	105.67	-17.16	7.04
2634	105.71	-17.16	7.13
2635	105.75	-17.17	7.27
2636	105.79	-17.16	7.4
2637	105.83	-17.15	7.49
2638	105.87	-17.14	7.54
2639	105.91	-17.12	7.57
2640	105.95	-17.1	7.63
2641	105.99	-17.08	7.69
2642	106.03	-17.07	7.76
2643	106.07	-17.06	7.82
2644	106.11	-17.09	7.86
2645	106.15	-17.12	7.89
2646	106.19	-17.16	7.91
2647	106.23	-17.21	7.94
2648	106.27	-17.22	7.97
2649	106.31	-17.23	8
2650	106.35	-17.24	8.03
2651	106.39	-17.26	8.05
2652	106.43	-17.29	8.08
2653	106.47	-17.3	8.09
2654	106.51	-17.29	8.11
2655	106.55	-17.26	8.13
2656	106.59	-17.23	8.15
2657	106.63	-17.22	8.15
2658	106.67	-17.22	8.14
2659	106.71	-17.24	8.13
2660	106.75	-17.26	8.12
2661	106.79	-17.29	8.12
2662	106.83	-17.32	8.13
2663	106.87	-17.35	8.13
2664	106.91	-17.39	8.15
2665	106.95	-17.43	8.16
2666	106.99	-17.45	8.18
2667	107.03	-17.46	8.18
2668	107.07	-17.46	8.16
2669	107.11	-17.45	8.14
2670	107.15	-17.43	8.14
2671	107.19	-17.42	8.17
2672	107.23	-17.39	8.2
2673	107.27	-17.37	8.23
2674	107.31	-17.36	8.25
2675	107.35	-17.35	8.27
2676	107.39	-17.33	8.3
2677	107.43	-17.31	8.33
2678	107.47	-17.26	8.34
2679	107.51	-17.2	8.32
2680	107.55	-17.16	8.29
2681	107.59	-17.09	8.26
2682	107.63	-17.03	8.23
2683	107.67	-16.95	8.15
2684	107.71	-16.85	8.04
2685	107.75	-16.76	7.83
2686	107.79	-16.67	7.53
2687	107.83	-16.6	7.16
2688	107.87	-16.57	6.78
2689	107.91	-16.58	6.49
2690	107.95	-16.6	6.3
2691	107.99	-16.62	6.21
2692	108.03	-16.61	6.14
2693	108.07	-16.59	6.08
2694	108.11	-16.57	6.02
2695	108.15	-16.54	5.95
2696	108.19	-16.52	5.87
2697	108.23	-16.49	5.8
2698	108.27	-16.46	5.74
2699	108.31	-16.43	5.72
2700	108.35	-16.41	5.73
2701	108.39	-16.4	5.75
2702	108.43	-16.4	5.77
2703	108.47	-16.4	5.77
2704	108.51	-16.4	5.77
2705	108.55	-16.4	5.76
2706	108.59	-16.4	5.76
2707	108.63	-16.41	5.76
2708	108.67	-16.42	5.77
2709	108.71	-16.42	5.78
2710	108.75	-16.44	5.79
2711	108.79	-16.45	5.78
2712	108.83	-16.46	5.78
2713	108.87	-16.46	5.78
2714	108.91	-16.46	5.77
2715	108.95	-16.47	5.79
2716	108.99	-16.47	5.8
2717	109.03	-16.48	5.8
2718	109.07	-16.48	5.81
2719	109.11	-16.48	5.81
2720	109.15	-16.48	5.81
2721	109.19	-16.49	5.82
2722	109.23	-16.49	5.82
2723	109.27	-16.49	5.82
2724	109.31	-16.5	5.83
2725	109.35	-16.5	5.83
2726	109.39	-16.51	5.84
2727	109.43	-16.51	5.84
2728	109.47	-16.51	5.83
2729	109.51	-16.5	5.83
2730	109.55	-16.51	5.83
2731	109.59	-16.51	5.84
2732	109.63	-16.51	5.84
2733	109.67	-16.51	5.84
2734	109.71	-16.51	5.84
2735	109.75	-16.51	5.84
2736	109.79	-16.51	5.84
2737	109.83	-16.52	5.84
2738	109.87	-16.52	5.86
2739	109.91	-16.53	5.86
2740	109.95	-16.53	5.86
2741	109.99	-16.52	5.86
2742	110.03	-16.52	5.86
2743	110.07	-16.53	5.86
2744	110.11	-16.53	5.86
2745	110.15	-16.53	5.86
2746	110.19	-16.52	5.87
2747	110.23	-16.52	5.87
2748	110.27	-16.52	5.87
2749	110.31	-16.53	5.87
2750	110.35	-16.53	5.87
2751	110.39	-16.52	5.87
2752	110.43	-16.53	5.87
2753	110.47	-16.53	5.87
2754	110.51	-16.53	5.87
2755	110.55	-16.53	5.88
2756	110.59	-16.53	5.88
2757	110.63	-16.53	5.88
2758	110.67	-16.53	5.88
2759	110.71	-16.53	5.88
2760	110.75	-16.53	5.86
2761	110.79	-16.53	5.86
2762	110.83	-16.53	5.86
2763	110.87	-16.53	5.86
2764	110.91	-16.53	5.87
2765	110.95	-16.53	5.86
2766	110.99	-16.53	5.85
2767	111.03	-16.53	5.86
2768	111.07	-16.53	5.86
2769	111.11	-16.53	5.87
2770	111.15	-16.53	5.87
2771	111.19	-16.53	5.86
2772	111.23	-16.53	5.86
2773	111.27	-16.53	5.86
2774	111.31	-16.53	5.87
2775	111.35	-16.53	5.87
2776	111.39	-16.53	5.86
2777	111.43	-16.54	5.87
2778	111.47	-16.54	5.86
2779	111.51	-16.53	5.85
2780	111.55	-16.53	5.86
2781	111.59	-16.53	5.87
2782	111.63	-16.53	5.86
2783	111.67	-16.53	5.87
2784	111.71	-16.54	5.87
2785	111.75	-16.53	5.85
2786	111.79	-16.54	5.87
2787	111.83	-16.54	5.86
2788	111.87	-16.54	5.87
2789	111.91	-16.55	5.89
2790	111.95	-16.55	5.91
2791	111.99	-16.56	5.94
2792	112.03	-16.57	5.96
2793	112.07	-16.59	5.98
2794	112.11	-16.59	5.99
2795	112.15	-16.6	6
2796	112.19	-16.61	6.01
2797	112.23	-16.61	6.01
2798	112.27	-16.61	6
2799	112.31	-16.6	6.01
2800	112.35	-16.59	6
2801	112.39	-16.57	6
2802	112.43	-16.57	6
2803	112.47	-16.58	6.04
2804	112.51	-16.58	6.09
2805	112.55	-16.59	6.14
2806	112.59	-16.59	6.18
2807	112.63	-16.6	6.21
2808	112.67	-16.62	6.23
2809	112.71	-16.64	6.26
2810	112.75	-16.68	6.27
2811	112.79	-16.71	6.29
2812	112.83	-16.74	6.3
2813	112.87	-16.77	6.3
2814	112.91	-16.81	6.34
2815	112.95	-16.84	6.36
2816	112.99	-16.88	6.41
2817	113.03	-16.93	6.45
2818	113.07	-16.96	6.48
2819	113.11	-17	6.5
2820	113.15	-17.03	6.49
2821	113.19	-17.06	6.51
2822	113.23	-17.06	6.51
2823	113.27	-17.06	6.53
2824	113.31	-17.05	6.57
2825	113.35	-17.04	6.57
2826	113.39	-17.05	6.58
2827	113.43	-17.06	6.58
2828	113.47	-17.08	6.6
2829	113.51	-17.11	6.62
2830	113.55	-17.13	6.63
2831	113.59	-17.15	6.64
2832	113.63	-17.18	6.63
2833	113.67	-17.2	6.65
2834	113.71	-17.21	6.69
2835	113.75	-17.22	6.74
2836	113.79	-17.23	6.79
2837	113.83	-17.25	6.83
2838	113.87	-17.28	6.86
2839	113.91	-17.33	6.87
2840	113.95	-17.37	6.88
2841	113.99	-17.42	6.9
2842	114.03	-17.43	6.9
2843	114.07	-17.44	6.92
2844	114.11	-17.44	6.93
2845	114.15	-17.44	6.92
2846	114.19	-17.44	6.92
2847	114.23	-17.44	6.92
2848	114.27	-17.44	6.92
2849	114.31	-17.44	6.92
2850	114.35	-17.43	6.92
2851	114.39	-17.43	6.91
2852	114.43	-17.42	6.91
2853	114.47	-17.41	6.91
2854	114.51	-17.41	6.91
2855	114.55	-17.41	6.91
2856	114.59	-17.41	6.9
2857	114.63	-17.41	6.9
2858	114.67	-17.4	6.9
2859	114.71	-17.4	6.89
2860	114.75	-17.4	6.89
2861	114.79	-17.41	6.89
2862	114.83	-17.41	6.9
2863	114.87	-17.41	6.89
2864	114.91	-17.41	6.89
2865	114.95	-17.41	6.89
2866	114.99	-17.41	6.88
2867	115.03	-17.41	6.89
2868	115.07	-17.41	6.89
2869	115.11	-17.41	6.88
2870	115.15	-17.41	6.89
2871	115.19	-17.42	6.89
2872	115.23	-17.42	6.88
2873	115.27	-17.42	6.88
2874	115.31	-17.42	6.87
2875	115.35	-17.42	6.87
2876	115.39	-17.43	6.87
2877	115.43	-17.43	6.88
2878	115.47	-17.43	6.88
2879	115.51	-17.43	6.88
2880	115.55	-17.42	6.87
2881	115.59	-17.41	6.87
2882	115.63	-17.41	6.85
2883	115.67	-17.4	6.85
2884	115.71	-17.41	6.85
2885	115.75	-17.41	6.86
2886	115.79	-17.41	6.86
2887	115.83	-17.42	6.86
2888	115.87	-17.43	6.86
2889	115.91	-17.43	6.86
2890	115.95	-17.43	6.86
2891	115.99	-17.43	6.87
2892	116.03	-17.42	6.88
2893	116.07	-17.42	6.87
2894	116.11	-17.42	6.88
2895	116.15	-17.43	6.88
2896	116.19	-17.43	6.88
2897	116.23	-17.42	6.88
2898	116.27	-17.42	6.88
2899	116.31	-17.41	6.88
2900	116.35	-17.41	6.87
2901	116.39	-17.42	6.88
2902	116.43	-17.42	6.88
2903	116.47	-17.42	6.88
2904	116.51	-17.42	6.87
2905	116.55	-17.42	6.86
2906	116.59	-17.42	6.87
2907	116.63	-17.42	6.86
2908	116.67	-17.42	6.88
2909	116.71	-17.43	6.88
2910	116.75	-17.43	6.89
2911	116.79	-17.43	6.89
2912	116.83	-17.43	6.89
2913	116.87	-17.43	6.87
2914	116.91	-17.43	6.87
2915	116.95	-17.43	6.88
2916	116.99	-17.43	6.88
2917	117.03	-17.43	6.9
2918	117.07	-17.43	6.89
2919	117.11	-17.43	6.89
2920	117.15	-17.42	6.88
2921	117.19	-17.43	6.87
2922	117.23	-17.43	6.88
2923	117.27	-17.42	6.88
2924	117.31	-17.42	6.89
2925	117.35	-17.42	6.9
2926	117.39	-17.42	6.89
2927	117.43	-17.42	6.89
2928	117.47	-17.43	6.89
2929	117.51	-17.42	6.89
2930	117.55	-17.42	6.89
2931	117.59	-17.42	6.89
2932	117.63	-17.42	6.89
2933	117.67	-17.42	6.89
2934	117.71	-17.42	6.89
2935	117.75	-17.41	6.88
2936	117.79	-17.41	6.87
2937	117.83	-17.41	6.87
2938	117.89	-17.41	6.87
2939	117.92	-17.42	6.88
2940	117.95	-17.42	6.88
2941	117.99	-17.41	6.89
2942	118.03	-17.42	6.89
2943	118.07	-17.42	6.9
2944	118.11	-17.42	6.89
2945	118.15	-17.42	6.88
2946	118.19	-17.42	6.88
2947	118.23	-17.42	6.88
2948	118.27	-17.41	6.88
2949	118.31	-17.42	6.88
2950	118.35	-17.41	6.88
2951	118.39	-17.42	6.88
2952	118.43	-17.43	6.88
2953	118.47	-17.43	6.89
2954	118.51	-17.43	6.9
2955	118.55	-17.43	6.9
2956	118.59	-17.43	6.9
2957	118.63	-17.42	6.89
2958	118.67	-17.42	6.89
2959	118.71	-17.42	6.87
2960	118.75	-17.41	6.87
2961	118.79	-17.41	6.87
2962	118.83	-17.41	6.87
2963	118.87	-17.41	6.89
2964	118.91	-17.42	6.89
2965	118.95	-17.42	6.89
2966	118.99	-17.42	6.88
2967	119.03	-17.42	6.87
2968	119.07	-17.42	6.86
2969	119.11	-17.41	6.86
2970	119.15	-17.41	6.86
2971	119.19	-17.41	6.88
2972	119.23	-17.41	6.89
2973	119.27	-17.41	6.9
2974	119.31	-17.41	6.89
2975	119.35	-17.41	6.89
2976	119.39	-17.41	6.89
2977	119.43	-17.42	6.89
2978	119.47	-17.41	6.9
2979	119.51	-17.41	6.89
2980	119.55	-17.41	6.89
2981	119.59	-17.41	6.87
2982	119.63	-17.4	6.87
2983	119.67	-17.41	6.88
2984	119.71	-17.4	6.87
2985	119.75	-17.41	6.88
2986	119.79	-17.41	6.88
2987	119.83	-17.4	6.87
2988	119.87	-17.41	6.88
2989	119.91	-17.4	6.86
