1	0.06	3.91	0.72
2	0.1	3.93	0.74
3	0.14	3.94	0.71
4	0.18	3.96	0.7
5	0.22	3.96	0.68
6	0.26	3.96	0.67
7	0.3	3.97	0.66
8	0.34	3.98	0.65
9	0.38	4.01	0.65
10	0.42	4.04	0.65
11	0.51	4.06	0.66
12	0.54	4.06	0.66
13	0.58	4.05	0.64
14	0.62	4.03	0.63
15	0.66	3.98	0.59
16	0.7	3.92	0.55
17	0.74	3.87	0.53
18	0.78	3.82	0.53
19	0.82	3.77	0.56
20	0.86	3.73	0.59
21	0.9	3.69	0.64
22	0.94	3.66	0.66
23	0.98	3.63	0.69
24	1.02	3.61	0.72
25	1.06	3.59	0.76
26	1.1	3.57	0.8
27	1.14	3.56	0.84
28	1.18	3.57	0.91
29	1.22	3.58	1
30	1.26	3.57	1.08
31	1.3	3.57	1.15
32	1.34	3.58	1.2
33	1.38	3.59	1.26
34	1.42	3.65	1.34
35	1.46	3.7	1.43
36	1.5	3.74	1.52
37	1.54	3.78	1.59
38	1.58	3.78	1.68
39	1.62	3.76	1.76
40	1.66	3.75	1.83
41	1.7	3.74	1.91
42	1.74	3.75	2
43	1.78	3.75	2.1
44	1.82	3.72	2.24
45	1.86	3.65	2.39
46	1.9	3.54	2.54
47	1.94	3.44	2.7
48	1.98	3.34	2.83
49	2.02	3.24	2.95
50	2.06	3.16	3.05
51	2.1	3.04	3.15
52	2.14	2.92	3.25
53	2.18	2.83	3.32
54	2.22	2.74	3.43
55	2.26	2.67	3.52
56	2.3	2.62	3.62
57	2.34	2.59	3.72
58	2.38	2.57	3.79
59	2.42	2.56	3.85
60	2.46	2.58	3.89
61	2.5	2.59	3.9
62	2.54	2.59	3.91
63	2.58	2.6	3.92
64	2.62	2.59	3.95
65	2.66	2.59	4.02
66	2.7	2.6	4.1
67	2.74	2.61	4.2
68	2.78	2.64	4.29
69	2.82	2.68	4.37
70	2.86	2.72	4.44
71	2.9	2.77	4.49
72	2.94	2.81	4.54
73	2.98	2.84	4.59
74	3.02	2.86	4.67
75	3.06	2.88	4.76
76	3.1	2.89	4.85
77	3.14	2.93	4.94
78	3.18	2.98	5.03
79	3.22	3.03	5.16
80	3.26	3.13	5.33
81	3.3	3.25	5.53
82	3.34	3.38	5.73
83	3.38	3.5	5.9
84	3.42	3.6	6.03
85	3.46	3.67	6.16
86	3.5	3.71	6.29
87	3.54	3.74	6.42
88	3.58	3.76	6.55
89	3.62	3.75	6.65
90	3.66	3.74	6.79
91	3.7	3.72	6.93
92	3.74	3.7	7.08
93	3.78	3.68	7.26
94	3.82	3.66	7.4
95	3.86	3.64	7.52
96	3.9	3.62	7.66
97	3.94	3.61	7.8
98	3.98	3.61	7.91
99	4.02	3.61	8.03
100	4.06	3.62	8.12
101	4.1	3.66	8.17
102	4.14	3.71	8.22
103	4.18	3.78	8.26
104	4.22	3.85	8.3
105	4.26	3.93	8.31
106	4.3	4.01	8.3
107	4.34	4.09	8.28
108	4.38	4.14	8.22
109	4.42	4.19	8.14
110	4.46	4.23	8.11
111	4.5	4.29	8.11
112	4.54	4.38	8.16
113	4.58	4.48	8.24
114	4.62	4.59	8.29
115	4.66	4.71	8.34
116	4.7	4.85	8.4
117	4.74	5.02	8.44
118	4.78	5.24	8.51
119	4.82	5.49	8.54
120	4.86	5.72	8.55
121	4.9	5.92	8.55
122	4.94	6.07	8.55
123	4.98	6.18	8.58
124	5.02	6.25	8.63
125	5.06	6.31	8.7
126	5.1	6.37	8.78
127	5.14	6.42	8.86
128	5.18	6.5	8.93
129	5.22	6.58	9
130	5.26	6.67	9.09
131	5.3	6.77	9.2
132	5.34	6.88	9.36
133	5.38	7	9.54
134	5.42	7.13	9.74
135	5.46	7.27	9.95
136	5.5	7.42	10.14
137	5.54	7.58	10.32
138	5.58	7.78	10.45
139	5.62	8.01	10.55
140	5.66	8.26	10.61
141	5.7	8.49	10.65
142	5.74	8.72	10.7
143	5.78	8.9	10.75
144	5.82	9.05	10.79
145	5.86	9.21	10.87
146	5.9	9.34	10.96
147	5.94	9.48	11.1
148	5.98	9.64	11.27
149	6.02	9.78	11.47
150	6.06	9.95	11.68
151	6.1	10.12	11.9
152	6.14	10.28	12.1
153	6.18	10.42	12.27
154	6.22	10.55	12.4
155	6.26	10.68	12.47
156	6.3	10.81	12.5
157	6.34	10.95	12.5
158	6.38	11.09	12.48
159	6.42	11.21	12.44
160	6.46	11.29	12.41
161	6.5	11.35	12.37
162	6.54	11.42	12.35
163	6.58	11.48	12.35
164	6.62	11.57	12.35
165	6.66	11.64	12.35
166	6.7	11.7	12.33
167	6.74	11.76	12.33
168	6.78	11.83	12.33
169	6.82	11.95	12.35
170	6.86	12.07	12.36
171	6.9	12.22	12.37
172	6.94	12.43	12.36
173	6.98	12.67	12.29
174	7.02	12.93	12.17
175	7.06	13.2	12.03
176	7.1	13.48	11.86
177	7.14	13.72	11.73
178	7.18	13.92	11.62
179	7.22	14.12	11.53
180	7.26	14.27	11.49
181	7.3	14.45	11.47
182	7.34	14.63	11.45
183	7.38	14.79	11.45
184	7.42	15.01	11.44
185	7.46	15.26	11.46
186	7.5	15.56	11.48
187	7.54	15.87	11.5
188	7.58	16.13	11.47
189	7.62	16.39	11.37
190	7.66	16.65	11.24
191	7.7	16.91	11.1
192	7.74	17.17	10.98
193	7.78	17.4	10.87
194	7.82	17.61	10.78
195	7.86	17.8	10.72
196	7.9	18	10.71
197	7.94	18.23	10.74
198	7.98	18.47	10.78
199	8.02	18.73	10.83
200	8.06	19	10.88
201	8.1	19.22	10.91
202	8.14	19.46	10.96
203	8.18	19.67	10.99
204	8.22	19.85	11.02
205	8.26	20.02	11.04
206	8.3	20.12	11.03
207	8.34	20.2	10.99
208	8.38	20.28	10.93
209	8.42	20.33	10.88
210	8.46	20.37	10.83
211	8.5	20.4	10.8
212	8.54	20.43	10.78
213	8.58	20.46	10.76
214	8.62	20.48	10.76
215	8.66	20.49	10.75
216	8.7	20.5	10.75
217	8.74	20.52	10.76
218	8.78	20.55	10.76
219	8.82	20.57	10.79
220	8.86	20.57	10.81
221	8.9	20.56	10.83
222	8.94	20.53	10.83
223	8.98	20.53	10.84
224	9.02	20.54	10.85
225	9.06	20.56	10.85
226	9.1	20.59	10.86
227	9.14	20.61	10.85
228	9.18	20.64	10.84
229	9.22	20.66	10.82
230	9.26	20.68	10.8
231	9.3	20.69	10.78
232	9.34	20.67	10.77
233	9.38	20.68	10.77
234	9.42	20.67	10.77
235	9.46	20.65	10.76
236	9.5	20.65	10.74
237	9.54	20.65	10.74
238	9.58	20.67	10.73
239	9.62	20.69	10.73
240	9.66	20.72	10.73
241	9.7	20.77	10.74
242	9.74	20.82	10.75
243	9.78	20.87	10.78
244	9.82	20.93	10.82
245	9.86	20.95	10.86
246	9.9	20.96	10.88
247	9.94	20.97	10.91
248	9.98	20.98	10.92
249	10.02	20.98	10.92
250	10.06	20.98	10.94
251	10.1	21.01	10.95
252	10.14	21.03	10.95
253	10.18	21.04	10.96
254	10.22	21.07	10.98
255	10.26	21.08	11
256	10.3	21.09	11
257	10.34	21.13	10.99
258	10.38	21.15	10.98
259	10.42	21.17	10.98
260	10.46	21.21	11
261	10.5	21.22	11.02
262	10.54	21.22	11.04
263	10.58	21.22	11.05
264	10.62	21.21	11.06
265	10.66	21.2	11.07
266	10.7	21.21	11.08
267	10.74	21.2	11.08
268	10.78	21.2	11.07
269	10.82	21.19	11.07
270	10.86	21.19	11.07
271	10.9	21.2	11.06
272	10.94	21.21	11.07
273	10.98	21.24	11.05
274	11.02	21.26	11.04
275	11.06	21.29	11.02
276	11.1	21.31	10.99
277	11.14	21.33	10.96
278	11.18	21.35	10.92
279	11.22	21.37	10.89
280	11.26	21.4	10.84
281	11.3	21.43	10.77
282	11.34	21.44	10.7
283	11.38	21.45	10.64
284	11.42	21.46	10.58
285	11.46	21.46	10.52
286	11.5	21.48	10.46
287	11.54	21.49	10.4
288	11.58	21.5	10.35
289	11.62	21.51	10.32
290	11.66	21.51	10.29
291	11.7	21.5	10.27
292	11.74	21.47	10.24
293	11.78	21.44	10.23
294	11.82	21.42	10.23
295	11.86	21.4	10.24
296	11.9	21.36	10.28
297	11.94	21.31	10.31
298	11.98	21.27	10.34
299	12.02	21.25	10.37
300	12.06	21.24	10.4
301	12.1	21.24	10.43
302	12.14	21.23	10.46
303	12.18	21.21	10.46
304	12.22	21.19	10.47
305	12.26	21.19	10.48
306	12.3	21.19	10.52
307	12.34	21.19	10.57
308	12.38	21.19	10.58
309	12.46	21.18	10.59
310	12.5	21.18	10.57
311	12.54	21.19	10.56
312	12.58	21.21	10.53
313	12.62	21.23	10.52
314	12.66	21.24	10.51
315	12.7	21.26	10.5
316	12.74	21.29	10.48
317	12.78	21.31	10.46
318	12.82	21.31	10.44
319	12.86	21.28	10.45
320	12.9	21.23	10.47
321	12.94	21.18	10.5
322	12.98	21.13	10.53
323	13.02	21.07	10.55
324	13.06	20.99	10.57
325	13.1	20.92	10.58
326	13.14	20.88	10.57
327	13.18	20.91	10.57
328	13.22	20.97	10.57
329	13.26	21.05	10.6
330	13.3	21.14	10.63
331	13.34	21.21	10.66
332	13.38	21.31	10.7
333	13.42	21.38	10.74
334	13.46	21.42	10.79
335	13.5	21.47	10.85
336	13.54	21.47	10.9
337	13.58	21.49	10.93
338	13.62	21.55	10.95
339	13.66	21.58	10.95
340	13.7	21.61	10.97
341	13.74	21.63	11
342	13.78	21.62	11.05
343	13.82	21.61	11.09
344	13.86	21.61	11.11
345	13.9	21.62	11.13
346	13.94	21.64	11.14
347	13.98	21.64	11.15
348	14.02	21.64	11.16
349	14.06	21.64	11.16
350	14.1	21.62	11.18
351	14.14	21.62	11.23
352	14.18	21.6	11.29
353	14.22	21.59	11.35
354	14.26	21.57	11.39
355	14.3	21.57	11.43
356	14.34	21.56	11.46
357	14.38	21.57	11.5
358	14.42	21.58	11.53
359	14.46	21.6	11.56
360	14.5	21.62	11.59
361	14.54	21.64	11.62
362	14.58	21.65	11.65
363	14.62	21.66	11.67
364	14.66	21.67	11.7
365	14.7	21.68	11.73
366	14.74	21.68	11.75
367	14.78	21.68	11.77
368	14.82	21.69	11.8
369	14.86	21.7	11.84
370	14.9	21.7	11.87
371	14.94	21.72	11.92
372	14.98	21.73	11.95
373	15.02	21.73	11.95
374	15.06	21.74	11.97
375	15.1	21.73	11.96
376	15.14	21.71	11.97
377	15.18	21.7	11.99
378	15.22	21.68	12.01
379	15.26	21.67	12.06
380	15.3	21.67	12.14
381	15.34	21.67	12.26
382	15.38	21.67	12.43
383	15.42	21.66	12.6
384	15.46	21.66	12.73
385	15.5	21.65	12.82
386	15.54	21.65	12.88
387	15.58	21.64	12.92
388	15.62	21.63	12.96
389	15.66	21.62	13.03
390	15.7	21.64	13.13
391	15.74	21.71	13.24
392	15.78	21.8	13.34
393	15.82	21.89	13.42
394	15.86	21.98	13.46
395	15.9	22.02	13.51
396	15.94	22.05	13.6
397	15.98	22.09	13.74
398	16.02	22.14	13.92
399	16.06	22.19	14.09
400	16.1	22.24	14.23
401	16.14	22.3	14.36
402	16.18	22.35	14.48
403	16.22	22.42	14.61
404	16.26	22.49	14.77
405	16.3	22.55	14.9
406	16.34	22.59	15.01
407	16.38	22.61	15.09
408	16.42	22.63	15.14
409	16.46	22.64	15.16
410	16.5	22.66	15.16
411	16.54	22.66	15.16
412	16.58	22.67	15.15
413	16.62	22.67	15.15
414	16.66	22.69	15.15
415	16.7	22.71	15.17
416	16.74	22.74	15.22
417	16.78	22.76	15.29
418	16.82	22.77	15.42
419	16.86	22.75	15.55
420	16.9	22.72	15.67
421	16.94	22.69	15.78
422	16.98	22.65	15.83
423	17.02	22.63	15.88
424	17.06	22.61	15.92
425	17.1	22.61	15.96
426	17.14	22.61	16.01
427	17.18	22.62	16.1
428	17.22	22.63	16.18
429	17.26	22.63	16.28
430	17.3	22.64	16.41
431	17.34	22.64	16.53
432	17.38	22.65	16.73
433	17.42	22.67	16.94
434	17.46	22.69	17.14
435	17.5	22.72	17.34
436	17.54	22.78	17.51
437	17.58	22.85	17.68
438	17.62	22.94	17.85
439	17.66	23.02	18.02
440	17.7	23.09	18.17
441	17.74	23.14	18.3
442	17.78	23.18	18.41
443	17.82	23.23	18.47
444	17.86	23.25	18.52
445	17.9	23.25	18.53
446	17.94	23.25	18.53
447	17.98	23.24	18.55
448	18.02	23.22	18.56
449	18.06	23.21	18.58
450	18.1	23.2	18.61
451	18.14	23.19	18.64
452	18.18	23.19	18.68
453	18.22	23.2	18.73
454	18.26	23.19	18.78
455	18.3	23.15	18.85
456	18.34	23.1	18.95
457	18.38	23.03	19.05
458	18.42	22.96	19.17
459	18.46	22.9	19.28
460	18.5	22.86	19.37
461	18.54	22.83	19.46
462	18.58	22.81	19.52
463	18.62	22.8	19.56
464	18.66	22.79	19.59
465	18.7	22.78	19.65
466	18.74	22.77	19.71
467	18.78	22.75	19.76
468	18.82	22.73	19.79
469	18.86	22.71	19.83
470	18.9	22.7	19.87
471	18.94	22.69	19.92
472	18.98	22.7	19.99
473	19.01	22.71	20.01
474	19.06	22.72	20.03
475	19.1	22.72	20.05
476	19.14	22.72	20.07
477	19.17	22.71	20.05
478	19.21	22.7	19.97
479	19.25	22.69	19.86
480	19.29	22.68	19.77
481	19.33	22.68	19.74
482	19.37	22.7	19.79
483	19.41	22.73	19.85
484	19.45	22.76	19.91
485	19.49	22.79	19.96
486	19.53	22.82	20.04
487	19.57	22.85	20.09
488	19.61	22.88	20.14
489	19.66	22.91	20.14
490	19.69	22.92	20.13
491	19.73	22.94	20.13
492	19.78	22.96	20.12
493	19.81	22.99	20.13
494	19.85	23.01	20.14
495	19.89	23.04	20.16
496	19.93	23.06	20.19
497	19.97	23.07	20.22
498	20.01	23.09	20.23
499	20.05	23.09	20.24
500	20.09	23.09	20.25
501	20.13	23.1	20.26
502	20.17	23.1	20.26
503	20.21	23.09	20.25
504	20.25	23.08	20.24
505	20.29	23.07	20.23
506	20.33	23.07	20.21
507	20.37	23.07	20.19
508	20.41	23.07	20.16
509	20.45	23.08	20.14
510	20.49	23.1	20.13
511	20.53	23.11	20.14
512	20.57	23.12	20.14
513	20.61	23.13	20.16
514	20.66	23.13	20.16
515	20.69	23.13	20.18
516	20.73	23.14	20.19
517	20.77	23.15	20.18
518	20.81	23.16	20.18
519	20.85	23.17	20.17
520	20.89	23.17	20.16
521	20.93	23.17	20.17
522	20.97	23.17	20.17
523	21.01	23.17	20.18
524	21.05	23.16	20.2
525	21.09	23.17	20.2
526	21.13	23.17	20.22
527	21.17	23.18	20.22
528	21.21	23.18	20.22
529	21.25	23.18	20.23
530	21.29	23.19	20.25
531	21.33	23.2	20.27
532	21.37	23.2	20.28
533	21.41	23.2	20.28
534	21.45	23.19	20.27
535	21.49	23.19	20.26
536	21.53	23.19	20.27
537	21.57	23.2	20.29
538	21.61	23.21	20.31
539	21.65	23.22	20.31
540	21.69	23.23	20.31
541	21.73	23.23	20.3
542	21.77	23.23	20.3
543	21.81	23.23	20.3
544	21.85	23.22	20.32
545	21.89	23.22	20.33
546	21.93	23.23	20.33
547	21.97	23.23	20.34
548	22.01	23.23	20.34
549	22.05	23.23	20.34
550	22.09	23.2	20.28
551	22.13	23.18	20.19
552	22.17	23.15	20.08
553	22.21	23.12	19.98
554	22.25	23.11	19.94
555	22.29	23.11	19.96
556	22.33	23.12	20
557	22.37	23.13	20.04
558	22.41	23.13	20.06
559	22.45	23.12	20.07
560	22.5	23.12	20.07
561	22.53	23.12	20.08
562	22.57	23.12	20.09
563	22.61	23.13	20.11
564	22.65	23.12	20.12
565	22.69	23.12	20.14
566	22.73	23.11	20.14
567	22.77	23.09	20.15
568	22.81	23.09	20.14
569	22.85	23.09	20.11
570	22.89	23.11	20.08
571	22.93	23.14	20.05
572	22.97	23.16	20.06
573	23.01	23.17	20.08
574	23.05	23.17	20.12
575	23.09	23.17	20.13
576	23.13	23.18	20.14
577	23.17	23.18	20.15
578	23.21	23.18	20.14
579	23.25	23.15	20.1
580	23.29	23.11	20.09
581	23.33	23.05	20.11
582	23.37	23	20.16
583	23.41	22.96	20.27
584	23.45	22.92	20.38
585	23.49	22.87	20.47
586	23.53	22.82	20.56
587	23.57	22.77	20.62
588	23.61	22.7	20.69
589	23.65	22.62	20.77
590	23.69	22.51	20.86
591	23.73	22.36	20.94
592	23.77	22.21	20.97
593	23.81	22.03	20.99
594	23.85	21.81	21.04
595	23.89	21.6	21.09
596	23.93	21.39	21.15
597	23.97	21.21	21.2
598	24.01	21.07	21.2
599	24.05	20.94	21.21
600	24.09	20.81	21.24
601	24.13	20.69	21.32
602	24.17	20.56	21.43
603	24.21	20.45	21.53
604	24.25	20.34	21.64
605	24.29	20.23	21.73
606	24.33	20.13	21.84
607	24.37	19.99	21.97
608	24.41	19.85	22.11
609	24.45	19.68	22.22
610	24.49	19.47	22.3
611	24.53	19.21	22.34
612	24.57	18.91	22.35
613	24.61	18.54	22.36
614	24.65	18.18	22.37
615	24.69	17.86	22.38
616	24.73	17.57	22.37
617	24.77	17.37	22.35
618	24.81	17.19	22.33
619	24.85	17.04	22.32
620	24.89	16.94	22.32
621	24.93	16.85	22.36
622	24.97	16.73	22.41
623	25.01	16.59	22.48
624	25.05	16.43	22.56
625	25.09	16.22	22.65
626	25.13	16.03	22.75
627	25.17	15.86	22.84
628	25.21	15.66	22.92
629	25.25	15.48	22.94
630	25.29	15.26	22.95
631	25.33	15	22.92
632	25.37	14.72	22.86
633	25.41	14.37	22.78
634	25.45	14.05	22.68
635	25.49	13.77	22.56
636	25.53	13.51	22.43
637	25.57	13.34	22.34
638	25.61	13.11	22.26
639	25.65	12.87	22.21
640	25.69	12.65	22.21
641	25.73	12.38	22.21
642	25.77	12.16	22.25
643	25.81	11.97	22.29
644	25.85	11.79	22.33
645	25.89	11.61	22.38
646	25.93	11.45	22.42
647	25.97	11.27	22.47
648	26.01	11.09	22.5
649	26.05	10.91	22.48
650	26.09	10.73	22.42
651	26.13	10.57	22.36
652	26.17	10.4	22.32
653	26.21	10.3	22.34
654	26.25	10.22	22.38
655	26.29	10.12	22.43
656	26.33	10.07	22.44
657	26.37	10.03	22.44
658	26.41	9.99	22.42
659	26.45	10	22.41
660	26.49	9.98	22.41
661	26.53	9.96	22.4
662	26.57	9.93	22.38
663	26.61	9.89	22.36
664	26.65	9.89	22.33
665	26.69	9.9	22.3
666	26.73	9.91	22.28
667	26.77	9.92	22.26
668	26.81	9.91	22.23
669	26.85	9.89	22.22
670	26.89	9.87	22.19
671	26.93	9.82	22.16
672	26.97	9.77	22.11
673	27.01	9.73	22.07
674	27.05	9.66	22.01
675	27.09	9.64	21.99
676	27.13	9.64	21.97
677	27.17	9.64	21.97
678	27.21	9.66	21.99
679	27.25	9.66	22.01
680	27.29	9.63	22.03
681	27.33	9.56	22.04
682	27.37	9.49	22.03
683	27.41	9.43	21.99
684	27.45	9.42	21.95
685	27.49	9.42	21.9
686	27.53	9.45	21.87
687	27.57	9.5	21.85
688	27.61	9.53	21.85
689	27.65	9.57	21.86
690	27.69	9.58	21.88
691	27.73	9.61	21.9
692	27.77	9.63	21.93
693	27.81	9.65	21.96
694	27.85	9.69	21.98
695	27.89	9.7	22
696	27.93	9.71	22
697	27.97	9.75	21.98
698	28.01	9.79	21.98
699	28.05	9.84	21.98
700	28.09	9.91	22
701	28.13	9.95	22.04
702	28.17	9.99	22.09
703	28.21	10.02	22.12
704	28.25	10.05	22.17
705	28.29	10.08	22.21
706	28.33	10.11	22.24
707	28.37	10.12	22.26
708	28.41	10.13	22.27
709	28.45	10.13	22.27
710	28.49	10.11	22.27
711	28.53	10.11	22.27
712	28.57	10.12	22.25
713	28.61	10.13	22.24
714	28.65	10.16	22.24
715	28.69	10.15	22.21
716	28.73	10.13	22.16
717	28.77	10.16	22.11
718	28.81	10.16	22.02
719	28.85	10.16	21.94
720	28.89	10.14	21.85
721	28.93	10.06	21.73
722	28.97	9.97	21.62
723	29.01	9.88	21.51
724	29.05	9.82	21.42
725	29.09	9.77	21.34
726	29.13	9.75	21.24
727	29.17	9.72	21.11
728	29.21	9.68	20.95
729	29.25	9.64	20.75
730	29.29	9.57	20.52
731	29.33	9.51	20.25
732	29.37	9.45	20
733	29.41	9.4	19.79
734	29.45	9.33	19.57
735	29.49	9.27	19.42
736	29.53	9.17	19.25
737	29.57	9.06	19.07
738	29.61	8.96	18.92
739	29.65	8.86	18.77
740	29.69	8.78	18.65
741	29.73	8.68	18.53
742	29.77	8.56	18.42
743	29.81	8.42	18.29
744	29.85	8.29	18.13
745	29.89	8.17	17.93
746	29.93	8.08	17.7
747	29.97	8	17.4
748	30.01	7.92	17.08
749	30.05	7.85	16.78
750	30.09	7.8	16.5
751	30.13	7.78	16.25
752	30.17	7.79	16.06
753	30.21	7.81	15.91
754	30.25	7.85	15.8
755	30.29	7.9	15.75
756	30.33	7.94	15.72
757	30.37	7.97	15.7
758	30.41	7.99	15.69
759	30.45	8	15.69
760	30.49	7.99	15.71
761	30.53	7.97	15.73
762	30.57	7.93	15.74
763	30.61	7.9	15.76
764	30.65	7.88	15.77
765	30.69	7.87	15.77
766	30.73	7.87	15.77
767	30.77	7.87	15.77
768	30.81	7.87	15.76
769	30.85	7.85	15.74
770	30.89	7.85	15.73
771	30.93	7.86	15.71
772	30.97	7.86	15.67
773	31.01	7.87	15.66
774	31.05	7.87	15.66
775	31.09	7.86	15.65
776	31.13	7.85	15.68
777	31.17	7.85	15.71
778	31.21	7.84	15.72
779	31.25	7.84	15.73
780	31.29	7.82	15.72
781	31.33	7.8	15.71
782	31.37	7.77	15.68
783	31.41	7.72	15.65
784	31.45	7.68	15.63
785	31.49	7.64	15.62
786	31.53	7.63	15.63
787	31.57	7.63	15.64
788	31.61	7.63	15.66
789	31.65	7.63	15.67
790	31.69	7.64	15.67
791	31.73	7.65	15.7
792	31.77	7.65	15.7
793	31.81	7.66	15.73
794	31.85	7.66	15.74
795	31.89	7.67	15.75
796	31.93	7.67	15.78
797	31.97	7.67	15.78
798	32.01	7.69	15.8
799	32.05	7.71	15.8
800	32.09	7.74	15.79
801	32.13	7.77	15.8
802	32.17	7.79	15.8
803	32.21	7.81	15.78
804	32.25	7.83	15.75
805	32.29	7.84	15.72
806	32.33	7.86	15.66
807	32.37	7.91	15.59
808	32.41	7.99	15.49
809	32.45	8.09	15.38
810	32.49	8.19	15.3
811	32.53	8.28	15.26
812	32.57	8.35	15.24
813	32.61	8.42	15.22
814	32.65	8.49	15.19
815	32.69	8.54	15.11
816	32.73	8.58	15.05
817	32.77	8.61	14.96
818	32.81	8.64	14.86
819	32.85	8.65	14.72
820	32.89	8.68	14.52
821	32.93	8.73	14.29
822	32.97	8.83	14.04
823	33.01	8.99	13.79
824	33.05	9.2	13.52
825	33.09	9.4	13.25
826	33.13	9.6	12.94
827	33.17	9.77	12.66
828	33.21	9.95	12.42
829	33.25	10.12	12.22
830	33.29	10.26	12.04
831	33.33	10.39	11.85
832	33.37	10.48	11.61
833	33.41	10.57	11.35
834	33.45	10.65	11.05
835	33.49	10.73	10.75
836	33.53	10.81	10.46
837	33.57	10.91	10.19
838	33.61	11	9.93
839	33.65	11.07	9.76
840	33.69	11.13	9.61
841	33.73	11.18	9.47
842	33.77	11.21	9.33
843	33.81	11.25	9.2
844	33.85	11.3	9.08
845	33.89	11.34	8.98
846	33.93	11.36	8.91
847	33.97	11.34	8.82
848	34.01	11.31	8.74
849	34.05	11.25	8.66
850	34.09	11.18	8.55
851	34.13	11.09	8.4
852	34.17	10.95	8.23
853	34.21	10.8	8.04
854	34.25	10.65	7.88
855	34.29	10.52	7.78
856	34.33	10.42	7.72
857	34.37	10.35	7.7
858	34.41	10.29	7.68
859	34.45	10.25	7.62
860	34.49	10.24	7.54
861	34.53	10.24	7.46
862	34.57	10.25	7.39
863	34.61	10.25	7.33
864	34.65	10.24	7.26
865	34.69	10.23	7.18
866	34.73	10.21	7.08
867	34.77	10.19	7.01
868	34.81	10.17	6.95
869	34.85	10.16	6.9
870	34.89	10.16	6.85
871	34.93	10.17	6.78
872	34.97	10.17	6.73
873	35.01	10.18	6.68
874	35.05	10.21	6.66
875	35.09	10.25	6.66
876	35.13	10.28	6.7
877	35.17	10.33	6.77
878	35.21	10.37	6.88
879	35.25	10.41	7
880	35.29	10.45	7.11
881	35.33	10.46	7.19
882	35.37	10.46	7.25
883	35.41	10.45	7.28
884	35.45	10.42	7.31
885	35.49	10.39	7.35
886	35.53	10.37	7.37
887	35.57	10.34	7.4
888	35.61	10.32	7.42
889	35.65	10.32	7.45
890	35.69	10.28	7.47
891	35.73	10.25	7.48
892	35.77	10.24	7.5
893	35.81	10.23	7.51
894	35.85	10.24	7.53
895	35.89	10.25	7.55
896	35.93	10.26	7.56
897	35.97	10.26	7.59
898	36.01	10.26	7.65
899	36.05	10.27	7.71
900	36.09	10.28	7.77
901	36.13	10.3	7.78
902	36.17	10.32	7.75
903	36.21	10.35	7.71
904	36.25	10.38	7.65
905	36.29	10.41	7.61
906	36.33	10.46	7.57
907	36.37	10.52	7.53
908	36.41	10.6	7.52
909	36.45	10.71	7.51
910	36.49	10.83	7.48
911	36.53	10.95	7.45
912	36.57	11.06	7.43
913	36.61	11.15	7.41
914	36.65	11.22	7.41
915	36.69	11.28	7.37
916	36.73	11.33	7.29
917	36.77	11.38	7.18
918	36.81	11.45	7.05
919	36.85	11.56	6.93
920	36.89	11.74	6.79
921	36.93	11.99	6.62
922	36.97	12.29	6.44
923	37.01	12.61	6.25
924	37.05	12.92	6.09
925	37.09	13.2	5.98
926	37.13	13.41	5.89
927	37.17	13.62	5.81
928	37.21	13.81	5.73
929	37.25	13.98	5.62
930	37.29	14.14	5.5
931	37.33	14.26	5.35
932	37.37	14.35	5.21
933	37.41	14.42	5.07
934	37.45	14.57	4.9
935	37.49	14.77	4.71
936	37.53	14.99	4.5
937	37.57	15.24	4.29
938	37.61	15.47	4.08
939	37.65	15.73	3.86
940	37.69	16.03	3.64
941	37.73	16.37	3.37
942	37.77	16.68	3.06
943	37.81	16.95	2.7
944	37.85	17.19	2.32
945	37.89	17.4	1.95
946	37.93	17.6	1.62
947	37.97	17.79	1.36
948	38.01	18.02	1.12
949	38.05	18.28	0.87
950	38.09	18.57	0.62
951	38.13	18.9	0.35
952	38.17	19.24	0.06
953	38.21	19.56	-0.24
954	38.25	19.84	-0.54
955	38.29	20.07	-0.85
956	38.33	20.23	-1.15
957	38.37	20.37	-1.45
958	38.41	20.49	-1.74
959	38.45	20.59	-2.02
960	38.49	20.75	-2.31
961	38.53	20.95	-2.58
962	38.57	21.19	-2.85
963	38.61	21.47	-3.1
964	38.65	21.73	-3.31
965	38.69	21.96	-3.49
966	38.73	22.13	-3.63
967	38.77	22.26	-3.74
968	38.81	22.35	-3.84
969	38.85	22.42	-3.95
970	38.89	22.45	-4.03
971	38.93	22.45	-4.09
972	38.97	22.42	-4.12
973	39.01	22.36	-4.13
974	39.05	22.31	-4.11
975	39.09	22.27	-4.1
976	39.13	22.22	-4.08
977	39.17	22.2	-4.06
978	39.21	22.19	-4.04
979	39.25	22.18	-4.03
980	39.29	22.2	-4.04
981	39.33	22.21	-4.06
982	39.37	22.23	-4.09
983	39.41	22.26	-4.14
984	39.45	22.3	-4.22
985	39.49	22.34	-4.29
986	39.53	22.39	-4.38
987	39.57	22.41	-4.45
988	39.61	22.41	-4.51
989	39.65	22.44	-4.6
990	39.69	22.46	-4.69
991	39.73	22.5	-4.83
992	39.77	22.54	-5.02
993	39.81	22.57	-5.24
994	39.85	22.58	-5.46
995	39.89	22.59	-5.65
996	39.93	22.61	-5.81
997	39.97	22.65	-5.96
998	40.01	22.73	-6.13
999	40.05	22.83	-6.32
1000	40.09	22.92	-6.48
1001	40.13	23.02	-6.63
1002	40.17	23.11	-6.78
1003	40.21	23.21	-6.92
1004	40.25	23.32	-7.07
1005	40.29	23.4	-7.22
1006	40.33	23.45	-7.43
1007	40.37	23.46	-7.68
1008	40.41	23.45	-8
1009	40.45	23.44	-8.34
1010	40.49	23.43	-8.64
1011	40.53	23.41	-8.88
1012	40.57	23.37	-9.11
1013	40.61	23.34	-9.32
1014	40.65	23.32	-9.54
1015	40.69	23.35	-9.82
1016	40.73	23.42	-10.13
1017	40.77	23.5	-10.49
1018	40.81	23.6	-10.87
1019	40.85	23.69	-11.24
1020	40.89	23.74	-11.61
1021	40.93	23.77	-11.96
1022	40.97	23.75	-12.28
1023	41.01	23.68	-12.57
1024	41.05	23.59	-12.85
1025	41.09	23.48	-13.07
1026	41.13	23.4	-13.3
1027	41.17	23.34	-13.49
1028	41.21	23.29	-13.66
1029	41.25	23.25	-13.82
1030	41.29	23.23	-13.92
1031	41.33	23.21	-14
1032	41.37	23.2	-14
1033	41.41	23.21	-13.99
1034	41.45	23.22	-13.96
1035	41.49	23.22	-13.9
1036	41.53	23.23	-13.89
1037	41.57	23.23	-13.9
1038	41.61	23.22	-13.94
1039	41.65	23.21	-13.97
1040	41.69	23.16	-14.01
1041	41.73	23.06	-14.05
1042	41.77	22.93	-14.09
1043	41.81	22.77	-14.17
1044	41.85	22.61	-14.21
1045	41.89	22.48	-14.2
1046	41.93	22.4	-14.16
1047	41.97	22.33	-14.08
1048	42.01	22.27	-14.03
1049	42.05	22.2	-14.02
1050	42.09	22.12	-14.05
1051	42.13	22.05	-14.11
1052	42.17	21.99	-14.19
1053	42.21	21.94	-14.28
1054	42.25	21.89	-14.39
1055	42.29	21.83	-14.6
1056	42.33	21.73	-14.86
1057	42.37	21.61	-15.13
1058	42.41	21.46	-15.4
1059	42.45	21.29	-15.59
1060	42.49	21.11	-15.73
1061	42.53	20.9	-15.9
1062	42.57	20.71	-16.07
1063	42.61	20.52	-16.22
1064	42.65	20.36	-16.32
1065	42.69	20.23	-16.4
1066	42.73	20.11	-16.49
1067	42.77	20.03	-16.62
1068	42.81	19.92	-16.8
1069	42.85	19.79	-17.03
1070	42.89	19.66	-17.26
1071	42.93	19.55	-17.46
1072	42.97	19.46	-17.66
1073	43.01	19.36	-17.82
1074	43.05	19.24	-17.98
1075	43.09	19.07	-18.15
1076	43.13	18.9	-18.31
1077	43.17	18.76	-18.44
1078	43.21	18.66	-18.54
1079	43.25	18.59	-18.62
1080	43.29	18.53	-18.73
1081	43.33	18.5	-18.88
1082	43.37	18.47	-19.05
1083	43.41	18.45	-19.2
1084	43.45	18.46	-19.3
1085	43.49	18.47	-19.37
1086	43.53	18.47	-19.45
1087	43.57	18.47	-19.55
1088	43.61	18.45	-19.62
1089	43.65	18.43	-19.66
1090	43.69	18.43	-19.65
1091	43.73	18.43	-19.61
1092	43.77	18.43	-19.57
1093	43.81	18.46	-19.58
1094	43.85	18.5	-19.65
1095	43.89	18.56	-19.74
1096	43.93	18.6	-19.82
1097	43.97	18.62	-19.91
1098	44.01	18.6	-19.99
1099	44.05	18.56	-20.1
1100	44.09	18.52	-20.21
1101	44.13	18.51	-20.32
1102	44.17	18.53	-20.41
1103	44.21	18.56	-20.48
1104	44.25	18.59	-20.53
1105	44.29	18.63	-20.56
1106	44.33	18.66	-20.57
1107	44.37	18.67	-20.57
1108	44.41	18.69	-20.57
1109	44.45	18.7	-20.56
1110	44.49	18.73	-20.55
1111	44.53	18.78	-20.56
1112	44.57	18.83	-20.6
1113	44.61	18.87	-20.65
1114	44.65	18.9	-20.71
1115	44.69	18.92	-20.75
1116	44.73	18.93	-20.78
1117	44.77	18.93	-20.82
1118	44.81	18.91	-20.87
1119	44.85	18.9	-20.92
1120	44.89	18.89	-20.95
1121	44.93	18.9	-20.96
1122	44.97	18.91	-20.96
1123	45.01	18.94	-20.92
1124	45.05	18.97	-20.88
1125	45.09	19.01	-20.81
1126	45.13	19.04	-20.74
1127	45.17	19.06	-20.7
1128	45.21	19.06	-20.64
1129	45.25	19.07	-20.56
1130	45.29	19.07	-20.47
1131	45.33	19.06	-20.4
1132	45.37	19.04	-20.4
1133	45.41	19.02	-20.46
1134	45.45	18.99	-20.49
1135	45.49	19	-20.45
1136	45.53	19.01	-20.32
1137	45.57	19.01	-20.17
1138	45.61	19.02	-20.07
1139	45.65	19.02	-20.05
1140	45.69	19.04	-20.09
1141	45.73	19.07	-20.15
1142	45.77	19.1	-20.21
1143	45.81	19.11	-20.27
1144	45.85	19.12	-20.29
1145	45.89	19.12	-20.32
1146	45.93	19.11	-20.33
1147	45.97	19.1	-20.35
1148	46.01	19.1	-20.38
1149	46.05	19.1	-20.39
1150	46.09	19.1	-20.38
1151	46.13	19.11	-20.33
1152	46.17	19.12	-20.29
1153	46.21	19.14	-20.26
1154	46.25	19.17	-20.27
1155	46.29	19.19	-20.3
1156	46.33	19.21	-20.3
1157	46.37	19.21	-20.28
1158	46.41	19.23	-20.27
1159	46.45	19.24	-20.26
1160	46.49	19.26	-20.27
1161	46.53	19.27	-20.29
1162	46.57	19.27	-20.28
1163	46.61	19.26	-20.26
1164	46.65	19.25	-20.25
1165	46.69	19.27	-20.23
1166	46.73	19.29	-20.22
1167	46.77	19.3	-20.21
1168	46.81	19.3	-20.18
1169	46.85	19.29	-20.17
1170	46.89	19.29	-20.16
1171	46.93	19.29	-20.15
1172	46.97	19.29	-20.13
1173	47.01	19.28	-20.13
1174	47.05	19.27	-20.12
1175	47.09	19.26	-20.12
1176	47.13	19.25	-20.13
1177	47.17	19.25	-20.13
1178	47.21	19.26	-20.14
1179	47.25	19.27	-20.16
1180	47.29	19.29	-20.21
1181	47.33	19.31	-20.27
1182	47.37	19.3	-20.32
1183	47.41	19.3	-20.33
1184	47.45	19.28	-20.33
1185	47.49	19.26	-20.31
1186	47.53	19.27	-20.32
1187	47.57	19.29	-20.35
1188	47.61	19.31	-20.37
1189	47.65	19.32	-20.38
1190	47.69	19.3	-20.35
1191	47.73	19.26	-20.3
1192	47.77	19.21	-20.26
1193	47.81	19.16	-20.25
1194	47.85	19.13	-20.25
1195	47.89	19.11	-20.24
1196	47.93	19.1	-20.22
1197	47.97	19.1	-20.17
1198	48.01	19.09	-20.06
1199	48.05	19.09	-19.95
1200	48.09	19.08	-19.85
1201	48.13	19.07	-19.79
1202	48.17	19.07	-19.78
1203	48.21	19.07	-19.79
1204	48.25	19.06	-19.79
1205	48.29	19.04	-19.78
1206	48.33	19.02	-19.77
1207	48.37	19	-19.77
1208	48.41	18.98	-19.77
1209	48.45	18.98	-19.78
1210	48.49	18.99	-19.8
1211	48.53	19	-19.83
1212	48.57	19.03	-19.85
1213	48.61	19.05	-19.88
1214	48.65	19.09	-19.9
1215	48.69	19.12	-19.94
1216	48.73	19.16	-19.97
1217	48.77	19.2	-20.01
1218	48.81	19.23	-20.02
1219	48.85	19.26	-20.02
1220	48.89	19.26	-20.02
1221	48.93	19.25	-20.03
1222	48.97	19.24	-20.04
1223	49.01	19.23	-20.03
1224	49.05	19.22	-20.02
1225	49.09	19.21	-20.01
1226	49.13	19.2	-19.99
1227	49.17	19.19	-20
1228	49.21	19.18	-20
1229	49.25	19.18	-20
1230	49.29	19.18	-20
1231	49.33	19.2	-20.01
1232	49.37	19.21	-20.04
1233	49.41	19.23	-20.08
1234	49.45	19.25	-20.12
1235	49.49	19.27	-20.15
1236	49.53	19.28	-20.15
1237	49.57	19.26	-20.09
1238	49.61	19.23	-20
1239	49.65	19.19	-19.9
1240	49.69	19.19	-19.84
1241	49.73	19.23	-19.84
1242	49.77	19.29	-19.88
1243	49.81	19.36	-19.97
1244	49.85	19.4	-20.04
1245	49.89	19.4	-20.08
1246	49.93	19.36	-20.05
1247	49.97	19.28	-19.98
1248	50.01	19.2	-19.91
1249	50.05	19.12	-19.89
1250	50.09	19.07	-19.92
1251	50.13	19.05	-19.99
1252	50.17	19.06	-20.06
1253	50.21	19.08	-20.07
1254	50.25	19.11	-20.04
1255	50.29	19.11	-19.98
1256	50.33	19.1	-19.94
1257	50.37	19.1	-19.93
1258	50.41	19.09	-19.96
1259	50.45	19.08	-20
1260	50.49	19.07	-20.01
1261	50.53	19.07	-19.97
1262	50.57	19.08	-19.89
1263	50.61	19.1	-19.81
1264	50.65	19.11	-19.77
1265	50.69	19.09	-19.75
1266	50.73	19.05	-19.77
1267	50.77	18.99	-19.78
1268	50.81	18.95	-19.81
1269	50.85	18.93	-19.84
1270	50.89	18.94	-19.87
1271	50.93	18.97	-19.88
1272	50.97	19.03	-19.85
1273	51.01	19.13	-19.78
1274	51.05	19.24	-19.73
1275	51.09	19.34	-19.7
1276	51.13	19.39	-19.72
1277	51.17	19.37	-19.77
1278	51.21	19.32	-19.84
1279	51.25	19.26	-19.88
1280	51.29	19.22	-19.89
1281	51.33	19.21	-19.86
1282	51.37	19.22	-19.8
1283	51.41	19.23	-19.74
1284	51.45	19.23	-19.71
1285	51.49	19.23	-19.7
1286	51.53	19.22	-19.72
1287	51.57	19.22	-19.75
1288	51.61	19.24	-19.78
1289	51.65	19.26	-19.82
1290	51.69	19.29	-19.83
1291	51.73	19.3	-19.8
1292	51.77	19.3	-19.77
1293	51.81	19.29	-19.71
1294	51.85	19.26	-19.69
1295	51.89	19.21	-19.69
1296	51.93	19.14	-19.7
1297	51.97	19.08	-19.75
1298	52.01	19.01	-19.8
1299	52.05	18.97	-19.88
1300	52.09	18.93	-19.98
1301	52.13	18.88	-20.07
1302	52.17	18.82	-20.17
1303	52.21	18.79	-20.27
1304	52.25	18.77	-20.35
1305	52.29	18.77	-20.44
1306	52.33	18.78	-20.52
1307	52.37	18.79	-20.6
1308	52.41	18.79	-20.7
1309	52.45	18.79	-20.8
1310	52.49	18.79	-20.9
1311	52.53	18.8	-20.99
1312	52.57	18.8	-21.08
1313	52.61	18.79	-21.19
1314	52.65	18.78	-21.35
1315	52.69	18.77	-21.52
1316	52.73	18.78	-21.71
1317	52.77	18.81	-21.87
1318	52.81	18.87	-22.01
1319	52.85	18.93	-22.14
1320	52.89	18.97	-22.24
1321	52.93	19	-22.33
1322	52.97	19.01	-22.39
1323	53.01	19	-22.43
1324	53.05	18.98	-22.47
1325	53.09	18.96	-22.5
1326	53.13	18.93	-22.52
1327	53.17	18.9	-22.54
1328	53.21	18.88	-22.54
1329	53.25	18.84	-22.53
1330	53.29	18.81	-22.5
1331	53.33	18.8	-22.49
1332	53.37	18.78	-22.49
1333	53.41	18.75	-22.5
1334	53.45	18.71	-22.55
1335	53.49	18.66	-22.59
1336	53.53	18.6	-22.61
1337	53.57	18.56	-22.6
1338	53.61	18.53	-22.59
1339	53.65	18.5	-22.56
1340	53.69	18.48	-22.54
1341	53.73	18.43	-22.56
1342	53.77	18.38	-22.58
1343	53.81	18.26	-22.63
1344	53.85	18.11	-22.68
1345	53.89	17.95	-22.7
1346	53.93	17.82	-22.72
1347	53.97	17.74	-22.71
1348	54.01	17.71	-22.68
1349	54.05	17.68	-22.67
1350	54.09	17.66	-22.67
1351	54.13	17.63	-22.69
1352	54.17	17.59	-22.72
1353	54.21	17.53	-22.78
1354	54.25	17.45	-22.84
1355	54.29	17.38	-22.93
1356	54.33	17.32	-23.04
1357	54.37	17.29	-23.12
1358	54.41	17.26	-23.2
1359	54.45	17.23	-23.26
1360	54.49	17.21	-23.29
1361	54.53	17.2	-23.32
1362	54.57	17.19	-23.33
1363	54.61	17.2	-23.32
1364	54.65	17.21	-23.3
1365	54.69	17.2	-23.28
1366	54.73	17.21	-23.25
1367	54.77	17.22	-23.23
1368	54.81	17.22	-23.21
1369	54.85	17.21	-23.22
1370	54.89	17.2	-23.22
1371	54.93	17.2	-23.22
1372	54.97	17.19	-23.22
1373	55.01	17.19	-23.2
1374	55.05	17.19	-23.19
1375	55.09	17.2	-23.18
1376	55.13	17.22	-23.17
1377	55.17	17.24	-23.17
1378	55.21	17.26	-23.18
1379	55.25	17.27	-23.18
1380	55.29	17.27	-23.2
1381	55.33	17.28	-23.21
1382	55.37	17.29	-23.22
1383	55.41	17.29	-23.24
1384	55.45	17.3	-23.25
1385	55.49	17.31	-23.25
1386	55.53	17.32	-23.25
1387	55.57	17.34	-23.24
1388	55.61	17.36	-23.22
1389	55.65	17.37	-23.22
1390	55.69	17.4	-23.21
1391	55.73	17.41	-23.22
1392	55.77	17.42	-23.24
1393	55.81	17.43	-23.26
1394	55.85	17.44	-23.26
1395	55.89	17.44	-23.26
1396	55.93	17.44	-23.26
1397	55.97	17.44	-23.25
1398	56.01	17.44	-23.25
1399	56.05	17.44	-23.24
1400	56.09	17.45	-23.24
1401	56.13	17.45	-23.25
1402	56.17	17.46	-23.25
1403	56.21	17.45	-23.26
1404	56.25	17.45	-23.26
1405	56.29	17.44	-23.26
1406	56.33	17.44	-23.26
1407	56.37	17.44	-23.26
1408	56.41	17.44	-23.26
1409	56.45	17.44	-23.25
1410	56.49	17.44	-23.23
1411	56.53	17.45	-23.2
1412	56.57	17.44	-23.19
1413	56.61	17.44	-23.19
1414	56.65	17.43	-23.21
1415	56.69	17.43	-23.25
1416	56.73	17.47	-23.26
1417	56.77	17.51	-23.24
1418	56.81	17.55	-23.21
1419	56.85	17.59	-23.16
1420	56.89	17.59	-23.13
1421	56.93	17.59	-23.13
1422	56.97	17.58	-23.15
1423	57.01	17.58	-23.16
1424	57.05	17.57	-23.18
1425	57.09	17.56	-23.19
1426	57.13	17.55	-23.2
1427	57.17	17.53	-23.2
1428	57.21	17.53	-23.19
1429	57.25	17.52	-23.18
1430	57.29	17.52	-23.17
1431	57.33	17.53	-23.14
1432	57.37	17.54	-23.11
1433	57.41	17.55	-23.08
1434	57.45	17.56	-23.05
1435	57.49	17.57	-23.01
1436	57.53	17.59	-22.97
1437	57.57	17.61	-22.92
1438	57.61	17.63	-22.9
1439	57.65	17.64	-22.88
1440	57.69	17.66	-22.87
1441	57.73	17.67	-22.88
1442	57.77	17.69	-22.9
1443	57.81	17.7	-22.91
1444	57.85	17.7	-22.95
1445	57.89	17.71	-22.97
1446	57.92	17.72	-22.98
1447	57.96	17.72	-22.99
1448	58.01	17.73	-22.99
1449	58.05	17.74	-23
1450	58.08	17.74	-23.02
1451	58.12	17.74	-23.03
1452	58.17	17.74	-23.05
1453	58.2	17.74	-23.07
1454	58.24	17.75	-23.08
1455	58.28	17.74	-23.12
1456	58.32	17.75	-23.14
1457	58.36	17.75	-23.17
1458	58.4	17.75	-23.18
1459	58.44	17.75	-23.2
1460	58.48	17.75	-23.2
1461	58.52	17.75	-23.19
1462	58.56	17.75	-23.2
1463	58.6	17.76	-23.2
1464	58.64	17.76	-23.21
1465	58.68	17.75	-23.21
1466	58.72	17.75	-23.22
1467	58.76	17.75	-23.21
1468	58.8	17.74	-23.22
1469	58.84	17.75	-23.22
1470	58.89	17.75	-23.21
1471	58.92	17.76	-23.21
1472	58.96	17.77	-23.2
1473	59	17.76	-23.2
1474	59.04	17.76	-23.19
1475	59.08	17.77	-23.19
1476	59.12	17.76	-23.19
1477	59.16	17.76	-23.18
1478	59.2	17.76	-23.19
1479	59.24	17.75	-23.2
1480	59.28	17.75	-23.21
1481	59.32	17.76	-23.21
1482	59.36	17.76	-23.2
1483	59.4	17.76	-23.19
1484	59.44	17.76	-23.19
1485	59.48	17.77	-23.19
1486	59.52	17.77	-23.2
1487	59.56	17.78	-23.2
1488	59.6	17.79	-23.2
1489	59.64	17.79	-23.19
1490	59.68	17.8	-23.18
1491	59.72	17.8	-23.18
1492	59.76	17.8	-23.19
1493	59.8	17.79	-23.19
1494	59.84	17.78	-23.21
1495	59.88	17.78	-23.22
1496	59.92	17.77	-23.22
1497	59.96	17.76	-23.22
1498	60	17.76	-23.21
1499	60.04	17.76	-23.2
1500	60.08	17.77	-23.21
1501	60.12	17.77	-23.22
1502	60.16	17.76	-23.21
1503	60.2	17.77	-23.2
1504	60.24	17.78	-23.17
1505	60.28	17.79	-23.14
1506	60.32	17.8	-23.12
1507	60.36	17.82	-23.09
1508	60.4	17.84	-23.02
1509	60.44	17.87	-22.92
1510	60.48	17.88	-22.85
1511	60.52	17.88	-22.79
1512	60.56	17.87	-22.75
1513	60.6	17.85	-22.72
1514	60.64	17.85	-22.69
1515	60.68	17.84	-22.68
1516	60.72	17.84	-22.66
1517	60.76	17.85	-22.64
1518	60.8	17.86	-22.62
1519	60.84	17.87	-22.58
1520	60.88	17.88	-22.55
1521	60.92	17.88	-22.53
1522	60.96	17.9	-22.5
1523	61	17.92	-22.47
1524	61.04	17.96	-22.44
1525	61.08	17.99	-22.39
1526	61.12	18.01	-22.37
1527	61.16	18	-22.33
1528	61.2	17.98	-22.3
1529	61.24	17.96	-22.27
1530	61.28	17.96	-22.24
1531	61.32	17.95	-22.23
1532	61.36	17.94	-22.23
1533	61.4	17.93	-22.22
1534	61.44	17.91	-22.23
1535	61.48	17.87	-22.23
1536	61.52	17.84	-22.24
1537	61.56	17.8	-22.27
1538	61.6	17.76	-22.3
1539	61.64	17.72	-22.33
1540	61.68	17.67	-22.36
1541	61.72	17.62	-22.39
1542	61.76	17.58	-22.4
1543	61.8	17.54	-22.43
1544	61.84	17.5	-22.45
1545	61.88	17.47	-22.48
1546	61.92	17.44	-22.5
1547	61.96	17.42	-22.53
1548	62	17.38	-22.58
1549	62.04	17.36	-22.62
1550	62.08	17.33	-22.66
1551	62.12	17.32	-22.67
1552	62.16	17.31	-22.68
1553	62.2	17.28	-22.68
1554	62.24	17.23	-22.67
1555	62.28	17.17	-22.68
1556	62.32	17.09	-22.74
1557	62.36	17	-22.83
1558	62.4	16.85	-23
1559	62.44	16.62	-23.18
1560	62.48	16.36	-23.31
1561	62.52	16.08	-23.42
1562	62.56	15.84	-23.49
1563	62.6	15.64	-23.52
1564	62.64	15.45	-23.55
1565	62.68	15.26	-23.6
1566	62.72	15.06	-23.66
1567	62.76	14.85	-23.73
1568	62.8	14.66	-23.8
1569	62.84	14.51	-23.88
1570	62.88	14.41	-23.96
1571	62.92	14.32	-24.06
1572	62.96	14.19	-24.18
1573	63	14.05	-24.32
1574	63.04	13.88	-24.47
1575	63.08	13.71	-24.61
1576	63.12	13.57	-24.73
1577	63.16	13.42	-24.8
1578	63.2	13.25	-24.84
1579	63.24	13.08	-24.85
1580	63.28	12.92	-24.84
1581	63.32	12.78	-24.83
1582	63.36	12.66	-24.82
1583	63.4	12.53	-24.81
1584	63.44	12.42	-24.78
1585	63.48	12.32	-24.77
1586	63.52	12.21	-24.76
1587	63.56	12.12	-24.76
1588	63.6	11.98	-24.77
1589	63.64	11.86	-24.77
1590	63.68	11.77	-24.79
1591	63.72	11.67	-24.83
1592	63.76	11.61	-24.89
1593	63.8	11.54	-24.96
1594	63.84	11.45	-25.04
1595	63.88	11.32	-25.11
1596	63.92	11.14	-25.21
1597	63.96	10.94	-25.34
1598	64	10.75	-25.47
1599	64.04	10.58	-25.59
1600	64.08	10.42	-25.67
1601	64.12	10.28	-25.71
1602	64.16	10.12	-25.73
1603	64.2	9.94	-25.73
1604	64.24	9.73	-25.71
1605	64.28	9.5	-25.67
1606	64.32	9.23	-25.61
1607	64.36	8.99	-25.53
1608	64.4	8.77	-25.45
1609	64.44	8.56	-25.38
1610	64.48	8.37	-25.32
1611	64.52	8.18	-25.29
1612	64.56	7.99	-25.27
1613	64.6	7.82	-25.28
1614	64.64	7.58	-25.34
1615	64.68	7.29	-25.42
1616	64.72	6.98	-25.52
1617	64.76	6.69	-25.64
1618	64.8	6.43	-25.72
1619	64.84	6.23	-25.78
1620	64.88	6	-25.8
1621	64.92	5.75	-25.8
1622	64.96	5.49	-25.75
1623	65	5.21	-25.68
1624	65.04	4.93	-25.6
1625	65.08	4.67	-25.53
1626	65.12	4.41	-25.49
1627	65.16	4.15	-25.48
1628	65.2	3.92	-25.49
1629	65.24	3.61	-25.51
1630	65.28	3.24	-25.57
1631	65.32	2.83	-25.64
1632	65.36	2.37	-25.72
1633	65.4	1.96	-25.79
1634	65.44	1.59	-25.84
1635	65.48	1.3	-25.85
1636	65.52	0.99	-25.81
1637	65.56	0.69	-25.74
1638	65.6	0.45	-25.65
1639	65.64	0.17	-25.54
1640	65.68	-0.04	-25.46
1641	65.72	-0.2	-25.39
1642	65.76	-0.36	-25.33
1643	65.8	-0.49	-25.3
1644	65.84	-0.63	-25.28
1645	65.88	-0.8	-25.27
1646	65.92	-0.98	-25.27
1647	65.96	-1.17	-25.29
1648	66	-1.36	-25.32
1649	66.04	-1.51	-25.39
1650	66.08	-1.64	-25.47
1651	66.12	-1.77	-25.55
1652	66.16	-1.9	-25.62
1653	66.2	-2.11	-25.7
1654	66.24	-2.33	-25.76
1655	66.28	-2.52	-25.81
1656	66.32	-2.65	-25.82
1657	66.36	-2.72	-25.82
1658	66.4	-2.81	-25.8
1659	66.44	-2.93	-25.78
1660	66.48	-3.13	-25.74
1661	66.52	-3.35	-25.67
1662	66.56	-3.51	-25.6
1663	66.6	-3.65	-25.53
1664	66.64	-3.76	-25.49
1665	66.68	-3.82	-25.45
1666	66.72	-3.9	-25.42
1667	66.76	-3.97	-25.41
1668	66.8	-3.98	-25.4
1669	66.84	-3.99	-25.39
1670	66.88	-3.99	-25.4
1671	66.92	-3.97	-25.4
1672	66.96	-3.96	-25.4
1673	67	-3.96	-25.42
1674	67.04	-3.95	-25.45
1675	67.08	-3.94	-25.47
1676	67.12	-3.95	-25.48
1677	67.16	-3.97	-25.5
1678	67.2	-4	-25.5
1679	67.24	-4.03	-25.51
1680	67.28	-4.07	-25.52
1681	67.32	-4.11	-25.53
1682	67.36	-4.14	-25.54
1683	67.4	-4.18	-25.55
1684	67.44	-4.23	-25.57
1685	67.48	-4.28	-25.6
1686	67.52	-4.35	-25.64
1687	67.56	-4.41	-25.68
1688	67.6	-4.44	-25.71
1689	67.64	-4.46	-25.71
1690	67.68	-4.46	-25.72
1691	67.72	-4.48	-25.72
1692	67.76	-4.49	-25.73
1693	67.8	-4.55	-25.74
1694	67.84	-4.59	-25.75
1695	67.88	-4.64	-25.76
1696	67.92	-4.74	-25.78
1697	67.96	-4.81	-25.82
1698	68	-4.89	-25.86
1699	68.04	-4.94	-25.91
1700	68.08	-4.95	-25.94
1701	68.12	-4.95	-25.95
1702	68.16	-4.93	-25.94
1703	68.2	-4.94	-25.92
1704	68.24	-4.95	-25.91
1705	68.28	-4.95	-25.89
1706	68.32	-4.93	-25.87
1707	68.36	-4.9	-25.85
1708	68.4	-4.87	-25.81
1709	68.44	-4.83	-25.77
1710	68.48	-4.81	-25.73
1711	68.52	-4.73	-25.7
1712	68.56	-4.61	-25.64
1713	68.6	-4.5	-25.57
1714	68.64	-4.4	-25.49
1715	68.68	-4.35	-25.4
1716	68.72	-4.34	-25.31
1717	68.76	-4.32	-25.22
1718	68.8	-4.33	-25.14
1719	68.84	-4.32	-25.06
1720	68.88	-4.3	-24.97
1721	68.92	-4.32	-24.87
1722	68.96	-4.3	-24.75
1723	69	-4.28	-24.6
1724	69.04	-4.25	-24.47
1725	69.08	-4.19	-24.36
1726	69.12	-4.14	-24.27
1727	69.16	-4.08	-24.21
1728	69.2	-4.04	-24.15
1729	69.24	-4.02	-24.09
1730	69.28	-4.01	-24.01
1731	69.32	-4.02	-23.93
1732	69.36	-4.05	-23.87
1733	69.4	-4.09	-23.77
1734	69.44	-4.14	-23.65
1735	69.48	-4.2	-23.49
1736	69.52	-4.28	-23.28
1737	69.56	-4.32	-23.1
1738	69.6	-4.34	-22.94
1739	69.64	-4.38	-22.78
1740	69.68	-4.41	-22.64
1741	69.72	-4.44	-22.51
1742	69.76	-4.51	-22.37
1743	69.8	-4.57	-22.25
1744	69.84	-4.63	-22.16
1745	69.88	-4.68	-22.09
1746	69.92	-4.75	-22.02
1747	69.96	-4.8	-21.97
1748	70	-4.84	-21.95
1749	70.04	-4.87	-21.96
1750	70.08	-4.86	-21.96
1751	70.12	-4.84	-21.96
1752	70.16	-4.83	-21.94
1753	70.2	-4.83	-21.92
1754	70.24	-4.86	-21.9
1755	70.28	-4.88	-21.89
1756	70.32	-4.91	-21.86
1757	70.36	-4.92	-21.82
1758	70.4	-4.92	-21.78
1759	70.44	-4.92	-21.74
1760	70.48	-4.91	-21.73
1761	70.52	-4.89	-21.71
1762	70.56	-4.87	-21.7
1763	70.6	-4.84	-21.69
1764	70.64	-4.8	-21.67
1765	70.68	-4.76	-21.65
1766	70.72	-4.73	-21.64
1767	70.76	-4.71	-21.63
1768	70.8	-4.69	-21.6
1769	70.84	-4.68	-21.57
1770	70.88	-4.67	-21.55
1771	70.92	-4.66	-21.53
1772	70.96	-4.67	-21.54
1773	71	-4.68	-21.6
1774	71.04	-4.68	-21.69
1775	71.08	-4.64	-21.83
1776	71.12	-4.58	-21.98
1777	71.16	-4.49	-22.14
1778	71.2	-4.4	-22.29
1779	71.24	-4.34	-22.42
1780	71.28	-4.29	-22.51
1781	71.32	-4.26	-22.6
1782	71.36	-4.22	-22.67
1783	71.4	-4.16	-22.73
1784	71.44	-4.08	-22.77
1785	71.48	-3.99	-22.78
1786	71.52	-3.91	-22.77
1787	71.56	-3.83	-22.74
1788	71.6	-3.75	-22.7
1789	71.64	-3.67	-22.63
1790	71.68	-3.61	-22.55
1791	71.72	-3.56	-22.46
1792	71.76	-3.5	-22.37
1793	71.8	-3.46	-22.29
1794	71.84	-3.39	-22.19
1795	71.88	-3.3	-22.08
1796	71.92	-3.18	-21.94
1797	71.96	-3.06	-21.79
1798	72	-2.97	-21.62
1799	72.04	-2.9	-21.45
1800	72.08	-2.84	-21.3
1801	72.12	-2.76	-21.16
1802	72.16	-2.62	-20.98
1803	72.2	-2.44	-20.76
1804	72.24	-2.22	-20.5
1805	72.28	-2	-20.24
1806	72.32	-1.79	-20.03
1807	72.36	-1.59	-19.88
1808	72.4	-1.42	-19.78
1809	72.44	-1.3	-19.74
1810	72.48	-1.16	-19.7
1811	72.52	-1.05	-19.66
1812	72.56	-0.94	-19.56
1813	72.6	-0.81	-19.42
1814	72.64	-0.71	-19.27
1815	72.68	-0.6	-19.1
1816	72.72	-0.49	-18.95
1817	72.76	-0.38	-18.83
1818	72.8	-0.27	-18.7
1819	72.84	-0.17	-18.57
1820	72.88	-0.03	-18.43
1821	72.92	0.13	-18.27
1822	72.96	0.31	-18.11
1823	73	0.51	-17.97
1824	73.04	0.71	-17.85
1825	73.08	0.89	-17.76
1826	73.12	1.06	-17.7
1827	73.16	1.16	-17.67
1828	73.2	1.21	-17.69
1829	73.24	1.24	-17.71
1830	73.28	1.25	-17.73
1831	73.32	1.28	-17.73
1832	73.36	1.31	-17.73
1833	73.4	1.33	-17.73
1834	73.44	1.35	-17.73
1835	73.48	1.37	-17.73
1836	73.52	1.41	-17.7
1837	73.56	1.45	-17.66
1838	73.6	1.47	-17.64
1839	73.64	1.5	-17.62
1840	73.68	1.51	-17.63
1841	73.72	1.5	-17.64
1842	73.76	1.48	-17.64
1843	73.8	1.47	-17.64
1844	73.84	1.45	-17.63
1845	73.88	1.43	-17.63
1846	73.92	1.41	-17.64
1847	73.96	1.4	-17.64
1848	74	1.38	-17.66
1849	74.04	1.36	-17.68
1850	74.08	1.34	-17.69
1851	74.12	1.32	-17.71
1852	74.16	1.31	-17.72
1853	74.2	1.31	-17.72
1854	74.24	1.3	-17.74
1855	74.28	1.27	-17.76
1856	74.32	1.24	-17.78
1857	74.36	1.21	-17.79
1858	74.4	1.17	-17.82
1859	74.44	1.19	-17.82
1860	74.48	1.21	-17.84
1861	74.52	1.23	-17.87
1862	74.56	1.27	-17.88
1863	74.6	1.3	-17.88
1864	74.64	1.32	-17.89
1865	74.68	1.35	-17.9
1866	74.72	1.37	-17.9
1867	74.76	1.39	-17.91
1868	74.8	1.41	-17.91
1869	74.84	1.42	-17.88
1870	74.88	1.41	-17.85
1871	74.92	1.37	-17.82
1872	74.96	1.32	-17.79
1873	75	1.27	-17.79
1874	75.04	1.25	-17.81
1875	75.08	1.27	-17.82
1876	75.12	1.29	-17.84
1877	75.16	1.29	-17.85
1878	75.2	1.27	-17.85
1879	75.24	1.25	-17.86
1880	75.28	1.22	-17.88
1881	75.32	1.17	-17.92
1882	75.36	1.14	-17.94
1883	75.4	1.1	-17.96
1884	75.44	1.06	-17.98
1885	75.48	1.05	-17.99
1886	75.52	1.04	-18.01
1887	75.56	1.03	-18.02
1888	75.6	1.02	-18.04
1889	75.64	1.01	-18.04
1890	75.68	1	-18.05
1891	75.72	0.99	-18.06
1892	75.76	0.98	-18.05
1893	75.8	0.97	-18.05
1894	75.84	0.97	-18.05
1895	75.88	0.96	-18.05
1896	75.92	0.96	-18.05
1897	75.96	0.95	-18.06
1898	76	0.94	-18.07
1899	76.04	0.92	-18.08
1900	76.08	0.89	-18.09
1901	76.12	0.88	-18.09
1902	76.16	0.85	-18.13
1903	76.2	0.81	-18.2
1904	76.24	0.78	-18.27
1905	76.28	0.76	-18.33
1906	76.32	0.77	-18.38
1907	76.36	0.8	-18.41
1908	76.4	0.82	-18.44
1909	76.44	0.82	-18.49
1910	76.48	0.81	-18.53
1911	76.52	0.8	-18.57
1912	76.56	0.78	-18.61
1913	76.6	0.79	-18.68
1914	76.64	0.8	-18.74
1915	76.68	0.83	-18.81
1916	76.72	0.85	-18.88
1917	76.76	0.85	-18.93
1918	76.8	0.84	-19
1919	76.84	0.81	-19.06
1920	76.88	0.79	-19.12
1921	76.92	0.76	-19.18
1922	76.96	0.77	-19.24
1923	77	0.79	-19.3
1924	77.04	0.8	-19.35
1925	77.08	0.85	-19.42
1926	77.12	0.88	-19.49
1927	77.16	0.92	-19.55
1928	77.2	0.95	-19.6
1929	77.24	0.98	-19.66
1930	77.28	1.01	-19.72
1931	77.32	1.01	-19.8
1932	77.36	1.02	-19.89
1933	77.4	1.02	-19.96
1934	77.44	1	-20.01
1935	77.48	1.02	-20.04
1936	77.52	1.03	-20.06
1937	77.56	1.03	-20.08
1938	77.6	1.05	-20.09
1939	77.64	1.05	-20.1
1940	77.68	1.06	-20.11
1941	77.72	1.06	-20.14
1942	77.76	1.05	-20.17
1943	77.8	1.04	-20.21
1944	77.84	1.02	-20.26
1945	77.88	1.01	-20.31
1946	77.92	1.03	-20.37
1947	77.96	1.07	-20.44
1948	78	1.11	-20.51
1949	78.04	1.13	-20.56
1950	78.08	1.13	-20.6
1951	78.12	1.12	-20.61
1952	78.16	1.09	-20.63
1953	78.2	1.09	-20.65
1954	78.24	1.08	-20.68
1955	78.28	1.06	-20.7
1956	78.32	1.06	-20.72
1957	78.36	1.06	-20.74
1958	78.4	1.06	-20.76
1959	78.44	1.06	-20.77
1960	78.48	1.05	-20.78
1961	78.52	1.04	-20.78
1962	78.56	1.03	-20.79
1963	78.6	1.01	-20.8
1964	78.64	0.98	-20.8
1965	78.68	0.93	-20.8
1966	78.72	0.87	-20.79
1967	78.76	0.83	-20.78
1968	78.8	0.78	-20.76
1969	78.84	0.75	-20.74
1970	78.88	0.73	-20.72
1971	78.92	0.7	-20.71
1972	78.96	0.69	-20.7
1973	79	0.66	-20.68
1974	79.04	0.63	-20.67
1975	79.08	0.59	-20.63
1976	79.12	0.55	-20.6
1977	79.16	0.51	-20.58
1978	79.2	0.46	-20.56
1979	79.24	0.43	-20.57
1980	79.28	0.4	-20.58
1981	79.32	0.37	-20.59
1982	79.36	0.36	-20.61
1983	79.4	0.35	-20.62
1984	79.44	0.33	-20.6
1985	79.48	0.32	-20.57
1986	79.52	0.31	-20.53
1987	79.56	0.32	-20.48
1988	79.6	0.31	-20.43
1989	79.64	0.29	-20.39
1990	79.68	0.28	-20.34
1991	79.72	0.25	-20.3
1992	79.76	0.26	-20.26
1993	79.8	0.26	-20.21
1994	79.84	0.25	-20.19
1995	79.88	0.23	-20.18
1996	79.92	0.22	-20.16
1997	79.96	0.22	-20.15
1998	80	0.22	-20.13
1999	80.04	0.22	-20.11
2000	80.08	0.21	-20.08
2001	80.12	0.19	-20.06
2002	80.16	0.16	-20.02
2003	80.2	0.14	-19.95
2004	80.24	0.13	-19.86
2005	80.32	0.15	-19.75
2006	80.36	0.17	-19.65
2007	80.4	0.21	-19.55
2008	80.44	0.25	-19.48
2009	80.48	0.28	-19.43
2010	80.52	0.3	-19.36
2011	80.56	0.33	-19.31
2012	80.6	0.34	-19.27
2013	80.64	0.35	-19.24
2014	80.68	0.37	-19.23
2015	80.72	0.37	-19.24
2016	80.76	0.38	-19.23
2017	80.8	0.39	-19.24
2018	80.84	0.38	-19.26
2019	80.88	0.38	-19.27
2020	80.92	0.36	-19.3
2021	80.96	0.34	-19.32
2022	81	0.31	-19.34
2023	81.04	0.28	-19.36
2024	81.08	0.25	-19.38
2025	81.12	0.21	-19.38
2026	81.16	0.18	-19.4
2027	81.2	0.14	-19.41
2028	81.24	0.09	-19.43
2029	81.28	0.03	-19.46
2030	81.32	-0.03	-19.47
2031	81.36	-0.08	-19.48
2032	81.4	-0.14	-19.48
2033	81.44	-0.19	-19.48
2034	81.48	-0.21	-19.48
2035	81.52	-0.24	-19.48
2036	81.56	-0.26	-19.48
2037	81.6	-0.26	-19.48
2038	81.64	-0.26	-19.48
2039	81.68	-0.27	-19.48
2040	81.72	-0.3	-19.49
2041	81.76	-0.32	-19.5
2042	81.8	-0.36	-19.5
2043	81.84	-0.39	-19.51
2044	81.88	-0.37	-19.52
2045	81.92	-0.36	-19.53
2046	81.96	-0.34	-19.56
2047	82	-0.32	-19.59
2048	82.04	-0.35	-19.64
2049	82.08	-0.36	-19.69
2050	82.12	-0.36	-19.75
2051	82.16	-0.37	-19.81
2052	82.2	-0.36	-19.87
2053	82.24	-0.37	-19.94
2054	82.28	-0.38	-20.01
2055	82.32	-0.39	-20.08
2056	82.36	-0.39	-20.16
2057	82.4	-0.39	-20.25
2058	82.44	-0.38	-20.36
2059	82.48	-0.39	-20.48
2060	82.52	-0.41	-20.59
2061	82.56	-0.43	-20.71
2062	82.6	-0.46	-20.82
2063	82.64	-0.49	-20.95
2064	82.68	-0.51	-21.08
2065	82.72	-0.53	-21.23
2066	82.76	-0.55	-21.37
2067	82.8	-0.57	-21.49
2068	82.84	-0.56	-21.62
2069	82.88	-0.52	-21.77
2070	82.92	-0.47	-21.96
2071	82.96	-0.4	-22.19
2072	83	-0.35	-22.42
2073	83.04	-0.31	-22.61
2074	83.08	-0.3	-22.76
2075	83.12	-0.29	-22.87
2076	83.16	-0.28	-22.93
2077	83.2	-0.24	-23.02
2078	83.24	-0.21	-23.11
2079	83.28	-0.17	-23.21
2080	83.32	-0.15	-23.3
2081	83.36	-0.13	-23.36
2082	83.4	-0.12	-23.39
2083	83.44	-0.13	-23.41
2084	83.48	-0.12	-23.44
2085	83.52	-0.07	-23.47
2086	83.56	0.02	-23.52
2087	83.6	0.12	-23.54
2088	83.64	0.21	-23.54
2089	83.68	0.26	-23.53
2090	83.72	0.31	-23.53
2091	83.76	0.37	-23.54
2092	83.8	0.44	-23.58
2093	83.84	0.51	-23.62
2094	83.88	0.56	-23.67
2095	83.92	0.6	-23.73
2096	83.96	0.65	-23.81
2097	84	0.71	-23.9
2098	84.04	0.8	-23.99
2099	84.08	0.86	-24.04
2100	84.12	0.93	-24.07
2101	84.16	0.99	-24.09
2102	84.2	1.03	-24.12
2103	84.24	1.1	-24.21
2104	84.28	1.15	-24.27
2105	84.32	1.22	-24.33
2106	84.36	1.3	-24.38
2107	84.4	1.38	-24.43
2108	84.44	1.49	-24.5
2109	84.48	1.63	-24.56
2110	84.52	1.83	-24.64
2111	84.56	2.09	-24.72
2112	84.6	2.37	-24.78
2113	84.64	2.66	-24.82
2114	84.68	2.92	-24.83
2115	84.72	3.18	-24.85
2116	84.76	3.42	-24.88
2117	84.8	3.6	-24.91
2118	84.84	3.76	-24.97
2119	84.88	3.93	-25.06
2120	84.92	4.09	-25.16
2121	84.96	4.29	-25.28
2122	85	4.51	-25.38
2123	85.04	4.71	-25.47
2124	85.08	4.95	-25.56
2125	85.12	5.21	-25.67
2126	85.16	5.48	-25.76
2127	85.2	5.77	-25.81
2128	85.24	6.09	-25.81
2129	85.28	6.47	-25.78
2130	85.32	6.87	-25.76
2131	85.36	7.25	-25.75
2132	85.4	7.59	-25.72
2133	85.44	7.9	-25.66
2134	85.48	8.15	-25.58
2135	85.52	8.39	-25.5
2136	85.56	8.69	-25.5
2137	85.6	8.98	-25.55
2138	85.64	9.32	-25.64
2139	85.68	9.68	-25.74
2140	85.72	10.02	-25.81
2141	85.76	10.35	-25.88
2142	85.8	10.64	-25.92
2143	85.84	10.9	-25.95
2144	85.88	11.15	-25.94
2145	85.92	11.4	-25.9
2146	85.96	11.71	-25.84
2147	86	12.05	-25.78
2148	86.04	12.36	-25.75
2149	86.08	12.65	-25.71
2150	86.12	12.88	-25.69
2151	86.16	13.03	-25.68
2152	86.2	13.13	-25.66
2153	86.24	13.18	-25.66
2154	86.28	13.22	-25.67
2155	86.32	13.29	-25.7
2156	86.36	13.36	-25.71
2157	86.4	13.46	-25.7
2158	86.44	13.55	-25.69
2159	86.48	13.62	-25.68
2160	86.52	13.7	-25.68
2161	86.56	13.82	-25.72
2162	86.6	13.98	-25.75
2163	86.64	14.12	-25.77
2164	86.68	14.27	-25.79
2165	86.72	14.42	-25.79
2166	86.76	14.52	-25.8
2167	86.8	14.68	-25.82
2168	86.84	14.85	-25.85
2169	86.88	15	-25.9
2170	86.92	15.16	-25.93
2171	86.96	15.26	-25.92
2172	87	15.28	-25.88
2173	87.04	15.28	-25.81
2174	87.08	15.26	-25.74
2175	87.12	15.24	-25.71
2176	87.16	15.25	-25.7
2177	87.2	15.29	-25.7
2178	87.24	15.35	-25.69
2179	87.28	15.42	-25.67
2180	87.32	15.45	-25.66
2181	87.36	15.47	-25.65
2182	87.4	15.51	-25.64
2183	87.44	15.57	-25.62
2184	87.48	15.63	-25.59
2185	87.52	15.68	-25.57
2186	87.56	15.69	-25.55
2187	87.6	15.7	-25.54
2188	87.64	15.73	-25.53
2189	87.68	15.77	-25.53
2190	87.72	15.81	-25.53
2191	87.76	15.88	-25.53
2192	87.8	15.96	-25.54
2193	87.84	16.1	-25.56
2194	87.88	16.25	-25.56
2195	87.92	16.42	-25.54
2196	87.96	16.56	-25.51
2197	88	16.69	-25.44
2198	88.04	16.8	-25.37
2199	88.08	16.85	-25.31
2200	88.12	16.85	-25.26
2201	88.16	16.84	-25.23
2202	88.2	16.82	-25.2
2203	88.24	16.78	-25.16
2204	88.28	16.74	-25.14
2205	88.32	16.65	-25.13
2206	88.36	16.53	-25.15
2207	88.4	16.42	-25.17
2208	88.44	16.31	-25.18
2209	88.48	16.2	-25.21
2210	88.52	16.07	-25.24
2211	88.56	15.93	-25.28
2212	88.6	15.82	-25.33
2213	88.64	15.75	-25.34
2214	88.68	15.73	-25.33
2215	88.72	15.73	-25.3
2216	88.76	15.74	-25.28
2217	88.8	15.75	-25.26
2218	88.84	15.74	-25.25
2219	88.88	15.74	-25.23
2220	88.92	15.73	-25.21
2221	88.96	15.68	-25.21
2222	89	15.63	-25.22
2223	89.04	15.58	-25.24
2224	89.08	15.53	-25.23
2225	89.12	15.5	-25.2
2226	89.16	15.48	-25.19
2227	89.2	15.43	-25.17
2228	89.24	15.4	-25.16
2229	89.28	15.37	-25.17
2230	89.32	15.33	-25.16
2231	89.36	15.32	-25.16
2232	89.4	15.29	-25.14
2233	89.44	15.27	-25.11
2234	89.48	15.26	-25.08
2235	89.52	15.28	-25.01
2236	89.56	15.33	-24.91
2237	89.6	15.38	-24.81
2238	89.64	15.45	-24.73
2239	89.68	15.49	-24.67
2240	89.72	15.54	-24.64
2241	89.76	15.57	-24.6
2242	89.8	15.6	-24.57
2243	89.84	15.63	-24.54
2244	89.88	15.66	-24.5
2245	89.92	15.68	-24.47
2246	89.96	15.7	-24.45
2247	90	15.71	-24.42
2248	90.04	15.7	-24.39
2249	90.08	15.72	-24.35
2250	90.12	15.71	-24.31
2251	90.16	15.71	-24.29
2252	90.2	15.72	-24.28
2253	90.24	15.73	-24.27
2254	90.28	15.75	-24.26
2255	90.32	15.77	-24.25
2256	90.36	15.77	-24.26
2257	90.4	15.78	-24.27
2258	90.44	15.78	-24.28
2259	90.48	15.79	-24.29
2260	90.52	15.81	-24.28
2261	90.56	15.81	-24.29
2262	90.6	15.8	-24.3
2263	90.64	15.78	-24.31
2264	90.68	15.77	-24.32
2265	90.72	15.74	-24.34
2266	90.76	15.72	-24.35
2267	90.8	15.71	-24.36
2268	90.84	15.7	-24.37
2269	90.88	15.69	-24.37
2270	90.92	15.67	-24.36
2271	90.96	15.64	-24.35
2272	91	15.58	-24.34
2273	91.04	15.53	-24.34
2274	91.08	15.48	-24.36
2275	91.12	15.44	-24.4
2276	91.16	15.39	-24.44
2277	91.2	15.35	-24.48
2278	91.24	15.31	-24.51
2279	91.28	15.26	-24.52
2280	91.32	15.2	-24.53
2281	91.36	15.14	-24.55
2282	91.4	15.1	-24.56
2283	91.44	15.08	-24.6
2284	91.48	15.07	-24.62
2285	91.52	15.05	-24.66
2286	91.56	15.02	-24.71
2287	91.6	15.01	-24.76
2288	91.64	15	-24.82
2289	91.68	14.99	-24.86
2290	91.72	14.99	-24.88
2291	91.76	14.99	-24.89
2292	91.8	14.98	-24.89
2293	91.84	14.97	-24.89
2294	91.88	14.97	-24.89
2295	91.92	14.97	-24.88
2296	91.96	14.97	-24.87
2297	92	14.97	-24.87
2298	92.04	14.97	-24.86
2299	92.08	14.98	-24.87
2300	92.12	14.98	-24.88
2301	92.16	14.98	-24.88
2302	92.2	14.99	-24.89
2303	92.24	15	-24.89
2304	92.28	14.99	-24.88
2305	92.32	14.97	-24.87
2306	92.36	14.95	-24.85
2307	92.4	14.91	-24.81
2308	92.44	14.89	-24.78
2309	92.48	14.91	-24.73
2310	92.52	14.91	-24.68
2311	92.56	14.93	-24.64
2312	92.6	14.94	-24.63
2313	92.64	14.94	-24.65
2314	92.68	14.94	-24.69
2315	92.72	14.91	-24.74
2316	92.76	14.89	-24.75
2317	92.8	14.84	-24.74
2318	92.84	14.81	-24.69
2319	92.88	14.8	-24.64
2320	92.92	14.79	-24.61
2321	92.96	14.8	-24.58
2322	93	14.81	-24.56
2323	93.04	14.82	-24.54
2324	93.08	14.83	-24.51
2325	93.12	14.83	-24.49
2326	93.16	14.82	-24.47
2327	93.2	14.8	-24.45
2328	93.24	14.8	-24.42
2329	93.28	14.8	-24.39
2330	93.32	14.8	-24.39
2331	93.36	14.8	-24.39
2332	93.4	14.81	-24.4
2333	93.44	14.81	-24.4
2334	93.48	14.81	-24.41
2335	93.52	14.8	-24.43
2336	93.56	14.78	-24.46
2337	93.6	14.78	-24.49
2338	93.64	14.8	-24.52
2339	93.68	14.86	-24.55
2340	93.72	14.95	-24.54
2341	93.76	15.05	-24.54
2342	93.8	15.17	-24.54
2343	93.84	15.3	-24.53
2344	93.88	15.47	-24.5
2345	93.92	15.63	-24.46
2346	93.96	15.83	-24.39
2347	94	16.04	-24.28
2348	94.04	16.25	-24.19
2349	94.08	16.48	-24.12
2350	94.12	16.72	-24.05
2351	94.16	16.93	-24.03
2352	94.2	17.1	-24.04
2353	94.24	17.26	-24.06
2354	94.28	17.41	-24.11
2355	94.32	17.54	-24.15
2356	94.36	17.7	-24.17
2357	94.4	17.82	-24.18
2358	94.44	17.88	-24.19
2359	94.48	17.95	-24.18
2360	94.52	18.01	-24.15
2361	94.56	18.07	-24.1
2362	94.6	18.16	-24.04
2363	94.64	18.25	-23.98
2364	94.68	18.32	-23.94
2365	94.72	18.41	-23.91
2366	94.76	18.52	-23.89
2367	94.8	18.62	-23.89
2368	94.84	18.74	-23.88
2369	94.88	18.83	-23.86
2370	94.92	18.91	-23.83
2371	94.96	18.96	-23.8
2372	95	19.02	-23.79
2373	95.04	19.07	-23.78
2374	95.08	19.13	-23.77
2375	95.12	19.25	-23.79
2376	95.16	19.4	-23.81
2377	95.2	19.65	-23.87
2378	95.24	19.93	-23.94
2379	95.28	20.23	-24.03
2380	95.32	20.51	-24.13
2381	95.36	20.72	-24.23
2382	95.4	20.86	-24.32
2383	95.44	20.9	-24.38
2384	95.48	20.91	-24.41
2385	95.52	20.93	-24.44
2386	95.56	20.96	-24.45
2387	95.6	21.02	-24.47
2388	95.64	21.06	-24.46
2389	95.68	21.09	-24.44
2390	95.72	21.09	-24.42
2391	95.76	21.09	-24.4
2392	95.8	21.08	-24.4
2393	95.84	21.05	-24.41
2394	95.88	21.04	-24.42
2395	95.92	21.02	-24.41
2396	95.96	21.02	-24.38
2397	96	21.04	-24.36
2398	96.04	21.06	-24.33
2399	96.08	21.09	-24.34
2400	96.12	21.13	-24.36
2401	96.16	21.16	-24.42
2402	96.2	21.2	-24.48
2403	96.24	21.24	-24.53
2404	96.28	21.27	-24.59
2405	96.32	21.31	-24.63
2406	96.36	21.34	-24.65
2407	96.4	21.36	-24.68
2408	96.44	21.37	-24.7
2409	96.48	21.35	-24.71
2410	96.52	21.33	-24.74
2411	96.56	21.32	-24.75
2412	96.6	21.3	-24.75
2413	96.64	21.3	-24.75
2414	96.68	21.29	-24.74
2415	96.72	21.28	-24.75
2416	96.76	21.26	-24.77
2417	96.8	21.21	-24.8
2418	96.84	21.13	-24.82
2419	96.88	21.06	-24.82
2420	96.91	20.99	-24.77
2421	96.96	20.93	-24.68
2422	97	20.93	-24.56
2423	97.04	20.94	-24.43
2424	97.07	20.97	-24.33
2425	97.11	20.99	-24.26
2426	97.15	21.04	-24.18
2427	97.19	21.12	-24.08
2428	97.23	21.21	-23.93
2429	97.27	21.31	-23.77
2430	97.31	21.38	-23.64
2431	97.35	21.39	-23.53
2432	97.39	21.37	-23.46
2433	97.43	21.37	-23.4
2434	97.47	21.37	-23.33
2435	97.51	21.38	-23.29
2436	97.55	21.4	-23.25
2437	97.59	21.41	-23.21
2438	97.63	21.39	-23.17
2439	97.67	21.39	-23.12
2440	97.71	21.39	-23.06
2441	97.75	21.39	-23
2442	97.79	21.38	-22.93
2443	97.83	21.36	-22.86
2444	97.87	21.36	-22.8
2445	97.91	21.35	-22.76
2446	97.95	21.37	-22.71
2447	97.99	21.4	-22.66
2448	98.03	21.42	-22.6
2449	98.07	21.46	-22.51
2450	98.11	21.47	-22.4
2451	98.15	21.46	-22.31
2452	98.19	21.44	-22.22
2453	98.23	21.39	-22.15
2454	98.27	21.35	-22.06
2455	98.31	21.32	-21.95
2456	98.35	21.27	-21.85
2457	98.39	21.22	-21.76
2458	98.43	21.19	-21.7
2459	98.47	21.17	-21.67
2460	98.51	21.18	-21.65
2461	98.55	21.23	-21.6
2462	98.59	21.31	-21.54
2463	98.63	21.42	-21.43
2464	98.67	21.52	-21.25
2465	98.71	21.6	-21.04
2466	98.75	21.65	-20.85
2467	98.79	21.66	-20.71
2468	98.83	21.68	-20.64
2469	98.87	21.68	-20.61
2470	98.91	21.69	-20.56
2471	98.95	21.7	-20.52
2472	98.99	21.76	-20.4
2473	99.03	21.83	-20.28
2474	99.07	21.89	-20.15
2475	99.11	21.95	-20.01
2476	99.15	21.98	-19.92
2477	99.19	22.02	-19.81
2478	99.23	22.05	-19.7
2479	99.27	22.11	-19.54
2480	99.31	22.16	-19.36
2481	99.35	22.24	-19.17
2482	99.39	22.35	-18.95
2483	99.43	22.49	-18.74
2484	99.47	22.62	-18.51
2485	99.51	22.72	-18.27
2486	99.55	22.76	-18.01
2487	99.59	22.76	-17.71
2488	99.63	22.74	-17.41
2489	99.67	22.73	-17.11
2490	99.71	22.72	-16.86
2491	99.75	22.72	-16.64
2492	99.79	22.72	-16.41
2493	99.83	22.71	-16.2
2494	99.87	22.71	-15.98
2495	99.91	22.7	-15.78
2496	99.95	22.71	-15.57
2497	99.99	22.77	-15.32
2498	100.03	22.84	-15.03
2499	100.07	22.92	-14.71
2500	100.11	23.01	-14.4
2501	100.15	23.08	-14.11
2502	100.19	23.13	-13.86
2503	100.23	23.17	-13.63
2504	100.27	23.18	-13.39
2505	100.31	23.14	-13.11
2506	100.35	23.07	-12.81
2507	100.39	22.99	-12.49
2508	100.43	22.91	-12.17
2509	100.47	22.83	-11.86
2510	100.51	22.77	-11.54
2511	100.55	22.74	-11.25
2512	100.59	22.72	-10.98
2513	100.63	22.74	-10.73
2514	100.67	22.79	-10.47
2515	100.71	22.86	-10.18
2516	100.75	22.93	-9.87
2517	100.79	23.03	-9.55
2518	100.83	23.1	-9.25
2519	100.87	23.15	-9
2520	100.91	23.17	-8.8
2521	100.95	23.15	-8.64
2522	100.99	23.11	-8.52
2523	101.03	23.04	-8.37
2524	101.07	22.95	-8.16
2525	101.11	22.84	-7.95
2526	101.15	22.73	-7.69
2527	101.19	22.62	-7.41
2528	101.23	22.54	-7.14
2529	101.27	22.49	-6.87
2530	101.31	22.48	-6.57
2531	101.35	22.5	-6.27
2532	101.39	22.52	-5.97
2533	101.43	22.54	-5.64
2534	101.47	22.56	-5.27
2535	101.51	22.59	-4.89
2536	101.55	22.61	-4.54
2537	101.59	22.61	-4.19
2538	101.63	22.57	-3.86
2539	101.67	22.48	-3.52
2540	101.71	22.39	-3.11
2541	101.75	22.28	-2.67
2542	101.79	22.17	-2.25
2543	101.83	22.08	-1.86
2544	101.87	22.02	-1.52
2545	101.91	22.01	-1.2
2546	101.95	22.02	-0.87
2547	101.99	22.04	-0.48
2548	102.03	22.05	0
2549	102.07	22.02	0.45
2550	102.11	21.97	0.9
2551	102.15	21.91	1.32
2552	102.19	21.84	1.74
2553	102.23	21.78	2.2
2554	102.27	21.71	2.71
2555	102.31	21.66	3.18
2556	102.35	21.62	3.57
2557	102.39	21.63	3.89
2558	102.43	21.68	4.11
2559	102.47	21.75	4.3
2560	102.51	21.84	4.48
2561	102.55	21.95	4.68
2562	102.59	22.05	4.88
2563	102.63	22.15	5.09
2564	102.67	22.22	5.27
2565	102.71	22.28	5.45
2566	102.75	22.34	5.63
2567	102.79	22.38	5.82
2568	102.83	22.43	6.1
2569	102.87	22.45	6.4
2570	102.91	22.44	6.74
2571	102.95	22.42	7.14
2572	102.99	22.41	7.52
2573	103.03	22.42	7.89
2574	103.07	22.48	8.25
2575	103.11	22.58	8.54
2576	103.15	22.68	8.83
2577	103.19	22.77	9.16
2578	103.23	22.87	9.54
2579	103.27	22.93	9.91
2580	103.31	22.98	10.26
2581	103.35	23.01	10.62
2582	103.39	23	10.94
2583	103.43	22.97	11.25
2584	103.47	22.93	11.57
2585	103.51	22.9	11.92
2586	103.55	22.86	12.25
2587	103.59	22.83	12.59
2588	103.63	22.79	12.89
2589	103.67	22.75	13.11
2590	103.71	22.73	13.32
2591	103.75	22.72	13.53
2592	103.79	22.74	13.75
2593	103.83	22.76	14
2594	103.87	22.79	14.26
2595	103.91	22.82	14.51
2596	103.95	22.83	14.75
2597	103.99	22.84	14.97
2598	104.03	22.83	15.15
2599	104.07	22.8	15.33
2600	104.11	22.77	15.51
2601	104.15	22.74	15.66
2602	104.19	22.71	15.8
2603	104.23	22.66	15.85
2604	104.27	22.61	15.81
2605	104.31	22.55	15.73
2606	104.35	22.51	15.62
2607	104.39	22.49	15.49
2608	104.43	22.48	15.41
2609	104.47	22.49	15.34
2610	104.51	22.52	15.28
2611	104.55	22.54	15.22
2612	104.59	22.55	15.19
2613	104.63	22.57	15.2
2614	104.67	22.58	15.2
2615	104.71	22.6	15.23
2616	104.75	22.63	15.25
2617	104.79	22.67	15.26
2618	104.83	22.71	15.3
2619	104.87	22.74	15.34
2620	104.91	22.77	15.39
2621	104.95	22.79	15.43
2622	104.99	22.82	15.48
2623	105.03	22.85	15.54
2624	105.07	22.9	15.6
2625	105.11	22.96	15.69
2626	105.15	22.99	15.79
2627	105.19	23	15.9
2628	105.23	22.99	16.02
2629	105.27	22.97	16.15
2630	105.31	22.96	16.26
2631	105.35	22.97	16.36
2632	105.39	22.98	16.45
2633	105.43	22.98	16.55
2634	105.47	22.98	16.67
2635	105.51	22.98	16.79
2636	105.55	22.97	16.93
2637	105.59	22.97	17.06
2638	105.63	22.99	17.21
2639	105.67	23.03	17.39
2640	105.71	23.12	17.6
2641	105.75	23.21	17.81
2642	105.79	23.28	17.92
2643	105.83	23.33	18.03
2644	105.87	23.34	18.14
2645	105.91	23.36	18.2
2646	105.95	23.38	18.39
2647	105.99	23.38	18.58
2648	106.03	23.36	18.74
2649	106.07	23.32	19.02
2650	106.11	23.29	19.28
2651	106.15	23.26	19.53
2652	106.19	23.21	19.78
2653	106.23	23.15	19.98
2654	106.27	23.1	20.11
2655	106.31	23.07	20.2
2656	106.35	23.07	20.27
2657	106.39	23.08	20.3
2658	106.43	23.08	20.32
2659	106.47	23.09	20.34
2660	106.51	23.07	20.32
2661	106.55	23.03	20.29
2662	106.59	23	20.25
2663	106.63	22.97	20.21
2664	106.67	22.92	20.21
2665	106.71	22.84	20.27
2666	106.75	22.75	20.33
2667	106.79	22.65	20.32
2668	106.83	22.6	20.29
2669	106.87	22.6	20.22
2670	106.91	22.63	20.16
2671	106.95	22.67	20.17
2672	106.99	22.71	20.2
2673	107.03	22.75	20.25
2674	107.07	22.78	20.29
2675	107.11	22.8	20.32
2676	107.15	22.81	20.33
2677	107.19	22.84	20.32
2678	107.23	22.87	20.29
2679	107.27	22.9	20.26
2680	107.31	22.92	20.25
2681	107.35	22.93	20.23
2682	107.39	22.93	20.22
2683	107.43	22.93	20.21
2684	107.47	22.94	20.21
2685	107.51	22.94	20.2
2686	107.55	22.94	20.19
2687	107.59	22.94	20.19
2688	107.63	22.94	20.21
2689	107.67	22.96	20.29
2690	107.71	22.98	20.38
2691	107.75	23	20.47
2692	107.79	23.02	20.56
2693	107.83	23.05	20.61
2694	107.87	23.07	20.67
2695	107.91	23.1	20.73
2696	107.95	23.13	20.79
2697	107.99	23.17	20.85
2698	108.03	23.2	20.9
2699	108.07	23.24	20.9
2700	108.11	23.28	20.92
2701	108.15	23.3	20.94
2702	108.19	23.33	20.95
2703	108.23	23.35	20.99
2704	108.27	23.36	21.02
2705	108.31	23.37	21.04
2706	108.35	23.38	21.06
2707	108.39	23.38	21.07
2708	108.43	23.38	21.09
2709	108.47	23.39	21.11
2710	108.51	23.38	21.12
2711	108.55	23.37	21.15
2712	108.59	23.35	21.17
2713	108.63	23.35	21.19
2714	108.67	23.33	21.21
2715	108.71	23.31	21.21
2716	108.75	23.29	21.2
2717	108.79	23.27	21.19
2718	108.83	23.27	21.18
2719	108.87	23.29	21.18
2720	108.91	23.31	21.14
2721	108.95	23.31	21.07
2722	108.99	23.29	20.97
2723	109.03	23.27	20.84
2724	109.07	23.23	20.7
2725	109.11	23.21	20.54
2726	109.15	23.19	20.35
2727	109.19	23.18	20.14
2728	109.23	23.19	19.96
2729	109.27	23.21	19.85
2730	109.31	23.22	19.85
2731	109.35	23.21	19.94
2732	109.39	23.19	20.06
2733	109.43	23.16	20.19
2734	109.47	23.14	20.28
2735	109.51	23.11	20.38
2736	109.55	23.06	20.47
2737	109.59	23	20.56
2738	109.63	22.93	20.63
2739	109.67	22.86	20.66
2740	109.71	22.8	20.65
2741	109.75	22.75	20.63
2742	109.79	22.7	20.63
2743	109.83	22.66	20.64
2744	109.87	22.61	20.67
2745	109.91	22.55	20.69
2746	109.95	22.49	20.7
2747	109.99	22.43	20.69
2748	110.03	22.37	20.67
2749	110.07	22.34	20.64
2750	110.11	22.33	20.62
2751	110.15	22.33	20.62
2752	110.19	22.35	20.6
2753	110.23	22.38	20.55
2754	110.27	22.42	20.44
2755	110.31	22.48	20.35
2756	110.35	22.53	20.31
2757	110.39	22.58	20.33
2758	110.43	22.62	20.39
2759	110.47	22.66	20.45
2760	110.51	22.71	20.48
2761	110.55	22.77	20.5
2762	110.59	22.82	20.52
2763	110.63	22.87	20.56
2764	110.67	22.92	20.58
2765	110.71	22.97	20.6
2766	110.75	23.01	20.61
2767	110.79	23.05	20.6
2768	110.83	23.06	20.58
2769	110.87	23.05	20.55
2770	110.91	23.02	20.55
2771	110.95	23	20.51
2772	110.99	22.96	20.49
2773	111.03	22.92	20.48
2774	111.07	22.84	20.45
2775	111.11	22.73	20.45
2776	111.15	22.61	20.47
2777	111.19	22.5	20.53
2778	111.23	22.42	20.59
2779	111.27	22.36	20.66
2780	111.31	22.32	20.7
2781	111.35	22.28	20.72
2782	111.39	22.23	20.75
2783	111.43	22.18	20.73
2784	111.47	22.12	20.68
2785	111.51	22.01	20.63
2786	111.55	21.89	20.56
2787	111.59	21.76	20.52
2788	111.63	21.61	20.51
2789	111.67	21.48	20.5
2790	111.71	21.35	20.5
2791	111.75	21.2	20.49
2792	111.79	21.03	20.5
2793	111.83	20.86	20.52
2794	111.87	20.69	20.54
2795	111.91	20.56	20.57
2796	111.95	20.42	20.6
2797	111.99	20.29	20.65
2798	112.03	20.14	20.69
2799	112.07	19.94	20.73
2800	112.11	19.7	20.77
2801	112.15	19.42	20.8
2802	112.19	19.1	20.84
2803	112.23	18.77	20.9
2804	112.27	18.46	20.94
2805	112.31	18.18	20.98
2806	112.35	17.95	21
2807	112.39	17.78	21.03
2808	112.43	17.63	21.08
2809	112.47	17.52	21.18
2810	112.51	17.4	21.29
2811	112.55	17.22	21.45
2812	112.59	17.03	21.59
2813	112.63	16.8	21.72
2814	112.67	16.6	21.8
2815	112.71	16.45	21.82
2816	112.75	16.29	21.82
2817	112.79	16.12	21.8
2818	112.83	15.9	21.82
2819	112.87	15.69	21.85
2820	112.91	15.5	21.87
2821	112.95	15.31	21.88
2822	112.99	15.15	21.87
2823	113.03	14.97	21.88
2824	113.07	14.79	21.91
2825	113.11	14.63	21.95
2826	113.15	14.45	22.02
2827	113.19	14.25	22.11
2828	113.23	14.02	22.22
2829	113.27	13.84	22.32
2830	113.31	13.72	22.41
2831	113.35	13.65	22.49
2832	113.39	13.64	22.53
2833	113.43	13.65	22.55
2834	113.47	13.7	22.52
2835	113.51	13.81	22.46
2836	113.55	13.95	22.35
2837	113.59	14.07	22.29
2838	113.63	14.16	22.29
2839	113.67	14.22	22.32
2840	113.71	14.24	22.37
2841	113.75	14.27	22.39
2842	113.79	14.28	22.38
2843	113.83	14.28	22.36
2844	113.87	14.27	22.34
2845	113.91	14.27	22.33
2846	113.95	14.26	22.31
2847	113.99	14.26	22.28
2848	114.03	14.24	22.24
2849	114.07	14.2	22.22
2850	114.11	14.13	22.22
2851	114.15	14.02	22.22
2852	114.19	13.9	22.22
2853	114.23	13.75	22.2
2854	114.27	13.6	22.17
2855	114.31	13.45	22.13
2856	114.35	13.3	22.13
2857	114.39	13.18	22.16
2858	114.43	13.05	22.19
2859	114.47	12.94	22.23
2860	114.51	12.86	22.26
2861	114.55	12.77	22.29
2862	114.59	12.65	22.33
2863	114.63	12.48	22.38
2864	114.67	12.27	22.4
2865	114.71	12.07	22.4
2866	114.75	11.88	22.37
2867	114.79	11.72	22.33
2868	114.83	11.54	22.28
2869	114.87	11.31	22.2
2870	114.91	11.06	22.13
2871	114.95	10.81	22.06
2872	114.99	10.63	22.02
2873	115.03	10.51	22.02
2874	115.07	10.4	22.03
2875	115.11	10.31	22.06
2876	115.15	10.17	22.09
2877	115.19	10.06	22.14
2878	115.23	9.95	22.19
2879	115.27	9.81	22.25
2880	115.31	9.71	22.3
2881	115.35	9.6	22.33
2882	115.39	9.5	22.36
2883	115.43	9.42	22.38
2884	115.47	9.3	22.41
2885	115.51	9.16	22.44
2886	115.55	9.01	22.46
2887	115.59	8.88	22.48
2888	115.63	8.78	22.48
2889	115.67	8.71	22.49
2890	115.71	8.65	22.5
2891	115.75	8.58	22.53
2892	115.79	8.51	22.54
2893	115.83	8.44	22.54
2894	115.87	8.37	22.52
2895	115.91	8.28	22.48
2896	115.95	8.15	22.45
2897	115.99	8	22.42
2898	116.03	7.81	22.4
2899	116.07	7.63	22.39
2900	116.11	7.44	22.39
2901	116.15	7.24	22.43
2902	116.19	7.04	22.49
2903	116.23	6.81	22.59
2904	116.27	6.53	22.69
2905	116.31	6.22	22.81
2906	116.35	5.92	22.91
2907	116.39	5.66	22.97
2908	116.43	5.43	23
2909	116.47	5.24	22.94
2910	116.51	5.04	22.82
2911	116.55	4.85	22.68
2912	116.59	4.61	22.5
2913	116.63	4.38	22.33
2914	116.67	4.11	22.18
2915	116.71	3.82	22.05
2916	116.75	3.55	21.98
2917	116.79	3.26	21.94
2918	116.83	2.95	21.92
2919	116.87	2.6	21.92
2920	116.91	2.19	21.91
2921	116.95	1.81	21.88
2922	116.99	1.46	21.84
2923	117.03	1.13	21.74
2924	117.07	0.83	21.6
2925	117.11	0.5	21.45
2926	117.15	0.17	21.29
2927	117.19	-0.14	21.13
2928	117.23	-0.45	20.96
2929	117.27	-0.77	20.8
2930	117.31	-1.09	20.68
2931	117.35	-1.4	20.61
2932	117.39	-1.7	20.58
2933	117.43	-2.03	20.54
2934	117.47	-2.37	20.49
2935	117.51	-2.74	20.44
2936	117.55	-3.1	20.39
2937	117.59	-3.41	20.34
2938	117.63	-3.66	20.29
2939	117.67	-3.91	20.21
2940	117.71	-4.18	20.12
2941	117.75	-4.46	20.05
2942	117.79	-4.79	19.96
2943	117.83	-5.12	19.85
2944	117.87	-5.47	19.75
2945	117.91	-5.81	19.66
2946	117.95	-6.17	19.58
2947	117.99	-6.5	19.54
2948	118.03	-6.8	19.51
2949	118.07	-7.13	19.49
2950	118.11	-7.45	19.5
2951	118.15	-7.74	19.49
2952	118.19	-8.02	19.47
2953	118.23	-8.32	19.41
2954	118.27	-8.62	19.3
2955	118.31	-8.99	19.2
2956	118.35	-9.48	19.07
2957	118.39	-9.99	18.95
2958	118.43	-10.49	18.86
2959	118.47	-10.93	18.79
2960	118.51	-11.25	18.74
2961	118.55	-11.59	18.71
2962	118.59	-11.98	18.67
2963	118.63	-12.42	18.61
2964	118.67	-12.86	18.54
2965	118.71	-13.26	18.47
2966	118.75	-13.62	18.4
2967	118.79	-14	18.33
2968	118.83	-14.38	18.23
2969	118.87	-14.76	18.11
2970	118.91	-15.11	17.98
2971	118.95	-15.39	17.91
2972	118.99	-15.66	17.9
2973	119.03	-15.91	17.94
2974	119.07	-16.16	17.99
2975	119.11	-16.4	18.04
2976	119.15	-16.62	18.09
2977	119.19	-16.78	18.17
2978	119.23	-16.87	18.25
2979	119.27	-16.88	18.3
2980	119.31	-16.85	18.32
2981	119.35	-16.81	18.33
2982	119.39	-16.8	18.32
2983	119.43	-16.85	18.32
2984	119.47	-16.95	18.31
2985	119.51	-17.08	18.29
2986	119.55	-17.19	18.28
2987	119.59	-17.25	18.26
2988	119.63	-17.28	18.24
2989	119.67	-17.31	18.21
2990	119.71	-17.33	18.18
2991	119.75	-17.33	18.15
2992	119.79	-17.39	18.1
2993	119.83	-17.45	18.03
2994	119.87	-17.48	18
2995	119.91	-17.56	17.93
