1	0.06	-5.03	0.78
2	0.1	-5.07	0.77
3	0.14	-5.11	0.8
4	0.18	-5.18	0.87
5	0.22	-5.25	0.97
6	0.26	-5.28	1.04
7	0.3	-5.29	1.11
8	0.34	-5.27	1.15
9	0.38	-5.22	1.16
10	0.42	-5.13	1.15
11	0.51	-4.94	1.19
12	0.54	-4.72	1.21
13	0.58	-4.52	1.26
14	0.62	-4.32	1.3
15	0.66	-4.19	1.3
16	0.7	-4.06	1.3
17	0.74	-3.93	1.32
18	0.78	-3.82	1.33
19	0.82	-3.72	1.35
20	0.86	-3.65	1.36
21	0.9	-3.61	1.33
22	0.94	-3.58	1.3
23	0.98	-3.57	1.28
24	1.02	-3.55	1.27
25	1.06	-3.54	1.3
26	1.1	-3.53	1.31
27	1.14	-3.52	1.32
28	1.18	-3.5	1.33
29	1.22	-3.49	1.34
30	1.26	-3.48	1.35
31	1.3	-3.48	1.35
32	1.34	-3.49	1.33
33	1.38	-3.49	1.32
34	1.42	-3.49	1.31
35	1.46	-3.48	1.31
36	1.5	-3.48	1.3
37	1.54	-3.49	1.28
38	1.58	-3.49	1.26
39	1.62	-3.51	1.22
40	1.66	-3.51	1.19
41	1.7	-3.51	1.16
42	1.74	-3.5	1.15
43	1.78	-3.5	1.13
44	1.82	-3.5	1.12
45	1.86	-3.49	1.11
46	1.9	-3.5	1.09
47	1.94	-3.5	1.1
48	1.98	-3.5	1.09
49	2.02	-3.49	1.11
50	2.06	-3.49	1.12
51	2.1	-3.49	1.12
52	2.14	-3.48	1.12
53	2.18	-3.49	1.11
54	2.22	-3.49	1.1
55	2.26	-3.48	1.11
56	2.3	-3.49	1.11
57	2.34	-3.48	1.1
58	2.38	-3.48	1.09
59	2.42	-3.49	1.08
60	2.46	-3.48	1.08
61	2.5	-3.47	1.1
62	2.54	-3.47	1.1
63	2.58	-3.46	1.12
64	2.62	-3.47	1.11
65	2.66	-3.48	1.1
66	2.7	-3.46	1.11
67	2.74	-3.46	1.13
68	2.78	-3.46	1.12
69	2.82	-3.46	1.12
70	2.86	-3.46	1.11
71	2.9	-3.46	1.1
72	2.94	-3.46	1.1
73	2.98	-3.46	1.1
74	3.02	-3.48	1.09
75	3.06	-3.47	1.08
76	3.1	-3.47	1.08
77	3.14	-3.47	1.08
78	3.18	-3.47	1.07
79	3.22	-3.48	1.07
80	3.26	-3.48	1.07
81	3.3	-3.48	1.08
82	3.34	-3.47	1.08
83	3.38	-3.48	1.07
84	3.42	-3.49	1.06
85	3.46	-3.52	1.04
86	3.66	-3.55	1.01
87	3.7	-3.57	0.98
88	3.74	-3.59	0.93
89	3.78	-3.61	0.84
90	3.82	-3.6	0.73
91	3.86	-3.58	0.64
92	3.9	-3.57	0.57
93	3.94	-3.56	0.53
94	3.98	-3.56	0.54
95	4.02	-3.58	0.52
96	4.06	-3.61	0.51
97	4.1	-3.63	0.49
98	4.14	-3.65	0.46
99	4.18	-3.68	0.46
100	4.22	-3.7	0.46
101	4.26	-3.71	0.46
102	4.3	-3.72	0.47
103	4.34	-3.72	0.44
104	4.38	-3.73	0.39
105	4.42	-3.73	0.35
106	4.46	-3.74	0.32
107	4.5	-3.73	0.3
108	4.54	-3.74	0.29
109	4.58	-3.76	0.29
110	4.62	-3.78	0.28
111	4.66	-3.8	0.29
112	4.7	-3.81	0.3
113	4.74	-3.82	0.32
114	4.78	-3.82	0.34
115	4.82	-3.84	0.35
116	4.86	-3.85	0.37
117	4.9	-3.85	0.38
118	4.94	-3.86	0.39
119	4.98	-3.86	0.39
120	5.02	-3.86	0.4
121	5.06	-3.87	0.39
122	5.1	-3.88	0.38
123	5.14	-3.89	0.37
124	5.18	-3.89	0.36
125	5.22	-3.89	0.37
126	5.26	-3.89	0.38
127	5.3	-3.89	0.36
128	5.34	-3.89	0.37
129	5.38	-3.89	0.38
130	5.42	-3.89	0.38
131	5.46	-3.89	0.39
132	5.5	-3.89	0.38
133	5.54	-3.9	0.38
134	5.58	-3.9	0.37
135	5.62	-3.91	0.37
136	5.66	-3.9	0.37
137	5.7	-3.89	0.35
138	5.74	-3.88	0.34
139	5.78	-3.88	0.31
140	5.82	-3.87	0.29
141	5.86	-3.87	0.29
142	5.9	-3.86	0.27
143	5.94	-3.86	0.26
144	5.98	-3.86	0.23
145	6.02	-3.86	0.18
146	6.06	-3.86	0.16
147	6.1	-3.85	0.13
148	6.14	-3.85	0.12
149	6.18	-3.86	0.09
150	6.22	-3.87	0.04
151	6.26	-3.88	0
152	6.3	-3.88	-0.05
153	6.34	-3.89	-0.11
154	6.38	-3.92	-0.18
155	6.42	-3.93	-0.26
156	6.46	-3.94	-0.33
157	6.5	-3.94	-0.39
158	6.54	-3.94	-0.42
159	6.58	-3.92	-0.45
160	6.62	-3.91	-0.49
161	6.66	-3.9	-0.5
162	6.7	-3.87	-0.51
163	6.74	-3.85	-0.51
164	6.78	-3.83	-0.52
165	6.82	-3.82	-0.56
166	6.86	-3.81	-0.6
167	6.9	-3.8	-0.65
168	6.94	-3.79	-0.7
169	6.98	-3.77	-0.71
170	7.02	-3.73	-0.71
171	7.06	-3.7	-0.7
172	7.1	-3.67	-0.68
173	7.14	-3.64	-0.67
174	7.18	-3.61	-0.66
175	7.22	-3.6	-0.67
176	7.26	-3.6	-0.69
177	7.3	-3.62	-0.71
178	7.34	-3.64	-0.77
179	7.38	-3.66	-0.84
180	7.42	-3.67	-0.92
181	7.46	-3.67	-1.02
182	7.5	-3.69	-1.11
183	7.54	-3.71	-1.17
184	7.58	-3.75	-1.22
185	7.62	-3.79	-1.25
186	7.66	-3.85	-1.29
187	7.7	-3.92	-1.31
188	7.74	-3.99	-1.34
189	7.78	-4.07	-1.35
190	7.82	-4.13	-1.34
191	7.86	-4.21	-1.35
192	7.9	-4.32	-1.4
193	7.94	-4.44	-1.47
194	7.98	-4.55	-1.52
195	8.02	-4.62	-1.51
196	8.06	-4.61	-1.4
197	8.1	-4.59	-1.29
198	8.14	-4.56	-1.2
199	8.18	-4.53	-1.2
200	8.22	-4.52	-1.31
201	8.26	-4.53	-1.46
202	8.3	-4.52	-1.64
203	8.34	-4.56	-1.81
204	8.38	-4.62	-1.99
205	8.42	-4.66	-2.16
206	8.46	-4.71	-2.35
207	8.5	-4.75	-2.53
208	8.54	-4.78	-2.67
209	8.58	-4.81	-2.79
210	8.62	-4.85	-2.94
211	8.66	-4.91	-3.11
212	8.7	-4.96	-3.27
213	8.74	-5.01	-3.47
214	8.78	-5.07	-3.63
215	8.82	-5.14	-3.81
216	8.86	-5.22	-4.04
217	8.9	-5.31	-4.23
218	8.94	-5.38	-4.39
219	8.98	-5.4	-4.5
220	9.02	-5.43	-4.55
221	9.06	-5.48	-4.58
222	9.1	-5.57	-4.65
223	9.14	-5.69	-4.74
224	9.18	-5.81	-4.83
225	9.22	-5.95	-4.97
226	9.26	-6.12	-5.12
227	9.3	-6.28	-5.25
228	9.34	-6.44	-5.38
229	9.38	-6.58	-5.48
230	9.42	-6.68	-5.56
231	9.46	-6.77	-5.63
232	9.5	-6.85	-5.71
233	9.54	-6.92	-5.8
234	9.58	-6.99	-5.9
235	9.62	-7.04	-6.01
236	9.66	-7.11	-6.12
237	9.7	-7.17	-6.21
238	9.74	-7.26	-6.3
239	9.78	-7.36	-6.39
240	9.82	-7.45	-6.48
241	9.86	-7.51	-6.58
242	9.9	-7.57	-6.66
243	9.94	-7.61	-6.75
244	9.98	-7.68	-6.85
245	10.02	-7.79	-6.96
246	10.06	-7.93	-7.1
247	10.1	-8.05	-7.21
248	10.14	-8.14	-7.28
249	10.18	-8.19	-7.34
250	10.22	-8.2	-7.37
251	10.26	-8.21	-7.39
252	10.3	-8.2	-7.43
253	10.34	-8.18	-7.46
254	10.38	-8.15	-7.47
255	10.42	-8.12	-7.47
256	10.46	-8.1	-7.45
257	10.5	-8.08	-7.44
258	10.54	-8.06	-7.43
259	10.58	-8.03	-7.45
260	10.62	-8.02	-7.45
261	10.66	-8.02	-7.42
262	10.7	-8.02	-7.38
263	10.74	-8.04	-7.31
264	10.78	-8.05	-7.25
265	10.82	-8.06	-7.2
266	10.86	-8.06	-7.16
267	10.9	-8.07	-7.13
268	10.94	-8.08	-7.09
269	10.98	-8.1	-7.06
270	11.02	-8.12	-7.04
271	11.06	-8.16	-7.01
272	11.1	-8.2	-7
273	11.14	-8.24	-6.98
274	11.18	-8.29	-6.98
275	11.22	-8.36	-7.01
276	11.26	-8.45	-7.03
277	11.3	-8.54	-7.04
278	11.34	-8.62	-7.05
279	11.38	-8.68	-7.03
280	11.42	-8.72	-7
281	11.46	-8.79	-6.97
282	11.5	-8.89	-6.9
283	11.54	-9.01	-6.84
284	11.58	-9.14	-6.78
285	11.62	-9.24	-6.72
286	11.66	-9.28	-6.64
287	11.7	-9.31	-6.54
288	11.74	-9.33	-6.45
289	11.78	-9.32	-6.36
290	11.82	-9.32	-6.3
291	11.86	-9.32	-6.26
292	11.9	-9.32	-6.22
293	11.94	-9.33	-6.21
294	11.98	-9.33	-6.2
295	12.02	-9.34	-6.2
296	12.06	-9.33	-6.2
297	12.1	-9.31	-6.18
298	12.14	-9.28	-6.14
299	12.18	-9.26	-6.08
300	12.22	-9.22	-6.01
301	12.26	-9.15	-5.94
302	12.3	-9.09	-5.92
303	12.34	-9.03	-5.93
304	12.38	-8.97	-5.95
305	12.42	-8.96	-5.97
306	12.46	-8.94	-5.99
307	12.5	-8.92	-5.99
308	12.54	-8.92	-5.98
309	12.58	-8.85	-5.96
310	12.62	-8.75	-5.92
311	12.66	-8.61	-5.89
312	12.7	-8.47	-5.85
313	12.74	-8.37	-5.83
314	12.78	-8.34	-5.81
315	12.82	-8.34	-5.81
316	12.86	-8.33	-5.8
317	12.9	-8.33	-5.78
318	12.94	-8.27	-5.76
319	12.98	-8.19	-5.72
320	13.02	-8.11	-5.69
321	13.06	-8.02	-5.63
322	13.1	-7.93	-5.6
323	13.14	-7.86	-5.59
324	13.18	-7.84	-5.6
325	13.22	-7.84	-5.66
326	13.26	-7.89	-5.71
327	13.3	-7.94	-5.74
328	13.34	-7.95	-5.76
329	13.38	-7.94	-5.73
330	13.42	-7.91	-5.68
331	13.46	-7.88	-5.6
332	13.5	-7.84	-5.48
333	13.54	-7.8	-5.35
334	13.58	-7.76	-5.24
335	13.62	-7.71	-5.13
336	13.66	-7.64	-5.01
337	13.7	-7.57	-4.9
338	13.74	-7.5	-4.76
339	13.78	-7.44	-4.65
340	13.82	-7.4	-4.55
341	13.86	-7.37	-4.45
342	13.9	-7.32	-4.35
343	13.94	-7.27	-4.28
344	13.98	-7.22	-4.15
345	14.02	-7.15	-4.03
346	14.06	-7.09	-3.89
347	14.1	-7.04	-3.72
348	14.14	-6.97	-3.58
349	14.18	-6.91	-3.42
350	14.22	-6.81	-3.21
351	14.26	-6.72	-3
352	14.3	-6.65	-2.82
353	14.34	-6.59	-2.68
354	14.38	-6.56	-2.6
355	14.42	-6.52	-2.5
356	14.46	-6.49	-2.37
357	14.5	-6.45	-2.24
358	14.54	-6.43	-2.12
359	14.58	-6.43	-2.05
360	14.62	-6.44	-2
361	14.66	-6.44	-1.91
362	14.7	-6.43	-1.81
363	14.74	-6.42	-1.67
364	14.78	-6.39	-1.57
365	14.82	-6.36	-1.5
366	14.86	-6.34	-1.43
367	14.9	-6.31	-1.39
368	14.94	-6.29	-1.34
369	14.98	-6.29	-1.29
370	15.02	-6.26	-1.24
371	15.06	-6.2	-1.17
372	15.1	-6.1	-1.1
373	15.14	-5.99	-1.04
374	15.18	-5.88	-1.02
375	15.22	-5.77	-1.02
376	15.26	-5.66	-1.02
377	15.3	-5.52	-1.05
378	15.34	-5.37	-1.05
379	15.38	-5.22	-1.04
380	15.42	-5.09	-1.06
381	15.46	-4.93	-1.04
382	15.5	-4.74	-1.06
383	15.54	-4.53	-1.09
384	15.58	-4.34	-1.1
385	15.62	-4.21	-1.13
386	15.66	-4.14	-1.15
387	15.7	-4.1	-1.15
388	15.74	-4.05	-1.12
389	15.78	-4	-1.09
390	15.82	-3.94	-1.06
391	15.86	-3.9	-1.03
392	15.9	-3.87	-1.02
393	15.94	-3.84	-0.99
394	15.98	-3.81	-0.96
395	16.02	-3.78	-0.95
396	16.06	-3.74	-0.94
397	16.1	-3.7	-0.94
398	16.14	-3.64	-0.95
399	16.18	-3.6	-1
400	16.22	-3.54	-1.05
401	16.26	-3.48	-1.13
402	16.3	-3.51	-1.28
403	16.34	-3.46	-1.33
404	16.38	-3.43	-1.4
405	16.42	-3.41	-1.5
406	16.46	-3.33	-1.59
407	16.5	-3.27	-1.76
408	16.54	-3.21	-1.93
409	16.58	-3.18	-2.09
410	16.62	-3.19	-2.25
411	16.66	-3.23	-2.42
412	16.7	-3.32	-2.61
413	16.74	-3.42	-2.79
414	16.78	-3.5	-2.96
415	16.82	-3.59	-3.07
416	16.86	-3.65	-3.15
417	16.9	-3.69	-3.19
418	16.94	-3.74	-3.22
419	16.98	-3.76	-3.23
420	17.02	-3.76	-3.27
421	17.06	-3.77	-3.32
422	17.1	-3.8	-3.34
423	17.14	-3.88	-3.34
424	17.18	-4	-3.31
425	17.22	-4.14	-3.27
426	17.26	-4.27	-3.3
427	17.3	-4.4	-3.36
428	17.34	-4.53	-3.47
429	17.38	-4.65	-3.6
430	17.42	-4.77	-3.7
431	17.46	-4.89	-3.79
432	17.5	-5.01	-3.86
433	17.54	-5.12	-3.94
434	17.58	-5.22	-4.05
435	17.62	-5.31	-4.15
436	17.66	-5.4	-4.24
437	17.7	-5.51	-4.3
438	17.74	-5.68	-4.36
439	17.78	-5.88	-4.43
440	17.82	-6.06	-4.5
441	17.86	-6.23	-4.59
442	17.9	-6.41	-4.65
443	17.94	-6.59	-4.74
444	17.98	-6.81	-4.84
445	18.02	-7.02	-4.91
446	18.06	-7.22	-4.99
447	18.1	-7.39	-5.04
448	18.14	-7.53	-5.07
449	18.18	-7.65	-5.12
450	18.22	-7.74	-5.18
451	18.26	-7.8	-5.23
452	18.3	-7.81	-5.27
453	18.34	-7.8	-5.31
454	18.38	-7.78	-5.37
455	18.42	-7.75	-5.46
456	18.46	-7.73	-5.53
457	18.5	-7.73	-5.58
458	18.54	-7.71	-5.59
459	18.58	-7.68	-5.56
460	18.62	-7.66	-5.51
461	18.66	-7.63	-5.44
462	18.7	-7.61	-5.34
463	18.74	-7.62	-5.26
464	18.78	-7.65	-5.19
465	18.82	-7.7	-5.1
466	18.86	-7.74	-5.03
467	18.9	-7.78	-4.97
468	18.94	-7.78	-4.92
469	18.98	-7.79	-4.91
470	19.02	-7.84	-4.88
471	19.06	-7.92	-4.8
472	19.1	-8.03	-4.72
473	19.14	-8.12	-4.64
474	19.18	-8.16	-4.54
475	19.22	-8.15	-4.46
476	19.26	-8.12	-4.36
477	19.3	-8.11	-4.27
478	19.34	-8.11	-4.18
479	19.38	-8.12	-4.07
480	19.42	-8.14	-3.99
481	19.46	-8.14	-3.91
482	19.5	-8.13	-3.86
483	19.54	-8.12	-3.85
484	19.58	-8.09	-3.84
485	19.62	-8.07	-3.83
486	19.66	-8.04	-3.82
487	19.7	-7.99	-3.81
488	19.74	-7.93	-3.8
489	19.78	-7.86	-3.8
490	19.82	-7.78	-3.8
491	19.86	-7.71	-3.81
492	19.9	-7.63	-3.83
493	19.94	-7.55	-3.84
494	19.98	-7.49	-3.84
495	20.02	-7.43	-3.84
496	20.06	-7.35	-3.83
497	20.1	-7.27	-3.8
498	20.14	-7.16	-3.78
499	20.18	-7.06	-3.76
500	20.22	-6.95	-3.78
501	20.26	-6.89	-3.83
502	20.3	-6.85	-3.89
503	20.34	-6.82	-3.93
504	20.38	-6.8	-3.96
505	20.42	-6.74	-3.98
506	20.46	-6.63	-3.98
507	20.5	-6.49	-3.96
508	20.54	-6.37	-3.89
509	20.58	-6.27	-3.76
510	20.62	-6.15	-3.63
511	20.66	-6.03	-3.5
512	20.7	-5.86	-3.4
513	20.74	-5.69	-3.35
514	20.78	-5.57	-3.31
515	20.82	-5.48	-3.28
516	20.86	-5.4	-3.24
517	20.9	-5.34	-3.18
518	20.94	-5.27	-3.12
519	20.98	-5.17	-3.06
520	21.02	-5.07	-3.01
521	21.06	-4.94	-2.98
522	21.1	-4.82	-2.98
523	21.14	-4.72	-2.99
524	21.18	-4.65	-3.01
525	21.22	-4.58	-3
526	21.26	-4.53	-2.98
527	21.3	-4.5	-2.97
528	21.34	-4.5	-2.95
529	21.38	-4.5	-2.94
530	21.42	-4.51	-2.93
531	21.46	-4.51	-2.92
532	21.5	-4.51	-2.9
533	21.54	-4.52	-2.89
534	21.58	-4.54	-2.89
535	21.62	-4.58	-2.9
536	21.66	-4.6	-2.94
537	21.7	-4.6	-3.07
538	21.74	-4.58	-3.22
539	21.78	-4.53	-3.41
540	21.82	-4.52	-3.61
541	21.86	-4.55	-3.79
542	21.9	-4.6	-3.91
543	21.94	-4.66	-3.92
544	21.98	-4.66	-3.9
545	22.02	-4.63	-3.86
546	22.06	-4.6	-3.87
547	22.1	-4.57	-3.95
548	22.14	-4.53	-4.02
549	22.18	-4.48	-4.04
550	22.22	-4.44	-4.03
551	22.26	-4.42	-4.01
552	22.3	-4.45	-4.01
553	22.34	-4.48	-4.08
554	22.38	-4.49	-4.25
555	22.42	-4.49	-4.5
556	22.46	-4.52	-4.79
557	22.5	-4.58	-5.1
558	22.54	-4.66	-5.38
559	22.58	-4.74	-5.62
560	22.62	-4.77	-5.82
561	22.66	-4.8	-6.02
562	22.7	-4.83	-6.2
563	22.74	-4.89	-6.41
564	22.78	-5.01	-6.68
565	22.82	-5.15	-6.95
566	22.86	-5.24	-7.26
567	22.9	-5.33	-7.48
568	22.94	-5.32	-7.65
569	22.98	-5.3	-7.76
570	23.02	-5.31	-7.82
571	23.06	-5.35	-7.93
572	23.1	-5.45	-8.04
573	23.14	-5.59	-8.15
574	23.18	-5.74	-8.25
575	23.22	-5.92	-8.37
576	23.26	-6.13	-8.48
577	23.3	-6.31	-8.59
578	23.34	-6.47	-8.64
579	23.38	-6.6	-8.69
580	23.42	-6.68	-8.73
581	23.46	-6.73	-8.76
582	23.5	-6.77	-8.86
583	23.54	-6.78	-8.95
584	23.58	-6.8	-9.02
585	23.62	-6.82	-9.09
586	23.66	-6.84	-9.13
587	23.7	-6.88	-9.16
588	23.74	-6.94	-9.18
589	23.78	-7	-9.15
590	23.82	-7.08	-9.13
591	23.86	-7.12	-9.09
592	23.9	-7.13	-9.05
593	23.94	-7.17	-9.04
594	23.98	-7.26	-9.03
595	24.02	-7.42	-9.02
596	24.06	-7.61	-9
597	24.1	-7.77	-8.95
598	24.14	-7.86	-8.87
599	24.18	-7.9	-8.79
600	24.22	-7.93	-8.72
601	24.26	-7.97	-8.66
602	24.3	-8.02	-8.62
603	24.34	-8.05	-8.59
604	24.38	-8.06	-8.57
605	24.42	-8.09	-8.56
606	24.46	-8.09	-8.53
607	24.5	-8.1	-8.51
608	24.54	-8.11	-8.48
609	24.58	-8.11	-8.46
610	24.62	-8.1	-8.42
611	24.66	-8.09	-8.37
612	24.7	-8.1	-8.33
613	24.74	-8.09	-8.28
614	24.78	-8.07	-8.23
615	24.82	-8.05	-8.21
616	24.86	-8	-8.19
617	24.9	-7.94	-8.17
618	24.94	-7.9	-8.15
619	24.98	-7.84	-8.12
620	25.02	-7.8	-8.08
621	25.06	-7.77	-8.05
622	25.1	-7.74	-8.03
623	25.14	-7.73	-8.02
624	25.18	-7.73	-8.01
625	25.22	-7.75	-8
626	25.26	-7.78	-8
627	25.3	-7.84	-8
628	25.34	-7.98	-7.97
629	25.38	-8.13	-7.91
630	25.42	-8.28	-7.85
631	25.46	-8.39	-7.79
632	25.5	-8.41	-7.76
633	25.54	-8.42	-7.74
634	25.58	-8.42	-7.69
635	25.62	-8.45	-7.62
636	25.66	-8.47	-7.52
637	25.7	-8.49	-7.41
638	25.74	-8.48	-7.29
639	25.78	-8.47	-7.19
640	25.82	-8.44	-7.09
641	25.86	-8.4	-6.94
642	25.9	-8.35	-6.76
643	25.94	-8.28	-6.56
644	25.98	-8.19	-6.39
645	26.02	-8.02	-6.29
646	26.06	-7.84	-6.27
647	26.1	-7.64	-6.28
648	26.14	-7.48	-6.3
649	26.18	-7.41	-6.29
650	26.22	-7.39	-6.28
651	26.26	-7.4	-6.26
652	26.3	-7.41	-6.24
653	26.34	-7.42	-6.24
654	26.38	-7.44	-6.23
655	26.42	-7.44	-6.26
656	26.46	-7.43	-6.29
657	26.5	-7.43	-6.31
658	26.54	-7.44	-6.32
659	26.58	-7.46	-6.29
660	26.62	-7.47	-6.26
661	26.66	-7.49	-6.2
662	26.7	-7.46	-6.15
663	26.74	-7.42	-6.1
664	26.78	-7.35	-6.04
665	26.82	-7.25	-6
666	26.86	-7.14	-5.97
667	26.9	-7.04	-5.94
668	26.94	-6.93	-5.9
669	26.98	-6.78	-5.84
670	27.02	-6.61	-5.73
671	27.06	-6.43	-5.61
672	27.1	-6.23	-5.54
673	27.14	-6.05	-5.53
674	27.18	-5.87	-5.57
675	27.22	-5.7	-5.62
676	27.26	-5.54	-5.69
677	27.3	-5.41	-5.75
678	27.34	-5.31	-5.82
679	27.38	-5.2	-5.9
680	27.42	-5.1	-5.94
681	27.46	-5.01	-5.98
682	27.5	-4.95	-6.04
683	27.54	-4.93	-6.12
684	27.58	-4.94	-6.27
685	27.62	-4.93	-6.46
686	27.66	-4.9	-6.65
687	27.7	-4.87	-6.84
688	27.74	-4.86	-6.97
689	27.78	-4.88	-7.05
690	27.82	-4.93	-7.08
691	27.86	-4.95	-7.08
692	27.9	-4.95	-7.11
693	27.94	-4.94	-7.13
694	27.98	-4.93	-7.2
695	28.02	-4.93	-7.28
696	28.06	-4.92	-7.36
697	28.1	-4.88	-7.49
698	28.14	-4.83	-7.66
699	28.18	-4.79	-7.86
700	28.22	-4.77	-8.07
701	28.26	-4.79	-8.3
702	28.3	-4.82	-8.5
703	28.34	-4.85	-8.67
704	28.38	-4.87	-8.81
705	28.42	-4.86	-8.92
706	28.46	-4.84	-9.03
707	28.5	-4.81	-9.13
708	28.54	-4.78	-9.25
709	28.58	-4.76	-9.38
710	28.62	-4.74	-9.52
711	28.66	-4.71	-9.67
712	28.7	-4.71	-9.84
713	28.74	-4.69	-10.01
714	28.78	-4.66	-10.16
715	28.82	-4.63	-10.27
716	28.86	-4.58	-10.35
717	28.9	-4.57	-10.37
718	28.94	-4.59	-10.36
719	28.98	-4.64	-10.34
720	29.02	-4.73	-10.32
721	29.06	-4.83	-10.34
722	29.1	-4.95	-10.39
723	29.14	-5.06	-10.48
724	29.18	-5.13	-10.57
725	29.22	-5.18	-10.66
726	29.26	-5.23	-10.72
727	29.3	-5.27	-10.81
728	29.34	-5.33	-10.95
729	29.38	-5.38	-11.07
730	29.42	-5.44	-11.19
731	29.46	-5.52	-11.29
732	29.5	-5.61	-11.36
733	29.54	-5.69	-11.44
734	29.58	-5.75	-11.49
735	29.62	-5.78	-11.54
736	29.66	-5.78	-11.62
737	29.7	-5.78	-11.69
738	29.74	-5.78	-11.78
739	29.78	-5.83	-11.86
740	29.82	-5.92	-11.89
741	29.86	-6.03	-11.89
742	29.9	-6.16	-11.88
743	29.94	-6.26	-11.86
744	29.98	-6.36	-11.86
745	30.02	-6.5	-11.9
746	30.06	-6.69	-11.98
747	30.1	-6.89	-12.05
748	30.14	-7.1	-12.09
749	30.18	-7.27	-12.08
750	30.22	-7.42	-12.02
751	30.26	-7.59	-11.93
752	30.3	-7.78	-11.84
753	30.34	-7.95	-11.74
754	30.38	-8.1	-11.66
755	30.42	-8.23	-11.61
756	30.46	-8.37	-11.58
757	30.5	-8.54	-11.58
758	30.54	-8.72	-11.59
759	30.58	-8.88	-11.58
760	30.62	-9.01	-11.57
761	30.66	-9.1	-11.54
762	30.7	-9.19	-11.51
763	30.74	-9.28	-11.48
764	30.78	-9.36	-11.47
765	30.82	-9.43	-11.44
766	30.86	-9.48	-11.43
767	30.9	-9.52	-11.44
768	30.94	-9.55	-11.44
769	30.98	-9.58	-11.47
770	31.02	-9.61	-11.47
771	31.06	-9.63	-11.46
772	31.1	-9.65	-11.43
773	31.14	-9.67	-11.39
774	31.18	-9.69	-11.34
775	31.22	-9.71	-11.29
776	31.26	-9.71	-11.24
777	31.3	-9.72	-11.21
778	31.34	-9.72	-11.17
779	31.38	-9.73	-11.14
780	31.42	-9.75	-11.1
781	31.46	-9.77	-11.07
782	31.5	-9.81	-11.05
783	31.54	-9.86	-11.03
784	31.58	-9.9	-11.02
785	31.62	-9.94	-11.01
786	31.66	-9.96	-11.01
787	31.7	-9.96	-11
788	31.74	-9.94	-11
789	31.78	-9.93	-11
790	31.82	-9.9	-10.97
791	31.86	-9.89	-10.97
792	31.9	-9.9	-10.97
793	31.94	-9.91	-10.98
794	31.98	-9.95	-10.99
795	32.02	-10	-11.01
796	32.06	-10.06	-11.02
797	32.1	-10.13	-11.04
798	32.14	-10.24	-11.03
799	32.18	-10.39	-11.01
800	32.22	-10.55	-10.94
801	32.26	-10.72	-10.83
802	32.3	-10.84	-10.68
803	32.34	-10.89	-10.53
804	32.38	-10.9	-10.4
805	32.42	-10.9	-10.29
806	32.46	-10.93	-10.2
807	32.5	-10.96	-10.13
808	32.54	-10.99	-10.08
809	32.58	-11	-10.05
810	32.62	-11	-10.06
811	32.66	-11.02	-10.1
812	32.7	-11.07	-10.12
813	32.74	-11.12	-10.13
814	32.78	-11.16	-10.09
815	32.82	-11.17	-10.01
816	32.86	-11.19	-9.91
817	32.9	-11.19	-9.79
818	32.94	-11.21	-9.68
819	32.98	-11.23	-9.55
820	33.02	-11.27	-9.37
821	33.06	-11.31	-9.15
822	33.1	-11.34	-8.93
823	33.14	-11.35	-8.72
824	33.18	-11.32	-8.55
825	33.22	-11.26	-8.41
826	33.26	-11.21	-8.28
827	33.3	-11.16	-8.17
828	33.34	-11.11	-8.07
829	33.38	-11.09	-7.99
830	33.42	-11.07	-7.9
831	33.46	-11.04	-7.82
832	33.5	-11	-7.76
833	33.54	-10.97	-7.66
834	33.58	-10.93	-7.52
835	33.62	-10.87	-7.36
836	33.66	-10.82	-7.16
837	33.7	-10.74	-6.99
838	33.74	-10.64	-6.89
839	33.78	-10.57	-6.82
840	33.82	-10.49	-6.77
841	33.86	-10.41	-6.74
842	33.9	-10.33	-6.69
843	33.94	-10.24	-6.62
844	33.98	-10.15	-6.56
845	34.02	-10.04	-6.49
846	34.06	-9.94	-6.44
847	34.1	-9.83	-6.4
848	34.14	-9.71	-6.31
849	34.18	-9.58	-6.2
850	34.22	-9.43	-6.06
851	34.26	-9.28	-5.96
852	34.3	-9.14	-5.95
853	34.34	-9	-5.98
854	34.38	-8.87	-6.04
855	34.42	-8.75	-6.09
856	34.46	-8.65	-6.12
857	34.5	-8.55	-6.14
858	34.54	-8.49	-6.18
859	34.58	-8.44	-6.21
860	34.62	-8.4	-6.23
861	34.66	-8.38	-6.25
862	34.7	-8.37	-6.26
863	34.74	-8.37	-6.28
864	34.78	-8.36	-6.29
865	34.82	-8.36	-6.3
866	34.86	-8.36	-6.33
867	34.9	-8.35	-6.39
868	34.94	-8.33	-6.47
869	34.98	-8.32	-6.57
870	35.02	-8.29	-6.65
871	35.06	-8.26	-6.7
872	35.1	-8.22	-6.7
873	35.14	-8.14	-6.63
874	35.18	-8.05	-6.51
875	35.22	-7.99	-6.39
876	35.26	-7.95	-6.29
877	35.3	-7.92	-6.28
878	35.34	-7.89	-6.32
879	35.38	-7.81	-6.38
880	35.42	-7.72	-6.44
881	35.46	-7.64	-6.49
882	35.5	-7.59	-6.55
883	35.54	-7.58	-6.64
884	35.58	-7.6	-6.74
885	35.62	-7.63	-6.81
886	35.66	-7.66	-6.85
887	35.7	-7.68	-6.87
888	35.74	-7.7	-6.85
889	35.78	-7.72	-6.82
890	35.82	-7.74	-6.79
891	35.86	-7.76	-6.75
892	35.9	-7.78	-6.73
893	35.94	-7.8	-6.71
894	35.98	-7.84	-6.71
895	36.02	-7.88	-6.72
896	36.06	-7.91	-6.75
897	36.1	-7.94	-6.77
898	36.14	-7.97	-6.81
899	36.18	-8.02	-6.83
900	36.22	-8.06	-6.83
901	36.26	-8.1	-6.84
902	36.3	-8.15	-6.83
903	36.34	-8.17	-6.82
904	36.38	-8.2	-6.82
905	36.42	-8.23	-6.84
906	36.46	-8.26	-6.86
907	36.5	-8.27	-6.88
908	36.54	-8.28	-6.9
909	36.58	-8.27	-6.93
910	36.62	-8.27	-6.95
911	36.66	-8.28	-6.98
912	36.7	-8.3	-7.03
913	36.74	-8.31	-7.08
914	36.78	-8.34	-7.15
915	36.82	-8.37	-7.21
916	36.86	-8.42	-7.29
917	36.9	-8.49	-7.36
918	36.94	-8.55	-7.42
919	36.98	-8.63	-7.48
920	37.02	-8.67	-7.52
921	37.06	-8.67	-7.53
922	37.1	-8.66	-7.51
923	37.16	-8.61	-7.49
924	37.19	-8.57	-7.47
925	37.23	-8.53	-7.47
926	37.26	-8.49	-7.52
927	37.3	-8.47	-7.57
928	37.34	-8.44	-7.64
929	37.38	-8.4	-7.7
930	37.42	-8.35	-7.74
931	37.46	-8.31	-7.79
932	37.5	-8.26	-7.85
933	37.54	-8.21	-7.93
934	37.58	-8.14	-8.04
935	37.62	-8.05	-8.15
936	37.66	-7.96	-8.24
937	37.7	-7.85	-8.35
938	37.74	-7.77	-8.48
939	37.78	-7.67	-8.59
940	37.82	-7.59	-8.73
941	37.86	-7.52	-8.85
942	37.9	-7.43	-8.93
943	37.94	-7.36	-9
944	37.98	-7.28	-9.05
945	38.02	-7.19	-9.08
946	38.06	-7.13	-9.11
947	38.1	-7.07	-9.12
948	38.14	-6.99	-9.12
949	38.18	-6.89	-9.12
950	38.22	-6.73	-9.13
951	38.26	-6.53	-9.12
952	38.3	-6.33	-9.1
953	38.34	-6.12	-9.08
954	38.38	-5.93	-9.07
955	38.42	-5.74	-9.1
956	38.46	-5.52	-9.18
957	38.5	-5.33	-9.27
958	38.54	-5.17	-9.33
959	38.58	-5.01	-9.39
960	38.62	-4.85	-9.44
961	38.66	-4.66	-9.54
962	38.7	-4.5	-9.66
963	38.74	-4.35	-9.81
964	38.78	-4.25	-9.96
965	38.82	-4.17	-10.07
966	38.86	-4.09	-10.15
967	38.9	-4.07	-10.2
968	38.94	-4.05	-10.27
969	38.98	-4.02	-10.39
970	39.02	-3.93	-10.54
971	39.06	-3.81	-10.67
972	39.1	-3.69	-10.78
973	39.14	-3.55	-10.85
974	39.18	-3.43	-10.9
975	39.22	-3.29	-10.95
976	39.26	-3.17	-10.99
977	39.3	-3.08	-11.02
978	39.34	-2.99	-11.05
979	39.38	-2.91	-11.1
980	39.42	-2.84	-11.13
981	39.46	-2.73	-11.14
982	39.5	-2.61	-11.15
983	39.54	-2.48	-11.16
984	39.58	-2.35	-11.2
985	39.62	-2.24	-11.25
986	39.66	-2.13	-11.29
987	39.7	-2.01	-11.34
988	39.74	-1.87	-11.38
989	39.78	-1.71	-11.44
990	39.82	-1.58	-11.49
991	39.86	-1.49	-11.56
992	39.9	-1.44	-11.63
993	39.94	-1.38	-11.73
994	39.98	-1.28	-11.84
995	40.02	-1.15	-11.93
996	40.06	-0.97	-12.02
997	40.1	-0.81	-12.11
998	40.14	-0.63	-12.21
999	40.18	-0.48	-12.32
1000	40.22	-0.34	-12.42
1001	40.26	-0.21	-12.51
1002	40.3	-0.11	-12.58
1003	40.34	0.03	-12.64
1004	40.38	0.19	-12.74
1005	40.42	0.4	-12.84
1006	40.46	0.65	-12.96
1007	40.5	0.91	-13.05
1008	40.54	1.15	-13.1
1009	40.58	1.37	-13.12
1010	40.62	1.55	-13.11
1011	40.66	1.71	-13.09
1012	40.7	1.86	-13.08
1013	40.74	1.98	-13.09
1014	40.78	2.12	-13.12
1015	40.82	2.29	-13.16
1016	40.86	2.47	-13.2
1017	40.9	2.67	-13.26
1018	40.94	2.86	-13.32
1019	40.98	3	-13.39
1020	41.02	3.14	-13.45
1021	41.06	3.26	-13.53
1022	41.1	3.37	-13.58
1023	41.14	3.54	-13.66
1024	41.18	3.72	-13.76
1025	41.22	3.93	-13.83
1026	41.26	4.19	-13.9
1027	41.3	4.46	-13.94
1028	41.34	4.72	-13.93
1029	41.38	4.96	-13.93
1030	41.42	5.14	-13.93
1031	41.46	5.27	-13.92
1032	41.5	5.41	-13.9
1033	41.54	5.58	-13.91
1034	41.58	5.77	-13.97
1035	41.62	5.98	-14.08
1036	41.66	6.16	-14.18
1037	41.7	6.35	-14.26
1038	41.74	6.54	-14.32
1039	41.78	6.74	-14.37
1040	41.82	6.92	-14.46
1041	41.86	7.06	-14.56
1042	41.9	7.16	-14.64
1043	41.94	7.29	-14.69
1044	41.98	7.47	-14.73
1045	42.02	7.66	-14.79
1046	42.06	7.85	-14.86
1047	42.1	8.04	-14.94
1048	42.14	8.22	-15.02
1049	42.18	8.47	-15.09
1050	42.22	8.74	-15.16
1051	42.26	8.98	-15.22
1052	42.3	9.2	-15.28
1053	42.34	9.36	-15.34
1054	42.38	9.48	-15.38
1055	42.42	9.6	-15.43
1056	42.46	9.69	-15.48
1057	42.5	9.81	-15.53
1058	42.54	9.96	-15.58
1059	42.58	10.13	-15.66
1060	42.62	10.3	-15.73
1061	42.66	10.49	-15.83
1062	42.7	10.69	-15.99
1063	42.74	10.88	-16.12
1064	42.78	11.09	-16.28
1065	42.82	11.26	-16.41
1066	42.86	11.39	-16.51
1067	42.9	11.52	-16.62
1068	42.94	11.65	-16.72
1069	42.98	11.78	-16.83
1070	43.02	11.93	-16.94
1071	43.06	12.11	-17.05
1072	43.1	12.3	-17.15
1073	43.14	12.5	-17.24
1074	43.18	12.7	-17.3
1075	43.22	12.86	-17.38
1076	43.26	13.05	-17.52
1077	43.3	13.23	-17.69
1078	43.34	13.37	-17.89
1079	43.38	13.49	-18.07
1080	43.42	13.6	-18.21
1081	43.46	13.75	-18.34
1082	43.5	13.98	-18.48
1083	43.54	14.25	-18.65
1084	43.58	14.52	-18.82
1085	43.62	14.73	-18.98
1086	43.66	14.89	-19.13
1087	43.7	15.02	-19.27
1088	43.74	15.11	-19.39
1089	43.78	15.2	-19.48
1090	43.82	15.27	-19.57
1091	43.86	15.35	-19.65
1092	43.9	15.49	-19.73
1093	43.94	15.66	-19.84
1094	43.98	15.85	-19.95
1095	44.02	16.05	-20.08
1096	44.06	16.21	-20.22
1097	44.1	16.4	-20.34
1098	44.14	16.58	-20.43
1099	44.18	16.77	-20.49
1100	44.22	16.95	-20.53
1101	44.26	17.1	-20.56
1102	44.3	17.22	-20.62
1103	44.34	17.36	-20.7
1104	44.38	17.53	-20.81
1105	44.42	17.73	-20.93
1106	44.46	17.93	-21.04
1107	44.5	18.11	-21.17
1108	44.54	18.24	-21.3
1109	44.58	18.37	-21.45
1110	44.62	18.47	-21.59
1111	44.66	18.56	-21.7
1112	44.7	18.62	-21.8
1113	44.74	18.65	-21.86
1114	44.78	18.68	-21.9
1115	44.82	18.72	-21.94
1116	44.86	18.78	-21.99
1117	44.9	18.83	-22.03
1118	44.94	18.86	-22.07
1119	44.98	18.88	-22.09
1120	45.02	18.89	-22.09
1121	45.06	18.9	-22.1
1122	45.1	18.91	-22.11
1123	45.14	18.92	-22.13
1124	45.18	18.92	-22.13
1125	45.22	18.92	-22.15
1126	45.26	18.93	-22.17
1127	45.3	18.94	-22.17
1128	45.34	18.96	-22.19
1129	45.38	18.97	-22.21
1130	45.42	18.98	-22.21
1131	45.46	18.99	-22.23
1132	45.5	18.99	-22.23
1133	45.54	19	-22.24
1134	45.58	19.01	-22.24
1135	45.62	19.02	-22.23
1136	45.66	19.02	-22.22
1137	45.7	19.03	-22.21
1138	45.74	19.03	-22.2
1139	45.78	19.02	-22.19
1140	45.82	19.02	-22.2
1141	45.86	19.03	-22.2
1142	45.9	19.01	-22.21
1143	45.94	19.01	-22.24
1144	45.98	19.03	-22.26
1145	46.02	19.03	-22.27
1146	46.06	19.07	-22.3
1147	46.1	19.08	-22.3
1148	46.14	19.09	-22.3
1149	46.18	19.11	-22.3
1150	46.22	19.12	-22.31
1151	46.26	19.12	-22.32
1152	46.3	19.15	-22.35
1153	46.34	19.15	-22.36
1154	46.38	19.16	-22.37
1155	46.42	19.17	-22.37
1156	46.46	19.15	-22.36
1157	46.5	19.14	-22.35
1158	46.54	19.13	-22.35
1159	46.58	19.13	-22.36
1160	46.62	19.14	-22.37
1161	46.66	19.14	-22.37
1162	46.7	19.16	-22.38
1163	46.74	19.16	-22.37
1164	46.78	19.17	-22.37
1165	46.82	19.19	-22.38
1166	46.86	19.18	-22.38
1167	46.9	19.19	-22.38
1168	46.94	19.17	-22.37
1169	46.98	19.16	-22.37
1170	47.02	19.16	-22.36
1171	47.06	19.16	-22.37
1172	47.1	19.18	-22.37
1173	47.14	19.18	-22.37
1174	47.18	19.19	-22.37
1175	47.22	19.19	-22.37
1176	47.26	19.18	-22.37
1177	47.3	19.19	-22.38
1178	47.34	19.2	-22.38
1179	47.38	19.22	-22.37
1180	47.42	19.25	-22.36
1181	47.46	19.27	-22.35
1182	47.5	19.28	-22.34
1183	47.54	19.29	-22.32
1184	47.58	19.31	-22.31
1185	47.62	19.31	-22.3
1186	47.66	19.32	-22.28
1187	47.7	19.34	-22.25
1188	47.74	19.32	-22.22
1189	47.78	19.33	-22.2
1190	47.82	19.3	-22.18
1191	47.86	19.28	-22.16
1192	47.9	19.29	-22.16
1193	47.94	19.28	-22.14
1194	47.98	19.28	-22.12
1195	48.02	19.28	-22.11
1196	48.06	19.27	-22.11
1197	48.1	19.25	-22.11
1198	48.14	19.23	-22.12
1199	48.18	19.2	-22.12
1200	48.22	19.18	-22.12
1201	48.26	19.16	-22.13
1202	48.3	19.13	-22.14
1203	48.34	19.1	-22.16
1204	48.38	19.08	-22.17
1205	48.42	19.06	-22.18
1206	48.46	19.06	-22.18
1207	48.5	19.09	-22.17
1208	48.54	19.11	-22.15
1209	48.58	19.13	-22.12
1210	48.62	19.15	-22.09
1211	48.66	19.15	-22.06
1212	48.7	19.17	-22.02
1213	48.74	19.16	-21.99
1214	48.78	19.16	-21.96
1215	48.82	19.17	-21.93
1216	48.86	19.16	-21.9
1217	48.9	19.16	-21.88
1218	48.94	19.15	-21.85
1219	48.98	19.14	-21.81
1220	49.02	19.17	-21.75
1221	49.06	19.2	-21.69
1222	49.1	19.25	-21.63
1223	49.14	19.27	-21.58
1224	49.18	19.25	-21.53
1225	49.22	19.23	-21.49
1226	49.26	19.2	-21.42
1227	49.3	19.18	-21.35
1228	49.34	19.17	-21.27
1229	49.38	19.17	-21.2
1230	49.42	19.17	-21.14
1231	49.46	19.17	-21.07
1232	49.5	19.17	-20.99
1233	49.54	19.22	-20.89
1234	49.58	19.27	-20.78
1235	49.62	19.37	-20.66
1236	49.66	19.46	-20.53
1237	49.7	19.53	-20.4
1238	49.74	19.58	-20.23
1239	49.78	19.62	-20.03
1240	49.82	19.68	-19.76
1241	49.86	19.75	-19.51
1242	49.9	19.81	-19.31
1243	49.94	19.87	-19.15
1244	49.98	19.89	-19.07
1245	50.02	19.91	-18.98
1246	50.06	19.92	-18.9
1247	50.1	19.93	-18.84
1248	50.14	19.95	-18.8
1249	50.18	19.98	-18.77
1250	50.22	20.03	-18.73
1251	50.26	20.12	-18.7
1252	50.3	20.23	-18.7
1253	50.34	20.34	-18.68
1254	50.38	20.42	-18.67
1255	50.42	20.44	-18.67
1256	50.46	20.5	-18.59
1257	50.5	20.56	-18.51
1258	50.54	20.63	-18.43
1259	50.58	20.72	-18.31
1260	50.62	20.79	-18.23
1261	50.66	20.83	-18.16
1262	50.7	20.86	-18.08
1263	50.74	20.89	-17.98
1264	50.78	20.91	-17.88
1265	50.82	20.93	-17.78
1266	50.86	20.96	-17.69
1267	50.9	20.97	-17.63
1268	50.94	20.98	-17.54
1269	50.98	20.99	-17.42
1270	51.02	21.03	-17.31
1271	51.06	21.12	-17.15
1272	51.1	21.22	-17.03
1273	51.14	21.33	-16.93
1274	51.18	21.42	-16.84
1275	51.22	21.48	-16.76
1276	51.26	21.53	-16.66
1277	51.3	21.57	-16.56
1278	51.34	21.61	-16.46
1279	51.38	21.66	-16.35
1280	51.42	21.68	-16.27
1281	51.46	21.69	-16.19
1282	51.5	21.68	-16.07
1283	51.54	21.67	-15.93
1284	51.58	21.65	-15.8
1285	51.62	21.62	-15.68
1286	51.66	21.59	-15.61
1287	51.7	21.54	-15.57
1288	51.74	21.5	-15.52
1289	51.78	21.47	-15.47
1290	51.82	21.44	-15.42
1291	51.86	21.43	-15.37
1292	51.9	21.42	-15.32
1293	51.94	21.4	-15.29
1294	51.98	21.41	-15.28
1295	52.02	21.4	-15.25
1296	52.06	21.41	-15.26
1297	52.1	21.42	-15.27
1298	52.14	21.41	-15.3
1299	52.18	21.4	-15.35
1300	52.22	21.38	-15.42
1301	52.26	21.36	-15.51
1302	52.3	21.33	-15.59
1303	52.34	21.32	-15.66
1304	52.38	21.31	-15.69
1305	52.42	21.31	-15.69
1306	52.46	21.32	-15.68
1307	52.5	21.31	-15.67
1308	52.54	21.3	-15.67
1309	52.58	21.3	-15.66
1310	52.62	21.29	-15.66
1311	52.66	21.27	-15.68
1312	52.7	21.27	-15.69
1313	52.74	21.26	-15.72
1314	52.78	21.25	-15.75
1315	52.82	21.24	-15.77
1316	52.86	21.24	-15.79
1317	52.9	21.25	-15.77
1318	52.94	21.26	-15.75
1319	52.98	21.28	-15.72
1320	53.02	21.3	-15.67
1321	53.06	21.31	-15.66
1322	53.1	21.33	-15.63
1323	53.14	21.35	-15.62
1324	53.18	21.35	-15.6
1325	53.22	21.37	-15.58
1326	53.26	21.37	-15.57
1327	53.3	21.37	-15.56
1328	53.34	21.37	-15.56
1329	53.38	21.37	-15.55
1330	53.42	21.36	-15.54
1331	53.46	21.35	-15.55
1332	53.5	21.33	-15.56
1333	53.54	21.31	-15.6
1334	53.58	21.28	-15.65
1335	53.62	21.25	-15.69
1336	53.66	21.23	-15.74
1337	53.7	21.22	-15.75
1338	53.74	21.2	-15.81
1339	53.78	21.17	-15.89
1340	53.82	21.13	-15.95
1341	53.86	21.09	-16.04
1342	53.9	21.07	-16.08
1343	53.94	21.06	-16.12
1344	53.98	21.05	-16.17
1345	54.02	21.04	-16.19
1346	54.06	21.03	-16.21
1347	54.1	21.03	-16.22
1348	54.14	21.03	-16.23
1349	54.18	21.02	-16.24
1350	54.22	21.01	-16.24
1351	54.26	21	-16.22
1352	54.3	20.99	-16.2
1353	54.34	20.98	-16.19
1354	54.38	20.98	-16.18
1355	54.42	20.98	-16.17
1356	54.46	20.98	-16.17
1357	54.5	20.97	-16.19
1358	54.54	20.97	-16.19
1359	54.58	20.96	-16.2
1360	54.62	20.95	-16.2
1361	54.66	20.93	-16.19
1362	54.7	20.92	-16.19
1363	54.74	20.91	-16.17
1364	54.78	20.91	-16.14
1365	54.82	20.91	-16.1
1366	54.86	20.91	-16.06
1367	54.9	20.92	-16.04
1368	54.94	20.94	-16.02
1369	54.98	20.96	-16.02
1370	55.02	20.98	-16.03
1371	55.06	21	-16.05
1372	55.1	21.01	-16.1
1373	55.14	21.02	-16.14
1374	55.18	21.02	-16.18
1375	55.22	21.02	-16.23
1376	55.26	21	-16.26
1377	55.3	20.99	-16.31
1378	55.34	20.97	-16.34
1379	55.38	20.95	-16.38
1380	55.42	20.94	-16.4
1381	55.46	20.92	-16.44
1382	55.5	20.9	-16.47
1383	55.54	20.9	-16.49
1384	55.58	20.89	-16.52
1385	55.62	20.87	-16.53
1386	55.66	20.87	-16.54
1387	55.7	20.87	-16.55
1388	55.74	20.87	-16.57
1389	55.78	20.87	-16.6
1390	55.82	20.87	-16.64
1391	55.86	20.86	-16.66
1392	55.9	20.86	-16.68
1393	55.94	20.86	-16.68
1394	55.98	20.87	-16.67
1395	56.02	20.88	-16.67
1396	56.06	20.89	-16.68
1397	56.1	20.89	-16.71
1398	56.14	20.89	-16.76
1399	56.18	20.88	-16.81
1400	56.22	20.86	-16.88
1401	56.26	20.86	-16.94
1402	56.3	20.84	-17.02
1403	56.34	20.82	-17.1
1404	56.38	20.8	-17.18
1405	56.42	20.76	-17.26
1406	56.46	20.75	-17.32
1407	56.5	20.76	-17.31
1408	56.54	20.78	-17.28
1409	56.58	20.83	-17.21
1410	56.62	20.87	-17.14
1411	56.66	20.88	-17.1
1412	56.7	20.91	-17.07
1413	56.74	20.92	-17.04
1414	56.78	20.93	-17
1415	56.82	20.95	-16.94
1416	56.86	20.98	-16.85
1417	56.9	21.01	-16.76
1418	56.94	21.02	-16.7
1419	56.98	21.03	-16.63
1420	57.02	21.03	-16.6
1421	57.06	21.04	-16.55
1422	57.1	21.05	-16.5
1423	57.14	21.05	-16.46
1424	57.18	21.04	-16.44
1425	57.22	21.04	-16.45
1426	57.26	21.02	-16.46
1427	57.3	20.98	-16.5
1428	57.34	20.93	-16.57
1429	57.38	20.85	-16.71
1430	57.42	20.77	-16.86
1431	57.46	20.69	-17.01
1432	57.5	20.64	-17.17
1433	57.54	20.61	-17.28
1434	57.58	20.58	-17.4
1435	57.62	20.56	-17.48
1436	57.66	20.57	-17.57
1437	57.7	20.59	-17.64
1438	57.74	20.6	-17.71
1439	57.78	20.6	-17.81
1440	57.82	20.57	-17.88
1441	57.86	20.53	-17.95
1442	57.9	20.48	-18.01
1443	57.94	20.45	-18.05
1444	57.98	20.42	-18.08
1445	58.02	20.4	-18.12
1446	58.06	20.38	-18.14
1447	58.1	20.37	-18.21
1448	58.14	20.36	-18.29
1449	58.18	20.35	-18.37
1450	58.22	20.37	-18.48
1451	58.26	20.39	-18.63
1452	58.3	20.43	-18.82
1453	58.34	20.5	-19.03
1454	58.38	20.58	-19.23
1455	58.42	20.65	-19.4
1456	58.46	20.71	-19.54
1457	58.5	20.74	-19.67
1458	58.54	20.74	-19.81
1459	58.58	20.73	-19.97
1460	58.62	20.73	-20.13
1461	58.66	20.79	-20.26
1462	58.7	20.86	-20.37
1463	58.74	20.93	-20.41
1464	58.78	20.97	-20.41
1465	58.82	20.91	-20.35
1466	58.86	20.83	-20.3
1467	58.9	20.72	-20.28
1468	58.94	20.58	-20.28
1469	58.98	20.43	-20.32
1470	59.02	20.23	-20.37
1471	59.06	20.04	-20.43
1472	59.1	19.88	-20.51
1473	59.14	19.78	-20.57
1474	59.18	19.74	-20.65
1475	59.22	19.73	-20.73
1476	59.26	19.74	-20.83
1477	59.3	19.74	-20.96
1478	59.34	19.74	-21.09
1479	59.38	19.79	-21.2
1480	59.54	19.82	-21.29
1481	59.58	19.86	-21.37
1482	59.62	19.89	-21.44
1483	59.66	19.85	-21.52
1484	59.7	19.83	-21.63
1485	59.74	19.81	-21.73
1486	59.78	19.8	-21.83
1487	59.82	19.81	-21.92
1488	59.86	19.84	-22
1489	59.9	19.88	-22.08
1490	59.94	19.95	-22.17
1491	59.98	20.01	-22.27
1492	60.02	20.08	-22.36
1493	60.06	20.15	-22.43
1494	60.1	20.2	-22.5
1495	60.14	20.24	-22.56
1496	60.18	20.27	-22.62
1497	60.22	20.29	-22.68
1498	60.26	20.3	-22.72
1499	60.3	20.33	-22.74
1500	60.34	20.35	-22.74
1501	60.38	20.36	-22.72
1502	60.42	20.36	-22.7
1503	60.46	20.35	-22.67
1504	60.5	20.33	-22.65
1505	60.54	20.33	-22.64
1506	60.58	20.33	-22.63
1507	60.62	20.35	-22.64
1508	60.66	20.37	-22.66
1509	60.7	20.39	-22.66
1510	60.74	20.41	-22.68
1511	60.78	20.42	-22.67
1512	60.82	20.42	-22.64
1513	60.86	20.43	-22.64
1514	60.9	20.44	-22.63
1515	60.94	20.45	-22.64
1516	60.98	20.45	-22.64
1517	61.02	20.47	-22.64
1518	61.06	20.49	-22.66
1519	61.1	20.52	-22.67
1520	61.14	20.56	-22.71
1521	61.18	20.59	-22.73
1522	61.22	20.6	-22.73
1523	61.26	20.6	-22.71
1524	61.3	20.59	-22.68
1525	61.34	20.57	-22.64
1526	61.38	20.54	-22.6
1527	61.42	20.51	-22.58
1528	61.46	20.48	-22.56
1529	61.5	20.45	-22.54
1530	61.54	20.43	-22.52
1531	61.58	20.42	-22.52
1532	61.62	20.42	-22.52
1533	61.66	20.41	-22.51
1534	61.7	20.38	-22.49
1535	61.74	20.36	-22.46
1536	61.78	20.32	-22.43
1537	61.82	20.29	-22.41
1538	61.86	20.28	-22.39
1539	61.9	20.27	-22.37
1540	61.94	20.27	-22.38
1541	61.98	20.25	-22.36
1542	62.02	20.25	-22.37
1543	62.06	20.25	-22.35
1544	62.1	20.26	-22.33
1545	62.14	20.27	-22.32
1546	62.18	20.25	-22.3
1547	62.22	20.22	-22.29
1548	62.26	20.18	-22.28
1549	62.3	20.16	-22.26
1550	62.34	20.14	-22.25
1551	62.38	20.12	-22.23
1552	62.42	20.1	-22.21
1553	62.46	20.08	-22.18
1554	62.5	20.05	-22.15
1555	62.54	20.04	-22.12
1556	62.58	20.03	-22.09
1557	62.62	20.02	-22.06
1558	62.66	20	-22.02
1559	62.7	19.95	-21.99
1560	62.74	19.9	-21.97
1561	62.78	19.86	-21.96
1562	62.82	19.81	-21.96
1563	62.86	19.77	-21.96
1564	62.9	19.73	-21.96
1565	62.94	19.69	-21.96
1566	62.98	19.65	-21.96
1567	63.02	19.61	-21.96
1568	63.06	19.57	-21.95
1569	63.1	19.54	-21.95
1570	63.14	19.52	-21.93
1571	63.18	19.5	-21.92
1572	63.22	19.48	-21.89
1573	63.26	19.47	-21.87
1574	63.3	19.47	-21.84
1575	63.34	19.44	-21.81
1576	63.38	19.42	-21.79
1577	63.42	19.38	-21.78
1578	63.46	19.35	-21.77
1579	63.5	19.34	-21.76
1580	63.54	19.34	-21.75
1581	63.58	19.35	-21.72
1582	63.62	19.35	-21.7
1583	63.66	19.35	-21.67
1584	63.7	19.35	-21.66
1585	63.74	19.34	-21.65
1586	63.78	19.34	-21.64
1587	63.82	19.34	-21.62
1588	63.86	19.35	-21.59
1589	63.9	19.37	-21.55
1590	63.94	19.4	-21.51
1591	63.98	19.42	-21.48
1592	64.02	19.47	-21.48
1593	64.06	19.48	-21.49
1594	64.1	19.49	-21.52
1595	64.14	19.5	-21.55
1596	64.18	19.5	-21.59
1597	64.22	19.5	-21.62
1598	64.26	19.51	-21.66
1599	64.3	19.52	-21.7
1600	64.34	19.54	-21.73
1601	64.38	19.55	-21.75
1602	64.42	19.54	-21.75
1603	64.46	19.56	-21.75
1604	64.5	19.57	-21.74
1605	64.54	19.61	-21.74
1606	64.58	19.65	-21.77
1607	64.62	19.69	-21.81
1608	64.66	19.73	-21.85
1609	64.7	19.75	-21.89
1610	64.74	19.79	-21.92
1611	64.78	19.83	-21.95
1612	64.82	19.87	-21.99
1613	64.86	19.9	-22.02
1614	64.9	19.92	-22.05
1615	64.94	19.95	-22.06
1616	64.98	19.98	-22.06
1617	65.02	20.02	-22.05
1618	65.06	20.07	-22.05
1619	65.1	20.13	-22.04
1620	65.14	20.2	-22.03
1621	65.18	20.25	-22.01
1622	65.22	20.28	-22
1623	65.26	20.3	-22
1624	65.3	20.28	-22.01
1625	65.34	20.27	-22.03
1626	65.38	20.26	-22.05
1627	65.42	20.25	-22.07
1628	65.46	20.26	-22.08
1629	65.5	20.26	-22.09
1630	65.54	20.26	-22.1
1631	65.58	20.27	-22.11
1632	65.62	20.26	-22.12
1633	65.66	20.26	-22.13
1634	65.7	20.25	-22.11
1635	65.74	20.24	-22.1
1636	65.78	20.23	-22.09
1637	65.82	20.22	-22.08
1638	65.86	20.23	-22.08
1639	65.9	20.23	-22.08
1640	65.94	20.23	-22.07
1641	65.98	20.23	-22.07
1642	66.02	20.24	-22.08
1643	66.06	20.25	-22.09
1644	66.1	20.25	-22.11
1645	66.14	20.26	-22.12
1646	66.18	20.26	-22.12
1647	66.22	20.26	-22.13
1648	66.26	20.27	-22.14
1649	66.3	20.27	-22.16
1650	66.34	20.29	-22.18
1651	66.38	20.3	-22.19
1652	66.42	20.32	-22.21
1653	66.46	20.32	-22.22
1654	66.5	20.32	-22.25
1655	66.54	20.33	-22.27
1656	66.58	20.34	-22.31
1657	66.62	20.35	-22.33
1658	66.66	20.37	-22.34
1659	66.7	20.38	-22.35
1660	66.74	20.37	-22.35
1661	66.78	20.36	-22.35
1662	66.82	20.36	-22.36
1663	66.86	20.36	-22.37
1664	66.9	20.35	-22.35
1665	66.94	20.34	-22.31
1666	66.98	20.33	-22.26
1667	67.02	20.31	-22.2
1668	67.06	20.28	-22.17
1669	67.1	20.24	-22.13
1670	67.14	20.21	-22.1
1671	67.18	20.17	-22.07
1672	67.22	20.16	-22.06
1673	67.26	20.15	-22.06
1674	67.3	20.16	-22.08
1675	67.34	20.18	-22.1
1676	67.38	20.21	-22.11
1677	67.42	20.24	-22.12
1678	67.46	20.26	-22.13
1679	67.5	20.29	-22.14
1680	67.54	20.31	-22.14
1681	67.58	20.33	-22.14
1682	67.62	20.35	-22.13
1683	67.66	20.37	-22.13
1684	67.7	20.4	-22.13
1685	67.74	20.41	-22.13
1686	67.78	20.41	-22.12
1687	67.82	20.39	-22.1
1688	67.86	20.35	-22.07
1689	67.9	20.31	-22.03
1690	67.94	20.29	-22.01
1691	67.98	20.29	-22.01
1692	68.02	20.29	-22.02
1693	68.06	20.31	-22.02
1694	68.1	20.31	-22.03
1695	68.14	20.3	-22.03
1696	68.18	20.3	-22.03
1697	68.22	20.3	-22.03
1698	68.26	20.31	-22.04
1699	68.3	20.31	-22.02
1700	68.34	20.3	-22.02
1701	68.38	20.29	-22.02
1702	68.42	20.29	-22.01
1703	68.46	20.28	-22
1704	68.5	20.28	-21.99
1705	68.54	20.28	-21.99
1706	68.58	20.29	-21.98
1707	68.62	20.29	-21.97
1708	68.66	20.29	-21.97
1709	68.7	20.29	-21.97
1710	68.74	20.29	-21.98
1711	68.78	20.26	-21.98
1712	68.82	20.22	-21.99
1713	68.86	20.18	-21.99
1714	68.9	20.11	-21.99
1715	68.94	20.04	-21.99
1716	68.98	19.97	-21.97
1717	69.02	19.89	-21.95
1718	69.06	19.81	-21.93
1719	69.1	19.75	-21.92
1720	69.14	19.72	-21.91
1721	69.18	19.7	-21.91
1722	69.22	19.67	-21.9
1723	69.26	19.64	-21.9
1724	69.3	19.6	-21.9
1725	69.34	19.57	-21.9
1726	69.38	19.55	-21.9
1727	69.42	19.53	-21.9
1728	69.46	19.5	-21.91
1729	69.5	19.48	-21.91
1730	69.54	19.45	-21.91
1731	69.58	19.43	-21.91
1732	69.62	19.42	-21.9
1733	69.66	19.41	-21.89
1734	69.7	19.43	-21.85
1735	69.74	19.44	-21.82
1736	69.78	19.48	-21.77
1737	69.82	19.51	-21.73
1738	69.86	19.54	-21.71
1739	69.9	19.58	-21.7
1740	69.94	19.62	-21.71
1741	69.98	19.68	-21.71
1742	70.02	19.74	-21.74
1743	70.06	19.78	-21.77
1744	70.1	19.83	-21.81
1745	70.14	19.88	-21.86
1746	70.18	19.95	-21.92
1747	70.22	20.02	-21.96
1748	70.26	20.1	-22
1749	70.3	20.18	-22.01
1750	70.34	20.27	-22.01
1751	70.38	20.34	-22.03
1752	70.42	20.39	-22.04
1753	70.46	20.41	-22.06
1754	70.5	20.41	-22.06
1755	70.54	20.4	-22.06
1756	70.58	20.38	-22.06
1757	70.62	20.38	-22.07
1758	70.66	20.38	-22.08
1759	70.7	20.38	-22.1
1760	70.74	20.39	-22.11
1761	70.78	20.39	-22.11
1762	70.82	20.38	-22.11
1763	70.86	20.38	-22.11
1764	70.9	20.36	-22.11
1765	70.94	20.34	-22.1
1766	70.98	20.3	-22.08
1767	71.02	20.27	-22.07
1768	71.06	20.24	-22.08
1769	71.1	20.2	-22.07
1770	71.14	20.18	-22.08
1771	71.18	20.15	-22.09
1772	71.22	20.13	-22.09
1773	71.26	20.12	-22.09
1774	71.3	20.11	-22.09
1775	71.34	20.09	-22.08
1776	71.38	20.08	-22.08
1777	71.42	20.07	-22.08
1778	71.46	20.06	-22.08
1779	71.5	20.07	-22.07
1780	71.54	20.07	-22.06
1781	71.58	20.07	-22.04
1782	71.62	20.05	-22.02
1783	71.66	20.04	-22
1784	71.7	20.05	-21.99
1785	71.74	20.05	-21.98
1786	71.78	20.05	-21.98
1787	71.82	20.03	-22
1788	71.86	20	-22.01
1789	71.9	19.97	-22.02
1790	71.94	19.94	-22.03
1791	71.98	19.92	-22.04
1792	72.02	19.9	-22.05
1793	72.06	19.88	-22.06
1794	72.1	19.86	-22.07
1795	72.14	19.86	-22.07
1796	72.18	19.85	-22.08
1797	72.22	19.84	-22.09
1798	72.26	19.84	-22.09
1799	72.3	19.83	-22.09
1800	72.34	19.81	-22.07
1801	72.38	19.79	-22.05
1802	72.42	19.79	-22.04
1803	72.46	19.79	-22.01
1804	72.5	19.8	-22.01
1805	72.54	19.8	-22
1806	72.58	19.79	-21.99
1807	72.62	19.77	-21.99
1808	72.66	19.75	-21.98
1809	72.74	19.72	-21.97
1810	72.78	19.71	-21.98
1811	72.82	19.71	-21.97
1812	72.86	19.72	-21.98
1813	72.9	19.72	-21.97
1814	72.94	19.73	-21.97
1815	72.98	19.74	-21.97
1816	73.02	19.77	-21.97
1817	73.06	19.8	-21.97
1818	73.1	19.82	-21.98
1819	73.14	19.83	-21.98
1820	73.18	19.82	-21.97
1821	73.22	19.81	-21.94
1822	73.26	19.8	-21.9
1823	73.3	19.83	-21.88
1824	73.34	19.87	-21.87
1825	73.38	19.92	-21.9
1826	73.42	20	-21.94
1827	73.46	20.08	-21.97
1828	73.5	20.15	-21.99
1829	73.54	20.22	-22.01
1830	73.58	20.24	-22.04
1831	73.62	20.25	-22.04
1832	73.66	20.26	-22.06
1833	73.7	20.26	-22.07
1834	73.74	20.25	-22.06
1835	73.78	20.24	-22.07
1836	73.82	20.23	-22.06
1837	73.86	20.22	-22.07
1838	73.9	20.23	-22.09
1839	73.94	20.24	-22.1
1840	73.98	20.25	-22.12
1841	74.02	20.24	-22.12
1842	74.06	20.23	-22.11
1843	74.1	20.21	-22.11
1844	74.14	20.19	-22.11
1845	74.18	20.18	-22.11
1846	74.22	20.15	-22.11
1847	74.26	20.14	-22.11
1848	74.3	20.12	-22.11
1849	74.34	20.12	-22.11
1850	74.38	20.13	-22.11
1851	74.42	20.15	-22.13
1852	74.46	20.18	-22.16
1853	74.5	20.21	-22.21
1854	74.54	20.25	-22.25
1855	74.58	20.26	-22.27
1856	74.62	20.28	-22.29
1857	74.66	20.29	-22.3
1858	74.7	20.3	-22.31
1859	74.74	20.3	-22.32
1860	74.78	20.29	-22.31
1861	74.82	20.29	-22.31
1862	74.86	20.29	-22.31
1863	74.9	20.29	-22.31
1864	74.94	20.32	-22.32
1865	74.98	20.34	-22.33
1866	75.02	20.39	-22.35
1867	75.06	20.44	-22.4
1868	75.1	20.49	-22.45
1869	75.14	20.53	-22.5
1870	75.18	20.55	-22.55
1871	75.22	20.57	-22.59
1872	75.26	20.59	-22.65
1873	75.3	20.62	-22.71
1874	75.34	20.65	-22.77
1875	75.38	20.69	-22.81
1876	75.42	20.74	-22.85
1877	75.46	20.78	-22.89
1878	75.5	20.82	-22.93
1879	75.54	20.85	-22.97
1880	75.58	20.86	-23
1881	75.62	20.87	-23.02
1882	75.66	20.86	-23.03
1883	75.7	20.85	-23.05
1884	75.74	20.85	-23.06
1885	75.78	20.84	-23.08
1886	75.82	20.83	-23.1
1887	75.86	20.82	-23.12
1888	75.9	20.82	-23.13
1889	75.94	20.82	-23.15
1890	75.98	20.83	-23.16
1891	76.02	20.88	-23.14
1892	76.06	20.96	-23.08
1893	76.1	21.04	-23
1894	76.14	21.12	-22.91
1895	76.18	21.17	-22.84
1896	76.22	21.18	-22.8
1897	76.26	21.2	-22.78
1898	76.3	21.2	-22.77
1899	76.34	21.21	-22.79
1900	76.38	21.2	-22.81
1901	76.42	21.18	-22.83
1902	76.46	21.15	-22.85
1903	76.5	21.12	-22.84
1904	76.54	21.08	-22.82
1905	76.58	21.04	-22.82
1906	76.62	21.01	-22.82
1907	76.66	20.96	-22.84
1908	76.7	20.9	-22.85
1909	76.74	20.83	-22.82
1910	76.78	20.74	-22.76
1911	76.82	20.61	-22.62
1912	76.86	20.45	-22.41
1913	76.9	20.3	-22.2
1914	76.94	20.15	-21.98
1915	76.98	20.05	-21.82
1916	77.02	19.98	-21.73
1917	77.06	19.92	-21.66
1918	77.1	19.88	-21.61
1919	77.14	19.84	-21.57
1920	77.18	19.82	-21.53
1921	77.22	19.79	-21.49
1922	77.26	19.77	-21.47
1923	77.3	19.75	-21.44
1924	77.34	19.72	-21.42
1925	77.38	19.69	-21.4
1926	77.42	19.66	-21.39
1927	77.46	19.63	-21.4
1928	77.5	19.6	-21.41
1929	77.54	19.6	-21.44
1930	77.58	19.6	-21.48
1931	77.62	19.63	-21.52
1932	77.66	19.67	-21.54
1933	77.7	19.72	-21.56
1934	77.74	19.77	-21.55
1935	77.78	19.81	-21.52
1936	77.82	19.84	-21.49
1937	77.86	19.85	-21.45
1938	77.9	19.86	-21.41
1939	77.94	19.89	-21.37
1940	77.98	19.91	-21.34
1941	78.02	19.94	-21.3
1942	78.06	19.96	-21.27
1943	78.1	19.98	-21.23
1944	78.14	19.98	-21.19
1945	78.18	19.99	-21.17
1946	78.22	19.97	-21.13
1947	78.26	19.95	-21.11
1948	78.3	19.94	-21.1
1949	78.34	19.94	-21.09
1950	78.38	19.96	-21.1
1951	78.42	19.98	-21.11
1952	78.46	20.01	-21.14
1953	78.5	20.03	-21.18
1954	78.54	20.07	-21.22
1955	78.58	20.1	-21.25
1956	78.62	20.13	-21.26
1957	78.66	20.15	-21.24
1958	78.7	20.16	-21.22
1959	78.74	20.15	-21.2
1960	78.78	20.15	-21.18
1961	78.82	20.14	-21.16
1962	78.86	20.13	-21.15
1963	78.9	20.12	-21.14
1964	78.94	20.12	-21.13
1965	78.98	20.1	-21.13
1966	79.02	20.08	-21.14
1967	79.06	20.06	-21.14
1968	79.1	20.04	-21.17
1969	79.14	20.02	-21.19
1970	79.18	20	-21.21
1971	79.22	19.97	-21.23
1972	79.26	19.94	-21.24
1973	79.3	19.9	-21.25
1974	79.34	19.88	-21.26
1975	79.38	19.89	-21.28
1976	79.42	19.92	-21.3
1977	79.46	19.98	-21.33
1978	79.5	20.04	-21.39
1979	79.54	20.1	-21.44
1980	79.58	20.14	-21.5
1981	79.62	20.17	-21.56
1982	79.66	20.19	-21.61
1983	79.7	20.2	-21.64
1984	79.74	20.21	-21.69
1985	79.78	20.22	-21.72
1986	79.82	20.24	-21.78
1987	79.86	20.27	-21.87
1988	79.9	20.3	-21.95
1989	79.94	20.34	-22.04
1990	79.98	20.38	-22.13
1991	80.02	20.43	-22.23
1992	80.06	20.47	-22.33
1993	80.1	20.5	-22.42
1994	80.14	20.5	-22.49
1995	80.18	20.49	-22.55
1996	80.22	20.46	-22.6
1997	80.26	20.46	-22.67
1998	80.39	20.47	-22.72
1999	80.42	20.48	-22.76
2000	80.46	20.49	-22.79
2001	80.5	20.48	-22.77
2002	80.54	20.47	-22.77
2003	80.58	20.48	-22.76
2004	80.62	20.51	-22.76
2005	80.66	20.56	-22.77
2006	80.7	20.6	-22.77
2007	80.74	20.64	-22.77
2008	80.78	20.65	-22.76
2009	80.82	20.65	-22.76
2010	80.86	20.65	-22.75
2011	80.9	20.64	-22.74
2012	80.94	20.62	-22.73
2013	80.98	20.6	-22.72
2014	81.02	20.55	-22.69
2015	81.06	20.51	-22.67
2016	81.1	20.46	-22.64
2017	81.14	20.42	-22.61
2018	81.18	20.4	-22.58
2019	81.22	20.38	-22.54
2020	81.26	20.38	-22.51
2021	81.3	20.38	-22.49
2022	81.34	20.37	-22.48
2023	81.38	20.36	-22.48
2024	81.42	20.35	-22.47
2025	81.46	20.35	-22.48
2026	81.5	20.34	-22.49
2027	81.54	20.33	-22.49
2028	81.58	20.33	-22.5
2029	81.62	20.32	-22.5
2030	81.66	20.31	-22.49
2031	81.7	20.31	-22.49
2032	81.74	20.31	-22.48
2033	81.78	20.3	-22.49
2034	81.82	20.3	-22.49
2035	81.86	20.3	-22.48
2036	81.9	20.29	-22.48
2037	81.94	20.29	-22.47
2038	81.98	20.29	-22.47
2039	82.02	20.29	-22.46
2040	82.06	20.3	-22.46
2041	82.1	20.35	-22.46
2042	82.14	20.4	-22.44
2043	82.18	20.45	-22.44
2044	82.22	20.5	-22.43
2045	82.26	20.52	-22.42
2046	82.3	20.54	-22.42
2047	82.34	20.55	-22.41
2048	82.38	20.55	-22.41
2049	82.42	20.54	-22.42
2050	82.46	20.52	-22.42
2051	82.5	20.49	-22.44
2052	82.54	20.46	-22.42
2053	82.58	20.44	-22.37
2054	82.62	20.42	-22.33
2055	82.66	20.43	-22.28
2056	82.7	20.45	-22.28
2057	82.74	20.48	-22.29
2058	82.78	20.48	-22.3
2059	82.82	20.48	-22.3
2060	82.86	20.47	-22.3
2061	82.9	20.46	-22.31
2062	82.94	20.46	-22.32
2063	82.98	20.46	-22.33
2064	83.02	20.45	-22.35
2065	83.06	20.45	-22.35
2066	83.1	20.46	-22.36
2067	83.14	20.47	-22.38
2068	83.18	20.49	-22.4
2069	83.22	20.51	-22.43
2070	83.26	20.53	-22.46
2071	83.3	20.54	-22.47
2072	83.34	20.57	-22.49
2073	83.38	20.57	-22.48
2074	83.42	20.58	-22.48
2075	83.46	20.58	-22.46
2076	83.5	20.58	-22.43
2077	83.54	20.58	-22.4
2078	83.58	20.59	-22.36
2079	83.62	20.59	-22.33
2080	83.66	20.6	-22.31
2081	83.7	20.61	-22.28
2082	83.74	20.62	-22.27
2083	83.78	20.63	-22.28
2084	83.82	20.63	-22.28
2085	83.86	20.62	-22.27
2086	83.9	20.62	-22.28
2087	83.94	20.64	-22.27
2088	83.98	20.7	-22.28
2089	84.02	20.76	-22.27
2090	84.06	20.8	-22.27
2091	84.1	20.82	-22.28
2092	84.14	20.8	-22.29
2093	84.18	20.77	-22.29
2094	84.22	20.74	-22.29
2095	84.26	20.73	-22.28
2096	84.3	20.71	-22.27
2097	84.34	20.69	-22.27
2098	84.38	20.66	-22.28
2099	84.42	20.63	-22.3
2100	84.46	20.61	-22.3
2101	84.5	20.59	-22.3
2102	84.54	20.58	-22.3
2103	84.58	20.59	-22.3
2104	84.62	20.58	-22.29
2105	84.66	20.59	-22.28
2106	84.7	20.6	-22.27
2107	84.74	20.6	-22.28
2108	84.78	20.59	-22.28
2109	84.82	20.58	-22.28
2110	84.86	20.57	-22.29
2111	84.9	20.56	-22.29
2112	84.94	20.56	-22.28
2113	84.98	20.56	-22.28
2114	85.02	20.55	-22.28
2115	85.06	20.54	-22.27
2116	85.1	20.53	-22.27
2117	85.14	20.52	-22.27
2118	85.18	20.52	-22.27
2119	85.22	20.53	-22.27
2120	85.26	20.54	-22.28
2121	85.3	20.57	-22.29
2122	85.34	20.59	-22.31
2123	85.38	20.6	-22.33
2124	85.42	20.62	-22.33
2125	85.46	20.63	-22.31
2126	85.5	20.64	-22.29
2127	85.54	20.65	-22.25
2128	85.58	20.66	-22.21
2129	85.62	20.68	-22.18
2130	85.66	20.71	-22.15
2131	85.7	20.77	-22.14
2132	85.74	20.83	-22.15
2133	85.78	20.9	-22.18
2134	85.82	20.97	-22.21
2135	85.86	21.02	-22.25
2136	85.9	21.07	-22.28
2137	85.94	21.1	-22.31
2138	85.98	21.12	-22.32
2139	86.02	21.13	-22.34
2140	86.06	21.14	-22.33
2141	86.1	21.16	-22.33
2142	86.14	21.18	-22.35
2143	86.18	21.2	-22.36
2144	86.22	21.21	-22.37
2145	86.26	21.2	-22.37
2146	86.3	21.18	-22.36
2147	86.34	21.18	-22.36
2148	86.38	21.17	-22.36
2149	86.42	21.17	-22.36
2150	86.46	21.17	-22.36
2151	86.5	21.17	-22.35
2152	86.54	21.18	-22.33
2153	86.58	21.18	-22.32
2154	86.62	21.18	-22.32
2155	86.66	21.19	-22.32
2156	86.7	21.18	-22.34
2157	86.74	21.2	-22.35
2158	86.78	21.2	-22.35
2159	86.82	21.21	-22.36
2160	86.86	21.21	-22.35
2161	86.9	21.22	-22.35
2162	86.94	21.23	-22.34
2163	86.98	21.23	-22.34
2164	87.02	21.23	-22.33
2165	87.06	21.22	-22.32
2166	87.1	21.21	-22.31
2167	87.14	21.21	-22.31
2168	87.18	21.21	-22.3
2169	87.22	21.21	-22.3
2170	87.26	21.22	-22.31
2171	87.3	21.22	-22.31
2172	87.34	21.23	-22.33
2173	87.38	21.23	-22.33
2174	87.42	21.23	-22.33
2175	87.46	21.23	-22.33
2176	87.5	21.23	-22.33
2177	87.54	21.23	-22.34
2178	87.58	21.24	-22.35
2179	87.62	21.24	-22.35
2180	87.66	21.24	-22.35
2181	87.7	21.24	-22.35
2182	87.74	21.24	-22.35
2183	87.78	21.24	-22.34
2184	87.82	21.23	-22.34
2185	87.86	21.24	-22.35
2186	87.9	21.24	-22.35
2187	87.94	21.24	-22.35
2188	87.98	21.24	-22.35
2189	88.02	21.24	-22.35
2190	88.06	21.23	-22.34
2191	88.1	21.21	-22.32
2192	88.14	21.17	-22.27
2193	88.18	21.13	-22.23
2194	88.22	21.09	-22.19
2195	88.26	21.07	-22.18
2196	88.3	21.07	-22.2
2197	88.34	21.08	-22.22
2198	88.38	21.09	-22.24
2199	88.42	21.1	-22.25
2200	88.46	21.1	-22.27
2201	88.5	21.11	-22.29
2202	88.54	21.14	-22.3
2203	88.58	21.15	-22.3
2204	88.62	21.18	-22.32
2205	88.66	21.19	-22.31
2206	88.7	21.19	-22.3
2207	88.74	21.18	-22.28
2208	88.78	21.17	-22.25
2209	88.82	21.15	-22.23
2210	88.86	21.15	-22.22
2211	88.9	21.15	-22.21
2212	88.94	21.15	-22.19
2213	88.98	21.14	-22.16
2214	89.02	21.11	-22.13
2215	89.06	21.07	-22.08
2216	89.1	21.05	-22.01
2217	89.14	21.03	-21.96
2218	89.18	21	-21.88
2219	89.22	21	-21.82
2220	89.26	21	-21.8
2221	89.3	21	-21.79
2222	89.34	21.04	-21.8
2223	89.38	21.07	-21.8
2224	89.42	21.06	-21.77
2225	89.46	21.06	-21.73
2226	89.5	21.05	-21.69
2227	89.54	21.05	-21.67
2228	89.58	21.07	-21.69
2229	89.62	21.1	-21.73
2230	89.66	21.1	-21.74
2231	89.7	21.09	-21.73
2232	89.74	21.08	-21.7
2233	89.78	21.09	-21.67
2234	89.82	21.1	-21.66
2235	89.86	21.11	-21.67
2236	89.9	21.13	-21.67
2237	89.94	21.12	-21.66
2238	89.98	21.1	-21.62
2239	90.02	21.08	-21.57
2240	90.06	21.07	-21.52
2241	90.1	21.07	-21.48
2242	90.14	21.08	-21.47
2243	90.18	21.1	-21.47
2244	90.22	21.11	-21.48
2245	90.26	21.11	-21.51
2246	90.3	21.12	-21.53
2247	90.34	21.09	-21.56
2248	90.38	21.06	-21.55
2249	90.42	21.02	-21.52
2250	90.46	20.99	-21.49
2251	90.5	20.98	-21.46
2252	90.54	20.99	-21.46
2253	90.58	21.01	-21.47
2254	90.62	21.05	-21.48
2255	90.66	21.08	-21.52
2256	90.7	21.1	-21.56
2257	90.74	21.12	-21.61
2258	90.78	21.12	-21.66
2259	90.82	21.09	-21.68
2260	90.86	21.07	-21.69
2261	90.9	21.02	-21.68
2262	90.94	20.98	-21.66
2263	90.98	20.98	-21.66
2264	91.02	20.98	-21.67
2265	91.06	20.99	-21.71
2266	91.1	21	-21.74
2267	91.14	20.99	-21.77
2268	91.18	20.99	-21.78
2269	91.22	21	-21.78
2270	91.26	21	-21.79
2271	91.3	21	-21.79
2272	91.34	20.99	-21.79
2273	91.38	20.98	-21.8
2274	91.42	20.98	-21.8
2275	91.46	20.98	-21.81
2276	91.5	20.99	-21.82
2277	91.54	21	-21.84
2278	91.58	21.02	-21.87
2279	91.62	21.05	-21.89
2280	91.66	21.06	-21.92
2281	91.7	21.07	-21.94
2282	91.74	21.08	-21.95
2283	91.78	21.08	-21.95
2284	91.82	21.07	-21.95
2285	91.86	21.07	-21.94
2286	91.9	21.06	-21.94
2287	91.94	21.06	-21.93
2288	91.98	21.05	-21.93
2289	92.02	21.02	-21.92
2290	92.06	21.01	-21.92
2291	92.1	21.01	-21.92
2292	92.14	21.01	-21.92
2293	92.18	21.02	-21.92
2294	92.22	21.02	-21.93
2295	92.26	21.02	-21.95
2296	92.3	21.05	-21.97
2297	92.34	21.08	-22
2298	92.38	21.11	-22.01
2299	92.42	21.13	-22.01
2300	92.46	21.12	-22.01
2301	92.5	21.14	-22.01
2302	92.54	21.13	-22.01
2303	92.58	21.14	-22.02
2304	92.62	21.14	-22.02
2305	92.66	21.14	-22.02
2306	92.7	21.14	-22.02
2307	92.74	21.14	-22.02
2308	92.78	21.14	-22.02
2309	92.82	21.15	-22.02
2310	92.86	21.14	-22.02
2311	92.9	21.14	-22.02
2312	92.94	21.14	-22.02
2313	92.98	21.13	-22.03
2314	93.02	21.13	-22.03
2315	93.06	21.12	-22.04
2316	93.1	21.13	-22.03
2317	93.14	21.14	-22.03
2318	93.18	21.14	-22.03
2319	93.22	21.14	-22.03
2320	93.26	21.14	-22.03
2321	93.3	21.14	-22.02
2322	93.34	21.14	-22.02
2323	93.38	21.14	-22.02
2324	93.42	21.14	-22.01
2325	93.46	21.14	-22.02
2326	93.5	21.14	-22.01
2327	93.54	21.14	-22.01
2328	93.58	21.14	-22.01
2329	93.62	21.13	-22.02
2330	93.66	21.13	-22.03
2331	93.7	21.13	-22.03
2332	93.74	21.13	-22.03
2333	93.78	21.14	-22.02
2334	93.82	21.15	-22.03
2335	93.86	21.15	-22.03
2336	93.9	21.16	-22.03
2337	93.94	21.16	-22.03
2338	93.98	21.17	-22.02
2339	94.02	21.16	-22.02
2340	94.06	21.16	-22.01
2341	94.1	21.16	-22.02
2342	94.14	21.18	-22.01
2343	94.18	21.18	-22.02
2344	94.22	21.17	-22.02
2345	94.26	21.17	-22.02
2346	94.3	21.17	-22.01
2347	94.34	21.17	-22.01
2348	94.38	21.17	-22.01
2349	94.42	21.17	-22.01
2350	94.46	21.17	-22.02
2351	94.5	21.17	-22.01
2352	94.54	21.18	-22
2353	94.58	21.18	-22
2354	94.62	21.17	-22
2355	94.66	21.16	-22
2356	94.7	21.15	-22
2357	94.74	21.15	-22
2358	94.78	21.15	-22
2359	94.82	21.16	-22
2360	94.86	21.18	-22
2361	94.9	21.18	-22
2362	94.94	21.2	-21.99
2363	94.98	21.2	-21.99
2364	95.02	21.18	-21.99
2365	95.06	21.18	-22
2366	95.1	21.17	-22
2367	95.14	21.15	-22.01
2368	95.18	21.15	-22.01
2369	95.22	21.14	-22.02
2370	95.26	21.12	-22.02
2371	95.3	21.14	-22.02
2372	95.34	21.16	-22.02
2373	95.38	21.17	-22.02
2374	95.42	21.17	-22.03
2375	95.46	21.15	-22.03
2376	95.5	21.15	-22.04
2377	95.54	21.15	-22.04
2378	95.58	21.14	-22.03
2379	95.62	21.15	-22.02
2380	95.66	21.13	-22.01
2381	95.7	21.13	-22.01
2382	95.74	21.13	-22.01
2383	95.78	21.13	-22.01
2384	95.82	21.14	-22
2385	95.86	21.12	-21.99
2386	95.9	21.14	-21.99
2387	95.94	21.14	-21.98
2388	95.98	21.12	-22
2389	96.02	21.14	-22.01
2390	96.06	21.14	-22.01
2391	96.1	21.14	-22.02
2392	96.14	21.14	-22.02
2393	96.18	21.15	-22.04
2394	96.22	21.15	-22.05
2395	96.26	21.14	-22.05
2396	96.3	21.14	-22.05
2397	96.34	21.12	-22.04
2398	96.38	21.11	-22.03
2399	96.42	21.1	-22.02
2400	96.46	21.1	-22.01
2401	96.5	21.12	-22
2402	96.54	21.11	-22
2403	96.58	21.13	-21.99
2404	96.62	21.13	-21.99
2405	96.66	21.12	-21.99
2406	96.7	21.11	-22
2407	96.74	21.09	-22.01
2408	96.78	21.1	-22.01
2409	96.82	21.09	-22.03
2410	96.86	21.09	-22.03
2411	96.9	21.09	-22.03
2412	96.94	21.1	-22.02
2413	96.98	21.09	-22.01
2414	97.02	21.1	-22.01
2415	97.06	21.1	-22.02
2416	97.1	21.11	-22.04
2417	97.14	21.13	-22.06
2418	97.18	21.14	-22.09
2419	97.22	21.17	-22.12
2420	97.26	21.17	-22.14
2421	97.3	21.19	-22.16
2422	97.34	21.2	-22.17
2423	97.38	21.2	-22.16
2424	97.42	21.22	-22.15
2425	97.46	21.23	-22.14
2426	97.5	21.24	-22.12
2427	97.54	21.24	-22.11
2428	97.58	21.24	-22.1
2429	97.62	21.23	-22.11
2430	97.66	21.22	-22.11
2431	97.7	21.21	-22.11
2432	97.74	21.21	-22.11
2433	97.78	21.19	-22.12
2434	97.82	21.17	-22.13
2435	97.86	21.17	-22.13
2436	97.9	21.16	-22.15
2437	97.94	21.17	-22.16
2438	97.98	21.17	-22.17
2439	98.02	21.17	-22.18
2440	98.06	21.15	-22.19
2441	98.1	21.15	-22.19
2442	98.14	21.15	-22.18
2443	98.18	21.15	-22.17
2444	98.22	21.15	-22.16
2445	98.26	21.15	-22.15
2446	98.3	21.16	-22.13
2447	98.34	21.16	-22.11
2448	98.38	21.15	-22.09
2449	98.42	21.15	-22.08
2450	98.46	21.13	-22.08
2451	98.5	21.13	-22.09
2452	98.54	21.14	-22.09
2453	98.58	21.14	-22.1
2454	98.62	21.15	-22.12
2455	98.66	21.15	-22.14
2456	98.7	21.15	-22.17
2457	98.74	21.14	-22.2
2458	98.78	21.15	-22.22
2459	98.82	21.15	-22.22
2460	98.86	21.19	-22.21
2461	98.9	21.22	-22.21
2462	98.94	21.23	-22.21
2463	98.98	21.22	-22.23
2464	99.02	21.18	-22.24
2465	99.06	21.14	-22.25
2466	99.1	21.12	-22.27
2467	99.14	21.11	-22.28
2468	99.18	21.1	-22.3
2469	99.22	21.08	-22.3
2470	99.26	21.08	-22.3
2471	99.3	21.08	-22.29
2472	99.34	21.09	-22.29
2473	99.38	21.1	-22.28
2474	99.42	21.1	-22.26
2475	99.46	21.11	-22.24
2476	99.5	21.09	-22.2
2477	99.54	21.07	-22.18
2478	99.58	21.05	-22.17
2479	99.62	21.04	-22.17
2480	99.66	21.04	-22.17
2481	99.7	21.03	-22.17
2482	99.74	21.04	-22.16
2483	99.78	21.04	-22.15
2484	99.82	21.05	-22.14
2485	99.86	21.06	-22.13
2486	99.9	21.06	-22.11
2487	99.94	21.06	-22.09
2488	99.98	21.03	-22.06
2489	100.02	20.99	-22.03
2490	100.06	20.96	-22
2491	100.1	20.91	-21.98
2492	100.14	20.86	-21.97
2493	100.18	20.81	-21.97
2494	100.22	20.77	-21.98
2495	100.26	20.75	-22.01
2496	100.3	20.76	-22.04
2497	100.34	20.78	-22.06
2498	100.38	20.77	-22.07
2499	100.42	20.78	-22.08
2500	100.46	20.78	-22.08
2501	100.5	20.79	-22.1
2502	100.54	20.81	-22.13
2503	100.58	20.85	-22.17
2504	100.62	20.89	-22.21
2505	100.66	20.91	-22.23
2506	100.7	20.93	-22.25
2507	100.74	20.94	-22.25
2508	100.78	20.94	-22.25
2509	100.82	20.94	-22.24
2510	100.86	20.93	-22.23
2511	100.9	20.92	-22.22
2512	100.94	20.9	-22.21
2513	100.98	20.86	-22.2
2514	101.02	20.83	-22.18
2515	101.06	20.79	-22.15
2516	101.1	20.75	-22.11
2517	101.14	20.71	-22.1
2518	101.18	20.67	-22.08
2519	101.22	20.64	-22.07
2520	101.26	20.61	-22.08
2521	101.3	20.61	-22.08
2522	101.34	20.61	-22.1
2523	101.38	20.61	-22.12
2524	101.42	20.62	-22.13
2525	101.46	20.63	-22.15
2526	101.5	20.63	-22.17
2527	101.54	20.63	-22.19
2528	101.58	20.61	-22.21
2529	101.62	20.59	-22.2
2530	101.66	20.56	-22.19
2531	101.7	20.54	-22.19
2532	101.74	20.54	-22.2
2533	101.78	20.53	-22.22
2534	101.82	20.54	-22.22
2535	101.86	20.53	-22.22
2536	101.9	20.52	-22.22
2537	101.94	20.51	-22.22
2538	101.98	20.5	-22.22
2539	102.02	20.5	-22.2
2540	102.06	20.49	-22.2
2541	102.1	20.49	-22.2
2542	102.14	20.48	-22.19
2543	102.18	20.46	-22.19
2544	102.22	20.45	-22.17
2545	102.26	20.45	-22.15
2546	102.3	20.47	-22.13
2547	102.34	20.49	-22.12
2548	102.38	20.5	-22.12
2549	102.42	20.48	-22.13
2550	102.46	20.43	-22.14
2551	102.5	20.38	-22.14
2552	102.54	20.36	-22.13
2553	102.58	20.36	-22.13
2554	102.62	20.39	-22.13
2555	102.66	20.42	-22.14
2556	102.7	20.45	-22.14
2557	102.74	20.47	-22.15
2558	102.78	20.47	-22.15
2559	102.82	20.47	-22.14
2560	102.86	20.47	-22.14
2561	102.9	20.47	-22.11
2562	102.94	20.46	-22.11
2563	102.98	20.44	-22.12
2564	103.02	20.4	-22.13
2565	103.06	20.36	-22.15
2566	103.1	20.33	-22.18
2567	103.14	20.31	-22.2
2568	103.18	20.29	-22.24
2569	103.22	20.29	-22.28
2570	103.26	20.3	-22.34
2571	103.3	20.31	-22.42
2572	103.34	20.33	-22.51
2573	103.38	20.34	-22.59
2574	103.42	20.34	-22.65
2575	103.46	20.34	-22.68
2576	103.5	20.35	-22.7
2577	103.54	20.35	-22.73
2578	103.58	20.36	-22.75
2579	103.62	20.36	-22.77
2580	103.66	20.37	-22.77
2581	103.7	20.36	-22.76
2582	103.74	20.34	-22.73
2583	103.78	20.32	-22.7
2584	103.82	20.3	-22.65
2585	103.86	20.29	-22.6
2586	103.9	20.33	-22.57
2587	103.94	20.39	-22.56
2588	103.98	20.49	-22.56
2589	104.02	20.62	-22.57
2590	104.06	20.71	-22.54
2591	104.1	20.8	-22.5
2592	104.14	20.83	-22.46
2593	104.18	20.82	-22.43
2594	104.22	20.81	-22.41
2595	104.26	20.8	-22.42
2596	104.3	20.8	-22.42
2597	104.34	20.82	-22.44
2598	104.38	20.84	-22.46
2599	104.42	20.85	-22.47
2600	104.46	20.87	-22.49
2601	104.5	20.86	-22.49
2602	104.54	20.85	-22.5
2603	104.58	20.85	-22.5
2604	104.62	20.83	-22.47
2605	104.66	20.82	-22.45
2606	104.7	20.81	-22.44
2607	104.74	20.8	-22.42
2608	104.78	20.77	-22.43
2609	104.82	20.76	-22.44
2610	104.86	20.74	-22.45
2611	104.9	20.71	-22.45
2612	104.94	20.68	-22.43
2613	104.98	20.64	-22.43
2614	105.02	20.59	-22.42
2615	105.06	20.53	-22.42
2616	105.1	20.44	-22.43
2617	105.14	20.35	-22.45
2618	105.18	20.26	-22.48
2619	105.22	20.18	-22.5
2620	105.26	20.15	-22.5
2621	105.3	20.12	-22.51
2622	105.34	20.07	-22.49
2623	105.38	20.03	-22.49
2624	105.42	19.97	-22.5
2625	105.46	19.92	-22.51
2626	105.5	19.88	-22.52
2627	105.54	19.83	-22.52
2628	105.58	19.79	-22.51
2629	105.62	19.75	-22.53
2630	105.66	19.68	-22.57
2631	105.7	19.61	-22.59
2632	105.74	19.56	-22.62
2633	105.78	19.52	-22.64
2634	105.82	19.48	-22.65
2635	105.86	19.43	-22.65
2636	105.9	19.34	-22.64
2637	105.94	19.21	-22.63
2638	105.98	19.08	-22.59
2639	106.02	18.93	-22.57
2640	106.06	18.81	-22.54
2641	106.1	18.75	-22.49
2642	106.14	18.68	-22.46
2643	106.18	18.65	-22.43
2644	106.22	18.61	-22.4
2645	106.26	18.53	-22.4
2646	106.3	18.47	-22.37
2647	106.34	18.41	-22.34
2648	106.38	18.34	-22.32
2649	106.42	18.28	-22.3
2650	106.46	18.22	-22.3
2651	106.5	18.14	-22.31
2652	106.54	18.03	-22.34
2653	106.58	17.9	-22.42
2654	106.62	17.79	-22.48
2655	106.66	17.73	-22.5
2656	106.7	17.7	-22.49
2657	106.74	17.71	-22.44
2658	106.78	17.69	-22.4
2659	106.82	17.65	-22.39
2660	106.86	17.62	-22.39
2661	106.9	17.59	-22.38
2662	106.94	17.57	-22.34
2663	106.98	17.56	-22.31
2664	107.02	17.56	-22.27
2665	107.06	17.57	-22.23
2666	107.1	17.58	-22.2
2667	107.14	17.59	-22.18
2668	107.18	17.59	-22.16
2669	107.22	17.61	-22.13
2670	107.26	17.63	-22.09
2671	107.3	17.63	-22.05
2672	107.34	17.66	-22.01
2673	107.38	17.7	-21.96
2674	107.42	17.74	-21.92
2675	107.46	17.83	-21.87
2676	107.5	17.88	-21.84
2677	107.54	17.92	-21.82
2678	107.58	17.98	-21.79
2679	107.62	17.99	-21.79
2680	107.66	18.03	-21.74
2681	107.7	18.02	-21.71
2682	107.74	18	-21.66
2683	107.78	18.02	-21.61
2684	107.82	18.02	-21.58
2685	107.86	18.05	-21.55
2686	107.9	18.06	-21.55
2687	107.94	18.06	-21.56
2688	107.98	18.09	-21.55
2689	108.02	18.13	-21.54
2690	108.06	18.21	-21.49
2691	108.1	18.27	-21.43
2692	108.14	18.32	-21.39
2693	108.18	18.37	-21.37
2694	108.22	18.41	-21.37
2695	108.26	18.47	-21.41
2696	108.3	18.51	-21.43
2697	108.34	18.57	-21.46
2698	108.38	18.62	-21.47
2699	108.42	18.67	-21.49
2700	108.46	18.73	-21.51
2701	108.5	18.8	-21.53
2702	108.54	18.87	-21.56
2703	108.58	18.94	-21.57
2704	108.62	19.01	-21.58
2705	108.66	19.09	-21.59
2706	108.7	19.19	-21.6
2707	108.74	19.3	-21.63
2708	108.78	19.4	-21.65
2709	108.82	19.49	-21.68
2710	108.86	19.56	-21.72
2711	108.9	19.67	-21.76
2712	108.94	19.78	-21.81
2713	108.98	19.9	-21.87
2714	109.02	20	-21.91
2715	109.06	20.07	-21.94
2716	109.1	20.14	-21.97
2717	109.14	20.2	-21.99
2718	109.18	20.25	-22.04
2719	109.22	20.28	-22.07
2720	109.26	20.29	-22.09
2721	109.3	20.32	-22.16
2722	109.34	20.33	-22.2
2723	109.38	20.36	-22.26
2724	109.42	20.39	-22.32
2725	109.46	20.41	-22.33
2726	109.5	20.42	-22.35
2727	109.54	20.44	-22.33
2728	109.58	20.47	-22.3
2729	109.62	20.5	-22.27
2730	109.66	20.51	-22.24
2731	109.7	20.51	-22.23
2732	109.74	20.5	-22.23
2733	109.78	20.49	-22.23
2734	109.82	20.5	-22.23
2735	109.86	20.54	-22.22
2736	109.9	20.57	-22.21
2737	109.94	20.6	-22.21
2738	109.98	20.61	-22.21
2739	110.02	20.6	-22.22
2740	110.06	20.57	-22.23
2741	110.1	20.57	-22.25
2742	110.14	20.58	-22.29
2743	110.18	20.6	-22.33
2744	110.22	20.59	-22.37
2745	110.26	20.58	-22.4
2746	110.3	20.56	-22.41
2747	110.34	20.55	-22.39
2748	110.38	20.55	-22.37
2749	110.42	20.55	-22.35
2750	110.46	20.54	-22.34
2751	110.5	20.52	-22.33
2752	110.54	20.52	-22.34
2753	110.58	20.52	-22.36
2754	110.62	20.53	-22.38
2755	110.66	20.53	-22.4
2756	110.7	20.53	-22.4
2757	110.74	20.53	-22.39
2758	110.78	20.52	-22.38
2759	110.82	20.53	-22.37
2760	110.86	20.53	-22.36
2761	110.9	20.53	-22.37
2762	110.94	20.54	-22.37
2763	110.98	20.53	-22.37
2764	111.02	20.53	-22.37
2765	111.06	20.54	-22.37
2766	111.1	20.54	-22.37
2767	111.14	20.54	-22.38
2768	111.18	20.55	-22.39
2769	111.22	20.56	-22.4
2770	111.26	20.56	-22.4
2771	111.3	20.56	-22.4
2772	111.34	20.56	-22.41
2773	111.38	20.56	-22.41
2774	111.42	20.56	-22.42
2775	111.46	20.56	-22.42
2776	111.5	20.55	-22.41
2777	111.54	20.55	-22.41
2778	111.58	20.56	-22.42
2779	111.62	20.56	-22.41
2780	111.66	20.56	-22.41
2781	111.7	20.56	-22.42
2782	111.74	20.56	-22.41
2783	111.78	20.56	-22.41
2784	111.82	20.56	-22.42
2785	111.86	20.56	-22.41
2786	111.9	20.57	-22.42
2787	111.94	20.57	-22.42
2788	111.98	20.56	-22.42
2789	112.02	20.56	-22.42
2790	112.06	20.55	-22.41
2791	112.1	20.56	-22.42
2792	112.14	20.56	-22.42
2793	112.18	20.57	-22.42
2794	112.22	20.56	-22.43
2795	112.26	20.55	-22.43
2796	112.3	20.54	-22.42
2797	112.34	20.54	-22.41
2798	112.38	20.53	-22.4
2799	112.42	20.53	-22.39
2800	112.46	20.52	-22.38
2801	112.5	20.51	-22.37
2802	112.54	20.5	-22.37
2803	112.58	20.49	-22.37
2804	112.62	20.48	-22.37
2805	112.66	20.48	-22.37
2806	112.7	20.45	-22.37
2807	112.74	20.44	-22.38
2808	112.78	20.42	-22.38
2809	112.82	20.4	-22.38
2810	112.86	20.39	-22.37
2811	112.9	20.39	-22.36
2812	112.94	20.38	-22.35
2813	112.98	20.36	-22.34
2814	113.02	20.35	-22.33
2815	113.06	20.34	-22.33
2816	113.1	20.34	-22.31
2817	113.14	20.34	-22.31
2818	113.18	20.35	-22.29
2819	113.22	20.36	-22.26
2820	113.26	20.37	-22.24
2821	113.3	20.38	-22.19
2822	113.34	20.39	-22.17
2823	113.38	20.39	-22.14
2824	113.42	20.39	-22.11
2825	113.46	20.39	-22.09
2826	113.5	20.38	-22.07
2827	113.54	20.36	-22.06
2828	113.58	20.36	-22.04
2829	113.62	20.34	-22.03
2830	113.66	20.32	-22.04
2831	113.7	20.29	-22.04
2832	113.74	20.24	-22.06
2833	113.78	20.21	-22.09
2834	113.82	20.2	-22.12
2835	113.86	20.22	-22.16
2836	113.9	20.26	-22.2
2837	113.94	20.31	-22.26
2838	113.98	20.37	-22.31
2839	114.02	20.4	-22.36
2840	114.06	20.44	-22.41
2841	114.1	20.47	-22.44
2842	114.14	20.49	-22.46
2843	114.18	20.5	-22.46
2844	114.22	20.5	-22.45
2845	114.26	20.5	-22.42
2846	114.3	20.49	-22.41
2847	114.34	20.48	-22.39
2848	114.38	20.48	-22.37
2849	114.42	20.49	-22.37
2850	114.46	20.51	-22.36
2851	114.5	20.52	-22.35
2852	114.54	20.51	-22.34
2853	114.58	20.49	-22.33
2854	114.62	20.47	-22.31
2855	114.66	20.46	-22.31
2856	114.7	20.44	-22.3
2857	114.74	20.44	-22.29
2858	114.78	20.43	-22.28
2859	114.82	20.42	-22.27
2860	114.86	20.42	-22.25
2861	114.9	20.41	-22.23
2862	114.94	20.4	-22.21
2863	114.98	20.41	-22.2
2864	115.02	20.41	-22.2
2865	115.06	20.42	-22.21
2866	115.1	20.43	-22.22
2867	115.14	20.44	-22.23
2868	115.18	20.44	-22.24
2869	115.22	20.46	-22.25
2870	115.26	20.47	-22.26
2871	115.3	20.47	-22.27
2872	115.34	20.48	-22.3
2873	115.38	20.48	-22.31
2874	115.42	20.49	-22.33
2875	115.46	20.49	-22.34
2876	115.5	20.49	-22.34
2877	115.54	20.49	-22.35
2878	115.58	20.48	-22.36
2879	115.62	20.48	-22.4
2880	115.66	20.48	-22.43
2881	115.7	20.49	-22.49
2882	115.74	20.5	-22.57
2883	115.78	20.52	-22.62
2884	115.82	20.54	-22.68
2885	115.86	20.56	-22.69
2886	115.9	20.57	-22.69
2887	115.94	20.59	-22.69
2888	115.98	20.6	-22.7
2889	116.02	20.62	-22.71
2890	116.06	20.64	-22.7
2891	116.1	20.64	-22.68
2892	116.14	20.65	-22.67
2893	116.18	20.66	-22.66
2894	116.22	20.67	-22.67
2895	116.26	20.68	-22.7
2896	116.3	20.68	-22.72
2897	116.34	20.68	-22.74
2898	116.38	20.68	-22.75
2899	116.42	20.69	-22.77
2900	116.46	20.71	-22.81
2901	116.5	20.73	-22.86
2902	116.54	20.75	-22.89
2903	116.58	20.77	-22.91
2904	116.62	20.79	-22.9
2905	116.66	20.82	-22.87
2906	116.7	20.85	-22.87
2907	116.74	20.88	-22.87
2908	116.78	20.9	-22.89
2909	116.82	20.91	-22.89
2910	116.86	20.92	-22.88
2911	116.9	20.93	-22.87
2912	116.94	20.93	-22.85
2913	116.98	20.93	-22.83
2914	117.02	20.96	-22.8
2915	117.06	20.97	-22.76
2916	117.1	20.99	-22.72
2917	117.14	21.02	-22.68
2918	117.18	21.01	-22.64
2919	117.22	20.99	-22.59
2920	117.26	20.97	-22.55
2921	117.3	20.93	-22.52
2922	117.34	20.89	-22.47
2923	117.38	20.84	-22.43
2924	117.42	20.8	-22.4
2925	117.46	20.76	-22.37
2926	117.5	20.73	-22.35
2927	117.54	20.71	-22.3
2928	117.58	20.71	-22.24
2929	117.62	20.73	-22.18
2930	117.66	20.74	-22.14
2931	117.7	20.76	-22.14
2932	117.74	20.77	-22.13
2933	117.78	20.76	-22.13
2934	117.82	20.77	-22.13
2935	117.86	20.76	-22.12
2936	117.9	20.77	-22.12
2937	117.94	20.78	-22.11
2938	117.98	20.77	-22.09
2939	118.02	20.79	-22.09
2940	118.06	20.78	-22.08
2941	118.1	20.78	-22.07
2942	118.14	20.78	-22.06
2943	118.18	20.77	-22.04
2944	118.22	20.78	-22.01
2945	118.26	20.77	-21.98
2946	118.3	20.77	-21.94
2947	118.34	20.79	-21.91
2948	118.38	20.81	-21.88
2949	118.42	20.85	-21.87
2950	118.46	20.89	-21.87
2951	118.5	20.93	-21.88
2952	118.54	20.97	-21.88
2953	118.58	21	-21.9
2954	118.62	21.01	-21.93
2955	118.66	21.01	-21.97
2956	118.7	21.03	-22.04
2957	118.74	21.05	-22.09
2958	118.78	21.07	-22.12
2959	118.82	21.08	-22.12
2960	118.86	21.04	-22.09
2961	118.9	20.98	-22.06
2962	118.94	20.88	-22
2963	118.98	20.81	-21.97
2964	119.02	20.75	-21.95
2965	119.06	20.73	-21.96
2966	119.1	20.71	-21.97
2967	119.14	20.68	-21.97
2968	119.18	20.64	-21.96
2969	119.22	20.58	-21.93
2970	119.26	20.54	-21.92
2971	119.3	20.49	-21.9
2972	119.34	20.47	-21.89
2973	119.38	20.46	-21.88
2974	119.42	20.47	-21.89
2975	119.46	20.48	-21.89
2976	119.5	20.48	-21.91
2977	119.54	20.46	-21.92
2978	119.58	20.46	-21.94
2979	119.62	20.47	-21.96
2980	119.66	20.51	-21.99
2981	119.7	20.56	-22.02
2982	119.74	20.6	-22.07
2983	119.78	20.62	-22.12
2984	119.82	20.63	-22.14
2985	119.86	20.62	-22.17
2986	119.9	20.6	-22.17
