1	0.06	-2.64	1.94
2	0.1	-2.64	1.91
3	0.14	-2.65	1.94
4	0.18	-2.65	1.93
5	0.22	-2.64	1.91
6	0.26	-2.63	1.89
7	0.3	-2.63	1.86
8	0.34	-2.62	1.81
9	0.38	-2.62	1.76
10	0.42	-2.62	1.7
11	0.5	-2.61	1.65
12	0.54	-2.6	1.62
13	0.58	-2.58	1.59
14	0.62	-2.57	1.57
15	0.66	-2.57	1.55
16	0.7	-2.59	1.52
17	0.74	-2.6	1.51
18	0.78	-2.61	1.52
19	0.82	-2.62	1.53
20	0.86	-2.64	1.54
21	0.9	-2.65	1.57
22	0.94	-2.68	1.58
23	0.98	-2.73	1.62
24	1.02	-2.78	1.67
25	1.06	-2.85	1.72
26	1.1	-2.9	1.76
27	1.14	-2.94	1.79
28	1.18	-2.95	1.82
29	1.22	-2.96	1.84
30	1.26	-2.99	1.86
31	1.3	-3.03	1.89
32	1.34	-3.1	1.92
33	1.38	-3.18	1.95
34	1.42	-3.24	1.98
35	1.46	-3.29	2
36	1.5	-3.33	2.03
37	1.54	-3.36	2.05
38	1.58	-3.39	2.07
39	1.62	-3.42	2.09
40	1.66	-3.46	2.13
41	1.7	-3.47	2.19
42	1.74	-3.45	2.25
43	1.78	-3.44	2.3
44	1.82	-3.41	2.32
45	1.86	-3.4	2.32
46	1.9	-3.4	2.35
47	1.94	-3.4	2.38
48	1.98	-3.4	2.42
49	2.02	-3.42	2.46
50	2.06	-3.46	2.46
51	2.1	-3.51	2.45
52	2.14	-3.55	2.43
53	2.18	-3.58	2.4
54	2.22	-3.59	2.4
55	2.26	-3.58	2.42
56	2.3	-3.58	2.46
57	2.34	-3.62	2.51
58	2.38	-3.65	2.61
59	2.42	-3.72	2.69
60	2.46	-3.79	2.78
61	2.5	-3.83	2.86
62	2.54	-3.89	2.89
63	2.58	-3.92	2.92
64	2.62	-3.94	2.91
65	2.66	-3.94	2.89
66	2.7	-3.95	2.88
67	2.74	-3.97	2.89
68	2.78	-3.99	2.93
69	2.82	-4.02	2.97
70	2.86	-4.03	3.02
71	2.9	-4.04	3.04
72	2.94	-4.04	3.07
73	2.98	-4.05	3.07
74	3.02	-4.06	3.07
75	3.06	-4.06	3.07
76	3.1	-4.07	3.06
77	3.14	-4.08	3.05
78	3.18	-4.09	3.02
79	3.22	-4.1	3
80	3.26	-4.11	2.97
81	3.3	-4.12	2.93
82	3.34	-4.13	2.91
83	3.38	-4.14	2.9
84	3.42	-4.14	2.93
85	3.62	-4.13	2.98
86	3.66	-4.12	3.04
87	3.7	-4.09	3.11
88	3.74	-4.06	3.18
89	3.78	-4.04	3.24
90	3.82	-4.01	3.31
91	3.86	-3.99	3.35
92	3.9	-3.97	3.37
93	3.94	-3.95	3.39
94	3.98	-3.93	3.41
95	4.02	-3.92	3.43
96	4.06	-3.9	3.45
97	4.1	-3.9	3.46
98	4.14	-3.91	3.45
99	4.18	-3.91	3.44
100	4.22	-3.92	3.42
101	4.26	-3.92	3.41
102	4.3	-3.91	3.41
103	4.34	-3.9	3.41
104	4.38	-3.89	3.42
105	4.42	-3.88	3.43
106	4.46	-3.88	3.44
107	4.5	-3.87	3.45
108	4.54	-3.85	3.47
109	4.58	-3.84	3.47
110	4.62	-3.83	3.47
111	4.66	-3.84	3.44
112	4.7	-3.85	3.4
113	4.74	-3.87	3.34
114	4.78	-3.87	3.3
115	4.82	-3.86	3.25
116	4.86	-3.86	3.2
117	4.9	-3.83	3.16
118	4.94	-3.8	3.12
119	4.98	-3.76	3.11
120	5.02	-3.73	3.09
121	5.06	-3.71	3.07
122	5.1	-3.68	3.06
123	5.14	-3.65	3.05
124	5.18	-3.61	3.04
125	5.22	-3.58	3.03
126	5.26	-3.55	3.01
127	5.3	-3.53	3
128	5.34	-3.52	2.97
129	5.38	-3.51	2.95
130	5.42	-3.51	2.92
131	5.46	-3.51	2.89
132	5.5	-3.52	2.85
133	5.54	-3.53	2.81
134	5.58	-3.54	2.74
135	5.62	-3.56	2.68
136	5.66	-3.57	2.61
137	5.7	-3.59	2.56
138	5.74	-3.62	2.53
139	5.78	-3.66	2.51
140	5.82	-3.7	2.51
141	5.86	-3.76	2.5
142	5.9	-3.84	2.49
143	5.94	-3.91	2.46
144	5.98	-3.96	2.44
145	6.02	-3.99	2.4
146	6.06	-4	2.39
147	6.1	-3.98	2.36
148	6.14	-3.98	2.34
149	6.18	-3.98	2.31
150	6.22	-3.99	2.29
151	6.26	-4.02	2.25
152	6.3	-4.04	2.21
153	6.34	-4.06	2.18
154	6.38	-4.09	2.16
155	6.42	-4.13	2.19
156	6.46	-4.16	2.21
157	6.5	-4.21	2.25
158	6.54	-4.23	2.28
159	6.58	-4.23	2.28
160	6.62	-4.24	2.28
161	6.66	-4.24	2.27
162	6.7	-4.26	2.26
163	6.74	-4.29	2.25
164	6.78	-4.32	2.25
165	6.82	-4.36	2.26
166	6.86	-4.39	2.23
167	6.9	-4.41	2.19
168	6.94	-4.42	2.14
169	6.98	-4.42	2.08
170	7.02	-4.42	2.04
171	7.06	-4.42	2.01
172	7.1	-4.42	1.99
173	7.14	-4.43	1.97
174	7.18	-4.44	1.94
175	7.22	-4.44	1.9
176	7.26	-4.45	1.87
177	7.3	-4.47	1.84
178	7.34	-4.5	1.82
179	7.38	-4.57	1.81
180	7.42	-4.67	1.78
181	7.46	-4.79	1.74
182	7.5	-4.91	1.73
183	7.54	-5.01	1.73
184	7.58	-5.08	1.75
185	7.62	-5.12	1.79
186	7.66	-5.14	1.79
187	7.7	-5.14	1.78
188	7.74	-5.13	1.75
189	7.78	-5.1	1.71
190	7.82	-5.06	1.66
191	7.86	-5.03	1.61
192	7.9	-5	1.55
193	7.94	-4.98	1.49
194	7.98	-4.97	1.44
195	8.02	-4.96	1.39
196	8.06	-4.95	1.35
197	8.1	-4.96	1.32
198	8.14	-4.99	1.28
199	8.18	-5.02	1.23
200	8.22	-5.04	1.19
201	8.26	-5.04	1.15
202	8.3	-5.04	1.1
203	8.34	-5.05	1.07
204	8.38	-5.06	1.04
205	8.42	-5.09	1
206	8.46	-5.11	0.99
207	8.5	-5.13	0.99
208	8.54	-5.14	1.01
209	8.58	-5.14	1.06
210	8.62	-5.13	1.11
211	8.66	-5.13	1.14
212	8.7	-5.13	1.15
213	8.74	-5.15	1.13
214	8.78	-5.16	1.11
215	8.82	-5.16	1.11
216	8.86	-5.17	1.11
217	8.9	-5.15	1.11
218	8.94	-5.13	1.12
219	8.98	-5.1	1.13
220	9.02	-5.07	1.13
221	9.06	-5.05	1.12
222	9.1	-5.03	1.08
223	9.14	-5.05	1
224	9.18	-5.06	0.89
225	9.22	-5.07	0.79
226	9.26	-5.11	0.75
227	9.3	-5.12	0.75
228	9.34	-5.16	0.78
229	9.38	-5.2	0.81
230	9.42	-5.22	0.81
231	9.46	-5.23	0.81
232	9.5	-5.22	0.8
233	9.54	-5.22	0.81
234	9.58	-5.21	0.81
235	9.62	-5.23	0.82
236	9.66	-5.25	0.83
237	9.7	-5.27	0.83
238	9.74	-5.31	0.84
239	9.78	-5.33	0.83
240	9.82	-5.37	0.82
241	9.86	-5.38	0.76
242	9.9	-5.37	0.72
243	9.94	-5.37	0.66
244	9.98	-5.34	0.62
245	10.02	-5.33	0.6
246	10.06	-5.33	0.56
247	10.1	-5.32	0.54
248	10.14	-5.32	0.52
249	10.18	-5.31	0.51
250	10.22	-5.31	0.5
251	10.26	-5.32	0.49
252	10.3	-5.32	0.49
253	10.34	-5.32	0.47
254	10.38	-5.33	0.49
255	10.42	-5.32	0.48
256	10.46	-5.33	0.5
257	10.5	-5.33	0.54
258	10.54	-5.32	0.55
259	10.58	-5.34	0.61
260	10.62	-5.35	0.65
261	10.66	-5.33	0.68
262	10.7	-5.32	0.74
263	10.74	-5.27	0.79
264	10.78	-5.22	0.82
265	10.82	-5.18	0.82
266	10.86	-5.16	0.8
267	10.9	-5.14	0.78
268	10.94	-5.13	0.77
269	10.98	-5.13	0.78
270	11.02	-5.13	0.79
271	11.06	-5.14	0.79
272	11.1	-5.14	0.78
273	11.14	-5.16	0.76
274	11.18	-5.17	0.74
275	11.22	-5.17	0.72
276	11.26	-5.17	0.7
277	11.3	-5.16	0.7
278	11.34	-5.16	0.69
279	11.38	-5.19	0.7
280	11.42	-5.2	0.72
281	11.46	-5.24	0.73
282	11.5	-5.27	0.73
283	11.54	-5.27	0.74
284	11.58	-5.27	0.75
285	11.62	-5.25	0.77
286	11.66	-5.23	0.8
287	11.7	-5.21	0.84
288	11.78	-5.18	0.9
289	11.82	-5.14	0.95
290	11.86	-5.1	1.02
291	11.9	-5.08	1.05
292	11.94	-5.06	1.08
293	11.98	-5.05	1.09
294	12.02	-5.03	1.12
295	12.06	-5.01	1.15
296	12.1	-4.99	1.17
297	12.14	-4.96	1.2
298	12.18	-4.94	1.22
299	12.22	-4.9	1.24
300	12.26	-4.81	1.29
301	12.3	-4.73	1.35
302	12.34	-4.65	1.4
303	12.38	-4.59	1.45
304	12.42	-4.55	1.48
305	12.46	-4.5	1.49
306	12.5	-4.43	1.52
307	12.54	-4.37	1.56
308	12.58	-4.3	1.62
309	12.62	-4.23	1.7
310	12.66	-4.17	1.8
311	12.7	-4.14	1.87
312	12.74	-4.1	1.94
313	12.78	-4.07	2
314	12.82	-4.06	2.03
315	12.86	-4.02	2.08
316	12.9	-4	2.12
317	12.94	-3.98	2.15
318	12.98	-3.95	2.17
319	13.02	-3.92	2.18
320	13.06	-3.91	2.2
321	13.1	-3.87	2.24
322	13.14	-3.84	2.27
323	13.18	-3.81	2.32
324	13.22	-3.78	2.35
325	13.26	-3.77	2.36
326	13.3	-3.76	2.38
327	13.34	-3.75	2.38
328	13.38	-3.74	2.39
329	13.42	-3.73	2.41
330	13.46	-3.71	2.43
331	13.5	-3.7	2.45
332	13.54	-3.69	2.47
333	13.58	-3.69	2.47
334	13.62	-3.69	2.48
335	13.66	-3.69	2.49
336	13.7	-3.69	2.49
337	13.74	-3.7	2.48
338	13.78	-3.71	2.47
339	13.82	-3.76	2.42
340	13.86	-3.84	2.36
341	13.9	-3.94	2.27
342	13.94	-4.07	2.16
343	13.98	-4.18	2.07
344	14.02	-4.25	1.99
345	14.06	-4.31	1.92
346	14.1	-4.34	1.91
347	14.14	-4.37	1.93
348	14.18	-4.4	1.97
349	14.22	-4.42	2.02
350	14.26	-4.45	2.02
351	14.3	-4.49	2.01
352	14.34	-4.53	1.99
353	14.38	-4.57	2
354	14.42	-4.61	2.02
355	14.46	-4.64	2.04
356	14.5	-4.67	2.08
357	14.54	-4.7	2.07
358	14.58	-4.71	2.08
359	14.62	-4.7	2.09
360	14.66	-4.69	2.1
361	14.7	-4.67	2.13
362	14.74	-4.65	2.15
363	14.78	-4.65	2.17
364	14.82	-4.65	2.2
365	14.86	-4.65	2.23
366	14.9	-4.65	2.27
367	14.94	-4.66	2.32
368	14.98	-4.67	2.36
369	15.02	-4.7	2.41
370	15.06	-4.73	2.43
371	15.1	-4.77	2.45
372	15.14	-4.8	2.49
373	15.18	-4.8	2.51
374	15.22	-4.8	2.54
375	15.26	-4.8	2.55
376	15.3	-4.78	2.58
377	15.34	-4.77	2.63
378	15.38	-4.78	2.71
379	15.42	-4.8	2.82
380	15.46	-4.85	2.95
381	15.5	-4.93	3.06
382	15.54	-5.02	3.18
383	15.58	-5.09	3.25
384	15.62	-5.16	3.3
385	15.66	-5.21	3.34
386	15.7	-5.25	3.34
387	15.74	-5.29	3.37
388	15.78	-5.31	3.4
389	15.82	-5.33	3.46
390	15.86	-5.35	3.51
391	15.9	-5.35	3.56
392	15.94	-5.35	3.63
393	15.98	-5.34	3.68
394	16.02	-5.33	3.74
395	16.06	-5.32	3.84
396	16.1	-5.33	3.95
397	16.14	-5.34	4.08
398	16.18	-5.37	4.26
399	16.22	-5.4	4.44
400	16.26	-5.43	4.6
401	16.3	-5.45	4.73
402	16.34	-5.47	4.81
403	16.38	-5.49	4.87
404	16.42	-5.5	4.93
405	16.46	-5.52	5.01
406	16.5	-5.55	5.1
407	16.54	-5.57	5.2
408	16.58	-5.6	5.32
409	16.62	-5.62	5.43
410	16.66	-5.64	5.53
411	16.7	-5.66	5.63
412	16.74	-5.7	5.7
413	16.78	-5.72	5.79
414	16.82	-5.73	5.86
415	16.86	-5.72	5.92
416	16.9	-5.7	6
417	16.94	-5.72	6.11
418	16.98	-5.78	6.25
419	17.02	-5.86	6.42
420	17.06	-5.95	6.58
421	17.1	-6.04	6.74
422	17.14	-6.13	6.89
423	17.18	-6.21	7
424	17.22	-6.26	7.1
425	17.26	-6.29	7.18
426	17.3	-6.3	7.25
427	17.34	-6.32	7.33
428	17.38	-6.35	7.41
429	17.42	-6.37	7.47
430	17.46	-6.4	7.52
431	17.5	-6.43	7.6
432	17.54	-6.46	7.67
433	17.58	-6.5	7.78
434	17.62	-6.52	7.9
435	17.66	-6.51	8
436	17.7	-6.49	8.1
437	17.74	-6.45	8.17
438	17.78	-6.42	8.24
439	17.82	-6.39	8.32
440	17.86	-6.37	8.38
441	17.9	-6.35	8.43
442	17.94	-6.35	8.49
443	17.98	-6.35	8.54
444	18.02	-6.37	8.58
445	18.06	-6.39	8.61
446	18.1	-6.4	8.62
447	18.14	-6.42	8.61
448	18.18	-6.43	8.6
449	18.22	-6.46	8.6
450	18.26	-6.5	8.59
451	18.3	-6.52	8.57
452	18.33	-6.55	8.55
453	18.38	-6.56	8.52
454	18.41	-6.57	8.49
455	18.46	-6.6	8.48
456	18.49	-6.62	8.45
457	18.53	-6.63	8.42
458	18.57	-6.62	8.36
459	18.61	-6.6	8.27
460	18.65	-6.58	8.2
461	18.69	-6.59	8.14
462	18.73	-6.62	8.14
463	18.77	-6.65	8.13
464	18.82	-6.66	8.11
465	18.85	-6.66	8.07
466	18.89	-6.65	8.02
467	18.93	-6.65	7.99
468	18.97	-6.66	7.93
469	19.01	-6.67	7.87
470	19.05	-6.69	7.79
471	19.09	-6.7	7.72
472	19.13	-6.7	7.68
473	19.17	-6.69	7.67
474	19.21	-6.65	7.63
475	19.25	-6.61	7.6
476	19.29	-6.57	7.55
477	19.33	-6.54	7.5
478	19.37	-6.56	7.47
479	19.41	-6.59	7.44
480	19.45	-6.63	7.42
481	19.5	-6.67	7.41
482	19.53	-6.7	7.4
483	19.57	-6.7	7.39
484	19.61	-6.68	7.36
485	19.65	-6.63	7.32
486	19.69	-6.6	7.27
487	19.73	-6.59	7.22
488	19.77	-6.58	7.19
489	19.81	-6.58	7.16
490	19.85	-6.57	7.15
491	19.89	-6.55	7.11
492	19.93	-6.55	7.11
493	19.97	-6.55	7.11
494	20.01	-6.57	7.14
495	20.05	-6.59	7.19
496	20.09	-6.57	7.22
497	20.13	-6.56	7.27
498	20.17	-6.53	7.3
499	20.21	-6.5	7.34
500	20.25	-6.51	7.38
501	20.29	-6.52	7.43
502	20.33	-6.54	7.45
503	20.37	-6.56	7.48
504	20.41	-6.59	7.51
505	20.45	-6.6	7.53
506	20.49	-6.61	7.54
507	20.53	-6.63	7.54
508	20.57	-6.63	7.53
509	20.61	-6.65	7.54
510	20.65	-6.66	7.54
511	20.69	-6.66	7.56
512	20.73	-6.66	7.56
513	20.77	-6.65	7.56
514	20.82	-6.65	7.56
515	20.85	-6.65	7.55
516	20.89	-6.66	7.55
517	20.93	-6.66	7.54
518	20.97	-6.66	7.53
519	21.01	-6.65	7.51
520	21.05	-6.64	7.5
521	21.09	-6.63	7.47
522	21.13	-6.61	7.46
523	21.17	-6.61	7.47
524	21.21	-6.61	7.46
525	21.25	-6.6	7.45
526	21.29	-6.59	7.45
527	21.33	-6.57	7.43
528	21.37	-6.55	7.42
529	21.41	-6.54	7.42
530	21.45	-6.53	7.41
531	21.49	-6.53	7.43
532	21.53	-6.54	7.44
533	21.57	-6.55	7.44
534	21.61	-6.55	7.44
535	21.65	-6.55	7.42
536	21.69	-6.55	7.39
537	21.73	-6.53	7.33
538	21.77	-6.49	7.26
539	21.81	-6.43	7.19
540	21.85	-6.38	7.12
541	21.89	-6.35	7.07
542	21.93	-6.31	7.03
543	21.97	-6.28	7
544	22.01	-6.23	6.95
545	22.05	-6.18	6.89
546	22.09	-6.12	6.85
547	22.13	-6.06	6.8
548	22.17	-6.02	6.75
549	22.21	-5.99	6.7
550	22.25	-5.96	6.65
551	22.29	-5.93	6.63
552	22.33	-5.89	6.63
553	22.37	-5.84	6.63
554	22.41	-5.83	6.6
555	22.45	-5.83	6.53
556	22.49	-5.84	6.47
557	22.53	-5.86	6.43
558	22.57	-5.88	6.39
559	22.61	-5.9	6.36
560	22.65	-5.92	6.33
561	22.69	-5.93	6.29
562	22.73	-5.91	6.26
563	22.77	-5.9	6.23
564	22.81	-5.89	6.22
565	22.85	-5.89	6.22
566	22.89	-5.89	6.22
567	22.93	-5.89	6.23
568	22.97	-5.9	6.23
569	23.01	-5.9	6.22
570	23.05	-5.9	6.22
571	23.09	-5.91	6.22
572	23.13	-5.9	6.21
573	23.17	-5.91	6.21
574	23.21	-5.91	6.21
575	23.25	-5.91	6.21
576	23.29	-5.91	6.21
577	23.33	-5.9	6.21
578	23.37	-5.89	6.21
579	23.41	-5.9	6.21
580	23.45	-5.9	6.21
581	23.49	-5.9	6.2
582	23.53	-5.9	6.2
583	23.57	-5.9	6.2
584	23.61	-5.88	6.21
585	23.65	-5.86	6.23
586	23.69	-5.82	6.22
587	23.73	-5.76	6.21
588	23.77	-5.71	6.18
589	23.81	-5.65	6.12
590	23.85	-5.62	6.09
591	23.89	-5.58	6.06
592	23.93	-5.57	6.05
593	23.97	-5.56	6.07
594	24.01	-5.55	6.1
595	24.05	-5.53	6.13
596	24.09	-5.51	6.16
597	24.13	-5.48	6.19
598	24.17	-5.48	6.23
599	24.21	-5.49	6.26
600	24.25	-5.49	6.29
601	24.29	-5.5	6.33
602	24.33	-5.5	6.36
603	24.37	-5.51	6.41
604	24.41	-5.53	6.46
605	24.45	-5.56	6.52
606	24.49	-5.59	6.59
607	24.53	-5.61	6.67
608	24.57	-5.62	6.75
609	24.61	-5.62	6.81
610	24.65	-5.61	6.86
611	24.69	-5.59	6.9
612	24.73	-5.58	6.95
613	24.77	-5.58	7.05
614	24.81	-5.58	7.17
615	24.85	-5.59	7.33
616	24.89	-5.62	7.48
617	24.93	-5.64	7.62
618	24.97	-5.66	7.76
619	25.01	-5.67	7.85
620	25.05	-5.67	7.94
621	25.09	-5.67	7.99
622	25.13	-5.67	8.05
623	25.17	-5.67	8.12
624	25.21	-5.67	8.2
625	25.25	-5.66	8.27
626	25.29	-5.66	8.34
627	25.33	-5.67	8.42
628	25.37	-5.7	8.49
629	25.41	-5.79	8.58
630	25.45	-5.9	8.65
631	25.49	-6.01	8.69
632	25.53	-6.12	8.72
633	25.57	-6.2	8.74
634	25.61	-6.25	8.74
635	25.65	-6.32	8.75
636	25.69	-6.4	8.76
637	25.73	-6.48	8.78
638	25.77	-6.55	8.8
639	25.81	-6.58	8.82
640	25.85	-6.59	8.87
641	25.89	-6.6	8.92
642	25.93	-6.62	8.98
643	25.97	-6.66	9.04
644	26.01	-6.7	9.1
645	26.05	-6.72	9.09
646	26.09	-6.78	9.12
647	26.13	-6.86	9.13
648	26.17	-6.95	9.13
649	26.21	-7.03	9.21
650	26.25	-7.07	9.25
651	26.29	-7.08	9.3
652	26.33	-7.11	9.35
653	26.37	-7.15	9.41
654	26.41	-7.23	9.45
655	26.45	-7.34	9.49
656	26.49	-7.46	9.53
657	26.53	-7.59	9.58
658	26.57	-7.74	9.64
659	26.61	-7.92	9.71
660	26.65	-8.09	9.78
661	26.69	-8.21	9.83
662	26.73	-8.3	9.88
663	26.77	-8.33	9.93
664	26.81	-8.39	10.01
665	26.85	-8.48	10.07
666	26.89	-8.58	10.13
667	26.93	-8.68	10.18
668	26.97	-8.79	10.22
669	27.01	-8.91	10.29
670	27.05	-9	10.37
671	27.09	-9.08	10.47
672	27.13	-9.13	10.56
673	27.17	-9.17	10.66
674	27.21	-9.21	10.75
675	27.25	-9.25	10.84
676	27.29	-9.31	10.92
677	27.33	-9.37	10.98
678	27.37	-9.47	11.05
679	27.41	-9.56	11.12
680	27.45	-9.65	11.2
681	27.49	-9.72	11.29
682	27.53	-9.83	11.37
683	27.57	-9.99	11.47
684	27.61	-10.16	11.53
685	27.65	-10.35	11.57
686	27.69	-10.47	11.58
687	27.73	-10.55	11.58
688	27.77	-10.6	11.55
689	27.81	-10.61	11.5
690	27.85	-10.65	11.48
691	27.89	-10.68	11.44
692	27.93	-10.69	11.42
693	27.97	-10.71	11.39
694	28.01	-10.75	11.38
695	28.05	-10.76	11.35
696	28.09	-10.77	11.33
697	28.13	-10.81	11.33
698	28.17	-10.81	11.32
699	28.21	-10.86	11.35
700	28.25	-10.91	11.38
701	28.29	-10.94	11.4
702	28.33	-10.98	11.41
703	28.37	-11.01	11.42
704	28.41	-11.05	11.45
705	28.45	-11.1	11.49
706	28.49	-11.12	11.51
707	28.53	-11.13	11.54
708	28.57	-11.11	11.56
709	28.61	-11.07	11.57
710	28.65	-11.05	11.61
711	28.69	-11.03	11.64
712	28.73	-11.01	11.68
713	28.77	-10.99	11.72
714	28.81	-10.95	11.74
715	28.85	-10.93	11.76
716	28.89	-10.91	11.79
717	28.93	-10.91	11.82
718	28.97	-10.91	11.86
719	29.01	-10.9	11.9
720	29.05	-10.89	11.94
721	29.09	-10.88	11.97
722	29.13	-10.88	12
723	29.17	-10.86	11.98
724	29.21	-10.86	11.96
725	29.25	-10.87	11.94
726	29.29	-10.89	11.96
727	29.33	-10.96	12.02
728	29.37	-11.02	12.1
729	29.41	-11.08	12.19
730	29.45	-11.17	12.3
731	29.49	-11.28	12.41
732	29.53	-11.38	12.52
733	29.57	-11.48	12.62
734	29.61	-11.54	12.69
735	29.65	-11.6	12.8
736	29.69	-11.67	12.94
737	29.73	-11.71	13.1
738	29.77	-11.76	13.29
739	29.81	-11.78	13.5
740	29.85	-11.79	13.7
741	29.89	-11.81	13.84
742	29.93	-11.81	13.93
743	29.97	-11.81	13.98
744	30.01	-11.8	14
745	30.05	-11.8	14.06
746	30.09	-11.82	14.09
747	30.13	-11.83	14.13
748	30.17	-11.86	14.2
749	30.21	-11.89	14.29
750	30.25	-11.92	14.4
751	30.29	-11.96	14.55
752	30.33	-12.01	14.68
753	30.37	-12.06	14.81
754	30.41	-12.12	14.9
755	30.45	-12.17	14.96
756	30.49	-12.24	15.03
757	30.53	-12.3	15.07
758	30.57	-12.38	15.11
759	30.61	-12.46	15.16
760	30.65	-12.49	15.21
761	30.69	-12.48	15.27
762	30.73	-12.45	15.36
763	30.77	-12.41	15.42
764	30.81	-12.38	15.48
765	30.85	-12.38	15.52
766	30.89	-12.36	15.54
767	30.93	-12.34	15.58
768	30.97	-12.31	15.62
769	31.01	-12.27	15.63
770	31.05	-12.23	15.64
771	31.09	-12.19	15.62
772	31.13	-12.16	15.63
773	31.17	-12.13	15.68
774	31.21	-12.11	15.72
775	31.25	-12.09	15.77
776	31.29	-12.08	15.79
777	31.33	-12.07	15.79
778	31.37	-12.05	15.79
779	31.41	-12.03	15.78
780	31.45	-12.01	15.77
781	31.49	-11.98	15.73
782	31.53	-11.95	15.66
783	31.57	-11.92	15.59
784	31.61	-11.88	15.5
785	31.65	-11.85	15.42
786	31.69	-11.84	15.35
787	31.73	-11.83	15.29
788	31.77	-11.81	15.22
789	31.81	-11.78	15.15
790	31.85	-11.69	15.1
791	31.89	-11.6	15.09
792	31.93	-11.55	15.09
793	31.97	-11.55	15.12
794	32.01	-11.62	15.13
795	32.05	-11.7	15.12
796	32.09	-11.76	15.11
797	32.13	-11.8	15.07
798	32.17	-11.83	15.06
799	32.21	-11.84	15.01
800	32.25	-11.86	14.97
801	32.29	-11.88	14.95
802	32.33	-11.89	14.9
803	32.37	-11.92	14.87
804	32.41	-11.96	14.83
805	32.45	-11.99	14.79
806	32.49	-12.05	14.76
807	32.53	-12.11	14.77
808	32.57	-12.2	14.79
809	32.61	-12.29	14.79
810	32.65	-12.34	14.8
811	32.69	-12.38	14.81
812	32.73	-12.39	14.82
813	32.77	-12.41	14.86
814	32.81	-12.45	14.9
815	32.85	-12.49	14.94
816	32.89	-12.53	14.97
817	32.93	-12.55	14.97
818	32.97	-12.55	14.98
819	33.01	-12.55	14.98
820	33.05	-12.55	14.98
821	33.09	-12.57	15.01
822	33.13	-12.61	15.02
823	33.17	-12.65	15.04
824	33.21	-12.66	15.04
825	33.25	-12.67	15.06
826	33.29	-12.69	15.11
827	33.33	-12.69	15.15
828	33.37	-12.7	15.18
829	33.41	-12.7	15.19
830	33.45	-12.69	15.18
831	33.49	-12.7	15.18
832	33.53	-12.71	15.18
833	33.57	-12.72	15.19
834	33.61	-12.72	15.18
835	33.65	-12.72	15.18
836	33.69	-12.7	15.16
837	33.73	-12.67	15.12
838	33.77	-12.64	15.09
839	33.81	-12.62	15.06
840	33.85	-12.63	15.06
841	33.89	-12.63	15.06
842	33.93	-12.64	15.06
843	33.97	-12.65	15.05
844	34.01	-12.63	15.01
845	34.05	-12.62	15
846	34.09	-12.61	14.99
847	34.13	-12.61	14.98
848	34.17	-12.6	14.98
849	34.21	-12.59	14.98
850	34.25	-12.55	14.97
851	34.29	-12.51	14.95
852	34.33	-12.48	14.94
853	34.37	-12.47	14.93
854	34.41	-12.47	14.92
855	34.45	-12.48	14.91
856	34.49	-12.5	14.92
857	34.53	-12.52	14.92
858	34.57	-12.54	14.93
859	34.61	-12.55	14.93
860	34.65	-12.53	14.93
861	34.69	-12.52	14.93
862	34.73	-12.49	14.92
863	34.77	-12.49	14.92
864	34.81	-12.48	14.9
865	34.85	-12.48	14.9
866	34.89	-12.48	14.89
867	34.93	-12.45	14.86
868	34.97	-12.43	14.86
869	35.01	-12.41	14.85
870	35.05	-12.41	14.87
871	35.09	-12.42	14.88
872	35.13	-12.43	14.87
873	35.17	-12.45	14.87
874	35.21	-12.45	14.85
875	35.25	-12.46	14.84
876	35.29	-12.49	14.85
877	35.33	-12.51	14.85
878	35.37	-12.54	14.85
879	35.41	-12.56	14.85
880	35.45	-12.57	14.84
881	35.49	-12.58	14.83
882	35.53	-12.58	14.82
883	35.57	-12.59	14.81
884	35.61	-12.59	14.8
885	35.65	-12.56	14.77
886	35.69	-12.51	14.74
887	35.73	-12.48	14.68
888	35.77	-12.44	14.62
889	35.81	-12.44	14.57
890	35.85	-12.44	14.53
891	35.89	-12.43	14.5
892	35.93	-12.4	14.48
893	35.97	-12.35	14.48
894	36.01	-12.3	14.47
895	36.05	-12.24	14.46
896	36.09	-12.19	14.45
897	36.13	-12.16	14.43
898	36.17	-12.14	14.4
899	36.21	-12.14	14.37
900	36.25	-12.14	14.34
901	36.29	-12.13	14.32
902	36.33	-12.13	14.32
903	36.37	-12.11	14.32
904	36.41	-12.09	14.34
905	36.45	-12.07	14.37
906	36.49	-12.05	14.38
907	36.53	-12.03	14.36
908	36.57	-12.01	14.35
909	36.61	-11.99	14.32
910	36.65	-11.97	14.32
911	36.69	-11.96	14.37
912	36.73	-11.94	14.42
913	36.77	-11.92	14.48
914	36.81	-11.91	14.55
915	36.85	-11.89	14.59
916	36.89	-11.88	14.63
917	36.93	-11.87	14.65
918	36.97	-11.86	14.67
919	37.01	-11.85	14.69
920	37.05	-11.84	14.69
921	37.09	-11.84	14.69
922	37.13	-11.83	14.67
923	37.17	-11.83	14.65
924	37.21	-11.82	14.64
925	37.25	-11.82	14.64
926	37.29	-11.81	14.66
927	37.33	-11.82	14.66
928	37.37	-11.82	14.67
929	37.41	-11.82	14.68
930	37.45	-11.82	14.68
931	37.49	-11.83	14.68
932	37.53	-11.82	14.68
933	37.57	-11.82	14.67
934	37.61	-11.82	14.67
935	37.65	-11.82	14.68
936	37.69	-11.82	14.68
937	37.73	-11.84	14.68
938	37.77	-11.85	14.68
939	37.81	-11.87	14.68
940	37.85	-11.88	14.69
941	37.89	-11.9	14.69
942	37.93	-11.92	14.7
943	37.97	-11.93	14.69
944	38.01	-11.94	14.68
945	38.05	-11.95	14.69
946	38.09	-11.94	14.65
947	38.13	-11.92	14.62
948	38.17	-11.9	14.59
949	38.21	-11.86	14.55
950	38.25	-11.82	14.53
951	38.29	-11.78	14.51
952	38.33	-11.75	14.5
953	38.37	-11.72	14.48
954	38.41	-11.69	14.43
955	38.45	-11.66	14.37
956	38.49	-11.65	14.3
957	38.53	-11.65	14.24
958	38.57	-11.64	14.16
959	38.61	-11.63	14.1
960	38.65	-11.59	14.03
961	38.69	-11.55	13.96
962	38.73	-11.52	13.9
963	38.77	-11.5	13.83
964	38.81	-11.5	13.78
965	38.85	-11.5	13.74
966	38.89	-11.52	13.72
967	38.93	-11.52	13.71
968	38.97	-11.53	13.72
969	39.01	-11.53	13.72
970	39.05	-11.53	13.72
971	39.09	-11.53	13.73
972	39.13	-11.54	13.72
973	39.17	-11.54	13.72
974	39.21	-11.55	13.73
975	39.25	-11.58	13.74
976	39.29	-11.59	13.74
977	39.33	-11.6	13.75
978	39.37	-11.6	13.75
979	39.41	-11.58	13.74
980	39.45	-11.55	13.73
981	39.49	-11.53	13.7
982	39.53	-11.5	13.69
983	39.57	-11.49	13.69
984	39.61	-11.47	13.69
985	39.65	-11.43	13.69
986	39.69	-11.38	13.68
987	39.73	-11.33	13.67
988	39.77	-11.28	13.62
989	39.81	-11.26	13.61
990	39.85	-11.23	13.61
991	39.89	-11.21	13.6
992	39.93	-11.2	13.6
993	39.97	-11.19	13.59
994	40.01	-11.19	13.57
995	40.05	-11.18	13.55
996	40.09	-11.18	13.56
997	40.13	-11.18	13.57
998	40.17	-11.19	13.57
999	40.21	-11.19	13.57
1000	40.25	-11.19	13.56
1001	40.29	-11.19	13.55
1002	40.33	-11.18	13.57
1003	40.37	-11.17	13.59
1004	40.41	-11.16	13.62
1005	40.45	-11.15	13.64
1006	40.49	-11.14	13.67
1007	40.53	-11.13	13.7
1008	40.57	-11.11	13.74
1009	40.61	-11.09	13.79
1010	40.65	-11.06	13.84
1011	40.69	-11.02	13.89
1012	40.73	-10.99	13.95
1013	40.77	-10.96	13.98
1014	40.81	-10.95	13.98
1015	40.85	-10.92	14.01
1016	40.89	-10.89	14.03
1017	40.93	-10.85	14.08
1018	40.97	-10.81	14.11
1019	41.01	-10.78	14.13
1020	41.05	-10.75	14.16
1021	41.09	-10.74	14.18
1022	41.13	-10.72	14.19
1023	41.17	-10.71	14.2
1024	41.21	-10.7	14.19
1025	41.25	-10.69	14.19
1026	41.29	-10.7	14.2
1027	41.33	-10.7	14.22
1028	41.37	-10.7	14.23
1029	41.41	-10.69	14.24
1030	41.45	-10.69	14.23
1031	41.49	-10.69	14.23
1032	41.53	-10.69	14.22
1033	41.57	-10.69	14.21
1034	41.61	-10.68	14.21
1035	41.65	-10.68	14.23
1036	41.69	-10.69	14.25
1037	41.73	-10.7	14.26
1038	41.77	-10.72	14.27
1039	41.81	-10.73	14.26
1040	41.85	-10.73	14.26
1041	41.89	-10.73	14.25
1042	41.93	-10.72	14.24
1043	41.97	-10.72	14.23
1044	42.01	-10.72	14.23
1045	42.05	-10.73	14.22
1046	42.09	-10.73	14.22
1047	42.13	-10.72	14.23
1048	42.17	-10.71	14.21
1049	42.21	-10.7	14.19
1050	42.25	-10.69	14.14
1051	42.29	-10.67	14.09
1052	42.33	-10.65	14.06
1053	42.37	-10.63	14.05
1054	42.41	-10.63	14.05
1055	42.45	-10.64	14.05
1056	42.49	-10.65	14.06
1057	42.53	-10.66	14.05
1058	42.57	-10.67	14.04
1059	42.61	-10.68	14.04
1060	42.65	-10.69	14.01
1061	42.69	-10.69	13.99
1062	42.73	-10.71	13.92
1063	42.77	-10.73	13.84
1064	42.81	-10.74	13.75
1065	42.85	-10.74	13.67
1066	42.89	-10.73	13.63
1067	42.93	-10.71	13.6
1068	42.97	-10.69	13.59
1069	43.01	-10.68	13.59
1070	43.05	-10.68	13.56
1071	43.09	-10.69	13.55
1072	43.13	-10.7	13.52
1073	43.17	-10.72	13.48
1074	43.21	-10.74	13.44
1075	43.25	-10.76	13.4
1076	43.29	-10.78	13.37
1077	43.33	-10.81	13.34
1078	43.37	-10.81	13.31
1079	43.41	-10.81	13.26
1080	43.45	-10.8	13.19
1081	43.49	-10.8	13.09
1082	43.53	-10.8	13.02
1083	43.57	-10.8	12.97
1084	43.61	-10.81	12.92
1085	43.65	-10.82	12.88
1086	43.69	-10.83	12.83
1087	43.73	-10.83	12.78
1088	43.77	-10.83	12.74
1089	43.81	-10.83	12.72
1090	43.85	-10.82	12.71
1091	43.89	-10.82	12.7
1092	43.93	-10.81	12.67
1093	43.97	-10.82	12.62
1094	44.01	-10.82	12.58
1095	44.05	-10.82	12.54
1096	44.09	-10.83	12.53
1097	44.13	-10.82	12.53
1098	44.17	-10.82	12.51
1099	44.21	-10.8	12.5
1100	44.25	-10.78	12.49
1101	44.29	-10.76	12.47
1102	44.33	-10.75	12.44
1103	44.37	-10.74	12.42
1104	44.41	-10.74	12.41
1105	44.45	-10.75	12.39
1106	44.49	-10.74	12.36
1107	44.53	-10.73	12.31
1108	44.57	-10.72	12.24
1109	44.61	-10.69	12.15
1110	44.65	-10.67	12.07
1111	44.69	-10.65	12.02
1112	44.73	-10.63	11.98
1113	44.77	-10.61	11.96
1114	44.81	-10.59	11.93
1115	44.85	-10.56	11.9
1116	44.89	-10.55	11.87
1117	44.93	-10.54	11.84
1118	44.97	-10.54	11.83
1119	45.01	-10.53	11.79
1120	45.05	-10.53	11.76
1121	45.09	-10.53	11.72
1122	45.13	-10.54	11.65
1123	45.17	-10.57	11.61
1124	45.21	-10.58	11.58
1125	45.25	-10.59	11.58
1126	45.29	-10.59	11.6
1127	45.33	-10.59	11.63
1128	45.37	-10.61	11.66
1129	45.41	-10.62	11.69
1130	45.45	-10.64	11.72
1131	45.49	-10.64	11.74
1132	45.53	-10.65	11.78
1133	45.57	-10.66	11.8
1134	45.61	-10.66	11.82
1135	45.65	-10.66	11.84
1136	45.69	-10.65	11.83
1137	45.73	-10.64	11.83
1138	45.77	-10.63	11.81
1139	45.81	-10.62	11.8
1140	45.85	-10.61	11.79
1141	45.89	-10.61	11.77
1142	45.93	-10.61	11.76
1143	45.97	-10.61	11.75
1144	46.01	-10.6	11.75
1145	46.05	-10.59	11.74
1146	46.09	-10.57	11.73
1147	46.13	-10.55	11.72
1148	46.17	-10.53	11.7
1149	46.21	-10.49	11.67
1150	46.25	-10.43	11.64
1151	46.29	-10.41	11.62
1152	46.33	-10.39	11.61
1153	46.37	-10.4	11.6
1154	46.41	-10.41	11.59
1155	46.45	-10.41	11.56
1156	46.49	-10.4	11.53
1157	46.53	-10.36	11.47
1158	46.57	-10.33	11.37
1159	46.61	-10.3	11.28
1160	46.65	-10.28	11.21
1161	46.69	-10.29	11.19
1162	46.73	-10.31	11.21
1163	46.77	-10.32	11.23
1164	46.81	-10.34	11.22
1165	46.85	-10.35	11.2
1166	46.89	-10.35	11.18
1167	46.93	-10.36	11.16
1168	46.97	-10.37	11.16
1169	47.01	-10.38	11.14
1170	47.05	-10.38	11.1
1171	47.09	-10.39	11.08
1172	47.13	-10.38	11.06
1173	47.17	-10.37	11.05
1174	47.21	-10.36	11.07
1175	47.25	-10.34	11.09
1176	47.29	-10.33	11.13
1177	47.33	-10.31	11.18
1178	47.37	-10.3	11.22
1179	47.41	-10.29	11.27
1180	47.45	-10.28	11.29
1181	47.49	-10.29	11.31
1182	47.53	-10.29	11.32
1183	47.57	-10.29	11.33
1184	47.61	-10.3	11.34
1185	47.65	-10.29	11.35
1186	47.69	-10.28	11.35
1187	47.73	-10.27	11.36
1188	47.77	-10.26	11.37
1189	47.81	-10.24	11.38
1190	47.85	-10.23	11.39
1191	47.89	-10.22	11.4
1192	47.93	-10.21	11.39
1193	47.97	-10.21	11.36
1194	48.01	-10.2	11.31
1195	48.05	-10.19	11.27
1196	48.09	-10.18	11.24
1197	48.13	-10.17	11.21
1198	48.17	-10.18	11.2
1199	48.21	-10.18	11.17
1200	48.25	-10.17	11.14
1201	48.29	-10.17	11.12
1202	48.33	-10.17	11.11
1203	48.37	-10.18	11.1
1204	48.41	-10.21	11.1
1205	48.45	-10.24	11.08
1206	48.49	-10.28	11.06
1207	48.53	-10.29	11.04
1208	48.57	-10.3	11
1209	48.61	-10.3	10.98
1210	48.65	-10.26	10.96
1211	48.69	-10.22	10.94
1212	48.73	-10.18	10.92
1213	48.77	-10.14	10.89
1214	48.81	-10.15	10.84
1215	48.85	-10.18	10.8
1216	48.89	-10.2	10.76
1217	48.93	-10.23	10.71
1218	48.97	-10.25	10.67
1219	49.01	-10.24	10.63
1220	49.05	-10.22	10.59
1221	49.09	-10.2	10.56
1222	49.13	-10.18	10.53
1223	49.17	-10.17	10.5
1224	49.21	-10.18	10.5
1225	49.25	-10.19	10.5
1226	49.29	-10.21	10.51
1227	49.33	-10.22	10.52
1228	49.37	-10.24	10.51
1229	49.41	-10.25	10.5
1230	49.45	-10.26	10.48
1231	49.49	-10.28	10.46
1232	49.53	-10.28	10.46
1233	49.57	-10.3	10.46
1234	49.61	-10.32	10.47
1235	49.65	-10.33	10.49
1236	49.69	-10.35	10.49
1237	49.73	-10.36	10.49
1238	49.77	-10.37	10.5
1239	49.81	-10.4	10.51
1240	49.85	-10.42	10.53
1241	49.89	-10.44	10.56
1242	49.93	-10.46	10.58
1243	49.97	-10.49	10.6
1244	50.01	-10.51	10.63
1245	50.05	-10.53	10.65
1246	50.09	-10.54	10.7
1247	50.13	-10.54	10.74
1248	50.17	-10.55	10.78
1249	50.21	-10.55	10.83
1250	50.25	-10.55	10.87
1251	50.29	-10.54	10.91
1252	50.33	-10.55	10.95
1253	50.37	-10.55	10.98
1254	50.41	-10.55	11.02
1255	50.45	-10.54	11.05
1256	50.49	-10.53	11.07
1257	50.53	-10.52	11.09
1258	50.57	-10.5	11.09
1259	50.61	-10.51	11.09
1260	50.65	-10.51	11.09
1261	50.69	-10.52	11.06
1262	50.73	-10.52	11.03
1263	50.77	-10.51	10.98
1264	50.81	-10.51	10.94
1265	50.85	-10.51	10.91
1266	50.89	-10.51	10.88
1267	50.93	-10.51	10.85
1268	50.97	-10.52	10.82
1269	51.01	-10.52	10.79
1270	51.05	-10.53	10.73
1271	51.09	-10.52	10.67
1272	51.13	-10.51	10.59
1273	51.17	-10.51	10.53
1274	51.21	-10.5	10.49
1275	51.25	-10.49	10.44
1276	51.29	-10.48	10.4
1277	51.33	-10.46	10.36
1278	51.37	-10.45	10.33
1279	51.41	-10.44	10.31
1280	51.45	-10.42	10.3
1281	51.49	-10.41	10.29
1282	51.53	-10.4	10.28
1283	51.57	-10.39	10.28
1284	51.61	-10.4	10.29
1285	51.65	-10.42	10.3
1286	51.69	-10.44	10.31
1287	51.73	-10.45	10.32
1288	51.77	-10.46	10.32
1289	51.81	-10.46	10.32
1290	51.85	-10.46	10.32
1291	51.89	-10.48	10.32
1292	51.93	-10.49	10.33
1293	51.97	-10.49	10.33
1294	52.01	-10.49	10.33
1295	52.05	-10.5	10.33
1296	52.09	-10.49	10.33
1297	52.13	-10.49	10.33
1298	52.17	-10.49	10.32
1299	52.21	-10.48	10.32
1300	52.25	-10.47	10.32
1301	52.29	-10.47	10.31
1302	52.33	-10.47	10.31
1303	52.37	-10.47	10.32
1304	52.41	-10.47	10.34
1305	52.45	-10.47	10.35
1306	52.49	-10.47	10.36
1307	52.53	-10.48	10.35
1308	52.57	-10.48	10.35
1309	52.61	-10.48	10.35
1310	52.65	-10.48	10.35
1311	52.69	-10.48	10.34
1312	52.73	-10.47	10.33
1313	52.77	-10.47	10.32
1314	52.81	-10.46	10.31
1315	52.85	-10.47	10.3
1316	52.89	-10.46	10.3
1317	52.93	-10.46	10.3
1318	52.97	-10.45	10.3
1319	53.01	-10.45	10.31
1320	53.05	-10.44	10.31
1321	53.09	-10.44	10.32
1322	53.13	-10.42	10.31
1323	53.17	-10.41	10.32
1324	53.21	-10.41	10.32
1325	53.25	-10.4	10.32
1326	53.29	-10.4	10.33
1327	53.33	-10.4	10.33
1328	53.37	-10.4	10.34
1329	53.41	-10.4	10.34
1330	53.45	-10.39	10.34
1331	53.49	-10.39	10.35
1332	53.53	-10.38	10.36
1333	53.57	-10.36	10.38
1334	53.61	-10.35	10.4
1335	53.65	-10.31	10.42
1336	53.69	-10.28	10.44
1337	53.73	-10.24	10.47
1338	53.77	-10.21	10.49
1339	53.81	-10.2	10.53
1340	53.85	-10.18	10.56
1341	53.89	-10.17	10.6
1342	53.93	-10.15	10.65
1343	53.97	-10.13	10.67
1344	54.01	-10.12	10.71
1345	54.05	-10.1	10.76
1346	54.09	-10.08	10.81
1347	54.13	-10.07	10.87
1348	54.17	-10.05	10.91
1349	54.21	-10.04	10.94
1350	54.25	-10.02	10.97
1351	54.29	-10.01	11
1352	54.33	-10.01	11.01
1353	54.37	-10.01	11.03
1354	54.41	-10.01	11.05
1355	54.45	-10.01	11.05
1356	54.49	-10.01	11.07
1357	54.53	-10	11.07
1358	54.57	-9.99	11.08
1359	54.61	-9.98	11.09
1360	54.65	-9.97	11.08
1361	54.69	-9.96	11.08
1362	54.73	-9.96	11.07
1363	54.77	-9.96	11.05
1364	54.81	-9.96	11.04
1365	54.85	-9.95	11.02
1366	54.89	-9.93	10.97
1367	54.93	-9.91	10.92
1368	54.97	-9.88	10.87
1369	55.01	-9.86	10.8
1370	55.05	-9.83	10.76
1371	55.09	-9.8	10.74
1372	55.13	-9.78	10.73
1373	55.17	-9.77	10.74
1374	55.21	-9.76	10.75
1375	55.25	-9.76	10.75
1376	55.29	-9.77	10.74
1377	55.33	-9.78	10.73
1378	55.37	-9.78	10.72
1379	55.41	-9.79	10.71
1380	55.45	-9.8	10.72
1381	55.49	-9.81	10.71
1382	55.53	-9.83	10.7
1383	55.57	-9.85	10.66
1384	55.61	-9.87	10.59
1385	55.65	-9.9	10.53
1386	55.69	-9.93	10.47
1387	55.73	-9.95	10.44
1388	55.77	-9.98	10.44
1389	55.81	-9.99	10.44
1390	55.85	-9.99	10.44
1391	55.89	-9.99	10.43
1392	55.93	-9.99	10.41
1393	55.97	-10	10.39
1394	56.01	-10.02	10.39
1395	56.05	-10.04	10.37
1396	56.09	-10.06	10.35
1397	56.13	-10.08	10.34
1398	56.16	-10.08	10.32
1399	56.2	-10.07	10.31
1400	56.25	-10.07	10.28
1401	56.29	-10.05	10.26
1402	56.33	-10.05	10.23
1403	56.37	-10.05	10.23
1404	56.41	-10.05	10.23
1405	56.45	-10.07	10.24
1406	56.49	-10.09	10.26
1407	56.53	-10.11	10.27
1408	56.57	-10.12	10.28
1409	56.6	-10.12	10.29
1410	56.64	-10.12	10.29
1411	56.68	-10.12	10.29
1412	56.72	-10.12	10.28
1413	56.76	-10.12	10.29
1414	56.8	-10.12	10.29
1415	56.84	-10.12	10.29
1416	56.88	-10.11	10.29
1417	56.92	-10.11	10.28
1418	56.97	-10.12	10.28
1419	57	-10.12	10.28
1420	57.04	-10.13	10.28
1421	57.08	-10.13	10.29
1422	57.12	-10.13	10.29
1423	57.16	-10.13	10.29
1424	57.2	-10.13	10.29
1425	57.24	-10.14	10.28
1426	57.28	-10.14	10.28
1427	57.32	-10.14	10.28
1428	57.36	-10.14	10.28
1429	57.4	-10.13	10.29
1430	57.44	-10.13	10.29
1431	57.48	-10.13	10.3
1432	57.52	-10.13	10.29
1433	57.56	-10.14	10.29
1434	57.6	-10.14	10.29
1435	57.64	-10.14	10.29
1436	57.68	-10.15	10.29
1437	57.72	-10.15	10.28
1438	57.76	-10.15	10.26
1439	57.8	-10.14	10.24
1440	57.84	-10.11	10.18
1441	57.88	-10.09	10.14
1442	57.92	-10.06	10.12
1443	57.96	-10.04	10.1
1444	58	-10.02	10.1
1445	58.04	-10	10.1
1446	58.08	-9.99	10.09
1447	58.12	-9.99	10.08
1448	58.16	-10	10.08
1449	58.2	-10	10.08
1450	58.24	-10	10.07
1451	58.28	-10.01	10.07
1452	58.32	-10.02	10.07
1453	58.36	-10.03	10.07
1454	58.4	-10.05	10.08
1455	58.44	-10.06	10.09
1456	58.48	-10.08	10.08
1457	58.52	-10.09	10.09
1458	58.56	-10.1	10.08
1459	58.6	-10.1	10.08
1460	58.64	-10.09	10.07
1461	58.68	-10.07	10.05
1462	58.72	-10.04	10.03
1463	58.76	-10.02	10.01
1464	58.8	-10.01	10
1465	58.84	-10.01	9.98
1466	58.88	-10.01	9.97
1467	58.92	-10.02	9.96
1468	58.96	-10.05	9.97
1469	59	-10.09	9.98
1470	59.04	-10.14	9.98
1471	59.08	-10.18	9.97
1472	59.12	-10.21	9.96
1473	59.16	-10.24	9.93
1474	59.2	-10.27	9.92
1475	59.24	-10.31	9.91
1476	59.28	-10.35	9.86
1477	59.32	-10.42	9.84
1478	59.36	-10.48	9.77
1479	59.4	-10.56	9.72
1480	59.44	-10.63	9.68
1481	59.48	-10.69	9.65
1482	59.52	-10.75	9.66
1483	59.56	-10.81	9.67
1484	59.6	-10.88	9.69
1485	59.64	-10.99	9.7
1486	59.68	-11.12	9.69
1487	59.72	-11.29	9.68
1488	59.76	-11.43	9.67
1489	59.8	-11.53	9.67
1490	59.84	-11.59	9.66
1491	59.88	-11.62	9.64
1492	59.92	-11.64	9.64
1493	59.96	-11.67	9.63
1494	60	-11.73	9.63
1495	60.04	-11.76	9.61
1496	60.08	-11.8	9.57
1497	60.12	-11.81	9.53
1498	60.16	-11.81	9.48
1499	60.2	-11.81	9.45
1500	60.24	-11.81	9.43
1501	60.28	-11.84	9.45
1502	60.32	-11.88	9.47
1503	60.36	-11.93	9.49
1504	60.4	-11.99	9.53
1505	60.44	-12.05	9.55
1506	60.48	-12.1	9.58
1507	60.52	-12.14	9.61
1508	60.56	-12.18	9.65
1509	60.6	-12.2	9.69
1510	60.64	-12.21	9.72
1511	60.68	-12.21	9.75
1512	60.72	-12.21	9.77
1513	60.76	-12.22	9.79
1514	60.8	-12.24	9.81
1515	60.84	-12.26	9.81
1516	60.88	-12.25	9.82
1517	60.92	-12.23	9.8
1518	60.96	-12.18	9.78
1519	61	-12.11	9.74
1520	61.04	-12.05	9.72
1521	61.08	-12	9.7
1522	61.12	-11.97	9.69
1523	61.16	-11.97	9.69
1524	61.2	-11.99	9.69
1525	61.24	-12	9.69
1526	61.28	-12	9.69
1527	61.32	-12	9.68
1528	61.36	-12	9.68
1529	61.4	-12	9.67
1530	61.44	-11.99	9.67
1531	61.48	-12	9.66
1532	61.52	-11.99	9.64
1533	61.56	-11.95	9.62
1534	61.6	-11.93	9.58
1535	61.64	-11.9	9.56
1536	61.68	-11.88	9.53
1537	61.72	-11.85	9.5
1538	61.76	-11.82	9.48
1539	61.8	-11.79	9.45
1540	61.84	-11.76	9.42
1541	61.88	-11.76	9.4
1542	61.92	-11.76	9.37
1543	61.96	-11.77	9.36
1544	62	-11.8	9.34
1545	62.04	-11.84	9.31
1546	62.08	-11.87	9.27
1547	62.12	-11.9	9.22
1548	62.16	-11.93	9.19
1549	62.2	-11.94	9.16
1550	62.24	-11.96	9.16
1551	62.28	-11.95	9.17
1552	62.32	-11.96	9.18
1553	62.36	-11.98	9.2
1554	62.4	-11.96	9.22
1555	62.44	-11.97	9.22
1556	62.48	-11.93	9.23
1557	62.52	-11.88	9.23
1558	62.56	-11.82	9.24
1559	62.6	-11.76	9.26
1560	62.64	-11.71	9.27
1561	62.68	-11.64	9.29
1562	62.72	-11.61	9.31
1563	62.76	-11.59	9.33
1564	62.8	-11.58	9.34
1565	62.84	-11.59	9.35
1566	62.88	-11.57	9.35
1567	62.92	-11.51	9.33
1568	62.96	-11.48	9.33
1569	63	-11.42	9.34
1570	63.08	-11.36	9.36
1571	63.12	-11.36	9.38
1572	63.16	-11.3	9.38
1573	63.2	-11.29	9.39
1574	63.24	-11.28	9.4
1575	63.28	-11.26	9.44
1576	63.32	-11.24	9.47
1577	63.36	-11.24	9.49
1578	63.4	-11.25	9.52
1579	63.44	-11.23	9.53
1580	63.48	-11.22	9.55
1581	63.52	-11.19	9.56
1582	63.56	-11.17	9.56
1583	63.6	-11.18	9.56
1584	63.64	-11.19	9.56
1585	63.68	-11.23	9.58
1586	63.72	-11.25	9.6
1587	63.76	-11.3	9.63
1588	63.8	-11.33	9.65
1589	63.84	-11.36	9.66
1590	63.88	-11.4	9.68
1591	63.92	-11.41	9.69
1592	63.96	-11.42	9.71
1593	64	-11.42	9.72
1594	64.04	-11.4	9.75
1595	64.08	-11.41	9.79
1596	64.12	-11.42	9.83
1597	64.16	-11.43	9.86
1598	64.2	-11.43	9.89
1599	64.24	-11.44	9.9
1600	64.28	-11.45	9.91
1601	64.32	-11.43	9.94
1602	64.36	-11.43	9.98
1603	64.4	-11.41	10.01
1604	64.44	-11.41	10.06
1605	64.48	-11.43	10.11
1606	64.52	-11.41	10.14
1607	64.56	-11.39	10.19
1608	64.6	-11.36	10.24
1609	64.64	-11.34	10.3
1610	64.68	-11.34	10.37
1611	64.72	-11.32	10.43
1612	64.76	-11.33	10.5
1613	64.8	-11.37	10.58
1614	64.84	-11.41	10.65
1615	64.88	-11.49	10.73
1616	64.92	-11.55	10.77
1617	64.96	-11.61	10.78
1618	65	-11.66	10.81
1619	65.04	-11.66	10.8
1620	65.08	-11.67	10.81
1621	65.12	-11.63	10.83
1622	65.16	-11.59	10.84
1623	65.2	-11.59	10.87
1624	65.24	-11.6	10.9
1625	65.28	-11.61	10.91
1626	65.32	-11.62	10.91
1627	65.36	-11.61	10.9
1628	65.4	-11.58	10.86
1629	65.44	-11.55	10.83
1630	65.48	-11.52	10.83
1631	65.52	-11.5	10.83
1632	65.56	-11.49	10.87
1633	65.6	-11.49	10.9
1634	65.64	-11.47	10.92
1635	65.68	-11.47	10.98
1636	65.72	-11.46	11.01
1637	65.76	-11.46	11.03
1638	65.8	-11.46	11.07
1639	65.84	-11.45	11.08
1640	65.88	-11.45	11.09
1641	65.92	-11.44	11.07
1642	65.96	-11.43	11.05
1643	66	-11.42	11.03
1644	66.04	-11.42	11.02
1645	66.08	-11.42	11.07
1646	66.12	-11.43	11.1
1647	66.16	-11.45	11.14
1648	66.2	-11.46	11.16
1649	66.24	-11.47	11.17
1650	66.28	-11.48	11.17
1651	66.32	-11.47	11.16
1652	66.36	-11.48	11.16
1653	66.4	-11.49	11.16
1654	66.44	-11.49	11.15
1655	66.48	-11.49	11.16
1656	66.52	-11.47	11.12
1657	66.56	-11.44	11.05
1658	66.6	-11.39	10.98
1659	66.64	-11.33	10.9
1660	66.68	-11.27	10.86
1661	66.72	-11.21	10.84
1662	66.76	-11.18	10.8
1663	66.8	-11.15	10.76
1664	66.84	-11.13	10.71
1665	66.88	-11.13	10.68
1666	66.92	-11.13	10.66
1667	66.96	-11.14	10.64
1668	67	-11.15	10.63
1669	67.04	-11.15	10.6
1670	67.08	-11.14	10.57
1671	67.12	-11.14	10.55
1672	67.16	-11.11	10.52
1673	67.2	-11.11	10.5
1674	67.24	-11.1	10.49
1675	67.28	-11.1	10.48
1676	67.32	-11.11	10.48
1677	67.36	-11.13	10.49
1678	67.4	-11.15	10.48
1679	67.44	-11.16	10.48
1680	67.48	-11.17	10.48
1681	67.52	-11.18	10.47
1682	67.56	-11.18	10.47
1683	67.6	-11.19	10.46
1684	67.64	-11.18	10.43
1685	67.68	-11.17	10.42
1686	67.72	-11.12	10.39
1687	67.76	-11.05	10.36
1688	67.8	-10.98	10.32
1689	67.84	-10.92	10.29
1690	67.88	-10.91	10.27
1691	67.92	-10.92	10.25
1692	67.96	-10.92	10.21
1693	68	-10.93	10.16
1694	68.04	-10.92	10.1
1695	68.08	-10.93	10.07
1696	68.12	-10.95	10.07
1697	68.16	-10.96	10.07
1698	68.2	-10.98	10.08
1699	68.24	-10.98	10.08
1700	68.28	-10.98	10.09
1701	68.32	-10.98	10.1
1702	68.36	-10.97	10.12
1703	68.4	-10.94	10.13
1704	68.44	-10.91	10.14
1705	68.48	-10.87	10.13
1706	68.52	-10.83	10.13
1707	68.56	-10.8	10.12
1708	68.6	-10.77	10.13
1709	68.64	-10.75	10.14
1710	68.68	-10.73	10.14
1711	68.72	-10.71	10.16
1712	68.76	-10.68	10.16
1713	68.8	-10.66	10.19
1714	68.84	-10.64	10.24
1715	68.88	-10.61	10.28
1716	68.92	-10.58	10.37
1717	68.96	-10.56	10.43
1718	69	-10.54	10.48
1719	69.04	-10.52	10.53
1720	69.08	-10.5	10.56
1721	69.12	-10.47	10.61
1722	69.16	-10.45	10.64
1723	69.2	-10.43	10.69
1724	69.24	-10.41	10.76
1725	69.28	-10.4	10.8
1726	69.32	-10.39	10.88
1727	69.36	-10.36	10.95
1728	69.4	-10.34	10.99
1729	69.44	-10.31	11.04
1730	69.48	-10.27	11.08
1731	69.52	-10.24	11.09
1732	69.56	-10.21	11.11
1733	69.6	-10.18	11.12
1734	69.64	-10.15	11.12
1735	69.68	-10.1	11.14
1736	69.72	-10.06	11.12
1737	69.76	-10.01	11.11
1738	69.8	-9.98	11.09
1739	69.84	-9.96	11.09
1740	69.88	-9.95	11.11
1741	69.92	-9.94	11.13
1742	69.96	-9.94	11.14
1743	70	-9.94	11.13
1744	70.04	-9.93	11.11
1745	70.08	-9.93	11.08
1746	70.12	-9.94	11.05
1747	70.16	-9.93	11.04
1748	70.2	-9.93	11.01
1749	70.24	-9.92	11.01
1750	70.28	-9.91	11
1751	70.32	-9.9	11
1752	70.36	-9.9	10.98
1753	70.4	-9.9	10.96
1754	70.44	-9.9	10.94
1755	70.48	-9.92	10.92
1756	70.52	-9.93	10.92
1757	70.56	-9.95	10.91
1758	70.6	-9.97	10.92
1759	70.64	-9.99	10.94
1760	70.68	-10.01	10.95
1761	70.72	-10.03	10.96
1762	70.76	-10.05	10.97
1763	70.8	-10.07	10.95
1764	70.84	-10.1	10.92
1765	70.88	-10.16	10.88
1766	70.92	-10.24	10.85
1767	70.96	-10.33	10.83
1768	71	-10.4	10.82
1769	71.04	-10.43	10.8
1770	71.08	-10.43	10.76
1771	71.12	-10.43	10.7
1772	71.16	-10.44	10.64
1773	71.2	-10.46	10.58
1774	71.24	-10.51	10.55
1775	71.28	-10.56	10.54
1776	71.32	-10.62	10.52
1777	71.36	-10.68	10.52
1778	71.4	-10.74	10.52
1779	71.44	-10.8	10.53
1780	71.48	-10.86	10.54
1781	71.52	-10.94	10.56
1782	71.56	-11.04	10.58
1783	71.6	-11.16	10.6
1784	71.64	-11.3	10.62
1785	71.68	-11.42	10.63
1786	71.72	-11.52	10.62
1787	71.76	-11.58	10.61
1788	71.8	-11.62	10.59
1789	71.84	-11.66	10.58
1790	71.88	-11.71	10.57
1791	71.92	-11.76	10.58
1792	71.96	-11.81	10.58
1793	72	-11.85	10.57
1794	72.04	-11.91	10.55
1795	72.08	-11.96	10.53
1796	72.12	-12	10.52
1797	72.16	-12.04	10.51
1798	72.2	-12.04	10.51
1799	72.24	-12.04	10.51
1800	72.28	-12.04	10.52
1801	72.32	-12.02	10.52
1802	72.36	-11.99	10.51
1803	72.4	-11.95	10.5
1804	72.44	-11.91	10.47
1805	72.48	-11.87	10.45
1806	72.52	-11.86	10.44
1807	72.56	-11.83	10.42
1808	72.6	-11.81	10.42
1809	72.64	-11.8	10.4
1810	72.68	-11.81	10.38
1811	72.72	-11.8	10.33
1812	72.76	-11.78	10.26
1813	72.8	-11.77	10.19
1814	72.84	-11.75	10.12
1815	72.88	-11.77	10.08
1816	72.92	-11.81	10.04
1817	72.96	-11.85	10.01
1818	73	-11.88	9.99
1819	73.04	-11.94	9.98
1820	73.08	-12	9.98
1821	73.12	-12.07	9.97
1822	73.16	-12.12	9.97
1823	73.2	-12.18	9.96
1824	73.24	-12.21	9.94
1825	73.28	-12.24	9.94
1826	73.32	-12.24	9.94
1827	73.36	-12.26	9.95
1828	73.4	-12.28	9.96
1829	73.44	-12.27	9.95
1830	73.48	-12.26	9.97
1831	73.52	-12.19	9.97
1832	73.56	-12.09	9.97
1833	73.6	-11.96	9.97
1834	73.64	-11.83	9.94
1835	73.68	-11.71	9.89
1836	73.72	-11.57	9.83
1837	73.76	-11.47	9.73
1838	73.8	-11.37	9.61
1839	73.84	-11.28	9.49
1840	73.88	-11.22	9.38
1841	73.92	-11.14	9.32
1842	73.96	-11.06	9.28
1843	74	-10.98	9.25
1844	74.04	-10.92	9.2
1845	74.08	-10.88	9.13
1846	74.12	-10.84	9.06
1847	74.16	-10.78	9.04
1848	74.2	-10.71	9.04
1849	74.24	-10.64	9.06
1850	74.28	-10.6	9.08
1851	74.32	-10.59	9.07
1852	74.36	-10.58	9.07
1853	74.4	-10.58	9.07
1854	74.44	-10.58	9.07
1855	74.48	-10.58	9.07
1856	74.52	-10.6	9.07
1857	74.56	-10.62	9.05
1858	74.6	-10.66	9.03
1859	74.64	-10.69	9.01
1860	74.68	-10.71	9
1861	74.72	-10.72	9
1862	74.76	-10.72	9.01
1863	74.8	-10.7	9.02
1864	74.84	-10.71	9.02
1865	74.88	-10.71	9.01
1866	74.92	-10.71	8.99
1867	74.96	-10.71	8.95
1868	75	-10.68	8.9
1869	75.04	-10.65	8.84
1870	75.08	-10.6	8.78
1871	75.12	-10.56	8.71
1872	75.16	-10.52	8.66
1873	75.2	-10.5	8.58
1874	75.24	-10.49	8.53
1875	75.28	-10.49	8.47
1876	75.32	-10.51	8.39
1877	75.36	-10.52	8.29
1878	75.4	-10.56	8.13
1879	75.44	-10.59	7.98
1880	75.48	-10.62	7.8
1881	75.52	-10.64	7.67
1882	75.56	-10.64	7.59
1883	75.6	-10.65	7.53
1884	75.64	-10.64	7.52
1885	75.68	-10.63	7.51
1886	75.72	-10.64	7.51
1887	75.76	-10.64	7.52
1888	75.8	-10.64	7.52
1889	75.84	-10.64	7.51
1890	75.88	-10.64	7.52
1891	75.92	-10.64	7.51
1892	75.96	-10.64	7.51
1893	76	-10.63	7.51
1894	76.04	-10.63	7.5
1895	76.08	-10.63	7.5
1896	76.12	-10.62	7.5
1897	76.16	-10.61	7.51
1898	76.2	-10.6	7.51
1899	76.24	-10.6	7.51
1900	76.28	-10.59	7.52
1901	76.32	-10.59	7.51
1902	76.36	-10.59	7.52
1903	76.4	-10.59	7.52
1904	76.44	-10.59	7.51
1905	76.48	-10.6	7.53
1906	76.52	-10.6	7.55
1907	76.56	-10.6	7.57
1908	76.6	-10.6	7.58
1909	76.64	-10.6	7.58
1910	76.68	-10.6	7.57
1911	76.72	-10.59	7.57
1912	76.76	-10.59	7.56
1913	76.8	-10.6	7.55
1914	76.84	-10.59	7.58
1915	76.88	-10.59	7.62
1916	76.92	-10.59	7.65
1917	76.96	-10.57	7.7
1918	77	-10.58	7.7
1919	77.04	-10.59	7.71
1920	77.08	-10.6	7.73
1921	77.12	-10.62	7.75
1922	77.16	-10.64	7.77
1923	77.2	-10.66	7.76
1924	77.24	-10.68	7.74
1925	77.28	-10.68	7.71
1926	77.32	-10.69	7.69
1927	77.36	-10.7	7.68
1928	77.4	-10.68	7.69
1929	77.44	-10.67	7.7
1930	77.48	-10.65	7.71
1931	77.52	-10.6	7.77
1932	77.56	-10.56	7.83
1933	77.6	-10.5	7.89
1934	77.64	-10.45	7.96
1935	77.68	-10.4	7.99
1936	77.72	-10.36	8.01
1937	77.76	-10.31	8.06
1938	77.8	-10.27	8.1
1939	77.84	-10.24	8.13
1940	77.88	-10.22	8.13
1941	77.92	-10.21	8.11
1942	77.96	-10.2	8.09
1943	78	-10.19	8.05
1944	78.04	-10.16	8.04
1945	78.08	-10.12	8.02
1946	78.12	-10.09	8
1947	78.16	-10.06	7.98
1948	78.2	-10.04	7.97
1949	78.24	-10.02	7.95
1950	78.28	-10	7.92
1951	78.32	-9.97	7.9
1952	78.36	-9.93	7.88
1953	78.4	-9.89	7.86
1954	78.44	-9.85	7.85
1955	78.48	-9.81	7.84
1956	78.52	-9.78	7.82
1957	78.56	-9.74	7.8
1958	78.6	-9.69	7.79
1959	78.64	-9.65	7.77
1960	78.68	-9.61	7.73
1961	78.72	-9.59	7.7
1962	78.76	-9.57	7.62
1963	78.8	-9.55	7.56
1964	78.84	-9.53	7.52
1965	78.88	-9.51	7.5
1966	78.92	-9.51	7.51
1967	78.96	-9.5	7.53
1968	79	-9.48	7.54
1969	79.04	-9.44	7.54
1970	79.08	-9.41	7.57
1971	79.12	-9.4	7.58
1972	79.16	-9.43	7.62
1973	79.2	-9.48	7.65
1974	79.24	-9.53	7.69
1975	79.28	-9.55	7.75
1976	79.32	-9.55	7.82
1977	79.36	-9.51	7.9
1978	79.4	-9.46	7.98
1979	79.44	-9.4	8.05
1980	79.48	-9.34	8.11
1981	79.52	-9.31	8.18
1982	79.56	-9.26	8.21
1983	79.6	-9.22	8.27
1984	79.64	-9.19	8.3
1985	79.68	-9.17	8.35
1986	79.72	-9.19	8.44
1987	79.76	-9.21	8.51
1988	79.8	-9.22	8.59
1989	79.84	-9.2	8.62
1990	79.88	-9.18	8.63
1991	79.92	-9.15	8.65
1992	79.96	-9.14	8.67
1993	80	-9.14	8.72
1994	80.04	-9.15	8.78
1995	80.08	-9.15	8.84
1996	80.12	-9.16	8.91
1997	80.16	-9.17	8.99
1998	80.2	-9.17	9.05
1999	80.24	-9.18	9.12
2000	80.28	-9.19	9.17
2001	80.32	-9.19	9.19
2002	80.36	-9.19	9.2
2003	80.4	-9.19	9.2
2004	80.44	-9.18	9.2
2005	80.48	-9.18	9.22
2006	80.52	-9.18	9.25
2007	80.56	-9.2	9.28
2008	80.6	-9.21	9.31
2009	80.64	-9.22	9.33
2010	80.68	-9.23	9.34
2011	80.72	-9.22	9.35
2012	80.76	-9.22	9.36
2013	80.8	-9.21	9.38
2014	80.84	-9.2	9.39
2015	80.88	-9.2	9.4
2016	80.92	-9.19	9.43
2017	80.96	-9.19	9.45
2018	81	-9.18	9.48
2019	81.04	-9.18	9.53
2020	81.08	-9.17	9.56
2021	81.12	-9.16	9.61
2022	81.16	-9.16	9.67
2023	81.2	-9.14	9.72
2024	81.24	-9.12	9.77
2025	81.28	-9.09	9.79
2026	81.32	-9.07	9.78
2027	81.36	-9.05	9.77
2028	81.4	-9.04	9.75
2029	81.44	-9.04	9.75
2030	81.48	-9.04	9.74
2031	81.52	-9.05	9.75
2032	81.56	-9.05	9.75
2033	81.6	-9.06	9.76
2034	81.64	-9.07	9.78
2035	81.68	-9.08	9.79
2036	81.72	-9.09	9.82
2037	81.76	-9.11	9.87
2038	81.8	-9.13	9.92
2039	81.84	-9.13	10.01
2040	81.88	-9.1	10.12
2041	81.92	-9.09	10.21
2042	81.96	-9.09	10.33
2043	82	-9.11	10.43
2044	82.04	-9.15	10.52
2045	82.08	-9.19	10.6
2046	82.12	-9.2	10.66
2047	82.16	-9.21	10.7
2048	82.2	-9.21	10.78
2049	82.24	-9.19	10.86
2050	82.28	-9.18	10.96
2051	82.32	-9.17	11.06
2052	82.36	-9.16	11.14
2053	82.4	-9.16	11.22
2054	82.44	-9.16	11.27
2055	82.48	-9.16	11.31
2056	82.52	-9.16	11.33
2057	82.56	-9.16	11.34
2058	82.6	-9.16	11.35
2059	82.64	-9.17	11.37
2060	82.68	-9.2	11.39
2061	82.72	-9.25	11.42
2062	82.76	-9.31	11.42
2063	82.8	-9.37	11.42
2064	82.84	-9.4	11.42
2065	82.88	-9.4	11.42
2066	82.92	-9.38	11.45
2067	82.96	-9.34	11.49
2068	83	-9.3	11.54
2069	83.04	-9.28	11.6
2070	83.08	-9.29	11.65
2071	83.12	-9.32	11.68
2072	83.16	-9.35	11.7
2073	83.2	-9.37	11.7
2074	83.24	-9.38	11.7
2075	83.28	-9.37	11.69
2076	83.32	-9.36	11.68
2077	83.36	-9.36	11.65
2078	83.4	-9.36	11.65
2079	83.44	-9.36	11.65
2080	83.48	-9.38	11.66
2081	83.52	-9.38	11.65
2082	83.56	-9.38	11.64
2083	83.6	-9.38	11.64
2084	83.64	-9.38	11.64
2085	83.68	-9.36	11.66
2086	83.72	-9.35	11.69
2087	83.76	-9.33	11.73
2088	83.8	-9.32	11.77
2089	83.84	-9.31	11.81
2090	83.88	-9.3	11.85
2091	83.92	-9.3	11.89
2092	83.96	-9.29	11.93
2093	84	-9.29	11.97
2094	84.04	-9.3	12
2095	84.08	-9.3	12.01
2096	84.12	-9.3	12.02
2097	84.16	-9.32	12.02
2098	84.2	-9.34	12.02
2099	84.24	-9.36	12.03
2100	84.28	-9.39	12.04
2101	84.32	-9.42	12.04
2102	84.36	-9.45	12.04
2103	84.4	-9.48	12.05
2104	84.44	-9.49	12.04
2105	84.48	-9.5	12.03
2106	84.52	-9.52	12.02
2107	84.56	-9.55	12.01
2108	84.6	-9.58	12.01
2109	84.64	-9.61	12.01
2110	84.68	-9.62	12.02
2111	84.72	-9.63	12.02
2112	84.76	-9.63	12.02
2113	84.8	-9.63	12.02
2114	84.84	-9.63	12.02
2115	84.88	-9.61	12.02
2116	84.92	-9.58	12.03
2117	84.96	-9.55	12.04
2118	85	-9.53	12.06
2119	85.04	-9.48	12.07
2120	85.08	-9.43	12.1
2121	85.12	-9.35	12.12
2122	85.16	-9.29	12.14
2123	85.2	-9.24	12.16
2124	85.24	-9.2	12.19
2125	85.28	-9.17	12.21
2126	85.32	-9.15	12.22
2127	85.36	-9.12	12.22
2128	85.4	-9.13	12.2
2129	85.44	-9.13	12.19
2130	85.48	-9.13	12.21
2131	85.52	-9.12	12.23
2132	85.56	-9.1	12.27
2133	85.6	-9.08	12.31
2134	85.64	-9.08	12.33
2135	85.68	-9.09	12.34
2136	85.72	-9.1	12.35
2137	85.76	-9.11	12.37
2138	85.8	-9.12	12.39
2139	85.84	-9.1	12.44
2140	85.88	-9.08	12.48
2141	85.92	-9.07	12.56
2142	85.96	-9.08	12.65
2143	86	-9.11	12.71
2144	86.04	-9.17	12.77
2145	86.08	-9.24	12.77
2146	86.12	-9.27	12.75
2147	86.16	-9.3	12.74
2148	86.2	-9.29	12.75
2149	86.24	-9.26	12.77
2150	86.28	-9.22	12.81
2151	86.32	-9.17	12.83
2152	86.36	-9.15	12.86
2153	86.4	-9.15	12.87
2154	86.44	-9.15	12.88
2155	86.48	-9.15	12.88
2156	86.52	-9.12	12.87
2157	86.56	-9.07	12.9
2158	86.6	-9.04	12.92
2159	86.64	-9.01	12.96
2160	86.68	-9	12.97
2161	86.72	-9	12.98
2162	86.76	-9	12.97
2163	86.8	-9.01	12.95
2164	86.84	-9.03	12.92
2165	86.88	-9.06	12.89
2166	86.92	-9.11	12.85
2167	86.96	-9.16	12.82
2168	87	-9.18	12.81
2169	87.04	-9.18	12.83
2170	87.08	-9.17	12.86
2171	87.12	-9.15	12.88
2172	87.16	-9.13	12.89
2173	87.2	-9.12	12.88
2174	87.24	-9.11	12.87
2175	87.28	-9.12	12.85
2176	87.32	-9.11	12.86
2177	87.36	-9.11	12.86
2178	87.4	-9.1	12.88
2179	87.44	-9.1	12.89
2180	87.48	-9.09	12.89
2181	87.52	-9.08	12.9
2182	87.56	-9.06	12.92
2183	87.6	-9.03	12.94
2184	87.64	-9.02	12.96
2185	87.68	-9	13.02
2186	87.72	-9	13.11
2187	87.76	-9.01	13.23
2188	87.8	-9.03	13.34
2189	87.84	-9.08	13.4
2190	87.88	-9.12	13.43
2191	87.92	-9.12	13.44
2192	87.96	-9.09	13.43
2193	88	-9.03	13.41
2194	88.04	-8.97	13.39
2195	88.08	-8.93	13.38
2196	88.12	-8.95	13.42
2197	88.16	-9	13.46
2198	88.2	-9.08	13.55
2199	88.24	-9.16	13.62
2200	88.28	-9.21	13.66
2201	88.32	-9.2	13.68
2202	88.36	-9.18	13.67
2203	88.4	-9.14	13.66
2204	88.44	-9.14	13.66
2205	88.48	-9.15	13.7
2206	88.52	-9.21	13.78
2207	88.56	-9.27	13.88
2208	88.6	-9.31	13.99
2209	88.64	-9.35	14.05
2210	88.68	-9.36	14.09
2211	88.72	-9.37	14.11
2212	88.76	-9.38	14.13
2213	88.8	-9.4	14.14
2214	88.84	-9.42	14.15
2215	88.88	-9.42	14.17
2216	88.92	-9.44	14.17
2217	88.96	-9.45	14.21
2218	89	-9.48	14.23
2219	89.04	-9.5	14.27
2220	89.08	-9.54	14.3
2221	89.12	-9.56	14.32
2222	89.16	-9.58	14.35
2223	89.2	-9.62	14.37
2224	89.24	-9.64	14.4
2225	89.28	-9.67	14.42
2226	89.32	-9.66	14.43
2227	89.36	-9.65	14.45
2228	89.4	-9.62	14.47
2229	89.44	-9.61	14.49
2230	89.48	-9.63	14.54
2231	89.52	-9.66	14.57
2232	89.56	-9.67	14.6
2233	89.6	-9.67	14.66
2234	89.64	-9.67	14.69
2235	89.68	-9.66	14.72
2236	89.72	-9.66	14.73
2237	89.76	-9.66	14.71
2238	89.8	-9.67	14.71
2239	89.84	-9.67	14.69
2240	89.88	-9.67	14.68
2241	89.92	-9.67	14.66
2242	89.96	-9.66	14.65
2243	90	-9.66	14.66
2244	90.04	-9.65	14.67
2245	90.08	-9.66	14.68
2246	90.12	-9.67	14.7
2247	90.16	-9.69	14.74
2248	90.2	-9.72	14.78
2249	90.24	-9.77	14.86
2250	90.28	-9.83	14.96
2251	90.32	-9.89	15.05
2252	90.36	-9.94	15.12
2253	90.4	-9.98	15.18
2254	90.44	-10.01	15.2
2255	90.48	-10.03	15.22
2256	90.52	-10.04	15.24
2257	90.56	-10.04	15.24
2258	90.6	-10.05	15.25
2259	90.64	-10.05	15.26
2260	90.68	-10.05	15.25
2261	90.72	-10.04	15.26
2262	90.76	-10.02	15.27
2263	90.8	-9.99	15.27
2264	90.84	-9.96	15.29
2265	90.88	-9.95	15.29
2266	90.92	-9.94	15.3
2267	90.96	-9.95	15.31
2268	91	-9.97	15.36
2269	91.04	-9.98	15.43
2270	91.08	-9.95	15.52
2271	91.12	-9.93	15.64
2272	91.16	-9.93	15.74
2273	91.2	-9.93	15.79
2274	91.24	-9.97	15.84
2275	91.28	-9.99	15.85
2276	91.32	-9.99	15.84
2277	91.36	-9.99	15.83
2278	91.4	-9.97	15.81
2279	91.44	-9.97	15.8
2280	91.48	-9.96	15.8
2281	91.52	-9.95	15.8
2282	91.56	-9.95	15.8
2283	91.6	-9.95	15.81
2284	91.64	-9.95	15.81
2285	91.68	-9.95	15.81
2286	91.72	-9.94	15.82
2287	91.76	-9.94	15.83
2288	91.8	-9.93	15.82
2289	91.84	-9.93	15.82
2290	91.88	-9.94	15.83
2291	91.92	-9.94	15.83
2292	91.96	-9.93	15.83
2293	92	-9.92	15.84
2294	92.04	-9.92	15.85
2295	92.08	-9.93	15.87
2296	92.12	-9.93	15.9
2297	92.16	-9.91	15.91
2298	92.2	-9.89	15.9
2299	92.24	-9.87	15.89
2300	92.28	-9.86	15.88
2301	92.32	-9.84	15.87
2302	92.36	-9.85	15.87
2303	92.4	-9.84	15.86
2304	92.44	-9.84	15.86
2305	92.48	-9.84	15.87
2306	92.52	-9.84	15.86
2307	92.56	-9.84	15.86
2308	92.6	-9.84	15.86
2309	92.64	-9.85	15.85
2310	92.68	-9.86	15.86
2311	92.72	-9.87	15.87
2312	92.76	-9.88	15.87
2313	92.8	-9.88	15.88
2314	92.84	-9.88	15.89
2315	92.88	-9.88	15.89
2316	92.92	-9.89	15.89
2317	92.96	-9.89	15.89
2318	93	-9.9	15.89
2319	93.04	-9.9	15.9
2320	93.08	-9.91	15.9
2321	93.12	-9.9	15.9
2322	93.16	-9.9	15.9
2323	93.2	-9.91	15.91
2324	93.24	-9.9	15.9
2325	93.28	-9.91	15.91
2326	93.32	-9.91	15.9
2327	93.36	-9.91	15.9
2328	93.4	-9.92	15.91
2329	93.44	-9.92	15.91
2330	93.48	-9.93	15.91
2331	93.52	-9.93	15.91
2332	93.56	-9.93	15.91
2333	93.6	-9.93	15.91
2334	93.64	-9.93	15.92
2335	93.68	-9.93	15.92
2336	93.72	-9.92	15.91
2337	93.76	-9.91	15.9
2338	93.8	-9.91	15.88
2339	93.84	-9.9	15.87
2340	93.88	-9.9	15.86
2341	93.92	-9.89	15.85
2342	93.96	-9.89	15.85
2343	94	-9.9	15.85
2344	94.04	-9.89	15.85
2345	94.08	-9.89	15.85
2346	94.12	-9.89	15.85
2347	94.16	-9.89	15.85
2348	94.2	-9.9	15.86
2349	94.24	-9.9	15.86
2350	94.28	-9.91	15.86
2351	94.32	-9.91	15.87
2352	94.36	-9.91	15.86
2353	94.39	-9.9	15.86
2354	94.44	-9.9	15.86
2355	94.48	-9.9	15.86
2356	94.52	-9.89	15.86
2357	94.56	-9.9	15.87
2358	94.59	-9.9	15.86
2359	94.63	-9.89	15.86
2360	94.67	-9.89	15.85
2361	94.72	-9.89	15.84
2362	94.75	-9.89	15.85
2363	94.79	-9.89	15.85
2364	94.83	-9.9	15.86
2365	94.87	-9.9	15.86
2366	94.91	-9.89	15.85
2367	94.95	-9.89	15.85
2368	94.99	-9.9	15.85
2369	95.03	-9.9	15.85
2370	95.07	-9.9	15.84
2371	95.12	-9.9	15.84
2372	95.15	-9.9	15.84
2373	95.19	-9.9	15.84
2374	95.23	-9.9	15.85
2375	95.27	-9.89	15.85
2376	95.31	-9.9	15.85
2377	95.35	-9.9	15.85
2378	95.39	-9.9	15.84
2379	95.43	-9.9	15.85
2380	95.47	-9.91	15.85
2381	95.51	-9.91	15.86
2382	95.55	-9.9	15.85
2383	95.59	-9.91	15.85
2384	95.63	-9.9	15.85
2385	95.67	-9.9	15.84
2386	95.71	-9.91	15.85
2387	95.75	-9.91	15.85
2388	95.79	-9.91	15.85
2389	95.83	-9.91	15.86
2390	95.87	-9.91	15.86
2391	95.91	-9.91	15.86
2392	95.95	-9.9	15.86
2393	95.99	-9.9	15.86
2394	96.03	-9.9	15.86
2395	96.07	-9.9	15.86
2396	96.11	-9.91	15.87
2397	96.15	-9.91	15.87
2398	96.19	-9.92	15.87
2399	96.23	-9.94	15.89
2400	96.27	-9.98	15.9
2401	96.31	-10.06	15.91
2402	96.35	-10.12	15.91
2403	96.39	-10.18	15.91
2404	96.43	-10.22	15.91
2405	96.47	-10.25	15.91
2406	96.51	-10.29	15.92
2407	96.55	-10.32	15.9
2408	96.59	-10.36	15.89
2409	96.63	-10.43	15.86
2410	96.67	-10.51	15.82
2411	96.71	-10.58	15.8
2412	96.75	-10.63	15.76
2413	96.79	-10.65	15.77
2414	96.83	-10.66	15.79
2415	96.87	-10.69	15.86
2416	96.91	-10.71	15.92
2417	96.95	-10.69	15.94
2418	96.99	-10.68	15.96
2419	97.03	-10.67	15.96
2420	97.07	-10.67	16.01
2421	97.11	-10.69	16.04
2422	97.15	-10.67	16.06
2423	97.19	-10.62	16.07
2424	97.23	-10.55	16.04
2425	97.27	-10.46	16
2426	97.31	-10.39	15.97
2427	97.35	-10.32	15.92
2428	97.39	-10.27	15.89
2429	97.43	-10.26	15.88
2430	97.47	-10.25	15.88
2431	97.51	-10.26	15.89
2432	97.55	-10.27	15.91
2433	97.59	-10.28	15.93
2434	97.63	-10.28	15.93
2435	97.67	-10.28	15.93
2436	97.71	-10.27	15.93
2437	97.75	-10.27	15.93
2438	97.79	-10.27	15.94
2439	97.83	-10.25	15.95
2440	97.87	-10.23	15.97
2441	97.91	-10.21	15.98
2442	97.95	-10.21	15.98
2443	97.99	-10.22	15.99
2444	98.03	-10.23	15.96
2445	98.07	-10.24	15.94
2446	98.12	-10.25	15.93
2447	98.15	-10.26	15.92
2448	98.19	-10.28	15.93
2449	98.23	-10.32	15.95
2450	98.27	-10.34	15.96
2451	98.31	-10.37	15.98
2452	98.35	-10.37	15.98
2453	98.39	-10.36	15.97
2454	98.43	-10.36	15.97
2455	98.47	-10.36	15.96
2456	98.51	-10.38	15.95
2457	98.55	-10.4	15.93
2458	98.59	-10.42	15.9
2459	98.63	-10.42	15.87
2460	98.67	-10.43	15.85
2461	98.71	-10.43	15.84
2462	98.75	-10.43	15.84
2463	98.79	-10.43	15.84
2464	98.83	-10.43	15.84
2465	98.87	-10.43	15.84
2466	98.91	-10.44	15.84
2467	98.95	-10.44	15.85
2468	98.99	-10.45	15.86
2469	99.03	-10.45	15.87
2470	99.07	-10.45	15.87
2471	99.11	-10.46	15.87
2472	99.15	-10.46	15.87
2473	99.19	-10.47	15.86
2474	99.23	-10.47	15.85
2475	99.27	-10.48	15.85
2476	99.31	-10.5	15.85
2477	99.35	-10.51	15.85
2478	99.39	-10.52	15.85
2479	99.43	-10.53	15.84
2480	99.47	-10.53	15.85
2481	99.51	-10.53	15.84
2482	99.55	-10.53	15.84
2483	99.59	-10.52	15.83
2484	99.63	-10.52	15.83
2485	99.67	-10.52	15.82
2486	99.71	-10.51	15.82
2487	99.75	-10.51	15.83
2488	99.79	-10.51	15.83
2489	99.83	-10.51	15.84
2490	99.87	-10.51	15.84
2491	99.91	-10.51	15.84
2492	99.95	-10.51	15.84
2493	99.99	-10.5	15.85
2494	100.03	-10.5	15.86
2495	100.07	-10.49	15.87
2496	100.11	-10.49	15.87
2497	100.15	-10.5	15.88
2498	100.19	-10.5	15.88
2499	100.23	-10.51	15.88
2500	100.27	-10.51	15.88
2501	100.31	-10.5	15.88
2502	100.35	-10.5	15.89
2503	100.39	-10.5	15.89
2504	100.43	-10.5	15.89
2505	100.47	-10.5	15.89
2506	100.51	-10.49	15.89
2507	100.55	-10.49	15.9
2508	100.59	-10.48	15.91
2509	100.63	-10.48	15.91
2510	100.67	-10.48	15.92
2511	100.71	-10.48	15.92
2512	100.75	-10.48	15.93
2513	100.79	-10.48	15.93
2514	100.83	-10.48	15.93
2515	100.87	-10.47	15.93
2516	100.91	-10.47	15.93
2517	100.95	-10.47	15.93
2518	100.99	-10.47	15.94
2519	101.03	-10.47	15.94
2520	101.07	-10.47	15.94
2521	101.11	-10.47	15.95
2522	101.15	-10.46	15.94
2523	101.19	-10.47	15.94
2524	101.23	-10.46	15.94
2525	101.27	-10.46	15.94
2526	101.31	-10.46	15.94
2527	101.35	-10.45	15.94
2528	101.39	-10.45	15.93
2529	101.43	-10.45	15.93
2530	101.47	-10.44	15.93
2531	101.51	-10.44	15.93
2532	101.55	-10.44	15.94
2533	101.59	-10.44	15.94
2534	101.63	-10.44	15.95
2535	101.67	-10.45	15.96
2536	101.71	-10.45	15.96
2537	101.75	-10.45	15.96
2538	101.79	-10.44	15.97
2539	101.83	-10.43	15.98
2540	101.87	-10.43	15.99
2541	101.91	-10.43	16.02
2542	101.95	-10.43	16.03
2543	101.99	-10.42	16.05
2544	102.03	-10.41	16.06
2545	102.07	-10.4	16.07
2546	102.11	-10.38	16.09
2547	102.15	-10.37	16.1
2548	102.19	-10.36	16.12
2549	102.23	-10.35	16.13
2550	102.27	-10.36	16.12
2551	102.31	-10.36	16.11
2552	102.35	-10.35	16.1
2553	102.39	-10.35	16.1
2554	102.43	-10.35	16.1
2555	102.47	-10.34	16.11
2556	102.51	-10.33	16.1
2557	102.55	-10.32	16.1
2558	102.59	-10.3	16.11
2559	102.63	-10.3	16.11
2560	102.67	-10.29	16.12
2561	102.71	-10.27	16.13
2562	102.75	-10.26	16.16
2563	102.79	-10.24	16.18
2564	102.83	-10.24	16.2
2565	102.87	-10.25	16.19
2566	102.91	-10.26	16.18
2567	102.95	-10.26	16.17
2568	102.99	-10.27	16.15
2569	103.03	-10.27	16.15
2570	103.07	-10.25	16.14
2571	103.11	-10.25	16.13
2572	103.15	-10.24	16.13
2573	103.19	-10.23	16.12
2574	103.26	-10.23	16.12
2575	103.31	-10.23	16.13
2576	103.35	-10.22	16.13
2577	103.39	-10.22	16.14
2578	103.43	-10.21	16.14
2579	103.47	-10.21	16.13
2580	103.51	-10.21	16.12
2581	103.55	-10.21	16.11
2582	103.59	-10.21	16.1
2583	103.63	-10.21	16.1
2584	103.67	-10.21	16.1
2585	103.71	-10.22	16.11
2586	103.75	-10.21	16.12
2587	103.79	-10.21	16.12
2588	103.83	-10.21	16.12
2589	103.87	-10.21	16.12
2590	103.91	-10.22	16.13
2591	103.95	-10.22	16.14
2592	103.99	-10.22	16.14
2593	104.03	-10.22	16.15
2594	104.07	-10.22	16.15
2595	104.11	-10.22	16.15
2596	104.15	-10.22	16.15
2597	104.19	-10.22	16.15
2598	104.23	-10.21	16.14
2599	104.27	-10.2	16.14
2600	104.31	-10.2	16.14
2601	104.35	-10.2	16.14
2602	104.39	-10.21	16.14
2603	104.43	-10.21	16.14
2604	104.47	-10.22	16.15
2605	104.51	-10.21	16.15
2606	104.55	-10.21	16.15
2607	104.59	-10.21	16.14
2608	104.63	-10.2	16.15
2609	104.67	-10.2	16.15
2610	104.71	-10.2	16.16
2611	104.75	-10.19	16.16
2612	104.79	-10.19	16.16
2613	104.83	-10.19	16.17
2614	104.87	-10.19	16.18
2615	104.91	-10.2	16.18
2616	104.95	-10.19	16.17
2617	104.99	-10.18	16.16
2618	105.03	-10.16	16.14
2619	105.07	-10.14	16.11
2620	105.11	-10.11	16.08
2621	105.15	-10.08	16.05
2622	105.19	-10.07	16.03
2623	105.23	-10.06	16.03
2624	105.27	-10.08	16.03
2625	105.31	-10.09	16.04
2626	105.35	-10.11	16.03
2627	105.39	-10.1	16.03
2628	105.43	-10.1	16.03
2629	105.47	-10.09	16.04
2630	105.51	-10.09	16.04
2631	105.55	-10.09	16.04
2632	105.59	-10.09	16.03
2633	105.63	-10.09	16.03
2634	105.67	-10.1	16.05
2635	105.71	-10.11	16.08
2636	105.75	-10.15	16.09
2637	105.79	-10.2	16.12
2638	105.83	-10.26	16.14
2639	105.87	-10.3	16.17
2640	105.91	-10.33	16.22
2641	105.95	-10.33	16.26
2642	105.99	-10.34	16.28
2643	106.03	-10.34	16.28
2644	106.07	-10.33	16.26
2645	106.11	-10.32	16.22
2646	106.15	-10.3	16.19
2647	106.19	-10.28	16.18
2648	106.23	-10.28	16.16
2649	106.27	-10.27	16.15
2650	106.31	-10.27	16.15
2651	106.35	-10.28	16.15
2652	106.39	-10.28	16.15
2653	106.43	-10.27	16.15
2654	106.47	-10.28	16.14
2655	106.51	-10.28	16.15
2656	106.55	-10.28	16.14
2657	106.59	-10.28	16.14
2658	106.63	-10.27	16.13
2659	106.67	-10.27	16.13
2660	106.71	-10.27	16.13
2661	106.77	-10.27	16.14
2662	106.83	-10.29	16.14
2663	106.87	-10.28	16.14
2664	106.91	-10.27	16.14
2665	106.95	-10.28	16.13
2666	106.99	-10.28	16.13
2667	107.03	-10.3	16.13
2668	107.07	-10.32	16.15
2669	107.11	-10.33	16.18
2670	107.15	-10.33	16.21
2671	107.19	-10.34	16.24
2672	107.23	-10.35	16.24
2673	107.27	-10.35	16.25
2674	107.31	-10.36	16.25
2675	107.35	-10.36	16.24
2676	107.39	-10.37	16.23
2677	107.43	-10.37	16.21
2678	107.47	-10.35	16.2
2679	107.51	-10.34	16.19
2680	107.55	-10.33	16.18
2681	107.59	-10.33	16.17
2682	107.63	-10.36	16.18
2683	107.67	-10.39	16.2
2684	107.71	-10.43	16.24
2685	107.75	-10.49	16.28
2686	107.79	-10.53	16.3
2687	107.83	-10.57	16.3
2688	107.87	-10.57	16.27
2689	107.91	-10.55	16.23
2690	107.95	-10.55	16.21
2691	107.99	-10.53	16.18
2692	108.03	-10.52	16.21
2693	108.07	-10.52	16.23
2694	108.11	-10.51	16.23
2695	108.15	-10.51	16.25
2696	108.19	-10.5	16.22
2697	108.23	-10.5	16.21
2698	108.27	-10.5	16.22
2699	108.31	-10.5	16.2
2700	108.35	-10.51	16.2
2701	108.39	-10.5	16.19
2702	108.43	-10.5	16.17
2703	108.47	-10.49	16.17
2704	108.51	-10.48	16.17
2705	108.55	-10.47	16.16
2706	108.59	-10.47	16.17
2707	108.63	-10.47	16.16
2708	108.67	-10.47	16.17
2709	108.71	-10.47	16.17
2710	108.75	-10.46	16.16
2711	108.79	-10.46	16.17
2712	108.83	-10.46	16.17
2713	108.87	-10.45	16.18
2714	108.91	-10.45	16.19
2715	108.95	-10.45	16.19
2716	108.99	-10.45	16.19
2717	109.03	-10.45	16.19
2718	109.07	-10.45	16.19
2719	109.11	-10.45	16.2
2720	109.15	-10.45	16.19
2721	109.19	-10.45	16.19
2722	109.23	-10.45	16.19
2723	109.27	-10.46	16.19
2724	109.31	-10.46	16.19
2725	109.35	-10.45	16.19
2726	109.39	-10.45	16.2
2727	109.43	-10.45	16.2
2728	109.47	-10.45	16.2
2729	109.51	-10.45	16.19
2730	109.55	-10.45	16.19
2731	109.59	-10.45	16.2
2732	109.63	-10.46	16.21
2733	109.67	-10.46	16.22
2734	109.71	-10.47	16.22
2735	109.75	-10.46	16.21
2736	109.79	-10.46	16.21
2737	109.83	-10.45	16.2
2738	109.87	-10.44	16.21
2739	109.91	-10.44	16.21
2740	109.95	-10.44	16.22
2741	109.99	-10.44	16.23
2742	110.03	-10.44	16.23
2743	110.07	-10.45	16.23
2744	110.11	-10.45	16.23
2745	110.15	-10.45	16.23
2746	110.19	-10.45	16.22
2747	110.23	-10.45	16.23
2748	110.27	-10.44	16.23
2749	110.31	-10.44	16.23
2750	110.35	-10.44	16.24
2751	110.39	-10.44	16.24
2752	110.43	-10.44	16.24
2753	110.55	-10.44	16.24
2754	110.59	-10.43	16.24
2755	110.63	-10.44	16.25
2756	110.67	-10.43	16.24
2757	110.71	-10.43	16.24
2758	110.75	-10.42	16.24
2759	110.79	-10.42	16.24
2760	110.83	-10.43	16.25
2761	110.87	-10.43	16.25
2762	110.91	-10.45	16.25
2763	110.95	-10.45	16.25
2764	110.99	-10.45	16.25
2765	111.03	-10.45	16.25
2766	111.07	-10.45	16.25
2767	111.11	-10.45	16.25
2768	111.15	-10.45	16.25
2769	111.19	-10.45	16.25
2770	111.23	-10.45	16.25
2771	111.27	-10.45	16.24
2772	111.31	-10.46	16.26
2773	111.35	-10.48	16.28
2774	111.39	-10.5	16.33
2775	111.43	-10.53	16.36
2776	111.47	-10.55	16.38
2777	111.51	-10.56	16.39
2778	111.55	-10.57	16.4
2779	111.59	-10.56	16.4
2780	111.63	-10.56	16.4
2781	111.67	-10.56	16.39
2782	111.71	-10.56	16.38
2783	111.75	-10.56	16.38
2784	111.79	-10.57	16.37
2785	111.83	-10.57	16.38
2786	111.87	-10.57	16.38
2787	111.91	-10.58	16.39
2788	111.95	-10.58	16.4
2789	111.99	-10.58	16.39
2790	112.03	-10.58	16.4
2791	112.07	-10.57	16.4
2792	112.11	-10.56	16.39
2793	112.15	-10.56	16.39
2794	112.19	-10.56	16.38
2795	112.23	-10.56	16.37
2796	112.27	-10.56	16.37
2797	112.31	-10.56	16.37
2798	112.35	-10.56	16.38
2799	112.39	-10.55	16.38
2800	112.43	-10.56	16.39
2801	112.47	-10.55	16.38
2802	112.51	-10.55	16.37
2803	112.55	-10.55	16.37
2804	112.59	-10.54	16.36
2805	112.63	-10.54	16.36
2806	112.67	-10.53	16.36
2807	112.71	-10.53	16.36
2808	112.75	-10.54	16.35
2809	112.79	-10.53	16.35
2810	112.83	-10.52	16.36
2811	112.87	-10.51	16.35
2812	112.91	-10.51	16.36
2813	112.95	-10.51	16.37
2814	112.99	-10.52	16.38
2815	113.03	-10.53	16.39
2816	113.07	-10.54	16.41
2817	113.11	-10.57	16.44
2818	113.15	-10.6	16.47
2819	113.19	-10.63	16.49
2820	113.23	-10.67	16.51
2821	113.27	-10.7	16.5
2822	113.31	-10.73	16.49
2823	113.35	-10.75	16.5
2824	113.39	-10.77	16.5
2825	113.43	-10.78	16.5
2826	113.47	-10.78	16.5
2827	113.51	-10.76	16.49
2828	113.55	-10.78	16.49
2829	113.59	-10.79	16.48
2830	113.63	-10.8	16.47
2831	113.67	-10.79	16.46
2832	113.71	-10.76	16.47
2833	113.75	-10.73	16.48
2834	113.79	-10.72	16.48
2835	113.83	-10.72	16.48
2836	113.87	-10.73	16.46
2837	113.91	-10.74	16.46
2838	113.95	-10.75	16.47
2839	113.99	-10.75	16.47
2840	114.03	-10.76	16.47
2841	114.07	-10.76	16.46
2842	114.11	-10.77	16.45
2843	114.15	-10.77	16.44
2844	114.19	-10.77	16.44
2845	114.23	-10.78	16.44
2846	114.27	-10.79	16.45
2847	114.31	-10.8	16.46
2848	114.35	-10.81	16.47
2849	114.39	-10.81	16.48
2850	114.43	-10.81	16.48
2851	114.47	-10.82	16.48
2852	114.51	-10.82	16.48
2853	114.55	-10.82	16.48
2854	114.59	-10.83	16.49
2855	114.63	-10.83	16.5
2856	114.67	-10.83	16.5
2857	114.71	-10.84	16.5
2858	114.75	-10.85	16.5
2859	114.79	-10.85	16.51
2860	114.83	-10.86	16.52
2861	114.87	-10.86	16.52
2862	114.91	-10.85	16.51
2863	114.95	-10.85	16.51
2864	114.99	-10.85	16.49
2865	115.03	-10.85	16.49
2866	115.07	-10.86	16.49
2867	115.11	-10.87	16.5
2868	115.15	-10.89	16.52
2869	115.19	-10.9	16.53
2870	115.23	-10.9	16.55
2871	115.27	-10.89	16.53
2872	115.31	-10.87	16.53
2873	115.35	-10.86	16.53
2874	115.39	-10.84	16.52
2875	115.43	-10.83	16.54
2876	115.47	-10.82	16.55
2877	115.51	-10.8	16.54
2878	115.55	-10.8	16.52
2879	115.59	-10.78	16.5
2880	115.63	-10.79	16.49
2881	115.67	-10.79	16.5
2882	115.71	-10.8	16.51
2883	115.75	-10.8	16.52
2884	115.79	-10.8	16.53
2885	115.83	-10.8	16.54
2886	115.87	-10.8	16.53
2887	115.91	-10.79	16.53
2888	115.95	-10.79	16.53
2889	115.99	-10.78	16.52
2890	116.03	-10.78	16.53
2891	116.07	-10.78	16.54
2892	116.11	-10.79	16.55
2893	116.15	-10.79	16.55
2894	116.19	-10.79	16.55
2895	116.23	-10.78	16.54
2896	116.27	-10.79	16.54
2897	116.31	-10.79	16.57
2898	116.35	-10.8	16.58
2899	116.39	-10.8	16.59
2900	116.43	-10.79	16.61
2901	116.47	-10.79	16.61
2902	116.51	-10.78	16.62
2903	116.55	-10.79	16.64
2904	116.59	-10.79	16.64
2905	116.63	-10.78	16.63
2906	116.67	-10.78	16.61
2907	116.71	-10.77	16.6
2908	116.75	-10.77	16.59
2909	116.79	-10.76	16.59
2910	116.83	-10.77	16.6
2911	116.87	-10.77	16.6
2912	116.91	-10.76	16.58
2913	116.95	-10.76	16.56
2914	116.99	-10.75	16.54
2915	117.03	-10.74	16.52
2916	117.07	-10.73	16.51
2917	117.11	-10.72	16.5
2918	117.15	-10.71	16.48
2919	117.19	-10.7	16.47
2920	117.23	-10.7	16.46
2921	117.27	-10.7	16.46
2922	117.31	-10.7	16.46
2923	117.35	-10.71	16.47
2924	117.39	-10.7	16.48
2925	117.43	-10.72	16.49
2926	117.47	-10.73	16.49
2927	117.51	-10.75	16.51
2928	117.55	-10.77	16.54
2929	117.59	-10.79	16.57
2930	117.63	-10.79	16.57
2931	117.67	-10.78	16.58
2932	117.71	-10.77	16.57
2933	117.75	-10.78	16.57
2934	117.79	-10.8	16.6
2935	117.83	-10.81	16.6
2936	117.87	-10.82	16.61
2937	117.91	-10.81	16.6
2938	117.95	-10.8	16.59
2939	117.99	-10.79	16.58
2940	118.03	-10.78	16.57
2941	118.07	-10.78	16.57
2942	118.11	-10.78	16.55
2943	118.15	-10.78	16.55
2944	118.19	-10.79	16.54
2945	118.23	-10.8	16.54
2946	118.27	-10.8	16.55
2947	118.31	-10.82	16.56
2948	118.35	-10.81	16.56
2949	118.39	-10.81	16.56
2950	118.43	-10.81	16.55
2951	118.47	-10.81	16.55
2952	118.51	-10.81	16.56
2953	118.55	-10.81	16.56
2954	118.59	-10.81	16.56
2955	118.63	-10.8	16.55
2956	118.67	-10.8	16.55
2957	118.71	-10.8	16.55
2958	118.75	-10.8	16.55
2959	118.79	-10.81	16.55
2960	118.83	-10.81	16.54
2961	118.87	-10.8	16.52
2962	118.91	-10.8	16.52
2963	118.95	-10.79	16.52
2964	118.99	-10.8	16.51
2965	119.03	-10.8	16.52
2966	119.07	-10.8	16.51
2967	119.11	-10.8	16.5
2968	119.15	-10.79	16.49
2969	119.19	-10.79	16.49
2970	119.23	-10.79	16.49
2971	119.27	-10.78	16.49
2972	119.31	-10.78	16.49
2973	119.35	-10.79	16.51
2974	119.39	-10.79	16.51
2975	119.43	-10.79	16.51
2976	119.47	-10.8	16.51
2977	119.51	-10.8	16.5
2978	119.55	-10.8	16.49
2979	119.59	-10.8	16.5
2980	119.63	-10.8	16.49
2981	119.67	-10.79	16.48
2982	119.71	-10.8	16.49
2983	119.75	-10.8	16.5
2984	119.79	-10.8	16.5
2985	119.83	-10.81	16.52
2986	119.87	-10.81	16.52
2987	119.91	-10.81	16.52
