1	0.06	-1.2	-1.1
2	0.1	-1.22	-1.1
3	0.14	-1.22	-1.12
4	0.18	-1.23	-1.13
5	0.22	-1.23	-1.12
6	0.26	-1.22	-1.12
7	0.3	-1.23	-1.12
8	0.34	-1.22	-1.13
9	0.38	-1.19	-1.16
10	0.42	-1.18	-1.18
11	0.5	-1.16	-1.19
12	0.54	-1.14	-1.23
13	0.58	-1.19	-1.27
14	0.62	-1.24	-1.32
15	0.66	-1.32	-1.37
16	0.7	-1.42	-1.4
17	0.74	-1.48	-1.42
18	0.78	-1.54	-1.41
19	0.82	-1.59	-1.38
20	0.86	-1.64	-1.37
21	0.9	-1.68	-1.37
22	0.94	-1.7	-1.39
23	0.98	-1.72	-1.42
24	1.02	-1.73	-1.43
25	1.06	-1.75	-1.45
26	1.1	-1.77	-1.47
27	1.14	-1.77	-1.49
28	1.18	-1.78	-1.52
29	1.22	-1.77	-1.54
30	1.26	-1.77	-1.57
31	1.3	-1.78	-1.58
32	1.34	-1.77	-1.6
33	1.38	-1.76	-1.61
34	1.42	-1.78	-1.6
35	1.46	-1.81	-1.57
36	1.5	-1.86	-1.54
37	1.54	-1.93	-1.5
38	1.58	-1.98	-1.49
39	1.62	-2.01	-1.49
40	1.66	-2.06	-1.48
41	1.7	-2.13	-1.44
42	1.74	-2.23	-1.35
43	1.78	-2.32	-1.26
44	1.82	-2.39	-1.17
45	1.86	-2.42	-1.13
46	1.9	-2.46	-1.13
47	1.94	-2.49	-1.14
48	1.98	-2.56	-1.2
49	2.02	-2.63	-1.23
50	2.06	-2.69	-1.25
51	2.1	-2.78	-1.25
52	2.14	-2.87	-1.23
53	2.18	-2.96	-1.22
54	2.22	-3.04	-1.21
55	2.26	-3.1	-1.19
56	2.3	-3.14	-1.18
57	2.34	-3.17	-1.17
58	2.38	-3.19	-1.14
59	2.42	-3.22	-1.16
60	2.46	-3.25	-1.17
61	2.5	-3.27	-1.18
62	2.54	-3.29	-1.21
63	2.58	-3.33	-1.26
64	2.62	-3.36	-1.33
65	2.66	-3.39	-1.42
66	2.7	-3.4	-1.51
67	2.74	-3.4	-1.56
68	2.78	-3.42	-1.61
69	2.82	-3.45	-1.64
70	2.86	-3.5	-1.68
71	2.9	-3.55	-1.71
72	2.94	-3.59	-1.72
73	2.98	-3.62	-1.72
74	3.02	-3.66	-1.75
75	3.06	-3.72	-1.79
76	3.1	-3.84	-1.84
77	3.14	-3.98	-1.93
78	3.18	-4.08	-1.99
79	3.22	-4.17	-2.03
80	3.26	-4.22	-2.05
81	3.3	-4.26	-2.07
82	3.34	-4.32	-2.08
83	3.38	-4.4	-2.15
84	3.42	-4.51	-2.21
85	3.46	-4.61	-2.28
86	3.5	-4.71	-2.35
87	3.54	-4.8	-2.37
88	3.58	-4.87	-2.39
89	3.62	-4.92	-2.4
90	3.66	-4.95	-2.41
91	3.7	-4.95	-2.42
92	3.74	-4.95	-2.44
93	3.78	-4.95	-2.45
94	3.82	-4.97	-2.44
95	3.86	-4.98	-2.42
96	3.9	-4.99	-2.39
97	3.94	-5	-2.34
98	3.98	-5.03	-2.29
99	4.02	-5.06	-2.24
100	4.06	-5.11	-2.21
101	4.1	-5.16	-2.2
102	4.14	-5.19	-2.2
103	4.18	-5.21	-2.21
104	4.22	-5.22	-2.2
105	4.26	-5.24	-2.21
106	4.3	-5.26	-2.21
107	4.34	-5.27	-2.21
108	4.38	-5.29	-2.2
109	4.42	-5.28	-2.2
110	4.46	-5.27	-2.18
111	4.5	-5.25	-2.15
112	4.54	-5.25	-2.14
113	4.58	-5.26	-2.12
114	4.62	-5.3	-2.13
115	4.66	-5.34	-2.13
116	4.7	-5.4	-2.13
117	4.74	-5.46	-2.16
118	4.78	-5.5	-2.19
119	4.82	-5.53	-2.23
120	4.86	-5.55	-2.28
121	4.9	-5.58	-2.32
122	4.94	-5.59	-2.33
123	4.98	-5.6	-2.34
124	5.02	-5.6	-2.34
125	5.06	-5.59	-2.33
126	5.1	-5.58	-2.33
127	5.14	-5.58	-2.32
128	5.18	-5.59	-2.31
129	5.22	-5.6	-2.3
130	5.26	-5.61	-2.3
131	5.3	-5.62	-2.3
132	5.34	-5.62	-2.32
133	5.38	-5.61	-2.35
134	5.42	-5.64	-2.39
135	5.46	-5.66	-2.45
136	5.5	-5.71	-2.53
137	5.54	-5.76	-2.58
138	5.58	-5.8	-2.62
139	5.62	-5.83	-2.63
140	5.66	-5.86	-2.65
141	5.7	-5.9	-2.72
142	5.74	-5.94	-2.81
143	5.78	-5.98	-2.89
144	5.82	-6.02	-2.93
145	5.86	-6.05	-2.95
146	5.9	-6.08	-2.94
147	5.94	-6.12	-2.94
148	5.98	-6.15	-2.97
149	6.02	-6.2	-3
150	6.06	-6.24	-3.08
151	6.1	-6.29	-3.19
152	6.14	-6.36	-3.29
153	6.18	-6.39	-3.37
154	6.22	-6.45	-3.4
155	6.26	-6.49	-3.38
156	6.3	-6.55	-3.34
157	6.34	-6.62	-3.32
158	6.38	-6.66	-3.3
159	6.42	-6.71	-3.3
160	6.46	-6.74	-3.32
161	6.5	-6.77	-3.33
162	6.54	-6.81	-3.34
163	6.58	-6.84	-3.35
164	6.62	-6.87	-3.35
165	6.66	-6.9	-3.35
166	6.7	-6.88	-3.39
167	6.74	-6.84	-3.46
168	6.78	-6.82	-3.54
169	6.82	-6.81	-3.64
170	6.86	-6.79	-3.72
171	6.9	-6.83	-3.75
172	6.94	-6.84	-3.77
173	6.98	-6.85	-3.77
174	7.02	-6.9	-3.75
175	7.06	-6.92	-3.75
176	7.1	-6.93	-3.76
177	7.14	-6.95	-3.76
178	7.18	-6.96	-3.78
179	7.22	-6.96	-3.78
180	7.26	-6.97	-3.79
181	7.3	-6.96	-3.8
182	7.34	-6.93	-3.81
183	7.38	-6.9	-3.83
184	7.42	-6.85	-3.87
185	7.46	-6.82	-3.93
186	7.5	-6.76	-4.01
187	7.54	-6.67	-4.1
188	7.58	-6.57	-4.17
189	7.62	-6.45	-4.22
190	7.66	-6.34	-4.24
191	7.7	-6.24	-4.25
192	7.74	-6.13	-4.26
193	7.78	-6.02	-4.3
194	7.82	-5.95	-4.33
195	7.86	-5.92	-4.34
196	7.9	-5.91	-4.34
197	7.94	-5.88	-4.35
198	7.98	-5.82	-4.36
199	8.02	-5.74	-4.4
200	8.06	-5.66	-4.42
201	8.1	-5.59	-4.43
202	8.14	-5.52	-4.43
203	8.18	-5.46	-4.42
204	8.22	-5.41	-4.41
205	8.26	-5.37	-4.4
206	8.3	-5.35	-4.38
207	8.34	-5.33	-4.38
208	8.38	-5.29	-4.4
209	8.42	-5.23	-4.41
210	8.46	-5.17	-4.43
211	8.5	-5.1	-4.44
212	8.54	-5.02	-4.47
213	8.58	-4.94	-4.53
214	8.62	-4.86	-4.6
215	8.66	-4.8	-4.67
216	8.7	-4.78	-4.71
217	8.74	-4.77	-4.74
218	8.78	-4.74	-4.78
219	8.82	-4.7	-4.86
220	8.86	-4.65	-4.94
221	8.9	-4.58	-5.04
222	8.94	-4.56	-5.12
223	8.98	-4.55	-5.18
224	9.02	-4.56	-5.24
225	9.06	-4.55	-5.27
226	9.1	-4.54	-5.3
227	9.14	-4.52	-5.33
228	9.18	-4.51	-5.33
229	9.22	-4.5	-5.34
230	9.26	-4.49	-5.35
231	9.3	-4.49	-5.38
232	9.34	-4.45	-5.45
233	9.38	-4.43	-5.51
234	9.42	-4.4	-5.58
235	9.46	-4.37	-5.63
236	9.5	-4.36	-5.65
237	9.54	-4.33	-5.67
238	9.58	-4.32	-5.67
239	9.62	-4.3	-5.67
240	9.66	-4.31	-5.71
241	9.7	-4.37	-5.74
242	9.74	-4.43	-5.81
243	9.78	-4.51	-5.84
244	9.82	-4.55	-5.84
245	9.86	-4.56	-5.87
246	9.9	-4.56	-5.86
247	9.94	-4.55	-5.89
248	9.98	-4.54	-5.91
249	10.02	-4.53	-5.93
250	10.06	-4.52	-5.96
251	10.1	-4.5	-5.99
252	10.14	-4.51	-6
253	10.18	-4.5	-5.98
254	10.22	-4.49	-5.96
255	10.26	-4.5	-5.91
256	10.3	-4.49	-5.85
257	10.34	-4.47	-5.8
258	10.38	-4.44	-5.73
259	10.42	-4.41	-5.67
260	10.46	-4.38	-5.63
261	10.5	-4.36	-5.6
262	10.54	-4.34	-5.57
263	10.58	-4.31	-5.53
264	10.62	-4.28	-5.48
265	10.66	-4.25	-5.44
266	10.7	-4.23	-5.39
267	10.74	-4.23	-5.35
268	10.78	-4.24	-5.31
269	10.82	-4.26	-5.29
270	10.86	-4.28	-5.29
271	10.9	-4.31	-5.29
272	10.94	-4.33	-5.28
273	10.98	-4.35	-5.28
274	11.02	-4.36	-5.27
275	11.06	-4.38	-5.28
276	11.1	-4.39	-5.29
277	11.14	-4.39	-5.32
278	11.18	-4.4	-5.33
279	11.22	-4.4	-5.33
280	11.26	-4.39	-5.35
281	11.3	-4.38	-5.36
282	11.34	-4.37	-5.38
283	11.38	-4.34	-5.4
284	11.42	-4.33	-5.44
285	11.46	-4.31	-5.46
286	11.5	-4.28	-5.49
287	11.54	-4.25	-5.55
288	11.58	-4.22	-5.57
289	11.62	-4.18	-5.61
290	11.66	-4.17	-5.65
291	11.7	-4.14	-5.65
292	11.74	-4.07	-5.67
293	11.78	-4	-5.7
294	11.82	-3.92	-5.71
295	11.86	-3.85	-5.72
296	11.9	-3.81	-5.74
297	11.94	-3.79	-5.75
298	11.98	-3.77	-5.79
299	12.02	-3.75	-5.83
300	12.06	-3.73	-5.87
301	12.1	-3.69	-5.89
302	12.14	-3.64	-5.93
303	12.18	-3.6	-5.97
304	12.22	-3.57	-6.03
305	12.26	-3.56	-6.09
306	12.3	-3.55	-6.12
307	12.34	-3.53	-6.16
308	12.38	-3.49	-6.21
309	12.42	-3.45	-6.25
310	12.46	-3.41	-6.32
311	12.5	-3.4	-6.41
312	12.54	-3.38	-6.51
313	12.58	-3.37	-6.65
314	12.62	-3.38	-6.77
315	12.66	-3.39	-6.85
316	12.7	-3.4	-6.91
317	12.74	-3.44	-6.96
318	12.78	-3.46	-6.93
319	12.82	-3.5	-6.91
320	12.86	-3.55	-6.88
321	12.9	-3.63	-6.87
322	12.94	-3.74	-6.99
323	12.98	-3.83	-7.16
324	13.02	-3.93	-7.37
325	13.06	-3.95	-7.6
326	13.1	-3.96	-7.81
327	13.14	-3.96	-8.04
328	13.18	-3.97	-8.27
329	13.22	-3.98	-8.48
330	13.26	-3.97	-8.66
331	13.3	-3.97	-8.81
332	13.34	-3.97	-8.91
333	13.38	-4.01	-9
334	13.42	-4.07	-9.09
335	13.46	-4.15	-9.15
336	13.5	-4.24	-9.18
337	13.54	-4.33	-9.18
338	13.58	-4.41	-9.16
339	13.62	-4.47	-9.17
340	13.66	-4.52	-9.21
341	13.7	-4.58	-9.26
342	13.74	-4.64	-9.32
343	13.78	-4.7	-9.39
344	13.82	-4.76	-9.48
345	13.86	-4.78	-9.59
346	13.9	-4.81	-9.71
347	13.94	-4.85	-9.81
348	13.98	-4.88	-9.88
349	14.02	-4.91	-9.94
350	14.06	-4.93	-9.98
351	14.1	-4.94	-9.99
352	14.14	-4.95	-10
353	14.18	-4.96	-9.98
354	14.22	-4.98	-9.96
355	14.26	-5	-9.96
356	14.3	-5.01	-9.97
357	14.34	-5.02	-9.99
358	14.38	-5	-10.03
359	14.42	-5.01	-10.04
360	14.46	-5.03	-10.05
361	14.5	-5.03	-10.09
362	14.54	-5.06	-10.12
363	14.58	-5.07	-10.15
364	14.62	-5.07	-10.19
365	14.66	-5.08	-10.2
366	14.7	-5.1	-10.18
367	14.74	-5.12	-10.18
368	14.78	-5.13	-10.18
369	14.82	-5.14	-10.18
370	14.86	-5.13	-10.21
371	14.9	-5.13	-10.21
372	14.94	-5.13	-10.22
373	14.98	-5.12	-10.24
374	15.02	-5.11	-10.24
375	15.06	-5.09	-10.25
376	15.1	-5.09	-10.25
377	15.14	-5.09	-10.24
378	15.18	-5.1	-10.22
379	15.22	-5.14	-10.16
380	15.26	-5.2	-10.08
381	15.3	-5.28	-9.98
382	15.34	-5.39	-9.86
383	15.38	-5.47	-9.75
384	15.42	-5.53	-9.63
385	15.46	-5.59	-9.54
386	15.5	-5.6	-9.49
387	15.54	-5.61	-9.49
388	15.58	-5.61	-9.52
389	15.62	-5.6	-9.58
390	15.66	-5.6	-9.67
391	15.7	-5.6	-9.77
392	15.74	-5.57	-9.88
393	15.78	-5.54	-9.99
394	15.82	-5.51	-10.02
395	15.86	-5.56	-9.98
396	15.9	-5.72	-9.92
397	15.94	-5.92	-9.83
398	15.98	-6.12	-9.79
399	16.02	-6.28	-9.77
400	16.06	-6.39	-9.76
401	16.1	-6.49	-9.78
402	16.14	-6.62	-9.77
403	16.18	-6.73	-9.78
404	16.22	-6.83	-9.78
405	16.26	-6.91	-9.75
406	16.3	-6.95	-9.73
407	16.34	-6.99	-9.72
408	16.38	-7.02	-9.72
409	16.42	-7.04	-9.71
410	16.46	-7.06	-9.66
411	16.5	-7.08	-9.57
412	16.54	-7.1	-9.48
413	16.58	-7.1	-9.41
414	16.62	-7.13	-9.39
415	16.66	-7.15	-9.39
416	16.7	-7.18	-9.39
417	16.74	-7.23	-9.38
418	16.78	-7.3	-9.39
419	16.82	-7.41	-9.39
420	16.86	-7.54	-9.38
421	16.9	-7.67	-9.38
422	16.94	-7.78	-9.37
423	16.98	-7.84	-9.34
424	17.02	-7.9	-9.32
425	17.06	-7.92	-9.27
426	17.1	-7.97	-9.26
427	17.14	-8.02	-9.25
428	17.18	-8.06	-9.23
429	17.22	-8.12	-9.22
430	17.26	-8.17	-9.21
431	17.3	-8.21	-9.19
432	17.34	-8.24	-9.18
433	17.38	-8.26	-9.17
434	17.42	-8.27	-9.18
435	17.46	-8.29	-9.19
436	17.5	-8.31	-9.22
437	17.54	-8.33	-9.25
438	17.58	-8.34	-9.26
439	17.62	-8.35	-9.28
440	17.66	-8.33	-9.3
441	17.7	-8.32	-9.32
442	17.74	-8.31	-9.35
443	17.78	-8.29	-9.38
444	17.82	-8.27	-9.41
445	17.86	-8.25	-9.43
446	17.9	-8.22	-9.45
447	17.94	-8.2	-9.47
448	17.98	-8.19	-9.49
449	18.02	-8.16	-9.49
450	18.06	-8.12	-9.49
451	18.1	-8.08	-9.48
452	18.14	-8.01	-9.45
453	18.18	-7.96	-9.44
454	18.22	-7.9	-9.42
455	18.26	-7.86	-9.38
456	18.3	-7.82	-9.33
457	18.34	-7.79	-9.28
458	18.38	-7.77	-9.23
459	18.41	-7.75	-9.18
460	18.45	-7.75	-9.15
461	18.5	-7.77	-9.13
462	18.53	-7.77	-9.1
463	18.57	-7.8	-9.09
464	18.61	-7.81	-9.06
465	18.65	-7.83	-9.02
466	18.69	-7.85	-9
467	18.73	-7.87	-8.97
468	18.77	-7.9	-8.96
469	18.81	-7.92	-8.94
470	18.85	-7.94	-8.92
471	18.89	-7.93	-8.9
472	18.93	-7.9	-8.87
473	18.97	-7.87	-8.84
474	19.01	-7.84	-8.83
475	19.05	-7.8	-8.8
476	19.09	-7.77	-8.79
477	19.13	-7.74	-8.79
478	19.17	-7.71	-8.78
479	19.21	-7.7	-8.77
480	19.25	-7.69	-8.76
481	19.29	-7.66	-8.73
482	19.33	-7.64	-8.72
483	19.37	-7.61	-8.71
484	19.41	-7.59	-8.7
485	19.45	-7.57	-8.7
486	19.49	-7.55	-8.7
487	19.53	-7.57	-8.71
488	19.57	-7.56	-8.71
489	19.61	-7.6	-8.72
490	19.65	-7.64	-8.73
491	19.69	-7.68	-8.72
492	19.73	-7.72	-8.69
493	19.77	-7.72	-8.65
494	19.81	-7.71	-8.62
495	19.85	-7.69	-8.59
496	19.89	-7.66	-8.59
497	19.93	-7.64	-8.6
498	19.97	-7.61	-8.62
499	20.01	-7.6	-8.66
500	20.05	-7.59	-8.69
501	20.09	-7.59	-8.73
502	20.13	-7.59	-8.76
503	20.17	-7.57	-8.79
504	20.21	-7.57	-8.82
505	20.25	-7.56	-8.83
506	20.29	-7.53	-8.83
507	20.33	-7.49	-8.83
508	20.37	-7.42	-8.83
509	20.41	-7.37	-8.84
510	20.45	-7.35	-8.86
511	20.49	-7.33	-8.86
512	20.53	-7.32	-8.86
513	20.57	-7.27	-8.84
514	20.61	-7.23	-8.84
515	20.65	-7.2	-8.85
516	20.69	-7.18	-8.87
517	20.73	-7.18	-8.92
518	20.77	-7.17	-8.94
519	20.81	-7.15	-8.96
520	20.85	-7.13	-8.98
521	20.89	-7.13	-8.99
522	20.93	-7.12	-9.01
523	20.97	-7.13	-9.02
524	21.01	-7.12	-9.03
525	21.05	-7.1	-9.04
526	21.09	-7.09	-9.04
527	21.13	-7.09	-9.04
528	21.17	-7.09	-9.05
529	21.21	-7.09	-9.06
530	21.25	-7.09	-9.07
531	21.29	-7.1	-9.07
532	21.33	-7.1	-9.08
533	21.37	-7.1	-9.08
534	21.41	-7.1	-9.08
535	21.45	-7.11	-9.09
536	21.49	-7.11	-9.09
537	21.53	-7.11	-9.1
538	21.57	-7.11	-9.1
539	21.61	-7.11	-9.09
540	21.65	-7.11	-9.09
541	21.69	-7.12	-9.1
542	21.73	-7.12	-9.12
543	21.77	-7.12	-9.12
544	21.81	-7.13	-9.13
545	21.85	-7.13	-9.13
546	21.89	-7.13	-9.13
547	21.93	-7.14	-9.14
548	21.97	-7.14	-9.14
549	22.01	-7.14	-9.14
550	22.05	-7.14	-9.14
551	22.09	-7.14	-9.14
552	22.13	-7.14	-9.14
553	22.17	-7.14	-9.14
554	22.21	-7.14	-9.14
555	22.25	-7.14	-9.14
556	22.29	-7.13	-9.13
557	22.33	-7.13	-9.13
558	22.37	-7.13	-9.13
559	22.41	-7.13	-9.12
560	22.45	-7.13	-9.13
561	22.49	-7.13	-9.12
562	22.53	-7.12	-9.12
563	22.57	-7.12	-9.12
564	22.61	-7.13	-9.11
565	22.65	-7.13	-9.11
566	22.69	-7.13	-9.1
567	22.73	-7.13	-9.09
568	22.77	-7.12	-9.07
569	22.81	-7.11	-9.03
570	22.85	-7.08	-8.99
571	22.89	-7.06	-8.95
572	22.93	-7.03	-8.89
573	22.97	-7	-8.83
574	23.01	-7	-8.76
575	23.05	-6.98	-8.65
576	23.09	-6.97	-8.57
577	23.13	-6.94	-8.51
578	23.17	-6.9	-8.47
579	23.21	-6.86	-8.44
580	23.25	-6.82	-8.4
581	23.29	-6.82	-8.36
582	23.33	-6.8	-8.33
583	23.37	-6.81	-8.31
584	23.41	-6.84	-8.3
585	23.45	-6.83	-8.27
586	23.49	-6.85	-8.23
587	23.53	-6.87	-8.2
588	23.57	-6.9	-8.16
589	23.61	-6.92	-8.13
590	23.65	-6.95	-8.11
591	23.69	-6.97	-8.07
592	23.73	-6.98	-8.04
593	23.77	-6.99	-8
594	23.81	-6.99	-7.96
595	23.85	-6.97	-7.93
596	23.89	-6.95	-7.89
597	23.93	-6.91	-7.86
598	23.97	-6.87	-7.83
599	24.01	-6.83	-7.81
600	24.05	-6.77	-7.79
601	24.09	-6.74	-7.77
602	24.13	-6.7	-7.76
603	24.17	-6.66	-7.74
604	24.21	-6.65	-7.71
605	24.25	-6.64	-7.69
606	24.29	-6.64	-7.67
607	24.33	-6.63	-7.65
608	24.37	-6.6	-7.66
609	24.41	-6.56	-7.68
610	24.45	-6.52	-7.71
611	24.49	-6.49	-7.72
612	24.53	-6.46	-7.72
613	24.57	-6.44	-7.68
614	24.61	-6.45	-7.65
615	24.65	-6.48	-7.62
616	24.69	-6.55	-7.61
617	24.73	-6.61	-7.62
618	24.77	-6.64	-7.63
619	24.81	-6.66	-7.64
620	24.85	-6.66	-7.65
621	24.89	-6.66	-7.65
622	24.93	-6.64	-7.62
623	24.97	-6.61	-7.58
624	25.01	-6.56	-7.52
625	25.05	-6.52	-7.48
626	25.09	-6.48	-7.47
627	25.13	-6.44	-7.49
628	25.17	-6.42	-7.52
629	25.21	-6.4	-7.56
630	25.25	-6.41	-7.59
631	25.29	-6.42	-7.61
632	25.33	-6.42	-7.6
633	25.37	-6.43	-7.58
634	25.41	-6.43	-7.57
635	25.45	-6.41	-7.56
636	25.49	-6.42	-7.57
637	25.53	-6.43	-7.57
638	25.57	-6.45	-7.58
639	25.61	-6.46	-7.58
640	25.65	-6.47	-7.58
641	25.69	-6.48	-7.58
642	25.73	-6.48	-7.59
643	25.77	-6.48	-7.59
644	25.81	-6.49	-7.59
645	25.85	-6.5	-7.59
646	25.89	-6.5	-7.58
647	25.93	-6.52	-7.59
648	25.97	-6.53	-7.6
649	26.01	-6.53	-7.62
650	26.05	-6.56	-7.64
651	26.09	-6.57	-7.65
652	26.13	-6.58	-7.68
653	26.17	-6.61	-7.73
654	26.21	-6.62	-7.78
655	26.25	-6.66	-7.83
656	26.29	-6.7	-7.85
657	26.33	-6.73	-7.86
658	26.37	-6.76	-7.87
659	26.41	-6.77	-7.89
660	26.45	-6.77	-7.91
661	26.49	-6.75	-7.93
662	26.53	-6.72	-7.93
663	26.57	-6.7	-7.92
664	26.61	-6.66	-7.91
665	26.65	-6.62	-7.9
666	26.69	-6.58	-7.89
667	26.73	-6.52	-7.87
668	26.77	-6.47	-7.84
669	26.81	-6.42	-7.82
670	26.85	-6.35	-7.79
671	26.89	-6.29	-7.75
672	26.93	-6.22	-7.71
673	26.97	-6.14	-7.67
674	27.01	-6.08	-7.66
675	27.05	-6.02	-7.67
676	27.09	-5.94	-7.69
677	27.13	-5.87	-7.72
678	27.17	-5.79	-7.72
679	27.21	-5.72	-7.7
680	27.25	-5.66	-7.67
681	27.29	-5.62	-7.62
682	27.33	-5.61	-7.58
683	27.37	-5.6	-7.56
684	27.41	-5.6	-7.59
685	27.45	-5.54	-7.63
686	27.49	-5.43	-7.68
687	27.53	-5.3	-7.72
688	27.57	-5.19	-7.75
689	27.61	-5.13	-7.77
690	27.65	-5.11	-7.8
691	27.69	-5.11	-7.84
692	27.73	-5.1	-7.85
693	27.77	-5.1	-7.87
694	27.81	-5.08	-7.89
695	27.85	-5.06	-7.89
696	27.89	-5.05	-7.9
697	27.93	-5.04	-7.9
698	27.97	-5.04	-7.89
699	28.01	-5.04	-7.89
700	28.05	-5.03	-7.89
701	28.09	-5.02	-7.87
702	28.13	-5	-7.83
703	28.17	-4.96	-7.79
704	28.21	-4.93	-7.75
705	28.25	-4.9	-7.71
706	28.29	-4.89	-7.69
707	28.33	-4.88	-7.66
708	28.37	-4.88	-7.62
709	28.41	-4.87	-7.59
710	28.45	-4.87	-7.55
711	28.49	-4.87	-7.51
712	28.53	-4.88	-7.49
713	28.57	-4.91	-7.49
714	28.61	-4.96	-7.47
715	28.65	-5.03	-7.44
716	28.69	-5.1	-7.4
717	28.73	-5.18	-7.34
718	28.77	-5.24	-7.28
719	28.81	-5.28	-7.23
720	28.85	-5.31	-7.16
721	28.89	-5.3	-7.09
722	28.93	-5.33	-7.04
723	28.97	-5.37	-6.98
724	29.01	-5.45	-6.96
725	29.05	-5.54	-6.94
726	29.09	-5.59	-6.91
727	29.13	-5.62	-6.89
728	29.17	-5.62	-6.86
729	29.21	-5.61	-6.84
730	29.25	-5.59	-6.8
731	29.29	-5.58	-6.76
732	29.33	-5.57	-6.72
733	29.37	-5.55	-6.66
734	29.41	-5.54	-6.6
735	29.45	-5.52	-6.53
736	29.49	-5.51	-6.44
737	29.53	-5.51	-6.34
738	29.57	-5.49	-6.25
739	29.61	-5.47	-6.19
740	29.65	-5.47	-6.17
741	29.69	-5.48	-6.17
742	29.73	-5.5	-6.15
743	29.77	-5.51	-6.11
744	29.81	-5.5	-6.03
745	29.85	-5.5	-5.95
746	29.89	-5.49	-5.87
747	29.93	-5.48	-5.83
748	29.97	-5.47	-5.79
749	30.01	-5.45	-5.75
750	30.05	-5.43	-5.71
751	30.09	-5.41	-5.68
752	30.13	-5.39	-5.67
753	30.17	-5.39	-5.67
754	30.21	-5.39	-5.67
755	30.25	-5.4	-5.67
756	30.29	-5.42	-5.64
757	30.33	-5.43	-5.6
758	30.37	-5.45	-5.55
759	30.41	-5.44	-5.5
760	30.45	-5.44	-5.43
761	30.49	-5.44	-5.34
762	30.53	-5.43	-5.22
763	30.57	-5.39	-5.12
764	30.61	-5.33	-5.06
765	30.65	-5.27	-5.01
766	30.69	-5.23	-4.92
767	30.73	-5.22	-4.8
768	30.77	-5.23	-4.64
769	30.81	-5.25	-4.48
770	30.85	-5.22	-4.38
771	30.89	-5.19	-4.28
772	30.93	-5.15	-4.19
773	30.97	-5.09	-4.13
774	31.01	-5.04	-4.03
775	31.05	-5	-3.92
776	31.09	-4.96	-3.81
777	31.13	-4.92	-3.72
778	31.17	-4.87	-3.62
779	31.21	-4.82	-3.51
780	31.25	-4.77	-3.38
781	31.29	-4.73	-3.27
782	31.33	-4.7	-3.22
783	31.37	-4.71	-3.22
784	31.41	-4.73	-3.27
785	31.45	-4.74	-3.3
786	31.49	-4.72	-3.31
787	31.53	-4.67	-3.3
788	31.57	-4.61	-3.27
789	31.61	-4.57	-3.24
790	31.65	-4.56	-3.2
791	31.69	-4.56	-3.2
792	31.73	-4.57	-3.19
793	31.77	-4.56	-3.19
794	31.81	-4.55	-3.22
795	31.85	-4.55	-3.23
796	31.89	-4.55	-3.25
797	31.93	-4.54	-3.27
798	31.97	-4.52	-3.26
799	32.01	-4.51	-3.24
800	32.05	-4.47	-3.23
801	32.09	-4.43	-3.23
802	32.13	-4.41	-3.23
803	32.17	-4.37	-3.25
804	32.21	-4.33	-3.3
805	32.25	-4.29	-3.36
806	32.29	-4.24	-3.45
807	32.33	-4.2	-3.52
808	32.37	-4.18	-3.55
809	32.41	-4.16	-3.55
810	32.45	-4.15	-3.51
811	32.49	-4.14	-3.46
812	32.53	-4.12	-3.42
813	32.57	-4.09	-3.39
814	32.61	-4.08	-3.39
815	32.65	-4.08	-3.4
816	32.69	-4.1	-3.42
817	32.73	-4.12	-3.41
818	32.77	-4.15	-3.39
819	32.81	-4.17	-3.37
820	32.85	-4.2	-3.36
821	32.89	-4.22	-3.34
822	32.93	-4.19	-3.35
823	32.97	-4.13	-3.36
824	33.01	-4.05	-3.39
825	33.05	-3.96	-3.43
826	33.09	-3.89	-3.45
827	33.13	-3.84	-3.49
828	33.17	-3.8	-3.55
829	33.21	-3.76	-3.64
830	33.25	-3.74	-3.73
831	33.29	-3.72	-3.79
832	33.33	-3.69	-3.83
833	33.37	-3.67	-3.86
834	33.41	-3.64	-3.89
835	33.45	-3.61	-3.94
836	33.49	-3.6	-3.98
837	33.53	-3.59	-4.02
838	33.57	-3.57	-4.05
839	33.61	-3.55	-4.08
840	33.65	-3.5	-4.09
841	33.69	-3.47	-4.11
842	33.73	-3.45	-4.14
843	33.77	-3.44	-4.15
844	33.81	-3.43	-4.16
845	33.85	-3.41	-4.17
846	33.89	-3.39	-4.17
847	33.93	-3.33	-4.17
848	33.97	-3.25	-4.17
849	34.01	-3.2	-4.17
850	34.05	-3.15	-4.21
851	34.09	-3.11	-4.29
852	34.13	-3.08	-4.4
853	34.17	-3.03	-4.52
854	34.21	-2.96	-4.61
855	34.25	-2.9	-4.68
856	34.29	-2.83	-4.73
857	34.33	-2.72	-4.79
858	34.37	-2.64	-4.86
859	34.41	-2.55	-4.94
860	34.45	-2.47	-5.01
861	34.49	-2.41	-5.08
862	34.53	-2.35	-5.13
863	34.57	-2.29	-5.16
864	34.61	-2.26	-5.17
865	34.65	-2.22	-5.16
866	34.69	-2.21	-5.18
867	34.73	-2.24	-5.21
868	34.77	-2.28	-5.29
869	34.81	-2.34	-5.41
870	34.85	-2.39	-5.51
871	34.89	-2.41	-5.6
872	34.93	-2.41	-5.65
873	34.97	-2.42	-5.68
874	35.01	-2.39	-5.72
875	35.05	-2.38	-5.77
876	35.09	-2.38	-5.81
877	35.13	-2.39	-5.84
878	35.17	-2.42	-5.87
879	35.21	-2.46	-5.89
880	35.25	-2.5	-5.92
881	35.29	-2.49	-5.94
882	35.33	-2.51	-5.96
883	35.37	-2.52	-5.97
884	35.41	-2.56	-5.98
885	35.45	-2.65	-5.99
886	35.49	-2.73	-6
887	35.53	-2.84	-6.03
888	35.57	-2.94	-6.06
889	35.61	-3.03	-6.12
890	35.65	-3.12	-6.21
891	35.69	-3.21	-6.3
892	35.73	-3.3	-6.38
893	35.77	-3.36	-6.41
894	35.81	-3.43	-6.41
895	35.85	-3.47	-6.39
896	35.89	-3.55	-6.36
897	35.93	-3.61	-6.32
898	35.97	-3.65	-6.27
899	36.01	-3.68	-6.23
900	36.05	-3.69	-6.21
901	36.09	-3.72	-6.21
902	36.13	-3.75	-6.21
903	36.17	-3.78	-6.2
904	36.21	-3.79	-6.16
905	36.25	-3.82	-6.14
906	36.29	-3.88	-6.12
907	36.33	-3.94	-6.12
908	36.37	-4.01	-6.15
909	36.41	-4.07	-6.16
910	36.45	-4.12	-6.18
911	36.49	-4.17	-6.2
912	36.53	-4.22	-6.22
913	36.57	-4.25	-6.24
914	36.61	-4.28	-6.25
915	36.65	-4.29	-6.25
916	36.69	-4.3	-6.26
917	36.73	-4.31	-6.25
918	36.77	-4.31	-6.24
919	36.81	-4.32	-6.23
920	36.85	-4.34	-6.24
921	36.89	-4.37	-6.25
922	36.93	-4.41	-6.26
923	36.97	-4.44	-6.27
924	37.01	-4.46	-6.28
925	37.05	-4.47	-6.27
926	37.09	-4.48	-6.26
927	37.13	-4.49	-6.27
928	37.17	-4.49	-6.26
929	37.21	-4.5	-6.26
930	37.25	-4.5	-6.26
931	37.29	-4.5	-6.26
932	37.33	-4.5	-6.26
933	37.37	-4.5	-6.25
934	37.41	-4.5	-6.25
935	37.45	-4.5	-6.25
936	37.49	-4.51	-6.25
937	37.53	-4.51	-6.25
938	37.57	-4.51	-6.25
939	37.61	-4.51	-6.25
940	37.65	-4.51	-6.25
941	37.69	-4.51	-6.25
942	37.73	-4.51	-6.25
943	37.77	-4.52	-6.26
944	37.81	-4.53	-6.26
945	37.85	-4.54	-6.26
946	37.89	-4.56	-6.27
947	37.93	-4.57	-6.27
948	37.97	-4.55	-6.27
949	38.01	-4.54	-6.28
950	38.05	-4.53	-6.27
951	38.09	-4.52	-6.26
952	38.13	-4.5	-6.25
953	38.17	-4.47	-6.24
954	38.21	-4.4	-6.23
955	38.25	-4.33	-6.23
956	38.29	-4.24	-6.23
957	38.33	-4.19	-6.26
958	38.37	-4.15	-6.3
959	38.41	-4.14	-6.36
960	38.45	-4.15	-6.42
961	38.49	-4.14	-6.48
962	38.53	-4.12	-6.52
963	38.57	-4.11	-6.55
964	38.61	-4.1	-6.58
965	38.65	-4.11	-6.6
966	38.69	-4.13	-6.61
967	38.73	-4.18	-6.62
968	38.77	-4.28	-6.63
969	38.81	-4.38	-6.68
970	38.85	-4.48	-6.72
971	38.89	-4.54	-6.77
972	38.93	-4.61	-6.81
973	38.97	-4.69	-6.81
974	39.01	-4.78	-6.83
975	39.05	-4.87	-6.88
976	39.09	-4.93	-6.95
977	39.13	-4.96	-7.06
978	39.17	-4.97	-7.17
979	39.21	-4.97	-7.28
980	39.25	-4.95	-7.38
981	39.29	-4.95	-7.45
982	39.33	-4.96	-7.5
983	39.37	-4.98	-7.55
984	39.41	-5.03	-7.62
985	39.45	-5.09	-7.69
986	39.49	-5.15	-7.77
987	39.53	-5.21	-7.86
988	39.57	-5.28	-7.95
989	39.61	-5.31	-8.07
990	39.65	-5.33	-8.21
991	39.69	-5.35	-8.36
992	39.73	-5.37	-8.54
993	39.77	-5.39	-8.71
994	39.81	-5.44	-8.87
995	39.85	-5.48	-9
996	39.89	-5.5	-9.09
997	39.93	-5.52	-9.2
998	39.97	-5.52	-9.34
999	40.01	-5.51	-9.46
1000	40.05	-5.49	-9.57
1001	40.09	-5.46	-9.66
1002	40.13	-5.45	-9.77
1003	40.17	-5.46	-9.89
1004	40.21	-5.46	-10.01
1005	40.25	-5.49	-10.14
1006	40.29	-5.5	-10.22
1007	40.33	-5.51	-10.3
1008	40.37	-5.55	-10.42
1009	40.41	-5.61	-10.59
1010	40.45	-5.66	-10.77
1011	40.49	-5.68	-10.95
1012	40.53	-5.7	-11.06
1013	40.57	-5.7	-11.1
1014	40.61	-5.7	-11.14
1015	40.65	-5.72	-11.24
1016	40.69	-5.7	-11.37
1017	40.73	-5.67	-11.51
1018	40.77	-5.64	-11.61
1019	40.81	-5.59	-11.69
1020	40.85	-5.55	-11.77
1021	40.89	-5.52	-11.84
1022	40.93	-5.49	-11.94
1023	40.97	-5.46	-12
1024	41.01	-5.46	-12.03
1025	41.05	-5.46	-12.06
1026	41.09	-5.47	-12.04
1027	41.13	-5.5	-12.02
1028	41.17	-5.51	-11.99
1029	41.21	-5.51	-11.93
1030	41.25	-5.52	-11.9
1031	41.29	-5.53	-11.88
1032	41.33	-5.53	-11.86
1033	41.37	-5.55	-11.87
1034	41.41	-5.56	-11.88
1035	41.45	-5.57	-11.87
1036	41.49	-5.57	-11.88
1037	41.53	-5.57	-11.9
1038	41.57	-5.58	-11.91
1039	41.61	-5.58	-11.94
1040	41.65	-5.61	-12
1041	41.69	-5.63	-12.06
1042	41.73	-5.64	-12.14
1043	41.77	-5.63	-12.23
1044	41.81	-5.59	-12.29
1045	41.85	-5.54	-12.32
1046	41.89	-5.5	-12.34
1047	41.93	-5.48	-12.36
1048	41.97	-5.46	-12.38
1049	42.01	-5.43	-12.4
1050	42.05	-5.39	-12.4
1051	42.09	-5.35	-12.4
1052	42.13	-5.3	-12.37
1053	42.17	-5.27	-12.33
1054	42.21	-5.26	-12.3
1055	42.25	-5.25	-12.27
1056	42.29	-5.24	-12.23
1057	42.33	-5.22	-12.22
1058	42.37	-5.18	-12.2
1059	42.41	-5.15	-12.16
1060	42.45	-5.12	-12.13
1061	42.49	-5.08	-12.1
1062	42.53	-5.04	-12.07
1063	42.57	-5.01	-12.04
1064	42.61	-4.97	-12.01
1065	42.65	-4.93	-11.97
1066	42.69	-4.89	-11.94
1067	42.73	-4.84	-11.9
1068	42.77	-4.8	-11.84
1069	42.81	-4.77	-11.79
1070	42.85	-4.75	-11.74
1071	42.89	-4.74	-11.72
1072	42.93	-4.74	-11.7
1073	42.97	-4.75	-11.69
1074	43.01	-4.78	-11.69
1075	43.05	-4.82	-11.69
1076	43.09	-4.87	-11.69
1077	43.13	-4.9	-11.67
1078	43.17	-4.93	-11.65
1079	43.21	-4.96	-11.61
1080	43.25	-5.01	-11.57
1081	43.29	-5.05	-11.54
1082	43.33	-5.1	-11.51
1083	43.37	-5.13	-11.52
1084	43.41	-5.16	-11.53
1085	43.45	-5.18	-11.55
1086	43.49	-5.2	-11.55
1087	43.53	-5.22	-11.52
1088	43.57	-5.24	-11.49
1089	43.61	-5.26	-11.45
1090	43.65	-5.27	-11.41
1091	43.69	-5.29	-11.38
1092	43.73	-5.3	-11.34
1093	43.77	-5.31	-11.29
1094	43.81	-5.31	-11.26
1095	43.85	-5.34	-11.21
1096	43.89	-5.39	-11.16
1097	43.93	-5.45	-11.11
1098	43.97	-5.53	-11.03
1099	44.01	-5.59	-11
1100	44.05	-5.64	-10.95
1101	44.09	-5.71	-10.9
1102	44.13	-5.79	-10.87
1103	44.17	-5.88	-10.84
1104	44.21	-5.98	-10.84
1105	44.25	-6.06	-10.87
1106	44.29	-6.13	-10.9
1107	44.33	-6.18	-10.91
1108	44.37	-6.22	-10.9
1109	44.41	-6.28	-10.89
1110	44.45	-6.33	-10.89
1111	44.49	-6.39	-10.91
1112	44.53	-6.45	-10.93
1113	44.57	-6.52	-10.96
1114	44.61	-6.6	-10.99
1115	44.65	-6.67	-10.99
1116	44.69	-6.75	-10.99
1117	44.73	-6.83	-11
1118	44.77	-6.91	-11.01
1119	44.81	-7.01	-11.04
1120	44.85	-7.12	-11.06
1121	44.89	-7.25	-11.08
1122	44.93	-7.38	-11.07
1123	44.97	-7.48	-11.07
1124	45.01	-7.56	-11.06
1125	45.05	-7.58	-11.04
1126	45.09	-7.6	-11.02
1127	45.13	-7.6	-11.01
1128	45.17	-7.58	-10.99
1129	45.21	-7.56	-10.97
1130	45.25	-7.56	-10.96
1131	45.29	-7.55	-10.94
1132	45.33	-7.53	-10.91
1133	45.37	-7.52	-10.89
1134	45.41	-7.48	-10.86
1135	45.45	-7.45	-10.84
1136	45.49	-7.44	-10.83
1137	45.53	-7.43	-10.82
1138	45.57	-7.43	-10.8
1139	45.61	-7.43	-10.79
1140	45.65	-7.45	-10.79
1141	45.69	-7.5	-10.81
1142	45.73	-7.56	-10.87
1143	45.77	-7.61	-10.93
1144	45.81	-7.61	-10.98
1145	45.85	-7.58	-11.02
1146	45.89	-7.51	-11.03
1147	45.93	-7.44	-11.03
1148	45.97	-7.37	-11.03
1149	46.01	-7.31	-11.03
1150	46.05	-7.26	-11.03
1151	46.09	-7.23	-11.05
1152	46.13	-7.19	-11.07
1153	46.17	-7.2	-11.11
1154	46.21	-7.23	-11.15
1155	46.25	-7.24	-11.19
1156	46.29	-7.27	-11.22
1157	46.33	-7.3	-11.24
1158	46.37	-7.3	-11.25
1159	46.41	-7.32	-11.25
1160	46.45	-7.35	-11.28
1161	46.49	-7.36	-11.3
1162	46.53	-7.38	-11.32
1163	46.57	-7.4	-11.34
1164	46.61	-7.41	-11.35
1165	46.65	-7.43	-11.36
1166	46.69	-7.45	-11.38
1167	46.73	-7.45	-11.38
1168	46.77	-7.44	-11.38
1169	46.81	-7.42	-11.37
1170	46.85	-7.38	-11.36
1171	46.89	-7.36	-11.33
1172	46.93	-7.32	-11.3
1173	46.97	-7.25	-11.26
1174	47.01	-7.19	-11.23
1175	47.05	-7.14	-11.21
1176	47.09	-7.14	-11.22
1177	47.13	-7.16	-11.22
1178	47.17	-7.19	-11.24
1179	47.21	-7.2	-11.26
1180	47.25	-7.2	-11.26
1181	47.29	-7.2	-11.26
1182	47.33	-7.19	-11.25
1183	47.37	-7.14	-11.21
1184	47.41	-7.08	-11.15
1185	47.45	-7.04	-11.11
1186	47.49	-6.98	-11.05
1187	47.53	-6.95	-11.01
1188	47.57	-6.92	-10.98
1189	47.61	-6.87	-10.94
1190	47.65	-6.85	-10.9
1191	47.69	-6.83	-10.84
1192	47.73	-6.82	-10.79
1193	47.77	-6.82	-10.74
1194	47.81	-6.8	-10.71
1195	47.85	-6.75	-10.69
1196	47.89	-6.72	-10.66
1197	47.93	-6.68	-10.64
1198	47.97	-6.66	-10.64
1199	48.01	-6.66	-10.64
1200	48.05	-6.67	-10.64
1201	48.09	-6.71	-10.62
1202	48.13	-6.75	-10.61
1203	48.17	-6.79	-10.61
1204	48.21	-6.84	-10.62
1205	48.25	-6.86	-10.66
1206	48.29	-6.86	-10.69
1207	48.33	-6.86	-10.71
1208	48.37	-6.87	-10.74
1209	48.41	-6.87	-10.77
1210	48.45	-6.9	-10.81
1211	48.49	-6.94	-10.85
1212	48.53	-6.97	-10.92
1213	48.57	-7.01	-10.99
1214	48.61	-7.05	-11.05
1215	48.65	-7.08	-11.12
1216	48.69	-7.07	-11.15
1217	48.73	-7.07	-11.19
1218	48.77	-7.06	-11.23
1219	48.81	-7.05	-11.27
1220	48.85	-7.05	-11.33
1221	48.89	-7.04	-11.4
1222	48.93	-7.04	-11.47
1223	48.97	-7.05	-11.55
1224	49.01	-7.08	-11.63
1225	49.05	-7.1	-11.71
1226	49.09	-7.13	-11.8
1227	49.13	-7.16	-11.88
1228	49.17	-7.16	-11.95
1229	49.21	-7.16	-12.02
1230	49.25	-7.14	-12.06
1231	49.29	-7.13	-12.1
1232	49.33	-7.13	-12.15
1233	49.37	-7.11	-12.21
1234	49.41	-7.05	-12.31
1235	49.45	-6.98	-12.42
1236	49.49	-6.89	-12.52
1237	49.53	-6.8	-12.59
1238	49.57	-6.73	-12.63
1239	49.61	-6.66	-12.65
1240	49.65	-6.57	-12.66
1241	49.69	-6.5	-12.69
1242	49.73	-6.43	-12.72
1243	49.77	-6.37	-12.75
1244	49.81	-6.32	-12.77
1245	49.85	-6.28	-12.79
1246	49.89	-6.25	-12.8
1247	49.93	-6.24	-12.8
1248	49.97	-6.23	-12.81
1249	50.01	-6.24	-12.8
1250	50.05	-6.25	-12.8
1251	50.09	-6.26	-12.8
1252	50.13	-6.27	-12.8
1253	50.17	-6.28	-12.8
1254	50.21	-6.28	-12.79
1255	50.25	-6.29	-12.79
1256	50.29	-6.29	-12.79
1257	50.33	-6.28	-12.76
1258	50.37	-6.27	-12.71
1259	50.41	-6.24	-12.63
1260	50.45	-6.22	-12.52
1261	50.49	-6.2	-12.41
1262	50.53	-6.2	-12.32
1263	50.57	-6.2	-12.23
1264	50.61	-6.23	-12.13
1265	50.65	-6.26	-12.02
1266	50.69	-6.31	-11.9
1267	50.73	-6.35	-11.79
1268	50.77	-6.38	-11.7
1269	50.81	-6.39	-11.62
1270	50.85	-6.38	-11.58
1271	50.89	-6.37	-11.56
1272	50.93	-6.35	-11.53
1273	50.97	-6.33	-11.51
1274	51.01	-6.32	-11.47
1275	51.05	-6.32	-11.42
1276	51.09	-6.32	-11.37
1277	51.13	-6.33	-11.32
1278	51.17	-6.34	-11.24
1279	51.21	-6.37	-11.14
1280	51.25	-6.39	-11.03
1281	51.29	-6.38	-10.95
1282	51.33	-6.38	-10.89
1283	51.37	-6.36	-10.89
1284	51.41	-6.35	-10.92
1285	51.45	-6.38	-10.91
1286	51.49	-6.39	-10.88
1287	51.53	-6.43	-10.8
1288	51.57	-6.46	-10.7
1289	51.61	-6.45	-10.63
1290	51.65	-6.43	-10.58
1291	51.69	-6.37	-10.55
1292	51.73	-6.3	-10.53
1293	51.77	-6.25	-10.5
1294	51.81	-6.22	-10.47
1295	51.85	-6.2	-10.43
1296	51.89	-6.19	-10.37
1297	51.93	-6.2	-10.31
1298	51.97	-6.22	-10.23
1299	52.01	-6.22	-10.18
1300	52.05	-6.2	-10.15
1301	52.09	-6.17	-10.13
1302	52.13	-6.13	-10.14
1303	52.17	-6.12	-10.13
1304	52.21	-6.11	-10.07
1305	52.25	-6.09	-10
1306	52.29	-6.06	-9.92
1307	52.33	-6.02	-9.86
1308	52.37	-5.98	-9.82
1309	52.41	-5.95	-9.8
1310	52.45	-5.94	-9.76
1311	52.49	-5.91	-9.69
1312	52.53	-5.85	-9.61
1313	52.57	-5.75	-9.52
1314	52.61	-5.62	-9.42
1315	52.65	-5.48	-9.33
1316	52.69	-5.37	-9.28
1317	52.73	-5.29	-9.22
1318	52.77	-5.21	-9.15
1319	52.81	-5.11	-9.05
1320	52.85	-5.01	-8.94
1321	52.89	-4.89	-8.84
1322	52.93	-4.8	-8.75
1323	52.97	-4.72	-8.7
1324	53.01	-4.66	-8.63
1325	53.05	-4.58	-8.54
1326	53.09	-4.52	-8.45
1327	53.13	-4.47	-8.37
1328	53.17	-4.42	-8.29
1329	53.21	-4.37	-8.21
1330	53.25	-4.31	-8.13
1331	53.29	-4.26	-8.05
1332	53.33	-4.22	-8.02
1333	53.37	-4.2	-8.03
1334	53.41	-4.19	-8.08
1335	53.45	-4.19	-8.12
1336	53.49	-4.2	-8.14
1337	53.53	-4.22	-8.13
1338	53.57	-4.23	-8.11
1339	53.61	-4.24	-8.08
1340	53.65	-4.24	-8.04
1341	53.69	-4.22	-8
1342	53.73	-4.21	-7.96
1343	53.77	-4.19	-7.88
1344	53.81	-4.17	-7.78
1345	53.85	-4.16	-7.67
1346	53.89	-4.16	-7.58
1347	53.93	-4.16	-7.52
1348	53.97	-4.19	-7.51
1349	54.01	-4.22	-7.54
1350	54.05	-4.27	-7.59
1351	54.09	-4.31	-7.64
1352	54.13	-4.34	-7.68
1353	54.17	-4.36	-7.71
1354	54.21	-4.37	-7.75
1355	54.25	-4.39	-7.79
1356	54.29	-4.41	-7.81
1357	54.33	-4.43	-7.82
1358	54.37	-4.44	-7.83
1359	54.41	-4.46	-7.85
1360	54.45	-4.48	-7.92
1361	54.49	-4.52	-8.03
1362	54.53	-4.54	-8.15
1363	54.57	-4.56	-8.29
1364	54.61	-4.55	-8.4
1365	54.65	-4.5	-8.46
1366	54.69	-4.44	-8.48
1367	54.73	-4.37	-8.47
1368	54.77	-4.31	-8.46
1369	54.81	-4.3	-8.46
1370	54.85	-4.31	-8.48
1371	54.89	-4.32	-8.5
1372	54.93	-4.34	-8.54
1373	54.97	-4.35	-8.59
1374	55.01	-4.36	-8.62
1375	55.05	-4.36	-8.65
1376	55.09	-4.38	-8.69
1377	55.13	-4.4	-8.72
1378	55.17	-4.43	-8.78
1379	55.21	-4.44	-8.81
1380	55.25	-4.47	-8.84
1381	55.29	-4.45	-8.85
1382	55.33	-4.43	-8.86
1383	55.37	-4.43	-8.86
1384	55.41	-4.42	-8.85
1385	55.45	-4.42	-8.84
1386	55.49	-4.38	-8.82
1387	55.53	-4.32	-8.76
1388	55.57	-4.25	-8.67
1389	55.61	-4.17	-8.56
1390	55.65	-4.13	-8.44
1391	55.69	-4.12	-8.37
1392	55.73	-4.13	-8.3
1393	55.77	-4.17	-8.23
1394	55.81	-4.21	-8.17
1395	55.85	-4.26	-8.1
1396	55.89	-4.29	-8.08
1397	55.93	-4.33	-8.08
1398	55.97	-4.36	-8.08
1399	56.01	-4.39	-8.09
1400	56.05	-4.42	-8.09
1401	56.09	-4.43	-8.06
1402	56.13	-4.46	-8.04
1403	56.17	-4.48	-7.98
1404	56.21	-4.52	-7.93
1405	56.25	-4.56	-7.88
1406	56.29	-4.61	-7.81
1407	56.33	-4.66	-7.77
1408	56.37	-4.71	-7.73
1409	56.41	-4.75	-7.7
1410	56.45	-4.78	-7.68
1411	56.49	-4.79	-7.67
1412	56.53	-4.81	-7.67
1413	56.57	-4.82	-7.67
1414	56.61	-4.82	-7.7
1415	56.65	-4.83	-7.72
1416	56.69	-4.83	-7.76
1417	56.73	-4.84	-7.81
1418	56.77	-4.87	-7.91
1419	56.81	-4.92	-8.02
1420	56.85	-4.99	-8.14
1421	56.89	-5.07	-8.26
1422	56.93	-5.13	-8.37
1423	56.97	-5.17	-8.46
1424	57.01	-5.2	-8.55
1425	57.05	-5.22	-8.63
1426	57.09	-5.24	-8.68
1427	57.13	-5.26	-8.72
1428	57.17	-5.26	-8.76
1429	57.21	-5.22	-8.8
1430	57.25	-5.15	-8.83
1431	57.29	-5.06	-8.89
1432	57.33	-4.98	-8.97
1433	57.36	-4.92	-9.05
1434	57.41	-4.87	-9.15
1435	57.44	-4.82	-9.21
1436	57.49	-4.77	-9.24
1437	57.53	-4.7	-9.29
1438	57.56	-4.64	-9.36
1439	57.6	-4.6	-9.47
1440	57.65	-4.56	-9.6
1441	57.68	-4.51	-9.72
1442	57.72	-4.48	-9.8
1443	57.76	-4.42	-9.9
1444	57.8	-4.32	-9.96
1445	57.84	-4.19	-10
1446	57.88	-4.02	-10.08
1447	57.92	-3.87	-10.17
1448	57.96	-3.79	-10.32
1449	58.01	-3.78	-10.49
1450	58.04	-3.78	-10.67
1451	58.08	-3.77	-10.84
1452	58.12	-3.72	-11.02
1453	58.16	-3.66	-11.19
1454	58.2	-3.61	-11.35
1455	58.24	-3.54	-11.5
1456	58.28	-3.45	-11.67
1457	58.32	-3.35	-11.83
1458	58.36	-3.23	-12.01
1459	58.41	-3.14	-12.17
1460	58.44	-3.03	-12.33
1461	58.48	-2.9	-12.51
1462	58.52	-2.77	-12.68
1463	58.56	-2.64	-12.83
1464	58.6	-2.53	-12.93
1465	58.64	-2.47	-12.99
1466	58.68	-2.44	-13.01
1467	58.72	-2.45	-13.02
1468	58.76	-2.49	-12.99
1469	58.8	-2.56	-12.94
1470	58.84	-2.63	-12.86
1471	58.88	-2.7	-12.76
1472	58.92	-2.76	-12.68
1473	58.96	-2.81	-12.63
1474	59	-2.87	-12.62
1475	59.04	-2.9	-12.64
1476	59.08	-2.93	-12.67
1477	59.12	-2.97	-12.71
1478	59.16	-2.99	-12.74
1479	59.2	-3.02	-12.75
1480	59.24	-3.04	-12.78
1481	59.28	-3.04	-12.8
1482	59.32	-3.03	-12.82
1483	59.36	-3	-12.87
1484	59.4	-2.96	-12.9
1485	59.44	-2.93	-12.93
1486	59.48	-2.92	-12.93
1487	59.52	-2.96	-12.88
1488	59.56	-3.04	-12.79
1489	59.64	-3.11	-12.7
1490	59.68	-3.2	-12.58
1491	59.72	-3.26	-12.51
1492	59.76	-3.31	-12.41
1493	59.8	-3.39	-12.3
1494	59.84	-3.45	-12.16
1495	59.88	-3.52	-12.03
1496	59.92	-3.59	-11.94
1497	59.96	-3.65	-11.9
1498	60	-3.71	-11.91
1499	60.04	-3.77	-11.95
1500	60.08	-3.83	-11.93
1501	60.12	-3.89	-11.9
1502	60.16	-3.96	-11.82
1503	60.2	-4.04	-11.75
1504	60.24	-4.12	-11.73
1505	60.28	-4.21	-11.71
1506	60.32	-4.3	-11.72
1507	60.36	-4.34	-11.72
1508	60.4	-4.34	-11.7
1509	60.44	-4.32	-11.66
1510	60.48	-4.3	-11.59
1511	60.52	-4.23	-11.53
1512	60.56	-4.16	-11.47
1513	60.6	-4.05	-11.44
1514	60.64	-3.92	-11.44
1515	60.68	-3.83	-11.44
1516	60.72	-3.77	-11.46
1517	60.76	-3.74	-11.47
1518	60.8	-3.71	-11.48
1519	60.84	-3.7	-11.5
1520	60.88	-3.68	-11.5
1521	60.92	-3.67	-11.5
1522	60.96	-3.67	-11.49
1523	61	-3.66	-11.5
1524	61.04	-3.67	-11.49
1525	61.08	-3.67	-11.5
1526	61.12	-3.69	-11.49
1527	61.16	-3.71	-11.47
1528	61.2	-3.73	-11.46
1529	61.24	-3.74	-11.45
1530	61.28	-3.75	-11.43
1531	61.32	-3.76	-11.42
1532	61.36	-3.77	-11.41
1533	61.4	-3.79	-11.39
1534	61.44	-3.79	-11.4
1535	61.48	-3.79	-11.39
1536	61.52	-3.79	-11.39
1537	61.56	-3.78	-11.39
1538	61.6	-3.78	-11.39
1539	61.64	-3.76	-11.4
1540	61.68	-3.76	-11.4
1541	61.72	-3.76	-11.4
1542	61.76	-3.76	-11.4
1543	61.8	-3.77	-11.39
1544	61.84	-3.77	-11.39
1545	61.88	-3.78	-11.39
1546	61.92	-3.77	-11.39
1547	61.96	-3.77	-11.39
1548	62	-3.77	-11.39
1549	62.04	-3.77	-11.39
1550	62.08	-3.78	-11.39
1551	62.12	-3.78	-11.38
1552	62.16	-3.79	-11.38
1553	62.2	-3.79	-11.38
1554	62.24	-3.79	-11.38
1555	62.28	-3.8	-11.37
1556	62.32	-3.8	-11.37
1557	62.36	-3.81	-11.36
1558	62.4	-3.81	-11.36
1559	62.44	-3.8	-11.37
1560	62.48	-3.8	-11.38
1561	62.52	-3.79	-11.38
1562	62.56	-3.79	-11.39
1563	62.6	-3.79	-11.39
1564	62.64	-3.79	-11.38
1565	62.68	-3.79	-11.38
1566	62.72	-3.79	-11.38
1567	62.76	-3.79	-11.37
1568	62.8	-3.79	-11.38
1569	62.84	-3.8	-11.38
1570	62.88	-3.81	-11.38
1571	62.92	-3.81	-11.38
1572	62.96	-3.81	-11.37
1573	63	-3.81	-11.36
1574	63.04	-3.81	-11.35
1575	63.08	-3.8	-11.35
1576	63.12	-3.79	-11.36
1577	63.16	-3.81	-11.35
1578	63.2	-3.84	-11.33
1579	63.24	-3.92	-11.29
1580	63.28	-4.01	-11.25
1581	63.32	-4.08	-11.22
1582	63.36	-4.14	-11.18
1583	63.4	-4.18	-11.15
1584	63.44	-4.23	-11.14
1585	63.48	-4.28	-11.11
1586	63.52	-4.33	-11.1
1587	63.56	-4.39	-11.1
1588	63.6	-4.44	-11.07
1589	63.64	-4.47	-11.03
1590	63.68	-4.49	-10.95
1591	63.72	-4.5	-10.84
1592	63.76	-4.52	-10.76
1593	63.8	-4.55	-10.68
1594	63.84	-4.58	-10.62
1595	63.88	-4.58	-10.58
1596	63.92	-4.56	-10.52
1597	63.96	-4.57	-10.48
1598	64	-4.61	-10.43
1599	64.04	-4.67	-10.38
1600	64.08	-4.73	-10.36
1601	64.12	-4.76	-10.33
1602	64.16	-4.76	-10.29
1603	64.2	-4.76	-10.27
1604	64.24	-4.77	-10.26
1605	64.28	-4.78	-10.25
1606	64.32	-4.78	-10.28
1607	64.36	-4.75	-10.29
1608	64.4	-4.69	-10.29
1609	64.44	-4.62	-10.28
1610	64.48	-4.58	-10.26
1611	64.52	-4.55	-10.23
1612	64.56	-4.54	-10.2
1613	64.6	-4.54	-10.15
1614	64.64	-4.54	-10.05
1615	64.68	-4.57	-9.95
1616	64.72	-4.61	-9.84
1617	64.76	-4.68	-9.74
1618	64.8	-4.79	-9.67
1619	64.84	-4.89	-9.61
1620	64.88	-5.01	-9.6
1621	64.92	-5.11	-9.62
1622	64.96	-5.21	-9.64
1623	65	-5.31	-9.6
1624	65.04	-5.4	-9.52
1625	65.08	-5.48	-9.42
1626	65.12	-5.54	-9.33
1627	65.16	-5.6	-9.29
1628	65.2	-5.67	-9.27
1629	65.24	-5.76	-9.27
1630	65.28	-5.85	-9.28
1631	65.32	-5.96	-9.29
1632	65.36	-6.05	-9.29
1633	65.4	-6.13	-9.26
1634	65.44	-6.2	-9.23
1635	65.48	-6.31	-9.19
1636	65.52	-6.43	-9.15
1637	65.56	-6.55	-9.13
1638	65.6	-6.64	-9.12
1639	65.64	-6.7	-9.13
1640	65.68	-6.73	-9.13
1641	65.72	-6.76	-9.07
1642	65.76	-6.79	-8.99
1643	65.8	-6.84	-8.87
1644	65.84	-6.86	-8.73
1645	65.88	-6.88	-8.63
1646	65.92	-6.91	-8.56
1647	65.96	-6.91	-8.52
1648	66	-6.9	-8.51
1649	66.04	-6.89	-8.53
1650	66.08	-6.86	-8.55
1651	66.12	-6.81	-8.58
1652	66.16	-6.77	-8.62
1653	66.2	-6.72	-8.67
1654	66.24	-6.68	-8.7
1655	66.28	-6.66	-8.74
1656	66.32	-6.66	-8.78
1657	66.36	-6.69	-8.8
1658	66.4	-6.73	-8.82
1659	66.44	-6.77	-8.84
1660	66.48	-6.82	-8.85
1661	66.52	-6.85	-8.85
1662	66.56	-6.87	-8.88
1663	66.6	-6.88	-8.89
1664	66.64	-6.88	-8.93
1665	66.68	-6.89	-9
1666	66.72	-6.89	-9.06
1667	66.76	-6.87	-9.13
1668	66.8	-6.83	-9.19
1669	66.84	-6.81	-9.23
1670	66.88	-6.77	-9.27
1671	66.92	-6.76	-9.29
1672	66.96	-6.74	-9.3
1673	67	-6.7	-9.34
1674	67.04	-6.69	-9.38
1675	67.08	-6.71	-9.44
1676	67.12	-6.76	-9.5
1677	67.16	-6.8	-9.55
1678	67.2	-6.84	-9.58
1679	67.24	-6.88	-9.6
1680	67.28	-6.91	-9.63
1681	67.32	-6.96	-9.67
1682	67.36	-7	-9.73
1683	67.4	-7.05	-9.81
1684	67.44	-7.1	-9.89
1685	67.48	-7.16	-9.97
1686	67.52	-7.2	-10.05
1687	67.56	-7.21	-10.11
1688	67.6	-7.23	-10.16
1689	67.64	-7.25	-10.21
1690	67.68	-7.28	-10.28
1691	67.72	-7.33	-10.39
1692	67.76	-7.38	-10.52
1693	67.8	-7.41	-10.64
1694	67.84	-7.44	-10.75
1695	67.88	-7.46	-10.81
1696	67.92	-7.44	-10.84
1697	67.96	-7.45	-10.86
1698	68	-7.44	-10.87
1699	68.04	-7.43	-10.87
1700	68.08	-7.43	-10.87
1701	68.12	-7.42	-10.87
1702	68.16	-7.42	-10.87
1703	68.2	-7.42	-10.85
1704	68.24	-7.43	-10.84
1705	68.28	-7.42	-10.83
1706	68.32	-7.42	-10.82
1707	68.36	-7.42	-10.81
1708	68.4	-7.42	-10.81
1709	68.44	-7.42	-10.81
1710	68.48	-7.43	-10.81
1711	68.52	-7.44	-10.81
1712	68.56	-7.46	-10.81
1713	68.6	-7.47	-10.81
1714	68.64	-7.46	-10.81
1715	68.68	-7.47	-10.81
1716	68.72	-7.46	-10.81
1717	68.76	-7.46	-10.81
1718	68.8	-7.47	-10.81
1719	68.84	-7.47	-10.82
1720	68.88	-7.49	-10.83
1721	68.92	-7.5	-10.84
1722	68.96	-7.51	-10.85
1723	69	-7.51	-10.85
1724	69.04	-7.49	-10.85
1725	69.08	-7.49	-10.85
1726	69.12	-7.48	-10.86
1727	69.16	-7.48	-10.86
1728	69.2	-7.47	-10.87
1729	69.24	-7.45	-10.86
1730	69.28	-7.41	-10.85
1731	69.32	-7.37	-10.84
1732	69.36	-7.36	-10.83
1733	69.4	-7.36	-10.83
1734	69.44	-7.37	-10.82
1735	69.48	-7.39	-10.81
1736	69.52	-7.4	-10.8
1737	69.56	-7.41	-10.79
1738	69.6	-7.42	-10.79
1739	69.64	-7.43	-10.78
1740	69.68	-7.44	-10.78
1741	69.72	-7.46	-10.78
1742	69.76	-7.49	-10.78
1743	69.8	-7.51	-10.78
1744	69.84	-7.54	-10.78
1745	69.88	-7.55	-10.78
1746	69.92	-7.56	-10.77
1747	69.96	-7.57	-10.77
1748	70	-7.56	-10.76
1749	70.04	-7.57	-10.76
1750	70.08	-7.57	-10.75
1751	70.12	-7.57	-10.75
1752	70.16	-7.58	-10.75
1753	70.2	-7.58	-10.74
1754	70.24	-7.58	-10.74
1755	70.28	-7.6	-10.73
1756	70.32	-7.61	-10.73
1757	70.36	-7.62	-10.73
1758	70.4	-7.64	-10.72
1759	70.44	-7.64	-10.71
1760	70.48	-7.64	-10.7
1761	70.52	-7.65	-10.68
1762	70.56	-7.65	-10.67
1763	70.6	-7.65	-10.66
1764	70.64	-7.66	-10.66
1765	70.68	-7.68	-10.67
1766	70.72	-7.69	-10.69
1767	70.76	-7.68	-10.72
1768	70.8	-7.67	-10.75
1769	70.84	-7.62	-10.78
1770	70.88	-7.58	-10.8
1771	70.92	-7.55	-10.81
1772	70.96	-7.5	-10.82
1773	71	-7.47	-10.83
1774	71.04	-7.43	-10.84
1775	71.08	-7.38	-10.84
1776	71.12	-7.35	-10.85
1777	71.16	-7.32	-10.86
1778	71.2	-7.26	-10.86
1779	71.24	-7.23	-10.87
1780	71.28	-7.2	-10.88
1781	71.32	-7.17	-10.88
1782	71.36	-7.14	-10.89
1783	71.4	-7.11	-10.9
1784	71.44	-7.08	-10.91
1785	71.48	-7.07	-10.92
1786	71.52	-7.07	-10.94
1787	71.56	-7.07	-10.96
1788	71.6	-7.08	-10.97
1789	71.64	-7.08	-10.97
1790	71.68	-7.06	-10.97
1791	71.72	-7.05	-10.98
1792	71.76	-7.04	-10.99
1793	71.8	-7.03	-10.99
1794	71.84	-7.03	-11.01
1795	71.88	-7.02	-11.02
1796	71.92	-7.03	-11.02
1797	71.96	-7.03	-11.03
1798	72	-7.04	-11.04
1799	72.04	-7.06	-11.05
1800	72.08	-7.07	-11.06
1801	72.12	-7.07	-11.06
1802	72.16	-7.07	-11.06
1803	72.2	-7.05	-11.06
1804	72.24	-7.05	-11.06
1805	72.28	-7.05	-11.06
1806	72.32	-7.06	-11.04
1807	72.36	-7.07	-11.02
1808	72.4	-7.07	-11
1809	72.44	-7.08	-10.97
1810	72.48	-7.08	-10.94
1811	72.52	-7.08	-10.92
1812	72.56	-7.11	-10.9
1813	72.6	-7.12	-10.88
1814	72.64	-7.14	-10.86
1815	72.68	-7.15	-10.82
1816	72.72	-7.15	-10.77
1817	72.76	-7.16	-10.72
1818	72.8	-7.19	-10.67
1819	72.84	-7.22	-10.63
1820	72.88	-7.23	-10.6
1821	72.92	-7.24	-10.58
1822	72.96	-7.23	-10.57
1823	73	-7.22	-10.56
1824	73.04	-7.22	-10.56
1825	73.08	-7.21	-10.56
1826	73.12	-7.21	-10.57
1827	73.16	-7.2	-10.57
1828	73.2	-7.2	-10.57
1829	73.24	-7.2	-10.56
1830	73.28	-7.21	-10.56
1831	73.32	-7.21	-10.55
1832	73.36	-7.22	-10.54
1833	73.4	-7.23	-10.54
1834	73.44	-7.22	-10.53
1835	73.48	-7.21	-10.52
1836	73.52	-7.21	-10.51
1837	73.56	-7.19	-10.5
1838	73.6	-7.16	-10.48
1839	73.64	-7.11	-10.46
1840	73.68	-7.09	-10.44
1841	73.72	-7.09	-10.44
1842	73.76	-7.08	-10.42
1843	73.8	-7.1	-10.39
1844	73.84	-7.08	-10.34
1845	73.88	-7.05	-10.29
1846	73.92	-7.03	-10.28
1847	73.96	-7.01	-10.28
1848	74	-6.98	-10.3
1849	74.04	-6.97	-10.29
1850	74.08	-6.96	-10.26
1851	74.12	-6.92	-10.26
1852	74.16	-6.89	-10.25
1853	74.2	-6.84	-10.23
1854	74.24	-6.8	-10.2
1855	74.28	-6.76	-10.16
1856	74.32	-6.73	-10.12
1857	74.36	-6.72	-10.11
1858	74.4	-6.68	-10.12
1859	74.44	-6.66	-10.13
1860	74.48	-6.64	-10.14
1861	74.52	-6.62	-10.14
1862	74.56	-6.6	-10.14
1863	74.6	-6.59	-10.15
1864	74.64	-6.58	-10.16
1865	74.68	-6.57	-10.17
1866	74.72	-6.55	-10.18
1867	74.76	-6.55	-10.18
1868	74.8	-6.54	-10.17
1869	74.84	-6.54	-10.16
1870	74.88	-6.54	-10.16
1871	74.92	-6.54	-10.15
1872	74.96	-6.54	-10.15
1873	75	-6.53	-10.16
1874	75.04	-6.51	-10.16
1875	75.08	-6.5	-10.16
1876	75.12	-6.5	-10.16
1877	75.16	-6.5	-10.16
1878	75.2	-6.51	-10.15
1879	75.24	-6.51	-10.16
1880	75.28	-6.51	-10.17
1881	75.32	-6.5	-10.17
1882	75.36	-6.51	-10.17
1883	75.4	-6.51	-10.17
1884	75.44	-6.51	-10.16
1885	75.48	-6.52	-10.15
1886	75.52	-6.52	-10.15
1887	75.56	-6.52	-10.15
1888	75.6	-6.52	-10.15
1889	75.64	-6.51	-10.15
1890	75.68	-6.51	-10.15
1891	75.72	-6.51	-10.15
1892	75.76	-6.51	-10.15
1893	75.8	-6.51	-10.15
1894	75.84	-6.51	-10.15
1895	75.88	-6.52	-10.15
1896	75.92	-6.52	-10.15
1897	75.96	-6.52	-10.15
1898	76	-6.53	-10.14
1899	76.04	-6.52	-10.14
1900	76.08	-6.52	-10.14
1901	76.12	-6.52	-10.14
1902	76.16	-6.52	-10.15
1903	76.2	-6.52	-10.15
1904	76.24	-6.52	-10.15
1905	76.28	-6.52	-10.15
1906	76.32	-6.52	-10.15
1907	76.36	-6.53	-10.15
1908	76.4	-6.53	-10.15
1909	76.44	-6.53	-10.15
1910	76.48	-6.52	-10.16
1911	76.52	-6.51	-10.17
1912	76.56	-6.51	-10.17
1913	76.6	-6.51	-10.17
1914	76.64	-6.51	-10.18
1915	76.68	-6.52	-10.18
1916	76.72	-6.51	-10.19
1917	76.76	-6.51	-10.21
1918	76.8	-6.5	-10.22
1919	76.84	-6.5	-10.22
1920	76.88	-6.51	-10.2
1921	76.92	-6.5	-10.17
1922	76.96	-6.5	-10.16
1923	77	-6.49	-10.16
1924	77.04	-6.44	-10.2
1925	77.08	-6.4	-10.25
1926	77.12	-6.36	-10.29
1927	77.16	-6.32	-10.33
1928	77.2	-6.28	-10.37
1929	77.24	-6.25	-10.39
1930	77.28	-6.22	-10.4
1931	77.32	-6.17	-10.41
1932	77.36	-6.13	-10.39
1933	77.4	-6.08	-10.39
1934	77.44	-6.04	-10.39
1935	77.48	-6.01	-10.39
1936	77.52	-6	-10.4
1937	77.56	-6.01	-10.42
1938	77.6	-6.01	-10.45
1939	77.64	-6.01	-10.46
1940	77.68	-6	-10.48
1941	77.72	-5.98	-10.48
1942	77.76	-5.96	-10.48
1943	77.8	-5.96	-10.5
1944	77.84	-5.96	-10.52
1945	77.88	-5.98	-10.55
1946	77.92	-6.01	-10.58
1947	77.96	-6.04	-10.62
1948	78	-6.08	-10.67
1949	78.04	-6.1	-10.71
1950	78.08	-6.12	-10.77
1951	78.12	-6.12	-10.82
1952	78.16	-6.09	-10.89
1953	78.2	-6.05	-10.95
1954	78.24	-6.03	-10.98
1955	78.28	-6	-10.98
1956	78.32	-5.98	-10.99
1957	78.36	-5.98	-11.01
1958	78.4	-5.95	-11
1959	78.44	-5.96	-10.99
1960	78.48	-5.95	-10.94
1961	78.52	-5.95	-10.87
1962	78.56	-5.93	-10.82
1963	78.6	-5.89	-10.78
1964	78.64	-5.87	-10.77
1965	78.68	-5.86	-10.76
1966	78.72	-5.89	-10.73
1967	78.76	-5.93	-10.7
1968	78.8	-5.97	-10.65
1969	78.84	-6	-10.61
1970	78.88	-6	-10.59
1971	78.92	-5.99	-10.59
1972	78.96	-5.97	-10.58
1973	79	-5.97	-10.58
1974	79.04	-5.96	-10.57
1975	79.08	-5.95	-10.57
1976	79.12	-5.95	-10.56
1977	79.16	-5.94	-10.56
1978	79.2	-5.95	-10.57
1979	79.24	-5.95	-10.58
1980	79.28	-5.94	-10.58
1981	79.32	-5.93	-10.57
1982	79.36	-5.9	-10.55
1983	79.4	-5.87	-10.53
1984	79.44	-5.84	-10.54
1985	79.48	-5.85	-10.55
1986	79.52	-5.85	-10.57
1987	79.56	-5.84	-10.58
1988	79.6	-5.84	-10.58
1989	79.64	-5.82	-10.58
1990	79.68	-5.81	-10.58
1991	79.72	-5.81	-10.57
1992	79.76	-5.82	-10.58
1993	79.8	-5.83	-10.57
1994	79.84	-5.84	-10.57
1995	79.88	-5.85	-10.57
1996	79.92	-5.85	-10.57
1997	79.96	-5.85	-10.57
1998	80	-5.85	-10.57
1999	80.04	-5.84	-10.57
2000	80.08	-5.84	-10.57
2001	80.12	-5.83	-10.56
2002	80.16	-5.83	-10.56
2003	80.2	-5.84	-10.57
2004	80.24	-5.85	-10.57
2005	80.28	-5.86	-10.58
2006	80.32	-5.86	-10.59
2007	80.36	-5.84	-10.58
2008	80.4	-5.85	-10.58
2009	80.44	-5.84	-10.57
2010	80.48	-5.84	-10.57
2011	80.52	-5.84	-10.56
2012	80.56	-5.84	-10.57
2013	80.6	-5.85	-10.57
2014	80.64	-5.84	-10.57
2015	80.68	-5.85	-10.58
2016	80.72	-5.84	-10.58
2017	80.76	-5.83	-10.57
2018	80.8	-5.83	-10.57
2019	80.84	-5.83	-10.57
2020	80.88	-5.83	-10.57
2021	80.92	-5.84	-10.57
2022	80.96	-5.84	-10.58
2023	81	-5.83	-10.58
2024	81.04	-5.82	-10.57
2025	81.08	-5.81	-10.57
2026	81.12	-5.81	-10.57
2027	81.16	-5.81	-10.59
2028	81.2	-5.82	-10.62
2029	81.24	-5.82	-10.64
2030	81.28	-5.82	-10.66
2031	81.32	-5.81	-10.67
2032	81.36	-5.8	-10.67
2033	81.4	-5.79	-10.67
2034	81.44	-5.78	-10.68
2035	81.48	-5.76	-10.68
2036	81.52	-5.74	-10.67
2037	81.56	-5.72	-10.64
2038	81.6	-5.71	-10.59
2039	81.64	-5.7	-10.55
2040	81.68	-5.69	-10.51
2041	81.72	-5.69	-10.5
2042	81.76	-5.68	-10.51
2043	81.8	-5.66	-10.51
2044	81.84	-5.66	-10.51
2045	81.88	-5.65	-10.5
2046	81.92	-5.64	-10.48
2047	81.96	-5.62	-10.47
2048	82	-5.59	-10.46
2049	82.04	-5.54	-10.45
2050	82.08	-5.51	-10.44
2051	82.12	-5.51	-10.43
2052	82.16	-5.53	-10.42
2053	82.2	-5.54	-10.42
2054	82.24	-5.56	-10.41
2055	82.28	-5.56	-10.42
2056	82.32	-5.57	-10.43
2057	82.36	-5.58	-10.42
2058	82.4	-5.58	-10.41
2059	82.44	-5.57	-10.39
2060	82.48	-5.56	-10.36
2061	82.52	-5.56	-10.33
2062	82.56	-5.55	-10.29
2063	82.6	-5.57	-10.24
2064	82.64	-5.59	-10.19
2065	82.68	-5.6	-10.15
2066	82.72	-5.62	-10.11
2067	82.76	-5.64	-10.06
2068	82.8	-5.65	-10.02
2069	82.84	-5.67	-9.99
2070	82.88	-5.69	-9.96
2071	82.92	-5.69	-9.94
2072	82.96	-5.69	-9.92
2073	83	-5.69	-9.91
2074	83.04	-5.7	-9.91
2075	83.08	-5.7	-9.92
2076	83.12	-5.71	-9.93
2077	83.16	-5.71	-9.93
2078	83.2	-5.71	-9.93
2079	83.24	-5.71	-9.93
2080	83.28	-5.72	-9.93
2081	83.32	-5.73	-9.93
2082	83.36	-5.73	-9.94
2083	83.4	-5.73	-9.95
2084	83.44	-5.73	-9.96
2085	83.48	-5.73	-9.97
2086	83.52	-5.75	-9.96
2087	83.56	-5.76	-9.94
2088	83.6	-5.78	-9.91
2089	83.64	-5.8	-9.86
2090	83.68	-5.81	-9.82
2091	83.72	-5.81	-9.78
2092	83.76	-5.83	-9.73
2093	83.8	-5.83	-9.7
2094	83.84	-5.86	-9.65
2095	83.88	-5.88	-9.61
2096	83.92	-5.89	-9.58
2097	83.96	-5.89	-9.56
2098	84	-5.88	-9.56
2099	84.04	-5.88	-9.57
2100	84.08	-5.87	-9.59
2101	84.12	-5.86	-9.61
2102	84.16	-5.84	-9.65
2103	84.2	-5.81	-9.68
2104	84.24	-5.76	-9.72
2105	84.28	-5.7	-9.75
2106	84.32	-5.67	-9.78
2107	84.36	-5.65	-9.8
2108	84.4	-5.64	-9.83
2109	84.44	-5.65	-9.86
2110	84.48	-5.65	-9.88
2111	84.52	-5.66	-9.89
2112	84.56	-5.65	-9.88
2113	84.6	-5.65	-9.86
2114	84.64	-5.65	-9.83
2115	84.68	-5.64	-9.82
2116	84.72	-5.64	-9.8
2117	84.76	-5.63	-9.78
2118	84.8	-5.62	-9.75
2119	84.84	-5.6	-9.74
2120	84.88	-5.59	-9.73
2121	84.92	-5.58	-9.73
2122	84.96	-5.56	-9.75
2123	85	-5.54	-9.79
2124	85.04	-5.52	-9.83
2125	85.08	-5.47	-9.9
2126	85.12	-5.42	-9.97
2127	85.16	-5.37	-10.06
2128	85.2	-5.33	-10.15
2129	85.24	-5.32	-10.21
2130	85.28	-5.32	-10.25
2131	85.32	-5.34	-10.25
2132	85.36	-5.36	-10.24
2133	85.4	-5.37	-10.22
2134	85.44	-5.39	-10.19
2135	85.48	-5.41	-10.15
2136	85.52	-5.45	-10.1
2137	85.56	-5.48	-10.06
2138	85.6	-5.52	-10.04
2139	85.64	-5.54	-10.02
2140	85.68	-5.57	-10.01
2141	85.72	-5.58	-10.01
2142	85.76	-5.6	-9.99
2143	85.8	-5.6	-10
2144	85.84	-5.59	-10.03
2145	85.88	-5.58	-10.07
2146	85.92	-5.56	-10.12
2147	85.96	-5.55	-10.16
2148	86	-5.52	-10.19
2149	86.04	-5.48	-10.21
2150	86.08	-5.43	-10.24
2151	86.12	-5.39	-10.26
2152	86.16	-5.37	-10.27
2153	86.2	-5.37	-10.28
2154	86.24	-5.38	-10.28
2155	86.28	-5.39	-10.28
2156	86.32	-5.4	-10.28
2157	86.36	-5.42	-10.29
2158	86.4	-5.44	-10.3
2159	86.44	-5.47	-10.32
2160	86.48	-5.49	-10.33
2161	86.52	-5.52	-10.33
2162	86.56	-5.52	-10.32
2163	86.6	-5.53	-10.29
2164	86.64	-5.54	-10.27
2165	86.68	-5.55	-10.24
2166	86.72	-5.57	-10.22
2167	86.76	-5.58	-10.19
2168	86.8	-5.58	-10.17
2169	86.84	-5.58	-10.15
2170	86.88	-5.58	-10.14
2171	86.92	-5.59	-10.15
2172	86.96	-5.6	-10.15
2173	87	-5.61	-10.15
2174	87.04	-5.61	-10.15
2175	87.08	-5.6	-10.14
2176	87.12	-5.6	-10.14
2177	87.16	-5.59	-10.13
2178	87.2	-5.58	-10.13
2179	87.24	-5.58	-10.12
2180	87.28	-5.58	-10.12
2181	87.32	-5.57	-10.12
2182	87.36	-5.57	-10.12
2183	87.4	-5.57	-10.12
2184	87.44	-5.57	-10.12
2185	87.48	-5.57	-10.11
2186	87.52	-5.57	-10.11
2187	87.56	-5.57	-10.11
2188	87.6	-5.56	-10.11
2189	87.64	-5.56	-10.11
2190	87.68	-5.56	-10.1
2191	87.72	-5.56	-10.1
2192	87.76	-5.56	-10.11
2193	87.8	-5.55	-10.1
2194	87.84	-5.56	-10.1
2195	87.88	-5.56	-10.1
2196	87.92	-5.56	-10.09
2197	87.96	-5.56	-10.09
2198	88	-5.56	-10.1
2199	88.04	-5.55	-10.1
2200	88.08	-5.56	-10.09
2201	88.12	-5.56	-10.09
2202	88.16	-5.56	-10.08
2203	88.2	-5.56	-10.08
2204	88.24	-5.56	-10.09
2205	88.28	-5.56	-10.09
2206	88.32	-5.56	-10.08
2207	88.36	-5.56	-10.08
2208	88.4	-5.57	-10.07
2209	88.44	-5.56	-10.07
2210	88.48	-5.56	-10.07
2211	88.52	-5.56	-10.06
2212	88.56	-5.56	-10.07
2213	88.6	-5.56	-10.06
2214	88.64	-5.56	-10.06
2215	88.68	-5.56	-10.06
2216	88.72	-5.56	-10.06
2217	88.76	-5.56	-10.06
2218	88.8	-5.56	-10.06
2219	88.84	-5.55	-10.07
2220	88.88	-5.55	-10.07
2221	88.92	-5.55	-10.07
2222	88.96	-5.55	-10.06
2223	89	-5.56	-10.06
2224	89.04	-5.55	-10.05
2225	89.08	-5.56	-10.05
2226	89.12	-5.56	-10.05
2227	89.16	-5.55	-10.05
2228	89.2	-5.55	-10.06
2229	89.24	-5.55	-10.06
2230	89.28	-5.54	-10.06
2231	89.32	-5.55	-10.06
2232	89.36	-5.55	-10.06
2233	89.4	-5.53	-10.07
2234	89.44	-5.5	-10.09
2235	89.48	-5.47	-10.13
2236	89.52	-5.45	-10.17
2237	89.56	-5.45	-10.19
2238	89.6	-5.47	-10.21
2239	89.64	-5.47	-10.23
2240	89.68	-5.47	-10.25
2241	89.72	-5.47	-10.28
2242	89.76	-5.47	-10.3
2243	89.8	-5.47	-10.3
2244	89.84	-5.46	-10.3
2245	89.88	-5.44	-10.29
2246	89.92	-5.42	-10.29
2247	89.96	-5.4	-10.29
2248	90	-5.4	-10.29
2249	90.04	-5.39	-10.29
2250	90.08	-5.4	-10.29
2251	90.12	-5.4	-10.28
2252	90.16	-5.41	-10.28
2253	90.2	-5.43	-10.28
2254	90.24	-5.43	-10.29
2255	90.28	-5.44	-10.31
2256	90.32	-5.44	-10.33
2257	90.36	-5.44	-10.36
2258	90.4	-5.44	-10.36
2259	90.44	-5.44	-10.35
2260	90.48	-5.43	-10.31
2261	90.52	-5.4	-10.25
2262	90.56	-5.37	-10.19
2263	90.6	-5.36	-10.14
2264	90.64	-5.38	-10.13
2265	90.68	-5.44	-10.14
2266	90.72	-5.52	-10.15
2267	90.76	-5.6	-10.14
2268	90.8	-5.65	-10.1
2269	90.84	-5.67	-10.05
2270	90.88	-5.67	-10.01
2271	90.92	-5.66	-10
2272	90.96	-5.66	-10.01
2273	91	-5.66	-10.02
2274	91.04	-5.66	-10.03
2275	91.08	-5.65	-10.04
2276	91.12	-5.63	-10.05
2277	91.16	-5.61	-10.07
2278	91.2	-5.58	-10.1
2279	91.24	-5.55	-10.14
2280	91.28	-5.53	-10.2
2281	91.32	-5.51	-10.26
2282	91.36	-5.5	-10.29
2283	91.4	-5.49	-10.3
2284	91.44	-5.47	-10.23
2285	91.48	-5.45	-10.12
2286	91.52	-5.44	-10.01
2287	91.56	-5.45	-9.9
2288	91.6	-5.49	-9.85
2289	91.64	-5.53	-9.85
2290	91.68	-5.55	-9.89
2291	91.72	-5.55	-9.93
2292	91.76	-5.56	-9.98
2293	91.8	-5.58	-10
2294	91.84	-5.61	-10.01
2295	91.88	-5.65	-10.03
2296	91.92	-5.67	-10.04
2297	91.96	-5.68	-10.05
2298	92	-5.68	-10.08
2299	92.04	-5.69	-10.08
2300	92.08	-5.69	-10.1
2301	92.12	-5.69	-10.12
2302	92.16	-5.68	-10.14
2303	92.2	-5.67	-10.17
2304	92.24	-5.66	-10.19
2305	92.28	-5.64	-10.21
2306	92.32	-5.63	-10.22
2307	92.36	-5.59	-10.26
2308	92.4	-5.57	-10.29
2309	92.44	-5.55	-10.31
2310	92.48	-5.53	-10.32
2311	92.52	-5.52	-10.31
2312	92.56	-5.49	-10.32
2313	92.6	-5.47	-10.35
2314	92.64	-5.46	-10.35
2315	92.68	-5.46	-10.35
2316	92.72	-5.48	-10.34
2317	92.76	-5.49	-10.33
2318	92.8	-5.49	-10.34
2319	92.84	-5.49	-10.34
2320	92.88	-5.5	-10.34
2321	92.92	-5.5	-10.35
2322	92.96	-5.5	-10.35
2323	93	-5.48	-10.36
2324	93.04	-5.46	-10.38
2325	93.08	-5.43	-10.41
2326	93.12	-5.41	-10.47
2327	93.16	-5.4	-10.53
2328	93.2	-5.4	-10.6
2329	93.24	-5.4	-10.66
2330	93.28	-5.43	-10.71
2331	93.32	-5.46	-10.75
2332	93.36	-5.52	-10.8
2333	93.4	-5.61	-10.86
2334	93.44	-5.73	-10.91
2335	93.48	-5.88	-10.95
2336	93.52	-6.05	-10.98
2337	93.56	-6.21	-10.98
2338	93.6	-6.32	-10.97
2339	93.64	-6.37	-10.93
2340	93.68	-6.38	-10.89
2341	93.72	-6.35	-10.84
2342	93.76	-6.31	-10.8
2343	93.8	-6.25	-10.78
2344	93.84	-6.17	-10.76
2345	93.88	-6.1	-10.76
2346	93.92	-6.03	-10.76
2347	93.96	-5.98	-10.77
2348	94	-5.95	-10.77
2349	94.04	-5.93	-10.79
2350	94.08	-5.92	-10.8
2351	94.12	-5.94	-10.81
2352	94.16	-5.96	-10.83
2353	94.2	-6	-10.86
2354	94.24	-6.03	-10.9
2355	94.28	-6	-10.91
2356	94.32	-5.92	-10.9
2357	94.36	-5.76	-10.87
2358	94.4	-5.6	-10.84
2359	94.44	-5.49	-10.85
2360	94.48	-5.44	-10.89
2361	94.52	-5.45	-10.93
2362	94.56	-5.45	-10.96
2363	94.6	-5.45	-10.95
2364	94.64	-5.45	-10.93
2365	94.68	-5.45	-10.91
2366	94.72	-5.44	-10.91
2367	94.76	-5.41	-10.89
2368	94.8	-5.37	-10.87
2369	94.84	-5.34	-10.84
2370	94.88	-5.29	-10.8
2371	94.92	-5.26	-10.78
2372	94.96	-5.23	-10.76
2373	95	-5.19	-10.75
2374	95.04	-5.17	-10.75
2375	95.08	-5.15	-10.75
2376	95.12	-5.13	-10.72
2377	95.16	-5.12	-10.71
2378	95.2	-5.08	-10.68
2379	95.24	-5.04	-10.67
2380	95.28	-5	-10.67
2381	95.32	-4.96	-10.68
2382	95.36	-4.94	-10.72
2383	95.4	-4.91	-10.76
2384	95.44	-4.88	-10.81
2385	95.48	-4.85	-10.84
2386	95.52	-4.82	-10.84
2387	95.56	-4.8	-10.83
2388	95.6	-4.78	-10.8
2389	95.64	-4.77	-10.78
2390	95.68	-4.75	-10.77
2391	95.72	-4.72	-10.76
2392	95.76	-4.7	-10.76
2393	95.8	-4.68	-10.75
2394	95.84	-4.67	-10.74
2395	95.88	-4.69	-10.74
2396	95.92	-4.71	-10.74
2397	95.96	-4.72	-10.74
2398	96	-4.73	-10.74
2399	96.04	-4.74	-10.73
2400	96.07	-4.74	-10.73
2401	96.12	-4.75	-10.73
2402	96.15	-4.76	-10.71
2403	96.2	-4.77	-10.69
2404	96.24	-4.78	-10.68
2405	96.27	-4.78	-10.68
2406	96.31	-4.78	-10.67
2407	96.36	-4.78	-10.68
2408	96.39	-4.78	-10.68
2409	96.43	-4.78	-10.68
2410	96.48	-4.78	-10.67
2411	96.51	-4.78	-10.66
2412	96.55	-4.78	-10.66
2413	96.59	-4.78	-10.64
2414	96.63	-4.77	-10.64
2415	96.67	-4.77	-10.64
2416	96.71	-4.77	-10.64
2417	96.75	-4.77	-10.65
2418	96.79	-4.78	-10.65
2419	96.83	-4.77	-10.66
2420	96.87	-4.77	-10.66
2421	96.91	-4.78	-10.66
2422	96.95	-4.77	-10.66
2423	96.99	-4.78	-10.65
2424	97.03	-4.78	-10.64
2425	97.07	-4.77	-10.64
2426	97.11	-4.77	-10.63
2427	97.15	-4.77	-10.63
2428	97.19	-4.77	-10.63
2429	97.23	-4.77	-10.63
2430	97.27	-4.77	-10.63
2431	97.31	-4.77	-10.62
2432	97.35	-4.77	-10.62
2433	97.39	-4.77	-10.62
2434	97.43	-4.77	-10.61
2435	97.47	-4.77	-10.61
2436	97.51	-4.77	-10.6
2437	97.55	-4.77	-10.6
2438	97.59	-4.77	-10.61
2439	97.63	-4.78	-10.61
2440	97.67	-4.78	-10.61
2441	97.71	-4.78	-10.61
2442	97.75	-4.77	-10.61
2443	97.8	-4.76	-10.6
2444	97.83	-4.76	-10.59
2445	97.87	-4.75	-10.55
2446	97.91	-4.74	-10.52
2447	97.95	-4.72	-10.51
2448	97.99	-4.71	-10.5
2449	98.03	-4.72	-10.5
2450	98.07	-4.74	-10.49
2451	98.11	-4.76	-10.46
2452	98.15	-4.77	-10.43
2453	98.19	-4.77	-10.41
2454	98.23	-4.76	-10.38
2455	98.27	-4.75	-10.33
2456	98.31	-4.75	-10.29
2457	98.35	-4.74	-10.27
2458	98.39	-4.75	-10.27
2459	98.43	-4.76	-10.29
2460	98.47	-4.78	-10.32
2461	98.51	-4.79	-10.33
2462	98.55	-4.8	-10.34
2463	98.59	-4.8	-10.34
2464	98.63	-4.81	-10.34
2465	98.67	-4.82	-10.34
2466	98.71	-4.82	-10.34
2467	98.75	-4.83	-10.33
2468	98.79	-4.81	-10.32
2469	98.83	-4.81	-10.32
2470	98.87	-4.79	-10.32
2471	98.91	-4.75	-10.32
2472	98.95	-4.71	-10.3
2473	98.99	-4.65	-10.28
2474	99.03	-4.6	-10.23
2475	99.07	-4.57	-10.16
2476	99.11	-4.56	-10.13
2477	99.15	-4.57	-10.1
2478	99.19	-4.6	-10.09
2479	99.23	-4.64	-10.1
2480	99.27	-4.66	-10.09
2481	99.31	-4.67	-10.09
2482	99.35	-4.66	-10.1
2483	99.39	-4.61	-10.13
2484	99.43	-4.57	-10.16
2485	99.47	-4.54	-10.18
2486	99.51	-4.54	-10.18
2487	99.55	-4.53	-10.14
2488	99.59	-4.51	-10.08
2489	99.63	-4.49	-10.01
2490	99.67	-4.45	-9.96
2491	99.71	-4.47	-9.94
2492	99.75	-4.5	-9.94
2493	99.79	-4.53	-9.95
2494	99.83	-4.56	-9.94
2495	99.87	-4.54	-9.92
2496	99.91	-4.53	-9.91
2497	99.95	-4.52	-9.93
2498	99.99	-4.51	-9.95
2499	100.03	-4.51	-10
2500	100.07	-4.49	-10.01
2501	100.11	-4.47	-9.96
2502	100.15	-4.5	-9.91
2503	100.19	-4.54	-9.86
2504	100.23	-4.58	-9.84
2505	100.27	-4.61	-9.84
2506	100.31	-4.56	-9.86
2507	100.35	-4.46	-9.89
2508	100.39	-4.37	-9.91
2509	100.43	-4.31	-9.92
2510	100.47	-4.28	-9.91
2511	100.51	-4.29	-9.88
2512	100.55	-4.28	-9.86
2513	100.59	-4.22	-9.85
2514	100.63	-4.17	-9.84
2515	100.67	-4.13	-9.85
2516	100.71	-4.1	-9.86
2517	100.75	-4.07	-9.88
2518	100.79	-4.01	-9.89
2519	100.83	-3.95	-9.9
2520	100.87	-3.9	-9.9
2521	100.91	-3.86	-9.89
2522	100.95	-3.85	-9.89
2523	100.99	-3.84	-9.89
2524	101.03	-3.85	-9.88
2525	101.07	-3.86	-9.85
2526	101.11	-3.87	-9.82
2527	101.15	-3.87	-9.83
2528	101.19	-3.87	-9.89
2529	101.23	-3.83	-9.95
2530	101.27	-3.8	-9.97
2531	101.31	-3.74	-9.91
2532	101.35	-3.65	-9.82
2533	101.39	-3.56	-9.76
2534	101.43	-3.47	-9.68
2535	101.47	-3.44	-9.61
2536	101.51	-3.42	-9.53
2537	101.55	-3.44	-9.43
2538	101.59	-3.45	-9.36
2539	101.63	-3.41	-9.28
2540	101.67	-3.38	-9.18
2541	101.71	-3.34	-9.11
2542	101.75	-3.29	-9.09
2543	101.79	-3.3	-9.03
2544	101.83	-3.34	-8.98
2545	101.87	-3.36	-8.87
2546	101.91	-3.39	-8.69
2547	101.95	-3.38	-8.58
2548	101.99	-3.31	-8.47
2549	102.03	-3.26	-8.36
2550	102.07	-3.23	-8.27
2551	102.11	-3.2	-8.16
2552	102.15	-3.17	-8.06
2553	102.19	-3.15	-8
2554	102.23	-3.12	-7.97
2555	102.27	-3.11	-7.97
2556	102.31	-3.11	-7.98
2557	102.35	-3.1	-7.98
2558	102.39	-3.09	-7.99
2559	102.43	-3.06	-8
2560	102.47	-3.02	-8.02
2561	102.51	-2.98	-8.03
2562	102.55	-2.93	-8.04
2563	102.59	-2.88	-8.03
2564	102.63	-2.85	-8.03
2565	102.67	-2.82	-8.02
2566	102.71	-2.79	-8.01
2567	102.75	-2.75	-7.99
2568	102.79	-2.67	-7.99
2569	102.83	-2.59	-7.97
2570	102.87	-2.5	-7.95
2571	102.91	-2.42	-7.96
2572	102.95	-2.36	-7.97
2573	102.99	-2.32	-8.01
2574	103.03	-2.26	-8.06
2575	103.07	-2.18	-8.11
2576	103.11	-2.1	-8.14
2577	103.15	-2.02	-8.17
2578	103.19	-1.97	-8.2
2579	103.23	-1.93	-8.24
2580	103.27	-1.89	-8.25
2581	103.31	-1.84	-8.28
2582	103.35	-1.76	-8.34
2583	103.39	-1.69	-8.38
2584	103.43	-1.62	-8.42
2585	103.47	-1.56	-8.45
2586	103.51	-1.53	-8.46
2587	103.55	-1.49	-8.48
2588	103.59	-1.42	-8.52
2589	103.63	-1.29	-8.56
2590	103.67	-1.14	-8.6
2591	103.71	-1.02	-8.61
2592	103.75	-0.94	-8.6
2593	103.79	-0.92	-8.57
2594	103.83	-0.9	-8.55
2595	103.87	-0.89	-8.54
2596	103.91	-0.86	-8.56
2597	103.95	-0.83	-8.6
2598	103.99	-0.82	-8.64
2599	104.03	-0.78	-8.7
2600	104.07	-0.75	-8.77
2601	104.11	-0.73	-8.84
2602	104.15	-0.69	-8.92
2603	104.19	-0.68	-8.99
2604	104.23	-0.67	-9.05
2605	104.27	-0.67	-9.1
2606	104.31	-0.69	-9.14
2607	104.35	-0.74	-9.16
2608	104.39	-0.78	-9.2
2609	104.43	-0.86	-9.21
2610	104.47	-0.94	-9.22
2611	104.51	-1.01	-9.24
2612	104.55	-1.08	-9.24
2613	104.59	-1.11	-9.27
2614	104.63	-1.13	-9.31
2615	104.67	-1.15	-9.33
2616	104.71	-1.17	-9.36
2617	104.75	-1.18	-9.38
2618	104.79	-1.19	-9.39
2619	104.83	-1.19	-9.41
2620	104.87	-1.2	-9.42
2621	104.91	-1.21	-9.44
2622	104.95	-1.2	-9.46
2623	104.99	-1.19	-9.46
2624	105.03	-1.17	-9.48
2625	105.07	-1.16	-9.48
2626	105.11	-1.17	-9.45
2627	105.15	-1.17	-9.41
2628	105.19	-1.19	-9.34
2629	105.23	-1.21	-9.27
2630	105.27	-1.23	-9.19
2631	105.31	-1.27	-9.1
2632	105.35	-1.31	-9.01
2633	105.39	-1.34	-8.92
2634	105.43	-1.35	-8.84
2635	105.47	-1.37	-8.76
2636	105.51	-1.37	-8.71
2637	105.55	-1.4	-8.66
2638	105.59	-1.4	-8.6
2639	105.63	-1.35	-8.54
2640	105.67	-1.32	-8.46
2641	105.71	-1.25	-8.41
2642	105.75	-1.2	-8.38
2643	105.79	-1.18	-8.35
2644	105.83	-1.17	-8.32
2645	105.87	-1.16	-8.28
2646	105.91	-1.18	-8.24
2647	105.95	-1.2	-8.21
2648	105.99	-1.2	-8.17
2649	106.03	-1.2	-8.12
2650	106.07	-1.17	-8.1
2651	106.11	-1.13	-8.07
2652	106.15	-1.13	-8.05
2653	106.19	-1.13	-8.03
2654	106.23	-1.17	-8.01
2655	106.27	-1.2	-7.99
2656	106.31	-1.23	-7.98
2657	106.35	-1.24	-7.96
2658	106.39	-1.23	-7.95
2659	106.43	-1.23	-7.92
2660	106.47	-1.23	-7.88
2661	106.51	-1.23	-7.84
2662	106.55	-1.24	-7.79
2663	106.59	-1.25	-7.76
2664	106.63	-1.24	-7.74
2665	106.67	-1.24	-7.73
2666	106.71	-1.23	-7.73
2667	106.75	-1.23	-7.72
2668	106.79	-1.22	-7.69
2669	106.83	-1.22	-7.65
2670	106.87	-1.24	-7.58
2671	106.91	-1.27	-7.51
2672	106.95	-1.33	-7.47
2673	106.99	-1.39	-7.42
2674	107.03	-1.42	-7.36
2675	107.07	-1.43	-7.26
2676	107.11	-1.44	-7.15
2677	107.15	-1.43	-7.05
2678	107.19	-1.45	-6.98
2679	107.23	-1.48	-6.95
2680	107.27	-1.5	-6.91
2681	107.31	-1.53	-6.87
2682	107.35	-1.55	-6.82
2683	107.39	-1.58	-6.77
2684	107.43	-1.62	-6.72
2685	107.47	-1.67	-6.66
2686	107.51	-1.72	-6.62
2687	107.55	-1.75	-6.59
2688	107.59	-1.78	-6.57
2689	107.63	-1.79	-6.57
2690	107.67	-1.8	-6.57
2691	107.71	-1.8	-6.57
2692	107.75	-1.81	-6.59
2693	107.79	-1.82	-6.6
2694	107.83	-1.83	-6.62
2695	107.87	-1.85	-6.66
2696	107.91	-1.89	-6.68
2697	107.95	-1.95	-6.71
2698	107.99	-2.04	-6.73
2699	108.03	-2.13	-6.77
2700	108.07	-2.21	-6.82
2701	108.11	-2.26	-6.87
2702	108.15	-2.29	-6.94
2703	108.19	-2.31	-6.99
2704	108.23	-2.3	-7.03
2705	108.27	-2.29	-7.06
2706	108.31	-2.26	-7.11
2707	108.35	-2.22	-7.15
2708	108.39	-2.2	-7.22
2709	108.43	-2.19	-7.29
2710	108.47	-2.14	-7.33
2711	108.51	-2.1	-7.37
2712	108.55	-2.04	-7.39
2713	108.59	-1.95	-7.42
2714	108.63	-1.87	-7.44
2715	108.67	-1.75	-7.47
2716	108.71	-1.64	-7.52
2717	108.75	-1.54	-7.58
2718	108.79	-1.46	-7.66
2719	108.83	-1.36	-7.77
2720	108.87	-1.23	-7.91
2721	108.91	-1.09	-8.08
2722	108.95	-0.96	-8.24
2723	108.99	-0.86	-8.39
2724	109.03	-0.79	-8.5
2725	109.07	-0.74	-8.61
2726	109.11	-0.68	-8.72
2727	109.15	-0.63	-8.83
2728	109.19	-0.59	-8.93
2729	109.23	-0.55	-9.02
2730	109.27	-0.52	-9.13
2731	109.31	-0.52	-9.25
2732	109.35	-0.51	-9.4
2733	109.39	-0.49	-9.54
2734	109.43	-0.45	-9.68
2735	109.47	-0.37	-9.81
2736	109.51	-0.29	-9.92
2737	109.55	-0.2	-10.03
2738	109.59	-0.16	-10.11
2739	109.63	-0.12	-10.21
2740	109.67	-0.09	-10.31
2741	109.71	-0.05	-10.42
2742	109.75	-0.02	-10.52
2743	109.79	-0.02	-10.6
2744	109.83	-0.01	-10.7
2745	109.87	-0.03	-10.78
2746	109.91	-0.02	-10.87
2747	109.95	0.02	-10.95
2748	109.99	0.07	-11.04
2749	110.03	0.12	-11.13
2750	110.07	0.21	-11.25
2751	110.11	0.28	-11.39
2752	110.15	0.31	-11.5
2753	110.19	0.33	-11.6
2754	110.23	0.3	-11.64
2755	110.27	0.27	-11.67
2756	110.31	0.26	-11.71
2757	110.35	0.25	-11.73
2758	110.39	0.23	-11.77
2759	110.43	0.21	-11.84
2760	110.47	0.21	-11.92
2761	110.51	0.22	-12
2762	110.55	0.26	-12.1
2763	110.59	0.32	-12.19
2764	110.63	0.36	-12.26
2765	110.67	0.41	-12.32
2766	110.71	0.43	-12.34
2767	110.75	0.43	-12.31
2768	110.79	0.44	-12.27
2769	110.83	0.41	-12.19
2770	110.87	0.4	-12.12
2771	110.91	0.38	-12.04
2772	110.95	0.34	-11.94
2773	110.99	0.3	-11.88
2774	111.03	0.26	-11.81
2775	111.07	0.23	-11.75
2776	111.11	0.23	-11.72
2777	111.15	0.25	-11.71
2778	111.19	0.28	-11.7
2779	111.23	0.32	-11.73
2780	111.27	0.37	-11.75
2781	111.31	0.4	-11.77
2782	111.35	0.46	-11.81
2783	111.39	0.52	-11.81
2784	111.43	0.57	-11.82
2785	111.47	0.61	-11.82
2786	111.51	0.66	-11.81
2787	111.55	0.69	-11.79
2788	111.59	0.72	-11.77
2789	111.63	0.76	-11.76
2790	111.67	0.77	-11.72
2791	111.71	0.79	-11.7
2792	111.75	0.76	-11.66
2793	111.79	0.71	-11.62
2794	111.83	0.61	-11.59
2795	111.87	0.47	-11.6
2796	111.91	0.33	-11.66
2797	111.95	0.16	-11.73
2798	111.99	-0.01	-11.83
2799	112.03	-0.17	-11.93
2800	112.07	-0.32	-12.03
2801	112.11	-0.45	-12.16
2802	112.15	-0.55	-12.27
2803	112.19	-0.63	-12.41
2804	112.23	-0.7	-12.52
2805	112.27	-0.75	-12.59
2806	112.31	-0.81	-12.63
2807	112.35	-0.87	-12.59
2808	112.39	-0.93	-12.53
2809	112.43	-1.01	-12.47
2810	112.47	-1.09	-12.42
2811	112.51	-1.16	-12.37
2812	112.55	-1.22	-12.33
2813	112.59	-1.28	-12.27
2814	112.63	-1.32	-12.24
2815	112.67	-1.35	-12.2
2816	112.71	-1.37	-12.17
2817	112.75	-1.39	-12.13
2818	112.79	-1.42	-12.12
2819	112.83	-1.48	-12.19
2820	112.87	-1.57	-12.26
2821	112.91	-1.66	-12.38
2822	112.95	-1.74	-12.48
2823	112.99	-1.8	-12.55
2824	113.03	-1.85	-12.64
2825	113.07	-1.88	-12.74
2826	113.11	-1.9	-12.84
2827	113.15	-1.94	-12.96
2828	113.19	-1.99	-13.09
2829	113.23	-2.05	-13.2
2830	113.27	-2.1	-13.27
2831	113.31	-2.13	-13.31
2832	113.35	-2.12	-13.31
2833	113.39	-2.08	-13.24
2834	113.43	-2.04	-13.15
2835	113.47	-1.97	-13.02
2836	113.51	-1.93	-12.91
2837	113.55	-1.89	-12.79
2838	113.59	-1.87	-12.65
2839	113.63	-1.85	-12.52
2840	113.67	-1.82	-12.38
2841	113.71	-1.79	-12.26
2842	113.75	-1.76	-12.16
2843	113.79	-1.74	-12.08
2844	113.83	-1.72	-12
2845	113.87	-1.7	-11.94
2846	113.91	-1.68	-11.89
2847	113.95	-1.65	-11.81
2848	113.99	-1.59	-11.73
2849	114.03	-1.53	-11.65
2850	114.07	-1.45	-11.56
2851	114.11	-1.4	-11.49
2852	114.15	-1.37	-11.42
2853	114.19	-1.34	-11.32
2854	114.23	-1.31	-11.22
2855	114.27	-1.26	-11.13
2856	114.31	-1.2	-11.09
2857	114.35	-1.16	-11.06
2858	114.39	-1.13	-11.05
2859	114.43	-1.1	-11.03
2860	114.47	-1.11	-10.97
2861	114.51	-1.12	-10.93
2862	114.55	-1.16	-10.87
2863	114.59	-1.21	-10.8
2864	114.63	-1.25	-10.7
2865	114.67	-1.29	-10.53
2866	114.71	-1.34	-10.37
2867	114.75	-1.39	-10.2
2868	114.79	-1.45	-10.06
2869	114.83	-1.48	-9.95
2870	114.87	-1.5	-9.84
2871	114.91	-1.5	-9.73
2872	114.95	-1.5	-9.6
2873	114.99	-1.52	-9.44
2874	115.03	-1.58	-9.28
2875	115.07	-1.68	-9.12
2876	115.11	-1.8	-8.96
2877	115.15	-1.92	-8.85
2878	115.19	-2.02	-8.79
2879	115.23	-2.11	-8.81
2880	115.27	-2.15	-8.86
2881	115.31	-2.18	-8.93
2882	115.35	-2.19	-8.96
2883	115.39	-2.2	-8.93
2884	115.43	-2.18	-8.87
2885	115.47	-2.14	-8.81
2886	115.51	-2.07	-8.76
2887	115.55	-1.98	-8.71
2888	115.59	-1.9	-8.68
2889	115.63	-1.83	-8.64
2890	115.67	-1.78	-8.6
2891	115.71	-1.73	-8.57
2892	115.75	-1.72	-8.55
2893	115.79	-1.71	-8.54
2894	115.83	-1.72	-8.53
2895	115.87	-1.75	-8.51
2896	115.91	-1.8	-8.5
2897	115.95	-1.84	-8.5
2898	115.99	-1.87	-8.52
2899	116.03	-1.9	-8.56
2900	116.07	-1.91	-8.61
2901	116.11	-1.92	-8.64
2902	116.15	-1.93	-8.65
2903	116.19	-1.93	-8.66
2904	116.23	-1.91	-8.65
2905	116.27	-1.88	-8.65
2906	116.31	-1.86	-8.66
2907	116.35	-1.85	-8.66
2908	116.39	-1.84	-8.67
2909	116.43	-1.83	-8.67
2910	116.47	-1.82	-8.67
2911	116.51	-1.82	-8.67
2912	116.55	-1.81	-8.66
2913	116.59	-1.8	-8.66
2914	116.63	-1.81	-8.66
2915	116.67	-1.81	-8.66
2916	116.71	-1.82	-8.66
2917	116.75	-1.83	-8.66
2918	116.79	-1.83	-8.66
2919	116.83	-1.83	-8.66
2920	116.87	-1.83	-8.66
2921	116.91	-1.82	-8.66
2922	116.95	-1.82	-8.66
2923	116.99	-1.82	-8.66
2924	117.03	-1.82	-8.65
2925	117.07	-1.83	-8.66
2926	117.11	-1.83	-8.66
2927	117.15	-1.82	-8.66
2928	117.19	-1.83	-8.66
2929	117.23	-1.82	-8.66
2930	117.27	-1.82	-8.65
2931	117.31	-1.83	-8.65
2932	117.35	-1.83	-8.65
2933	117.39	-1.83	-8.65
2934	117.43	-1.83	-8.66
2935	117.47	-1.82	-8.66
2936	117.51	-1.82	-8.66
2937	117.55	-1.83	-8.67
2938	117.59	-1.84	-8.67
2939	117.63	-1.85	-8.67
2940	117.67	-1.86	-8.67
2941	117.71	-1.87	-8.68
2942	117.75	-1.88	-8.68
2943	117.79	-1.88	-8.69
2944	117.83	-1.88	-8.69
2945	117.87	-1.88	-8.69
2946	117.91	-1.88	-8.7
2947	117.95	-1.87	-8.7
2948	117.99	-1.88	-8.71
2949	118.03	-1.87	-8.7
2950	118.07	-1.87	-8.7
2951	118.11	-1.87	-8.7
2952	118.15	-1.86	-8.7
2953	118.19	-1.85	-8.7
2954	118.23	-1.84	-8.71
2955	118.27	-1.84	-8.71
2956	118.31	-1.83	-8.71
2957	118.35	-1.83	-8.71
2958	118.39	-1.81	-8.71
2959	118.43	-1.8	-8.71
2960	118.47	-1.79	-8.71
2961	118.51	-1.77	-8.71
2962	118.55	-1.75	-8.71
2963	118.59	-1.73	-8.71
2964	118.63	-1.73	-8.71
2965	118.67	-1.74	-8.69
2966	118.71	-1.76	-8.67
2967	118.75	-1.76	-8.64
2968	118.79	-1.76	-8.61
2969	118.83	-1.73	-8.59
2970	118.87	-1.7	-8.56
2971	118.91	-1.65	-8.55
2972	118.95	-1.6	-8.53
2973	118.99	-1.56	-8.52
2974	119.03	-1.51	-8.52
2975	119.07	-1.5	-8.52
2976	119.11	-1.49	-8.52
2977	119.15	-1.47	-8.53
2978	119.19	-1.47	-8.53
2979	119.23	-1.45	-8.53
2980	119.27	-1.44	-8.52
2981	119.31	-1.43	-8.53
2982	119.35	-1.43	-8.53
2983	119.39	-1.44	-8.54
2984	119.43	-1.46	-8.54
2985	119.47	-1.47	-8.53
2986	119.51	-1.47	-8.53
2987	119.55	-1.47	-8.53
2988	119.59	-1.48	-8.53
2989	119.63	-1.49	-8.54
2990	119.67	-1.51	-8.54
2991	119.71	-1.54	-8.55
2992	119.75	-1.57	-8.56
2993	119.79	-1.58	-8.57
2994	119.83	-1.58	-8.59
2995	119.87	-1.57	-8.6
2996	119.91	-1.56	-8.61
