1	0.06	0.94	-4.3
2	0.1	0.91	-4.27
3	0.14	0.83	-4.25
4	0.18	0.75	-4.26
5	0.22	0.66	-4.29
6	0.26	0.59	-4.34
7	0.3	0.53	-4.38
8	0.34	0.47	-4.41
9	0.38	0.4	-4.41
10	0.42	0.34	-4.4
11	0.51	0.25	-4.39
12	0.54	0.19	-4.37
13	0.58	0.13	-4.39
14	0.62	0.07	-4.39
15	0.66	0.04	-4.4
16	0.7	0	-4.39
17	0.74	-0.01	-4.39
18	0.78	-0.03	-4.4
19	0.82	-0.05	-4.45
20	0.86	-0.07	-4.49
21	0.9	-0.09	-4.53
22	0.94	-0.12	-4.58
23	0.98	-0.13	-4.61
24	1.02	-0.16	-4.66
25	1.06	-0.2	-4.75
26	1.1	-0.27	-4.84
27	1.14	-0.39	-4.94
28	1.18	-0.51	-5.08
29	1.22	-0.6	-5.22
30	1.26	-0.64	-5.35
31	1.3	-0.65	-5.44
32	1.34	-0.63	-5.47
33	1.38	-0.61	-5.46
34	1.42	-0.59	-5.42
35	1.46	-0.57	-5.39
36	1.5	-0.56	-5.36
37	1.54	-0.55	-5.35
38	1.58	-0.54	-5.34
39	1.62	-0.52	-5.33
40	1.66	-0.49	-5.35
41	1.7	-0.46	-5.37
42	1.74	-0.45	-5.39
43	1.78	-0.45	-5.41
44	1.82	-0.46	-5.43
45	1.86	-0.49	-5.43
46	1.9	-0.51	-5.42
47	1.94	-0.57	-5.41
48	1.98	-0.63	-5.4
49	2.02	-0.69	-5.42
50	2.06	-0.73	-5.47
51	2.1	-0.75	-5.52
52	2.14	-0.77	-5.55
53	2.18	-0.77	-5.57
54	2.22	-0.78	-5.57
55	2.26	-0.78	-5.61
56	2.3	-0.79	-5.7
57	2.34	-0.79	-5.81
58	2.38	-0.8	-5.91
59	2.42	-0.82	-6
60	2.46	-0.84	-6.03
61	2.5	-0.89	-6.03
62	2.54	-0.93	-5.99
63	2.58	-0.98	-5.96
64	2.62	-1.01	-5.95
65	2.66	-1.04	-5.94
66	2.7	-1.06	-5.95
67	2.74	-1.08	-5.95
68	2.78	-1.11	-5.95
69	2.82	-1.16	-5.98
70	2.86	-1.22	-5.99
71	2.9	-1.28	-6.03
72	2.94	-1.33	-6.04
73	2.98	-1.36	-6.04
74	3.02	-1.39	-6.06
75	3.06	-1.44	-6.12
76	3.1	-1.5	-6.18
77	3.14	-1.58	-6.23
78	3.18	-1.68	-6.25
79	3.22	-1.78	-6.24
80	3.26	-1.88	-6.22
81	3.3	-1.97	-6.21
82	3.34	-2.04	-6.19
83	3.38	-2.11	-6.17
84	3.42	-2.19	-6.15
85	3.46	-2.35	-6.14
86	3.66	-2.48	-6.13
87	3.7	-2.6	-6.14
88	3.74	-2.7	-6.19
89	3.78	-2.71	-6.26
90	3.82	-2.75	-6.33
91	3.86	-2.8	-6.36
92	3.9	-2.85	-6.35
93	3.94	-2.92	-6.33
94	3.98	-2.98	-6.29
95	4.02	-3.05	-6.25
96	4.06	-3.13	-6.22
97	4.1	-3.21	-6.19
98	4.14	-3.28	-6.19
99	4.18	-3.32	-6.21
100	4.22	-3.34	-6.22
101	4.26	-3.36	-6.24
102	4.3	-3.38	-6.26
103	4.34	-3.39	-6.26
104	4.38	-3.41	-6.28
105	4.42	-3.43	-6.29
106	4.46	-3.45	-6.3
107	4.5	-3.48	-6.3
108	4.54	-3.5	-6.31
109	4.58	-3.55	-6.32
110	4.62	-3.58	-6.32
111	4.66	-3.62	-6.32
112	4.7	-3.66	-6.31
113	4.74	-3.67	-6.29
114	4.78	-3.68	-6.27
115	4.82	-3.69	-6.26
116	4.86	-3.69	-6.24
117	4.9	-3.7	-6.23
118	4.94	-3.71	-6.21
119	4.98	-3.7	-6.18
120	5.02	-3.71	-6.16
121	5.06	-3.71	-6.15
122	5.1	-3.71	-6.14
123	5.14	-3.72	-6.15
124	5.18	-3.71	-6.15
125	5.22	-3.71	-6.15
126	5.26	-3.72	-6.15
127	5.3	-3.7	-6.14
128	5.34	-3.68	-6.14
129	5.38	-3.69	-6.14
130	5.42	-3.68	-6.15
131	5.46	-3.69	-6.17
132	5.5	-3.71	-6.2
133	5.54	-3.7	-6.22
134	5.58	-3.71	-6.25
135	5.62	-3.72	-6.28
136	5.66	-3.74	-6.32
137	5.7	-3.74	-6.34
138	5.74	-3.75	-6.37
139	5.78	-3.73	-6.39
140	5.82	-3.69	-6.42
141	5.86	-3.67	-6.45
142	5.9	-3.64	-6.46
143	5.94	-3.63	-6.48
144	5.98	-3.63	-6.48
145	6.02	-3.62	-6.48
146	6.06	-3.61	-6.49
147	6.1	-3.62	-6.5
148	6.14	-3.59	-6.5
149	6.18	-3.57	-6.5
150	6.22	-3.55	-6.51
151	6.26	-3.53	-6.51
152	6.3	-3.52	-6.52
153	6.34	-3.5	-6.53
154	6.38	-3.49	-6.53
155	6.42	-3.44	-6.52
156	6.46	-3.4	-6.52
157	6.5	-3.36	-6.51
158	6.54	-3.33	-6.5
159	6.58	-3.34	-6.51
160	6.62	-3.35	-6.52
161	6.66	-3.34	-6.52
162	6.7	-3.33	-6.52
163	6.74	-3.31	-6.52
164	6.78	-3.3	-6.53
165	6.82	-3.29	-6.53
166	6.86	-3.29	-6.53
167	6.9	-3.27	-6.53
168	6.94	-3.25	-6.54
169	6.98	-3.24	-6.55
170	7.02	-3.24	-6.55
171	7.06	-3.24	-6.55
172	7.1	-3.24	-6.55
173	7.14	-3.24	-6.55
174	7.18	-3.24	-6.55
175	7.22	-3.25	-6.56
176	7.26	-3.25	-6.56
177	7.3	-3.25	-6.56
178	7.34	-3.26	-6.56
179	7.38	-3.25	-6.56
180	7.42	-3.26	-6.57
181	7.46	-3.26	-6.56
182	7.5	-3.25	-6.56
183	7.54	-3.25	-6.55
184	7.58	-3.25	-6.55
185	7.62	-3.24	-6.54
186	7.66	-3.24	-6.54
187	7.7	-3.23	-6.53
188	7.74	-3.23	-6.53
189	7.78	-3.21	-6.52
190	7.82	-3.18	-6.5
191	7.86	-3.12	-6.47
192	7.9	-3.06	-6.43
193	7.94	-3	-6.39
194	7.98	-2.94	-6.34
195	8.02	-2.91	-6.31
196	8.06	-2.86	-6.28
197	8.1	-2.78	-6.25
198	8.14	-2.68	-6.23
199	8.18	-2.54	-6.18
200	8.22	-2.43	-6.15
201	8.26	-2.34	-6.13
202	8.3	-2.28	-6.12
203	8.34	-2.26	-6.12
204	8.38	-2.24	-6.11
205	8.42	-2.21	-6.1
206	8.46	-2.17	-6.07
207	8.5	-2.14	-6.04
208	8.54	-2.11	-6
209	8.58	-2.11	-5.95
210	8.62	-2.1	-5.92
211	8.66	-2.1	-5.89
212	8.7	-2.09	-5.88
213	8.74	-2.07	-5.87
214	8.78	-2.09	-5.86
215	8.82	-2.11	-5.85
216	8.86	-2.15	-5.83
217	8.9	-2.17	-5.81
218	8.94	-2.19	-5.81
219	8.98	-2.19	-5.84
220	9.02	-2.18	-5.88
221	9.06	-2.19	-5.91
222	9.1	-2.18	-5.93
223	9.14	-2.18	-5.91
224	9.18	-2.17	-5.88
225	9.22	-2.18	-5.86
226	9.26	-2.15	-5.84
227	9.3	-2.12	-5.82
228	9.34	-2.1	-5.81
229	9.38	-2.06	-5.8
230	9.42	-2.03	-5.8
231	9.46	-2.02	-5.79
232	9.5	-2	-5.79
233	9.54	-2	-5.78
234	9.58	-2.01	-5.78
235	9.62	-2.01	-5.77
236	9.66	-2.03	-5.77
237	9.7	-2.03	-5.77
238	9.74	-2.03	-5.76
239	9.78	-2.04	-5.76
240	9.82	-2.04	-5.76
241	9.86	-2.04	-5.76
242	9.9	-2.03	-5.76
243	9.94	-2.04	-5.76
244	9.98	-2.03	-5.77
245	10.02	-2.04	-5.77
246	10.06	-2.05	-5.77
247	10.1	-2.05	-5.78
248	10.14	-2.06	-5.78
249	10.18	-2.07	-5.77
250	10.22	-2.07	-5.77
251	10.26	-2.08	-5.76
252	10.3	-2.09	-5.76
253	10.34	-2.09	-5.77
254	10.38	-2.11	-5.77
255	10.42	-2.11	-5.78
256	10.46	-2.11	-5.79
257	10.5	-2.1	-5.81
258	10.54	-2.09	-5.84
259	10.58	-2.08	-5.86
260	10.62	-2.07	-5.89
261	10.66	-2.06	-5.91
262	10.7	-2.05	-5.94
263	10.74	-2.04	-5.96
264	10.78	-2.01	-5.99
265	10.82	-1.98	-6.02
266	10.86	-1.94	-6.03
267	10.9	-1.9	-6.04
268	10.94	-1.88	-6.04
269	10.98	-1.86	-6.03
270	11.02	-1.85	-6.04
271	11.06	-1.82	-6.05
272	11.1	-1.79	-6.06
273	11.14	-1.76	-6.07
274	11.18	-1.75	-6.07
275	11.22	-1.74	-6.07
276	11.26	-1.74	-6.06
277	11.3	-1.74	-6.06
278	11.34	-1.74	-6.06
279	11.38	-1.75	-6.07
280	11.42	-1.74	-6.07
281	11.46	-1.73	-6.07
282	11.5	-1.7	-6.06
283	11.54	-1.67	-6.05
284	11.58	-1.63	-6.03
285	11.62	-1.59	-6.01
286	11.66	-1.57	-6
287	11.7	-1.54	-5.99
288	11.74	-1.53	-6.01
289	11.78	-1.52	-6.02
290	11.82	-1.5	-6.01
291	11.86	-1.47	-6.02
292	11.9	-1.46	-6.01
293	11.94	-1.45	-6
294	11.98	-1.44	-6
295	12.02	-1.43	-6
296	12.06	-1.43	-6
297	12.1	-1.42	-6
298	12.14	-1.42	-6
299	12.18	-1.41	-6.01
300	12.22	-1.4	-6.01
301	12.26	-1.4	-6.01
302	12.3	-1.39	-6
303	12.34	-1.39	-5.99
304	12.38	-1.39	-6
305	12.42	-1.39	-6
306	12.46	-1.4	-6.01
307	12.5	-1.41	-6.01
308	12.54	-1.41	-6.01
309	12.58	-1.42	-6.01
310	12.62	-1.43	-6.01
311	12.66	-1.43	-6
312	12.7	-1.43	-6
313	12.74	-1.42	-6
314	12.78	-1.42	-6
315	12.82	-1.42	-6
316	12.86	-1.43	-6.01
317	12.9	-1.42	-6
318	12.94	-1.43	-6.01
319	12.98	-1.43	-6
320	13.02	-1.43	-6
321	13.06	-1.44	-6.01
322	13.1	-1.43	-6.01
323	13.14	-1.43	-6.01
324	13.18	-1.43	-6
325	13.22	-1.43	-6.01
326	13.26	-1.43	-6.01
327	13.3	-1.44	-6.01
328	13.34	-1.44	-6.01
329	13.38	-1.45	-6.01
330	13.42	-1.45	-6.02
331	13.46	-1.45	-6.02
332	13.5	-1.46	-6.02
333	13.54	-1.46	-6.02
334	13.58	-1.46	-6.03
335	13.62	-1.46	-6.02
336	13.66	-1.47	-6.02
337	13.7	-1.47	-6.02
338	13.74	-1.47	-6.02
339	13.78	-1.47	-6.03
340	13.82	-1.48	-6.04
341	13.86	-1.48	-6.03
342	13.9	-1.47	-6.03
343	13.94	-1.48	-6.03
344	13.98	-1.48	-6.03
345	14.02	-1.48	-6.03
346	14.06	-1.48	-6.03
347	14.1	-1.47	-6.02
348	14.14	-1.47	-6.03
349	14.18	-1.47	-6.03
350	14.22	-1.47	-6.03
351	14.26	-1.48	-6.03
352	14.3	-1.48	-6.04
353	14.34	-1.49	-6.04
354	14.38	-1.49	-6.04
355	14.42	-1.49	-6.03
356	14.46	-1.49	-6.03
357	14.5	-1.49	-6.03
358	14.54	-1.49	-6.03
359	14.58	-1.49	-6.04
360	14.62	-1.49	-6.04
361	14.66	-1.48	-6.03
362	14.7	-1.48	-6.03
363	14.74	-1.48	-6.03
364	14.78	-1.49	-6.03
365	14.82	-1.49	-6.03
366	14.86	-1.48	-6.04
367	14.9	-1.45	-6.02
368	14.94	-1.41	-6
369	14.98	-1.36	-5.97
370	15.02	-1.3	-5.94
371	15.06	-1.26	-5.94
372	15.1	-1.22	-5.93
373	15.14	-1.17	-5.93
374	15.18	-1.13	-5.93
375	15.22	-1.08	-5.92
376	15.26	-1.04	-5.91
377	15.3	-1	-5.89
378	15.34	-0.95	-5.88
379	15.38	-0.93	-5.89
380	15.42	-0.92	-5.91
381	15.46	-0.94	-5.95
382	15.5	-0.94	-5.97
383	15.54	-0.93	-5.98
384	15.58	-0.89	-6
385	15.62	-0.85	-6.02
386	15.66	-0.83	-6.05
387	15.7	-0.82	-6.09
388	15.74	-0.84	-6.14
389	15.78	-0.88	-6.2
390	15.82	-0.9	-6.25
391	15.86	-0.92	-6.27
392	15.9	-0.93	-6.27
393	15.94	-0.93	-6.26
394	15.98	-0.94	-6.27
395	16.02	-0.94	-6.27
396	16.06	-0.94	-6.27
397	16.1	-0.95	-6.28
398	16.14	-0.95	-6.29
399	16.18	-0.95	-6.31
400	16.22	-0.96	-6.32
401	16.26	-0.95	-6.33
402	16.3	-0.94	-6.36
403	16.34	-0.92	-6.39
404	16.38	-0.9	-6.41
405	16.42	-0.89	-6.45
406	16.46	-0.86	-6.47
407	16.5	-0.84	-6.48
408	16.54	-0.82	-6.5
409	16.58	-0.8	-6.51
410	16.62	-0.79	-6.52
411	16.66	-0.78	-6.55
412	16.7	-0.77	-6.57
413	16.74	-0.76	-6.59
414	16.78	-0.76	-6.61
415	16.82	-0.75	-6.62
416	16.86	-0.75	-6.63
417	16.9	-0.74	-6.64
418	16.94	-0.75	-6.63
419	16.98	-0.78	-6.62
420	17.02	-0.79	-6.6
421	17.06	-0.79	-6.57
422	17.1	-0.78	-6.56
423	17.14	-0.75	-6.52
424	17.18	-0.74	-6.5
425	17.22	-0.74	-6.49
426	17.26	-0.74	-6.49
427	17.3	-0.76	-6.53
428	17.34	-0.74	-6.56
429	17.38	-0.73	-6.6
430	17.42	-0.69	-6.62
431	17.46	-0.63	-6.64
432	17.5	-0.6	-6.66
433	17.54	-0.56	-6.68
434	17.58	-0.54	-6.72
435	17.62	-0.52	-6.77
436	17.66	-0.47	-6.81
437	17.7	-0.39	-6.86
438	17.74	-0.29	-6.91
439	17.78	-0.21	-6.97
440	17.82	-0.14	-7.07
441	17.86	-0.09	-7.14
442	17.9	-0.07	-7.19
443	17.94	-0.03	-7.22
444	17.98	0.02	-7.24
445	18.02	0.04	-7.28
446	18.06	0.04	-7.39
447	18.1	0.04	-7.5
448	18.13	0.05	-7.6
449	18.18	0.08	-7.69
450	18.22	0.13	-7.73
451	18.26	0.16	-7.76
452	18.3	0.19	-7.81
453	18.34	0.21	-7.83
454	18.37	0.23	-7.85
455	18.42	0.25	-7.87
456	18.46	0.25	-7.88
457	18.49	0.26	-7.9
458	18.53	0.28	-7.9
459	18.57	0.33	-7.92
460	18.61	0.38	-7.92
461	18.65	0.42	-7.93
462	18.69	0.45	-7.95
463	18.73	0.46	-7.97
464	18.77	0.48	-8
465	18.81	0.51	-8.02
466	18.86	0.55	-8.06
467	18.89	0.57	-8.06
468	18.93	0.58	-8.06
469	18.97	0.59	-8.06
470	19.01	0.58	-8.04
471	19.05	0.59	-8.03
472	19.09	0.6	-8
473	19.13	0.61	-7.97
474	19.17	0.62	-7.93
475	19.21	0.63	-7.87
476	19.25	0.64	-7.82
477	19.29	0.66	-7.76
478	19.33	0.67	-7.68
479	19.37	0.69	-7.61
480	19.41	0.72	-7.54
481	19.45	0.76	-7.48
482	19.49	0.79	-7.45
483	19.53	0.83	-7.41
484	19.57	0.86	-7.36
485	19.61	0.93	-7.32
486	19.65	1	-7.29
487	19.69	1.07	-7.27
488	19.73	1.15	-7.26
489	19.77	1.22	-7.27
490	19.81	1.29	-7.29
491	19.85	1.36	-7.32
492	19.89	1.42	-7.34
493	19.93	1.46	-7.35
494	19.97	1.46	-7.32
495	20.01	1.45	-7.29
496	20.05	1.46	-7.26
497	20.09	1.47	-7.24
498	20.13	1.5	-7.24
499	20.17	1.55	-7.25
500	20.21	1.59	-7.25
501	20.25	1.66	-7.26
502	20.29	1.71	-7.25
503	20.33	1.76	-7.25
504	20.37	1.8	-7.25
505	20.41	1.83	-7.24
506	20.46	1.86	-7.25
507	20.49	1.9	-7.29
508	20.53	1.95	-7.33
509	20.57	1.99	-7.35
510	20.61	2.04	-7.36
511	20.65	2.07	-7.31
512	20.69	2.16	-7.26
513	20.73	2.23	-7.23
514	20.77	2.3	-7.19
515	20.81	2.37	-7.19
516	20.85	2.39	-7.18
517	20.89	2.41	-7.17
518	20.93	2.45	-7.16
519	20.97	2.46	-7.13
520	21.01	2.49	-7.12
521	21.05	2.53	-7.13
522	21.09	2.55	-7.13
523	21.13	2.59	-7.14
524	21.17	2.62	-7.15
525	21.21	2.64	-7.16
526	21.25	2.66	-7.17
527	21.29	2.69	-7.2
528	21.33	2.7	-7.24
529	21.37	2.72	-7.26
530	21.41	2.73	-7.3
531	21.45	2.72	-7.31
532	21.49	2.69	-7.32
533	21.53	2.66	-7.34
534	21.57	2.61	-7.34
535	21.61	2.56	-7.35
536	21.65	2.52	-7.34
537	21.69	2.43	-7.31
538	21.73	2.34	-7.27
539	21.77	2.24	-7.22
540	21.81	2.13	-7.17
541	21.85	2.03	-7.12
542	21.89	1.91	-7.08
543	21.93	1.82	-7.05
544	21.97	1.77	-7.02
545	22.01	1.74	-6.96
546	22.05	1.76	-6.89
547	22.09	1.8	-6.82
548	22.13	1.83	-6.75
549	22.17	1.83	-6.72
550	22.21	1.83	-6.71
551	22.25	1.75	-6.69
552	22.29	1.64	-6.67
553	22.33	1.57	-6.64
554	22.37	1.46	-6.61
555	22.41	1.42	-6.57
556	22.45	1.42	-6.54
557	22.49	1.38	-6.5
558	22.53	1.37	-6.49
559	22.57	1.36	-6.5
560	22.61	1.39	-6.51
561	22.65	1.43	-6.51
562	22.69	1.45	-6.49
563	22.73	1.42	-6.46
564	22.77	1.33	-6.41
565	22.81	1.25	-6.33
566	22.85	1.18	-6.23
567	22.89	1.11	-6.13
568	22.93	1.05	-6.02
569	22.97	0.97	-5.92
570	23.01	0.91	-5.84
571	23.05	0.84	-5.76
572	23.09	0.78	-5.7
573	23.13	0.7	-5.67
574	23.17	0.6	-5.64
575	23.21	0.5	-5.62
576	23.25	0.41	-5.61
577	23.29	0.34	-5.59
578	23.33	0.32	-5.57
579	23.37	0.3	-5.55
580	23.41	0.3	-5.52
581	23.45	0.3	-5.49
582	23.49	0.26	-5.44
583	23.53	0.21	-5.38
584	23.57	0.14	-5.31
585	23.61	0.08	-5.25
586	23.65	0.02	-5.23
587	23.69	-0.02	-5.22
588	23.73	-0.06	-5.24
589	23.77	-0.1	-5.28
590	23.81	-0.13	-5.32
591	23.85	-0.17	-5.37
592	23.89	-0.2	-5.44
593	23.93	-0.24	-5.49
594	23.97	-0.28	-5.55
595	24.01	-0.3	-5.59
596	24.05	-0.31	-5.61
597	24.09	-0.32	-5.63
598	24.13	-0.34	-5.61
599	24.17	-0.36	-5.61
600	24.21	-0.39	-5.59
601	24.25	-0.42	-5.58
602	24.29	-0.45	-5.58
603	24.33	-0.48	-5.58
604	24.37	-0.51	-5.57
605	24.41	-0.53	-5.56
606	24.45	-0.56	-5.54
607	24.49	-0.6	-5.51
608	24.53	-0.66	-5.52
609	24.57	-0.73	-5.56
610	24.61	-0.82	-5.59
611	24.65	-0.91	-5.64
612	24.69	-0.98	-5.66
613	24.73	-1.04	-5.66
614	24.77	-1.06	-5.69
615	24.81	-1.07	-5.75
616	24.85	-1.08	-5.83
617	24.89	-1.07	-5.92
618	24.93	-1.07	-6
619	24.97	-1.07	-6.05
620	25.01	-1.07	-6.11
621	25.05	-1.09	-6.16
622	25.09	-1.09	-6.22
623	25.13	-1.08	-6.29
624	25.17	-1.09	-6.34
625	25.21	-1.09	-6.38
626	25.25	-1.09	-6.41
627	25.29	-1.11	-6.42
628	25.33	-1.11	-6.43
629	25.37	-1.1	-6.45
630	25.41	-1.09	-6.46
631	25.45	-1.08	-6.48
632	25.49	-1.05	-6.51
633	25.53	-1.03	-6.51
634	25.57	-1	-6.54
635	25.61	-0.97	-6.59
636	25.65	-0.98	-6.65
637	25.69	-1.01	-6.73
638	25.73	-1.04	-6.8
639	25.77	-1.06	-6.84
640	25.81	-1.05	-6.86
641	25.85	-1.02	-6.89
642	25.89	-1	-6.91
643	25.93	-0.99	-6.95
644	25.97	-0.98	-6.98
645	26.01	-0.98	-7.03
646	26.05	-0.96	-7.1
647	26.09	-0.95	-7.18
648	26.13	-0.95	-7.28
649	26.17	-0.95	-7.37
650	26.21	-0.98	-7.44
651	26.25	-1	-7.51
652	26.29	-1.01	-7.58
653	26.33	-1.01	-7.66
654	26.37	-1	-7.73
655	26.41	-1	-7.81
656	26.45	-0.99	-7.89
657	26.49	-0.98	-7.98
658	26.53	-0.97	-8.11
659	26.57	-0.95	-8.22
660	26.61	-0.93	-8.32
661	26.65	-0.89	-8.41
662	26.69	-0.86	-8.46
663	26.73	-0.83	-8.5
664	26.77	-0.78	-8.56
665	26.81	-0.74	-8.6
666	26.85	-0.68	-8.64
667	26.89	-0.62	-8.64
668	26.93	-0.57	-8.6
669	26.97	-0.54	-8.57
670	27.01	-0.53	-8.53
671	27.05	-0.53	-8.54
672	27.09	-0.55	-8.57
673	27.13	-0.56	-8.6
674	27.17	-0.57	-8.63
675	27.21	-0.57	-8.66
676	27.25	-0.57	-8.69
677	27.29	-0.56	-8.73
678	27.33	-0.56	-8.77
679	27.37	-0.57	-8.8
680	27.41	-0.57	-8.82
681	27.45	-0.58	-8.84
682	27.49	-0.58	-8.87
683	27.53	-0.58	-8.9
684	27.57	-0.59	-8.93
685	27.61	-0.59	-8.96
686	27.65	-0.58	-8.98
687	27.69	-0.56	-8.99
688	27.73	-0.55	-9.01
689	27.77	-0.51	-9.03
690	27.81	-0.47	-9.06
691	27.85	-0.4	-9.1
692	27.89	-0.31	-9.1
693	27.93	-0.23	-9.08
694	27.97	-0.16	-9.03
695	28.01	-0.11	-8.96
696	28.05	-0.08	-8.9
697	28.09	-0.05	-8.84
698	28.13	-0.05	-8.81
699	28.17	-0.03	-8.78
700	28.21	-0.02	-8.78
701	28.25	0	-8.77
702	28.29	0.03	-8.78
703	28.33	0.06	-8.78
704	28.37	0.11	-8.78
705	28.41	0.15	-8.81
706	28.45	0.2	-8.83
707	28.49	0.24	-8.85
708	28.53	0.26	-8.87
709	28.57	0.28	-8.86
710	28.61	0.29	-8.85
711	28.65	0.36	-8.81
712	28.69	0.43	-8.77
713	28.73	0.49	-8.73
714	28.77	0.56	-8.7
715	28.81	0.59	-8.72
716	28.85	0.61	-8.74
717	28.89	0.64	-8.76
718	28.93	0.67	-8.78
719	28.97	0.7	-8.79
720	29.01	0.73	-8.81
721	29.05	0.8	-8.81
722	29.09	0.86	-8.82
723	29.13	0.95	-8.8
724	29.17	1.03	-8.75
725	29.21	1.1	-8.68
726	29.25	1.16	-8.6
727	29.29	1.21	-8.52
728	29.33	1.28	-8.45
729	29.37	1.33	-8.38
730	29.41	1.39	-8.32
731	29.45	1.46	-8.27
732	29.49	1.56	-8.22
733	29.53	1.7	-8.17
734	29.57	1.85	-8.12
735	29.61	2	-8.07
736	29.65	2.11	-8.04
737	29.69	2.2	-8.01
738	29.73	2.28	-8
739	29.77	2.36	-7.97
740	29.81	2.47	-7.89
741	29.85	2.56	-7.79
742	29.89	2.68	-7.68
743	29.93	2.76	-7.58
744	29.97	2.82	-7.49
745	30.01	2.87	-7.4
746	30.05	2.89	-7.31
747	30.09	2.93	-7.22
748	30.13	3	-7.14
749	30.17	3.07	-7.07
750	30.21	3.16	-7.01
751	30.25	3.24	-6.95
752	30.29	3.3	-6.9
753	30.33	3.34	-6.87
754	30.37	3.4	-6.85
755	30.41	3.43	-6.84
756	30.45	3.5	-6.81
757	30.49	3.55	-6.8
758	30.53	3.57	-6.78
759	30.57	3.59	-6.78
760	30.61	3.58	-6.79
761	30.65	3.6	-6.81
762	30.69	3.67	-6.86
763	30.73	3.75	-6.91
764	30.77	3.8	-6.95
765	30.81	3.83	-6.98
766	30.85	3.8	-7
767	30.89	3.79	-7.02
768	30.93	3.81	-7.04
769	30.97	3.84	-7.08
770	31.01	3.87	-7.11
771	31.05	3.9	-7.14
772	31.09	3.89	-7.17
773	31.13	3.91	-7.2
774	31.17	3.93	-7.22
775	31.21	3.95	-7.25
776	31.25	3.96	-7.27
777	31.29	3.96	-7.3
778	31.33	3.95	-7.34
779	31.37	3.92	-7.37
780	31.41	3.9	-7.4
781	31.45	3.86	-7.42
782	31.49	3.85	-7.45
783	31.53	3.83	-7.48
784	31.57	3.85	-7.51
785	31.61	3.85	-7.53
786	31.65	3.85	-7.54
787	31.69	3.89	-7.55
788	31.73	3.91	-7.59
789	31.77	4	-7.83
790	32.3	4.12	-8.07
791	32.33	4.24	-8.3
792	32.37	4.36	-8.52
793	32.41	4.42	-8.53
794	32.45	4.44	-8.54
795	32.49	4.45	-8.55
796	32.53	4.49	-8.55
797	32.57	4.55	-8.58
798	32.61	4.59	-8.6
799	32.65	4.63	-8.62
800	32.69	4.65	-8.63
801	32.73	4.67	-8.61
802	32.77	4.72	-8.63
803	32.81	4.83	-8.68
804	32.85	4.93	-8.76
805	32.89	5.05	-8.86
806	32.93	5.15	-8.94
807	32.97	5.22	-8.99
808	33.01	5.28	-9
809	33.05	5.37	-9.03
810	33.09	5.46	-9.03
811	33.13	5.55	-9.04
812	33.17	5.65	-9.07
813	33.21	5.73	-9.09
814	33.25	5.86	-9.14
815	33.29	5.98	-9.19
816	33.38	6.18	-9.26
817	33.41	6.41	-9.3
818	33.45	6.61	-9.33
819	33.49	6.79	-9.37
820	33.53	6.88	-9.38
821	33.57	6.97	-9.44
822	33.61	7.08	-9.5
823	33.65	7.22	-9.55
824	33.69	7.38	-9.63
825	33.73	7.52	-9.67
826	33.77	7.66	-9.73
827	33.81	7.79	-9.78
828	33.85	7.93	-9.82
829	33.89	8.07	-9.85
830	33.93	8.21	-9.89
831	33.97	8.33	-9.92
832	34.01	8.41	-9.94
833	34.05	8.48	-9.95
834	34.09	8.53	-9.96
835	34.13	8.59	-9.99
836	34.17	8.69	-10.03
837	34.21	8.81	-10.06
838	34.25	8.98	-10.07
839	34.29	9.16	-10.06
840	34.33	9.32	-10.03
841	34.37	9.47	-10.02
842	34.41	9.63	-10.03
843	34.45	9.79	-10.05
844	34.49	9.94	-10.08
845	34.53	10.05	-10.1
846	34.57	10.12	-10.09
847	34.61	10.17	-10.09
848	34.65	10.25	-10.07
849	34.69	10.36	-10.05
850	34.73	10.47	-10.04
851	34.77	10.53	-10.03
852	34.81	10.56	-10.03
853	34.85	10.62	-10.06
854	34.89	10.69	-10.12
855	34.93	10.78	-10.21
856	34.97	10.89	-10.3
857	35.01	10.95	-10.39
858	35.05	10.98	-10.45
859	35.09	10.97	-10.49
860	35.13	10.95	-10.54
861	35.17	10.92	-10.6
862	35.21	10.88	-10.64
863	35.25	10.86	-10.68
864	35.29	10.83	-10.71
865	35.33	10.81	-10.74
866	35.37	10.81	-10.79
867	35.41	10.8	-10.83
868	35.45	10.79	-10.87
869	35.49	10.77	-10.9
870	35.53	10.73	-10.9
871	35.57	10.67	-10.92
872	35.61	10.59	-10.96
873	35.65	10.51	-11.01
874	35.69	10.41	-11.07
875	35.73	10.33	-11.12
876	35.77	10.27	-11.17
877	35.81	10.23	-11.21
878	35.85	10.18	-11.23
879	35.89	10.15	-11.27
880	35.93	10.11	-11.28
881	35.97	10.08	-11.31
882	36.01	10.07	-11.35
883	36.05	10.06	-11.39
884	36.09	10.05	-11.45
885	36.13	10.05	-11.5
886	36.17	10.06	-11.53
887	36.21	10.07	-11.56
888	36.25	10.08	-11.56
889	36.29	10.09	-11.57
890	36.33	10.08	-11.58
891	36.37	10.07	-11.58
892	36.41	10.07	-11.6
893	36.45	10.09	-11.62
894	36.49	10.1	-11.66
895	36.54	10.11	-11.76
896	36.6	10.08	-11.9
897	36.63	10.04	-12.06
898	36.66	9.99	-12.2
899	36.69	9.94	-12.3
900	36.73	9.91	-12.34
901	36.77	9.89	-12.36
902	36.81	9.86	-12.36
903	36.85	9.84	-12.36
904	36.89	9.82	-12.33
905	36.93	9.81	-12.29
906	36.97	9.8	-12.27
907	37.01	9.78	-12.23
908	37.05	9.76	-12.18
909	37.09	9.73	-12.12
910	37.13	9.7	-12.06
911	37.17	9.68	-12.01
912	37.21	9.63	-11.99
913	37.25	9.56	-12.01
914	37.29	9.49	-12.07
915	37.33	9.41	-12.13
916	37.37	9.38	-12.19
917	37.41	9.36	-12.19
918	37.45	9.31	-12.15
919	37.49	9.21	-12.08
920	37.53	9.1	-12.01
921	37.57	8.97	-11.96
922	37.61	8.86	-11.93
923	37.65	8.79	-11.92
924	37.69	8.72	-11.93
925	37.73	8.64	-11.94
926	37.77	8.52	-11.97
927	37.81	8.36	-12.04
928	37.85	8.21	-12.07
929	37.89	8.09	-12.1
930	37.93	8.02	-12.1
931	37.97	7.97	-12.07
932	38.01	7.93	-12.07
933	38.05	7.9	-12.06
934	38.09	7.87	-12.04
935	38.13	7.84	-12.04
936	38.17	7.83	-12.05
937	38.21	7.82	-12.11
938	38.25	7.84	-12.18
939	38.29	7.87	-12.26
940	38.33	7.91	-12.33
941	38.37	7.92	-12.39
942	38.41	7.9	-12.5
943	38.45	7.84	-12.64
944	38.49	7.75	-12.82
945	38.53	7.66	-12.98
946	38.57	7.6	-13.09
947	38.61	7.56	-13.19
948	38.65	7.54	-13.26
949	38.69	7.49	-13.35
950	38.73	7.44	-13.44
951	38.77	7.39	-13.51
952	38.81	7.32	-13.58
953	38.85	7.28	-13.61
954	38.89	7.22	-13.67
955	38.93	7.16	-13.75
956	38.97	7.12	-13.88
957	39.01	7.1	-14.03
958	39.05	7.09	-14.18
959	39.09	7.08	-14.33
960	39.13	7.02	-14.48
961	39.17	6.93	-14.61
962	39.21	6.82	-14.73
963	39.25	6.71	-14.79
964	39.29	6.61	-14.85
965	39.33	6.52	-14.91
966	39.37	6.43	-14.95
967	39.41	6.35	-15
968	39.45	6.26	-15.05
969	39.49	6.17	-15.09
970	39.53	6.09	-15.16
971	39.57	6	-15.23
972	39.61	5.94	-15.3
973	39.65	5.9	-15.37
974	39.69	5.86	-15.45
975	39.73	5.82	-15.49
976	39.77	5.78	-15.53
977	39.81	5.73	-15.57
978	39.85	5.66	-15.63
979	39.89	5.57	-15.73
980	39.93	5.49	-15.83
981	39.97	5.41	-15.94
982	40.01	5.3	-16.05
983	40.05	5.16	-16.19
984	40.09	4.98	-16.33
985	40.13	4.81	-16.47
986	40.17	4.68	-16.58
987	40.21	4.59	-16.65
988	40.25	4.51	-16.72
989	40.29	4.42	-16.77
990	40.33	4.32	-16.83
991	40.37	4.21	-16.88
992	40.41	4.12	-16.94
993	40.45	4.02	-17.03
994	40.49	3.94	-17.11
995	40.53	3.82	-17.25
996	40.57	3.71	-17.37
997	40.61	3.63	-17.47
998	40.65	3.54	-17.56
999	40.69	3.5	-17.61
1000	40.73	3.43	-17.69
1001	40.77	3.34	-17.78
1002	40.81	3.24	-17.9
1003	40.92	3.08	-18.07
1004	40.97	2.93	-18.2
1005	41.01	2.79	-18.3
1006	41.05	2.66	-18.37
1007	41.09	2.58	-18.39
1008	41.13	2.51	-18.44
1009	41.17	2.47	-18.48
1010	41.21	2.42	-18.55
1011	41.25	2.37	-18.64
1012	41.29	2.31	-18.72
1013	41.33	2.26	-18.81
1014	41.37	2.25	-18.86
1015	41.41	2.23	-18.91
1016	41.45	2.23	-18.94
1017	41.49	2.23	-18.98
1018	41.53	2.21	-19.05
1019	41.57	2.2	-19.14
1020	41.61	2.21	-19.25
1021	41.65	2.21	-19.4
1022	41.69	2.21	-19.53
1023	41.73	2.23	-19.67
1024	41.77	2.24	-19.81
1025	41.81	2.25	-19.92
1026	41.85	2.25	-20.03
1027	41.89	2.25	-20.11
1028	41.93	2.24	-20.17
1029	41.97	2.23	-20.23
1030	42.01	2.23	-20.24
1031	42.05	2.23	-20.25
1032	42.09	2.23	-20.25
1033	42.13	2.25	-20.24
1034	42.17	2.25	-20.25
1035	42.21	2.24	-20.27
1036	42.25	2.24	-20.3
1037	42.29	2.23	-20.32
1038	42.33	2.23	-20.37
1039	42.37	2.24	-20.4
1040	42.41	2.25	-20.43
1041	42.45	2.26	-20.45
1042	42.49	2.27	-20.46
1043	42.53	2.27	-20.49
1044	42.57	2.28	-20.53
1045	42.61	2.28	-20.58
1046	42.65	2.28	-20.63
1047	42.69	2.27	-20.68
1048	42.73	2.25	-20.73
1049	42.77	2.23	-20.78
1050	42.81	2.2	-20.81
1051	42.85	2.18	-20.84
1052	42.89	2.19	-20.85
1053	42.93	2.19	-20.86
1054	42.97	2.21	-20.86
1055	43.01	2.21	-20.88
1056	43.05	2.22	-20.92
1057	43.09	2.23	-20.94
1058	43.13	2.23	-20.99
1059	43.17	2.26	-21.04
1060	43.21	2.3	-21.11
1061	43.25	2.36	-21.22
1062	43.29	2.43	-21.32
1063	43.33	2.5	-21.43
1064	43.37	2.56	-21.47
1065	43.41	2.59	-21.49
1066	43.45	2.63	-21.5
1067	43.49	2.66	-21.5
1068	43.53	2.68	-21.53
1069	43.57	2.72	-21.56
1070	43.61	2.74	-21.58
1071	43.65	2.75	-21.55
1072	43.69	2.75	-21.54
1073	43.73	2.75	-21.53
1074	43.77	2.74	-21.55
1075	43.81	2.73	-21.6
1076	43.85	2.73	-21.65
1077	43.89	2.73	-21.69
1078	43.93	2.72	-21.71
1079	43.97	2.72	-21.72
1080	44.01	2.73	-21.73
1081	44.05	2.72	-21.74
1082	44.09	2.73	-21.77
1083	44.13	2.73	-21.81
1084	44.17	2.72	-21.84
1085	44.21	2.71	-21.86
1086	44.25	2.69	-21.88
1087	44.29	2.67	-21.87
1088	44.33	2.65	-21.88
1089	44.37	2.62	-21.88
1090	44.41	2.59	-21.87
1091	44.45	2.55	-21.87
1092	44.49	2.5	-21.85
1093	44.53	2.45	-21.83
1094	44.57	2.39	-21.81
1095	44.61	2.34	-21.78
1096	44.65	2.28	-21.75
1097	44.69	2.22	-21.73
1098	44.73	2.17	-21.7
1099	44.79	2.12	-21.65
1100	44.81	2.07	-21.62
1101	44.85	2.03	-21.59
1102	44.89	2	-21.57
1103	44.93	1.98	-21.56
1104	44.97	1.95	-21.55
1105	45.01	1.92	-21.56
1106	45.05	1.89	-21.56
1107	45.09	1.85	-21.59
1108	45.13	1.82	-21.59
1109	45.17	1.81	-21.59
1110	45.21	1.78	-21.6
1111	45.25	1.76	-21.6
1112	45.29	1.73	-21.63
1113	45.33	1.7	-21.67
1114	45.37	1.68	-21.68
1115	45.41	1.66	-21.71
1116	45.45	1.65	-21.73
1117	45.49	1.65	-21.77
1118	45.53	1.65	-21.81
1119	45.57	1.66	-21.87
1120	45.61	1.68	-21.9
1121	45.65	1.7	-21.93
1122	45.69	1.71	-21.96
1123	45.73	1.72	-21.95
1124	45.77	1.72	-21.98
1125	45.81	1.71	-21.99
1126	45.85	1.7	-22.01
1127	45.89	1.7	-22.03
1128	45.93	1.7	-22.04
1129	45.97	1.7	-22.07
1130	46.01	1.71	-22.09
1131	46.05	1.74	-22.11
1132	46.09	1.75	-22.11
1133	46.13	1.77	-22.13
1134	46.17	1.79	-22.15
1135	46.21	1.79	-22.19
1136	46.25	1.8	-22.24
1137	46.29	1.79	-22.26
1138	46.33	1.77	-22.26
1139	46.37	1.76	-22.28
1140	46.41	1.74	-22.29
1141	46.45	1.72	-22.31
1142	46.49	1.72	-22.35
1143	46.53	1.71	-22.38
1144	46.57	1.71	-22.41
1145	46.61	1.71	-22.45
1146	46.65	1.67	-22.52
1147	46.69	1.56	-22.6
1148	46.73	1.44	-22.69
1149	46.77	1.32	-22.75
1150	46.81	1.22	-22.77
1151	46.85	1.18	-22.75
1152	46.89	1.15	-22.69
1153	46.93	1.11	-22.64
1154	46.97	1.07	-22.59
1155	47.01	1.01	-22.57
1156	47.09	0.93	-22.58
1157	47.13	0.84	-22.59
1158	47.17	0.76	-22.57
1159	47.21	0.68	-22.56
1160	47.25	0.62	-22.53
1161	47.29	0.55	-22.53
1162	47.33	0.5	-22.54
1163	47.37	0.45	-22.58
1164	47.41	0.42	-22.63
1165	47.45	0.38	-22.68
1166	47.49	0.35	-22.73
1167	47.53	0.3	-22.76
1168	47.57	0.2	-22.8
1169	47.61	0.06	-22.83
1170	47.65	-0.08	-22.86
1171	47.69	-0.22	-22.88
1172	47.73	-0.32	-22.88
1173	47.77	-0.4	-22.87
1174	47.81	-0.48	-22.87
1175	47.85	-0.56	-22.87
1176	47.89	-0.61	-22.89
1177	47.93	-0.66	-22.93
1178	47.97	-0.71	-22.99
1179	48.01	-0.78	-23.06
1180	48.05	-0.85	-23.14
1181	48.09	-0.95	-23.23
1182	48.13	-1.05	-23.28
1183	48.17	-1.14	-23.28
1184	48.21	-1.21	-23.24
1185	48.25	-1.3	-23.21
1186	48.29	-1.36	-23.2
1187	48.33	-1.45	-23.23
1188	48.37	-1.56	-23.29
1189	48.41	-1.67	-23.33
1190	48.45	-1.8	-23.36
1191	48.49	-1.98	-23.38
1192	48.53	-2.2	-23.41
1193	48.57	-2.43	-23.43
1194	48.61	-2.66	-23.47
1195	48.65	-2.82	-23.5
1196	48.69	-2.95	-23.55
1197	48.73	-3.09	-23.61
1198	48.77	-3.22	-23.67
1199	48.81	-3.38	-23.74
1200	48.85	-3.52	-23.79
1201	48.89	-3.63	-23.83
1202	48.93	-3.74	-23.9
1203	48.97	-3.82	-23.97
1204	49.01	-3.91	-24.06
1205	49.05	-3.99	-24.12
1206	49.09	-4.05	-24.15
1207	49.13	-4.14	-24.18
1208	49.17	-4.23	-24.21
1209	49.21	-4.36	-24.3
1210	49.25	-4.52	-24.42
1211	49.29	-4.67	-24.5
1212	49.33	-4.83	-24.55
1213	49.37	-4.98	-24.57
1214	49.41	-5.1	-24.57
1215	49.45	-5.25	-24.57
1216	49.49	-5.39	-24.56
1217	49.53	-5.49	-24.52
1218	49.57	-5.6	-24.49
1219	49.61	-5.66	-24.45
1220	49.65	-5.68	-24.42
1221	49.69	-5.73	-24.42
1222	49.73	-5.77	-24.42
1223	49.77	-5.82	-24.43
1224	49.81	-5.86	-24.43
1225	49.85	-5.87	-24.44
1226	49.89	-5.91	-24.48
1227	49.93	-5.98	-24.52
1228	49.97	-6.06	-24.59
1229	50.01	-6.2	-24.67
1230	50.05	-6.29	-24.72
1231	50.09	-6.38	-24.79
1232	50.13	-6.49	-24.86
1233	50.17	-6.56	-24.92
1234	50.21	-6.66	-24.99
1235	50.25	-6.72	-25.04
1236	50.29	-6.77	-25.06
1237	50.33	-6.82	-25.08
1238	50.37	-6.85	-25.07
1239	50.41	-6.86	-25.03
1240	50.45	-6.92	-25
1241	50.49	-6.98	-24.95
1242	50.53	-7.09	-24.92
1243	50.57	-7.22	-24.92
1244	50.61	-7.33	-24.96
1245	50.65	-7.46	-25.02
1246	50.69	-7.58	-25.1
1247	50.73	-7.73	-25.16
1248	50.77	-7.85	-25.17
1249	50.81	-7.97	-25.15
1250	50.85	-8.11	-25.13
1251	50.89	-8.24	-25.08
1252	50.93	-8.37	-25.03
1253	50.97	-8.5	-24.99
1254	51.01	-8.64	-24.96
1255	51.05	-8.78	-24.96
1256	51.09	-8.95	-24.98
1257	51.13	-9.11	-24.99
1258	51.17	-9.24	-24.98
1259	51.21	-9.33	-24.97
1260	51.25	-9.39	-24.94
1261	51.29	-9.41	-24.94
1262	51.33	-9.46	-24.96
1263	51.37	-9.54	-25
1264	51.41	-9.67	-25.08
1265	51.45	-9.84	-25.15
1266	51.49	-9.96	-25.19
1267	51.53	-10.07	-25.24
1268	51.57	-10.12	-25.24
1269	51.61	-10.17	-25.22
1270	51.65	-10.24	-25.2
1271	51.69	-10.29	-25.17
1272	51.73	-10.34	-25.15
1273	51.77	-10.4	-25.16
1274	51.86	-10.51	-25.14
1275	51.89	-10.67	-25.11
1276	51.93	-10.89	-25.08
1277	51.97	-11.14	-25.03
1278	52.01	-11.36	-25
1279	52.05	-11.53	-24.94
1280	52.09	-11.69	-24.89
1281	52.13	-11.82	-24.84
1282	52.17	-11.96	-24.81
1283	52.21	-12.11	-24.82
1284	52.25	-12.24	-24.83
1285	52.29	-12.36	-24.84
1286	52.33	-12.46	-24.83
1287	52.37	-12.54	-24.84
1288	52.41	-12.62	-24.85
1289	52.45	-12.69	-24.87
1290	52.49	-12.75	-24.9
1291	52.53	-12.84	-24.96
1292	52.57	-12.97	-25.04
1293	52.61	-13.11	-25.12
1294	52.65	-13.2	-25.19
1295	52.69	-13.29	-25.24
1296	52.73	-13.35	-25.28
1297	52.77	-13.36	-25.32
1298	52.81	-13.43	-25.35
1299	52.85	-13.43	-25.37
1300	52.89	-13.43	-25.38
1301	52.93	-13.44	-25.4
1302	52.97	-13.44	-25.4
1303	53.01	-13.46	-25.41
1304	53.05	-13.5	-25.4
1305	53.09	-13.52	-25.39
1306	53.13	-13.53	-25.37
1307	53.17	-13.56	-25.35
1308	53.21	-13.58	-25.34
1309	53.25	-13.62	-25.32
1310	53.29	-13.67	-25.31
1311	53.33	-13.71	-25.28
1312	53.37	-13.73	-25.26
1313	53.41	-13.75	-25.23
1314	53.45	-13.75	-25.22
1315	53.49	-13.74	-25.21
1316	53.53	-13.72	-25.2
1317	53.57	-13.73	-25.19
1318	53.61	-13.72	-25.19
1319	53.65	-13.74	-25.18
1320	53.69	-13.76	-25.19
1321	53.73	-13.77	-25.2
1322	53.77	-13.79	-25.22
1323	53.81	-13.77	-25.25
1324	53.85	-13.77	-25.28
1325	53.89	-13.76	-25.31
1326	53.93	-13.77	-25.34
1327	53.97	-13.79	-25.35
1328	54.01	-13.8	-25.36
1329	54.05	-13.81	-25.37
1330	54.09	-13.79	-25.38
1331	54.13	-13.8	-25.39
1332	54.17	-13.8	-25.4
1333	54.21	-13.81	-25.41
1334	54.25	-13.85	-25.41
1335	54.29	-13.84	-25.42
1336	54.33	-13.86	-25.43
1337	54.37	-13.86	-25.44
1338	54.41	-13.87	-25.45
1339	54.45	-13.88	-25.46
1340	54.49	-13.87	-25.46
1341	54.53	-13.88	-25.47
1342	54.57	-13.89	-25.48
1343	54.61	-13.92	-25.48
1344	54.65	-13.95	-25.47
1345	54.69	-13.96	-25.46
1346	54.73	-13.99	-25.46
1347	54.77	-13.98	-25.45
1348	54.81	-13.98	-25.45
1349	54.85	-13.99	-25.44
1350	54.89	-13.99	-25.43
1351	54.93	-14.01	-25.43
1352	54.97	-14.01	-25.43
1353	55.01	-14.03	-25.42
1354	55.05	-14.02	-25.43
1355	55.09	-14.02	-25.42
1356	55.13	-14.01	-25.43
1357	55.17	-13.98	-25.43
1358	55.21	-13.96	-25.44
1359	55.25	-13.93	-25.44
1360	55.29	-13.92	-25.45
1361	55.33	-13.91	-25.46
1362	55.37	-13.9	-25.48
1363	55.41	-13.86	-25.48
1364	55.45	-13.83	-25.49
1365	55.49	-13.81	-25.49
1366	55.53	-13.75	-25.47
1367	55.57	-13.71	-25.46
1368	55.61	-13.68	-25.44
1369	55.65	-13.64	-25.43
1370	55.69	-13.64	-25.4
1371	55.73	-13.63	-25.37
1372	55.77	-13.64	-25.34
1373	55.81	-13.65	-25.3
1374	55.85	-13.63	-25.26
1375	55.89	-13.62	-25.24
1376	55.93	-13.59	-25.23
1377	55.97	-13.6	-25.23
1378	56.01	-13.6	-25.24
1379	56.05	-13.63	-25.25
1380	56.09	-13.65	-25.26
1381	56.12	-13.67	-25.26
1382	56.17	-13.68	-25.27
1383	56.21	-13.7	-25.26
1384	56.25	-13.71	-25.26
1385	56.29	-13.72	-25.26
1386	56.49	-13.76	-25.25
1387	56.49	-13.76	-25.26
1388	56.54	-13.79	-25.26
1389	56.57	-13.78	-25.28
1390	56.61	-13.8	-25.29
1391	56.64	-13.83	-25.3
1392	56.68	-13.86	-25.3
1393	56.73	-13.88	-25.31
1394	56.76	-13.89	-25.31
1395	56.8	-13.9	-25.32
1396	56.84	-13.9	-25.35
1397	56.88	-13.93	-25.37
1398	56.92	-13.94	-25.38
1399	56.96	-13.95	-25.4
1400	57	-13.96	-25.41
1401	57.04	-13.92	-25.43
1402	57.08	-13.91	-25.45
1403	57.12	-13.91	-25.44
1404	57.17	-13.95	-25.39
1405	57.2	-14.05	-25.29
1406	57.24	-14.14	-25.2
1407	57.28	-14.22	-25.12
1408	57.32	-14.27	-25.05
1409	57.36	-14.3	-25.01
1410	57.4	-14.37	-24.97
1411	57.44	-14.41	-24.89
1412	57.48	-14.47	-24.79
1413	57.52	-14.5	-24.7
1414	57.56	-14.53	-24.65
1415	57.61	-14.6	-24.63
1416	57.64	-14.67	-24.65
1417	57.68	-14.74	-24.67
1418	57.72	-14.79	-24.69
1419	57.76	-14.83	-24.67
1420	57.8	-14.85	-24.65
1421	57.84	-14.9	-24.64
1422	57.88	-14.99	-24.62
1423	57.92	-15.12	-24.62
1424	57.96	-15.25	-24.6
1425	58	-15.4	-24.56
1426	58.04	-15.52	-24.51
1427	58.08	-15.67	-24.44
1428	58.12	-15.88	-24.35
1429	58.16	-16.08	-24.29
1430	58.2	-16.28	-24.23
1431	58.24	-16.48	-24.2
1432	58.28	-16.64	-24.2
1433	58.32	-16.78	-24.2
1434	58.36	-16.95	-24.21
1435	58.4	-17.12	-24.24
1436	58.44	-17.31	-24.28
1437	58.48	-17.55	-24.31
1438	58.52	-17.78	-24.35
1439	58.56	-17.98	-24.36
1440	58.65	-18.18	-24.41
1441	58.68	-18.34	-24.46
1442	58.72	-18.48	-24.55
1443	58.76	-18.59	-24.6
1444	58.8	-18.65	-24.65
1445	58.85	-18.7	-24.67
1446	58.88	-18.74	-24.68
1447	58.93	-18.81	-24.67
1448	58.96	-18.88	-24.67
1449	59	-18.94	-24.66
1450	59.04	-18.96	-24.64
1451	59.08	-18.97	-24.63
1452	59.12	-19.01	-24.62
1453	59.16	-19.03	-24.61
1454	59.2	-19.06	-24.62
1455	59.24	-19.07	-24.62
1456	59.28	-19.07	-24.63
1457	59.32	-19.08	-24.64
1458	59.36	-19.06	-24.64
1459	59.4	-19.07	-24.65
1460	59.44	-19.07	-24.65
1461	59.48	-19.08	-24.65
1462	59.52	-19.08	-24.65
1463	59.56	-19.09	-24.65
1464	59.6	-19.1	-24.66
1465	59.64	-19.11	-24.66
1466	59.68	-19.12	-24.66
1467	59.72	-19.15	-24.67
1468	59.76	-19.15	-24.68
1469	59.8	-19.15	-24.68
1470	59.84	-19.16	-24.67
1471	59.88	-19.15	-24.66
1472	59.92	-19.15	-24.64
1473	59.96	-19.15	-24.62
1474	60	-19.17	-24.62
1475	60.04	-19.18	-24.62
1476	60.08	-19.23	-24.64
1477	60.12	-19.25	-24.65
1478	60.17	-19.26	-24.65
1479	60.21	-19.29	-24.66
1480	60.24	-19.26	-24.65
1481	60.28	-19.27	-24.64
1482	60.32	-19.27	-24.64
1483	60.36	-19.29	-24.63
1484	60.4	-19.29	-24.63
1485	60.44	-19.29	-24.63
1486	60.48	-19.31	-24.62
1487	60.52	-19.31	-24.62
1488	60.56	-19.32	-24.61
1489	60.6	-19.33	-24.6
1490	60.64	-19.35	-24.6
1491	60.68	-19.35	-24.59
1492	60.72	-19.37	-24.58
1493	60.76	-19.4	-24.58
1494	60.8	-19.42	-24.59
1495	60.84	-19.45	-24.6
1496	60.88	-19.47	-24.61
1497	60.92	-19.49	-24.61
1498	60.96	-19.51	-24.62
1499	61	-19.56	-24.65
1500	61.04	-19.55	-24.67
1501	61.08	-19.55	-24.68
1502	61.12	-19.52	-24.68
1503	61.16	-19.51	-24.66
1504	61.2	-19.57	-24.64
1505	61.36	-19.63	-24.62
1506	61.4	-19.69	-24.61
1507	61.44	-19.75	-24.62
1508	61.48	-19.82	-24.62
1509	61.52	-19.88	-24.65
1510	61.56	-19.97	-24.66
1511	61.6	-20.03	-24.68
1512	61.64	-20.1	-24.73
1513	61.68	-20.17	-24.77
1514	61.72	-20.24	-24.81
1515	61.76	-20.31	-24.84
1516	61.8	-20.35	-24.85
1517	61.84	-20.41	-24.85
1518	61.88	-20.43	-24.85
1519	61.92	-20.44	-24.83
1520	61.96	-20.44	-24.84
1521	62	-20.41	-24.85
1522	62.04	-20.37	-24.86
1523	62.08	-20.38	-24.88
1524	62.16	-20.42	-24.88
1525	62.2	-20.46	-24.89
1526	62.24	-20.54	-24.92
1527	62.28	-20.56	-24.94
1528	62.32	-20.57	-24.96
1529	62.36	-20.57	-24.98
1530	62.4	-20.57	-25.02
1531	62.44	-20.56	-25.03
1532	62.48	-20.54	-25.06
1533	62.52	-20.57	-25.07
1534	62.56	-20.57	-25.08
1535	62.6	-20.6	-25.1
1536	62.64	-20.59	-25.11
1537	62.68	-20.57	-25.12
1538	62.72	-20.54	-25.13
1539	62.76	-20.51	-25.13
1540	62.8	-20.52	-25.14
1541	62.84	-20.52	-25.14
1542	62.88	-20.52	-25.14
1543	62.92	-20.51	-25.15
1544	62.96	-20.53	-25.16
1545	63	-20.53	-25.16
1546	63.04	-20.54	-25.17
1547	63.08	-20.55	-25.18
1548	63.12	-20.53	-25.18
1549	63.16	-20.53	-25.17
1550	63.2	-20.54	-25.17
1551	63.24	-20.55	-25.17
1552	63.28	-20.57	-25.17
1553	63.32	-20.6	-25.17
1554	63.36	-20.6	-25.17
1555	63.4	-20.6	-25.17
1556	63.44	-20.62	-25.18
1557	63.48	-20.62	-25.18
1558	63.52	-20.63	-25.18
1559	63.56	-20.62	-25.18
1560	63.6	-20.63	-25.17
1561	63.64	-20.65	-25.15
1562	63.68	-20.64	-25.13
1563	63.72	-20.64	-25.12
1564	63.76	-20.63	-25.1
1565	63.8	-20.63	-25.1
1566	63.84	-20.63	-25.09
1567	63.88	-20.62	-25.07
1568	63.92	-20.62	-25.06
1569	63.96	-20.58	-25.04
1570	64	-20.53	-25.02
1571	64.04	-20.47	-25.03
1572	64.08	-20.39	-25.05
1573	64.12	-20.34	-25.08
1574	64.16	-20.32	-25.1
1575	64.2	-20.31	-25.1
1576	64.24	-20.31	-25.07
1577	64.28	-20.33	-25.06
1578	64.32	-20.34	-25.04
1579	64.36	-20.34	-25.02
1580	64.4	-20.37	-25
1581	64.44	-20.37	-24.98
1582	64.48	-20.37	-24.97
1583	64.52	-20.38	-24.97
1584	64.56	-20.38	-24.96
1585	64.6	-20.42	-24.95
1586	64.64	-20.45	-24.95
1587	64.68	-20.47	-24.95
1588	64.72	-20.51	-24.96
1589	64.76	-20.49	-24.97
1590	64.8	-20.46	-24.98
1591	64.84	-20.43	-25
1592	64.88	-20.41	-25.02
1593	64.92	-20.43	-25.03
1594	64.96	-20.44	-25.05
1595	65	-20.47	-25.07
1596	65.04	-20.48	-25.07
1597	65.08	-20.49	-25.09
1598	65.12	-20.5	-25.09
1599	65.16	-20.51	-25.1
1600	65.2	-20.5	-25.1
1601	65.24	-20.49	-25.11
1602	65.28	-20.48	-25.12
1603	65.32	-20.47	-25.12
1604	65.36	-20.45	-25.12
1605	65.4	-20.46	-25.13
1606	65.44	-20.46	-25.13
1607	65.48	-20.47	-25.13
1608	65.52	-20.49	-25.15
1609	65.56	-20.51	-25.17
1610	65.6	-20.52	-25.17
1611	65.64	-20.53	-25.18
1612	65.68	-20.55	-25.18
1613	65.72	-20.56	-25.19
1614	65.76	-20.58	-25.21
1615	65.8	-20.61	-25.24
1616	65.84	-20.64	-25.27
1617	65.88	-20.7	-25.28
1618	65.92	-20.76	-25.25
1619	65.96	-20.82	-25.17
1620	66	-20.88	-25.09
1621	66.04	-20.91	-25.02
1622	66.08	-20.94	-24.97
1623	66.12	-20.96	-24.95
1624	66.16	-20.98	-24.94
1625	66.2	-21	-24.92
1626	66.24	-21.02	-24.94
1627	66.28	-21.04	-24.95
1628	66.32	-21.06	-24.97
1629	66.36	-21.07	-24.99
1630	66.4	-21.06	-24.99
1631	66.44	-21.09	-25.01
1632	66.48	-21.1	-25.01
1633	66.52	-21.12	-25.02
1634	66.56	-21.13	-25.02
1635	66.6	-21.14	-25.01
1636	66.64	-21.14	-25.01
1637	66.68	-21.14	-25
1638	66.72	-21.16	-25
1639	66.76	-21.15	-25.01
1640	66.8	-21.15	-25.01
1641	66.84	-21.16	-25.01
1642	66.88	-21.18	-25.03
1643	66.92	-21.17	-25.03
1644	66.96	-21.16	-25.02
1645	67	-21.16	-25.02
1646	67.04	-21.12	-25.01
1647	67.08	-21.11	-25.01
1648	67.12	-21.12	-25.01
1649	67.16	-21.13	-25.01
1650	67.2	-21.14	-25.01
1651	67.24	-21.14	-25.02
1652	67.28	-21.13	-25.02
1653	67.32	-21.1	-25.01
1654	67.36	-21.07	-25
1655	67.4	-21.04	-24.99
1656	67.44	-21.02	-24.98
1657	67.48	-21.01	-24.98
1658	67.52	-20.99	-24.98
1659	67.56	-20.93	-24.95
1660	67.6	-20.87	-24.92
1661	67.64	-20.81	-24.88
1662	67.68	-20.76	-24.84
1663	67.72	-20.74	-24.82
1664	67.76	-20.76	-24.8
1665	67.8	-20.77	-24.8
1666	67.84	-20.81	-24.81
1667	67.88	-20.86	-24.81
1668	67.92	-20.86	-24.8
1669	67.96	-20.88	-24.78
1670	68	-20.89	-24.76
1671	68.04	-20.87	-24.75
1672	68.08	-20.88	-24.74
1673	68.12	-20.9	-24.73
1674	68.16	-20.92	-24.72
1675	68.2	-20.94	-24.69
1676	68.24	-20.97	-24.66
1677	68.28	-20.96	-24.64
1678	68.32	-20.96	-24.6
1679	68.36	-20.96	-24.57
1680	68.4	-20.97	-24.53
1681	68.44	-20.99	-24.49
1682	68.48	-21.02	-24.45
1683	68.52	-21.05	-24.41
1684	68.56	-21.06	-24.38
1685	68.6	-21.09	-24.35
1686	68.64	-21.09	-24.33
1687	68.68	-21.08	-24.32
1688	68.72	-21.07	-24.3
1689	68.76	-21.05	-24.26
1690	68.8	-21.05	-24.18
1691	68.84	-21.03	-24.08
1692	68.88	-21.02	-23.99
1693	68.92	-21.01	-23.9
1694	68.96	-20.96	-23.85
1695	69	-20.92	-23.83
1696	69.04	-20.89	-23.81
1697	69.08	-20.85	-23.79
1698	69.12	-20.86	-23.76
1699	69.16	-20.89	-23.72
1700	69.2	-20.92	-23.67
1701	69.24	-20.95	-23.62
1702	69.28	-20.97	-23.57
1703	69.32	-20.97	-23.53
1704	69.36	-20.97	-23.51
1705	69.4	-21	-23.48
1706	69.44	-21.04	-23.44
1707	69.48	-21.09	-23.4
1708	69.52	-21.14	-23.35
1709	69.56	-21.17	-23.31
1710	69.6	-21.17	-23.28
1711	69.64	-21.17	-23.25
1712	69.68	-21.16	-23.23
1713	69.72	-21.14	-23.2
1714	69.76	-21.13	-23.18
1715	69.8	-21.11	-23.17
1716	69.84	-21.09	-23.16
1717	69.88	-21.09	-23.15
1718	69.92	-21.06	-23.18
1719	69.96	-21.06	-23.2
1720	70	-21.04	-23.23
1721	70.04	-21.04	-23.25
1722	70.08	-21.07	-23.26
1723	70.12	-21.06	-23.27
1724	70.16	-21.08	-23.27
1725	70.2	-21.09	-23.29
1726	70.24	-21.11	-23.3
1727	70.28	-21.12	-23.32
1728	70.32	-21.14	-23.34
1729	70.36	-21.16	-23.34
1730	70.4	-21.16	-23.35
1731	70.44	-21.15	-23.36
1732	70.48	-21.14	-23.36
1733	70.52	-21.12	-23.36
1734	70.56	-21.09	-23.36
1735	70.6	-21.09	-23.35
1736	70.64	-21.1	-23.34
1737	70.68	-21.12	-23.34
1738	70.72	-21.13	-23.32
1739	70.76	-21.11	-23.33
1740	70.8	-21.09	-23.33
1741	70.84	-21.06	-23.32
1742	70.88	-21.05	-23.33
1743	70.92	-21.04	-23.32
1744	70.96	-21.03	-23.33
1745	71	-21.03	-23.33
1746	71.04	-21.01	-23.35
1747	71.08	-21.02	-23.36
1748	71.12	-21.02	-23.36
1749	71.16	-21.03	-23.34
1750	71.2	-21.04	-23.33
1751	71.24	-21.04	-23.32
1752	71.28	-21.05	-23.3
1753	71.32	-21.03	-23.29
1754	71.36	-21	-23.29
1755	71.4	-20.97	-23.3
1756	71.44	-20.9	-23.34
1757	71.48	-20.84	-23.4
1758	71.52	-20.81	-23.48
1759	71.56	-20.77	-23.56
1760	71.6	-20.78	-23.63
1761	71.64	-20.79	-23.68
1762	71.68	-20.83	-23.72
1763	71.72	-20.88	-23.75
1764	71.76	-20.92	-23.8
1765	71.8	-20.96	-23.85
1766	71.84	-20.97	-23.89
1767	71.88	-21	-23.91
1768	71.92	-21.01	-23.92
1769	71.96	-21.04	-23.92
1770	72	-21.07	-23.92
1771	72.04	-21.07	-23.95
1772	72.08	-21.08	-23.98
1773	72.12	-21.08	-24.01
1774	72.16	-21.08	-24.05
1775	72.2	-21.09	-24.09
1776	72.24	-21.08	-24.13
1777	72.28	-21.1	-24.2
1778	72.32	-21.09	-24.27
1779	72.36	-21.1	-24.36
1780	72.4	-21.11	-24.43
1781	72.44	-21.1	-24.49
1782	72.48	-21.11	-24.54
1783	72.52	-21.09	-24.56
1784	72.56	-21.08	-24.56
1785	72.6	-21.08	-24.56
1786	72.64	-21.07	-24.54
1787	72.68	-21.07	-24.52
1788	72.72	-21.06	-24.5
1789	72.76	-21.06	-24.48
1790	72.8	-21.07	-24.46
1791	72.84	-21.08	-24.44
1792	72.88	-21.09	-24.42
1793	72.92	-21.08	-24.41
1794	72.96	-21.07	-24.4
1795	73	-21.06	-24.39
1796	73.04	-21.05	-24.4
1797	73.08	-21.08	-24.41
1798	73.12	-21.08	-24.42
1799	73.16	-21.12	-24.42
1800	73.2	-21.14	-24.42
1801	73.24	-21.14	-24.41
1802	73.28	-21.16	-24.41
1803	73.32	-21.17	-24.41
1804	73.36	-21.18	-24.41
1805	73.4	-21.16	-24.41
1806	73.44	-21.13	-24.42
1807	73.48	-21.12	-24.42
1808	73.52	-21.11	-24.42
1809	73.56	-21.12	-24.43
1810	73.61	-21.15	-24.45
1811	73.68	-21.14	-24.46
1812	73.72	-21.13	-24.51
1813	73.76	-21.08	-24.53
1814	73.8	-21.04	-24.58
1815	73.84	-21.01	-24.61
1816	73.88	-20.99	-24.63
1817	73.92	-21	-24.63
1818	73.96	-21.03	-24.63
1819	74	-21.06	-24.64
1820	74.04	-21.08	-24.64
1821	74.08	-21.09	-24.65
1822	74.12	-21.1	-24.66
1823	74.16	-21.12	-24.68
1824	74.2	-21.14	-24.7
1825	74.24	-21.14	-24.72
1826	74.28	-21.13	-24.73
1827	74.32	-21.11	-24.73
1828	74.36	-21.08	-24.71
1829	74.4	-21.1	-24.7
1830	74.44	-21.13	-24.68
1831	74.48	-21.17	-24.65
1832	74.52	-21.24	-24.63
1833	74.56	-21.27	-24.6
1834	74.6	-21.29	-24.59
1835	74.64	-21.25	-24.62
1836	74.68	-21.19	-24.65
1837	74.72	-21.15	-24.7
1838	74.76	-21.1	-24.75
1839	74.8	-21.1	-24.78
1840	74.84	-21.11	-24.81
1841	74.88	-21.11	-24.84
1842	74.92	-21.12	-24.88
1843	74.96	-21.13	-24.92
1844	75	-21.16	-24.97
1845	75.04	-21.19	-25
1846	75.08	-21.21	-25.01
1847	75.12	-21.23	-25.01
1848	75.16	-21.26	-25.03
1849	75.2	-21.27	-25.04
1850	75.24	-21.27	-25.06
1851	75.28	-21.31	-25.12
1852	75.32	-21.33	-25.17
1853	75.36	-21.37	-25.25
1854	75.4	-21.42	-25.32
1855	75.44	-21.43	-25.36
1856	75.48	-21.41	-25.36
1857	75.52	-21.35	-25.32
1858	75.56	-21.28	-25.26
1859	75.6	-21.2	-25.2
1860	75.64	-21.12	-25.14
1861	75.68	-21.01	-25.06
1862	75.72	-20.91	-24.96
1863	75.76	-20.81	-24.82
1864	75.8	-20.75	-24.68
1865	75.84	-20.73	-24.52
1866	75.88	-20.75	-24.4
1867	75.92	-20.84	-24.29
1868	75.96	-20.92	-24.23
1869	76	-20.98	-24.19
1870	76.04	-21.04	-24.17
1871	76.08	-21.08	-24.15
1872	76.12	-21.1	-24.13
1873	76.16	-21.15	-24.09
1874	76.2	-21.19	-24.03
1875	76.24	-21.21	-23.99
1876	76.28	-21.26	-23.93
1877	76.32	-21.29	-23.87
1878	76.36	-21.3	-23.83
1879	76.4	-21.33	-23.77
1880	76.44	-21.36	-23.7
1881	76.48	-21.44	-23.62
1882	76.52	-21.52	-23.52
1883	76.56	-21.61	-23.41
1884	76.6	-21.67	-23.31
1885	76.64	-21.7	-23.22
1886	76.68	-21.74	-23.12
1887	76.72	-21.76	-23.05
1888	76.76	-21.78	-23
1889	76.8	-21.81	-22.93
1890	76.84	-21.82	-22.86
1891	76.88	-21.86	-22.76
1892	76.92	-21.91	-22.65
1893	76.96	-21.95	-22.53
1894	77	-21.98	-22.43
1895	77.04	-21.99	-22.34
1896	77.08	-22	-22.27
1897	77.12	-22.01	-22.2
1898	77.16	-22.04	-22.12
1899	77.2	-22.09	-22.06
1900	77.24	-22.17	-21.97
1901	77.28	-22.23	-21.87
1902	77.32	-22.31	-21.74
1903	77.36	-22.37	-21.63
1904	77.4	-22.42	-21.54
1905	77.44	-22.46	-21.47
1906	77.48	-22.5	-21.42
1907	77.52	-22.54	-21.37
1908	77.56	-22.57	-21.32
1909	77.6	-22.61	-21.26
1910	77.64	-22.66	-21.21
1911	77.68	-22.71	-21.12
1912	77.72	-22.74	-21.01
1913	77.8	-22.75	-20.84
1914	77.83	-22.74	-20.65
1915	77.85	-22.72	-20.43
1916	77.88	-22.73	-20.21
1917	77.92	-22.75	-20.03
1918	77.96	-22.77	-19.88
1919	78	-22.8	-19.75
1920	78.04	-22.85	-19.6
1921	78.08	-22.89	-19.46
1922	78.12	-22.94	-19.27
1923	78.16	-22.97	-19.09
1924	78.2	-22.97	-18.99
1925	78.24	-22.97	-18.92
1926	78.28	-22.99	-18.89
1927	78.32	-23	-18.87
1928	78.36	-23.03	-18.8
1929	78.4	-23.08	-18.69
1930	78.44	-23.14	-18.55
1931	78.48	-23.22	-18.39
1932	78.52	-23.29	-18.27
1933	78.56	-23.33	-18.16
1934	78.6	-23.37	-18.07
1935	78.64	-23.4	-17.95
1936	78.68	-23.44	-17.79
1937	78.72	-23.47	-17.63
1938	78.76	-23.49	-17.46
1939	78.8	-23.47	-17.31
1940	78.84	-23.44	-17.14
1941	78.88	-23.39	-16.93
1942	78.92	-23.36	-16.7
1943	78.96	-23.36	-16.47
1944	79	-23.39	-16.28
1945	79.04	-23.39	-16.11
1946	79.08	-23.39	-15.95
1947	79.12	-23.36	-15.8
1948	79.16	-23.34	-15.64
1949	79.2	-23.34	-15.5
1950	79.24	-23.36	-15.41
1951	79.28	-23.39	-15.31
1952	79.32	-23.44	-15.24
1953	79.36	-23.51	-15.18
1954	79.4	-23.57	-15.12
1955	79.44	-23.61	-15.08
1956	79.48	-23.65	-15.06
1957	79.52	-23.68	-15.04
1958	79.56	-23.7	-15.01
1959	79.6	-23.73	-14.99
1960	79.64	-23.74	-14.96
1961	79.68	-23.76	-14.94
1962	79.72	-23.77	-14.92
1963	79.76	-23.79	-14.88
1964	79.8	-23.81	-14.86
1965	79.84	-23.83	-14.83
1966	79.88	-23.85	-14.81
1967	79.92	-23.87	-14.8
1968	79.96	-23.9	-14.77
1969	80	-23.92	-14.73
1970	80.04	-23.93	-14.67
1971	80.08	-23.93	-14.59
1972	80.12	-23.92	-14.51
1973	80.16	-23.91	-14.42
1974	80.2	-23.89	-14.34
1975	80.24	-23.89	-14.27
1976	80.28	-23.89	-14.23
1977	80.32	-23.9	-14.19
1978	80.36	-23.91	-14.17
1979	80.4	-23.92	-14.16
1980	80.44	-23.92	-14.13
1981	80.48	-23.92	-14.12
1982	80.52	-23.91	-14.1
1983	80.56	-23.91	-14.07
1984	80.6	-23.92	-14.03
1985	80.64	-23.94	-14
1986	80.68	-23.95	-13.97
1987	80.72	-23.93	-13.94
1988	80.76	-23.88	-13.92
1989	80.8	-23.8	-13.86
1990	80.84	-23.7	-13.82
1991	80.88	-23.62	-13.79
1992	80.92	-23.54	-13.8
1993	80.96	-23.48	-13.82
1994	81	-23.42	-13.87
1995	81.04	-23.36	-13.91
1996	81.08	-23.3	-13.92
1997	81.12	-23.27	-13.92
1998	81.16	-23.25	-13.89
1999	81.2	-23.25	-13.87
2000	81.24	-23.25	-13.85
2001	81.28	-23.25	-13.84
2002	81.32	-23.25	-13.82
2003	81.36	-23.26	-13.81
2004	81.4	-23.28	-13.8
2005	81.44	-23.31	-13.8
2006	81.48	-23.34	-13.79
2007	81.52	-23.37	-13.79
2008	81.56	-23.39	-13.77
2009	81.6	-23.41	-13.73
2010	81.64	-23.42	-13.72
2011	81.68	-23.43	-13.68
2012	81.72	-23.42	-13.67
2013	81.76	-23.43	-13.66
2014	81.8	-23.43	-13.65
2015	81.84	-23.43	-13.64
2016	81.88	-23.43	-13.63
2017	81.92	-23.44	-13.63
2018	81.96	-23.44	-13.62
2019	82	-23.44	-13.61
2020	82.04	-23.44	-13.6
2021	82.08	-23.43	-13.57
2022	82.12	-23.44	-13.55
2023	82.16	-23.44	-13.5
2024	82.2	-23.44	-13.47
2025	82.24	-23.44	-13.46
2026	82.28	-23.44	-13.46
2027	82.32	-23.44	-13.44
2028	82.36	-23.45	-13.39
2029	82.4	-23.45	-13.32
2030	82.44	-23.46	-13.25
2031	82.48	-23.48	-13.18
2032	82.52	-23.5	-13.09
2033	82.56	-23.52	-13
2034	82.6	-23.57	-12.9
2035	82.64	-23.62	-12.81
2036	82.68	-23.68	-12.74
2037	82.72	-23.75	-12.68
2038	82.76	-23.79	-12.63
2039	82.8	-23.82	-12.58
2040	82.84	-23.84	-12.52
2041	82.88	-23.86	-12.43
2042	82.92	-23.88	-12.33
2043	82.96	-23.91	-12.22
2044	83	-23.94	-12.1
2045	83.04	-23.94	-11.99
2046	83.08	-23.94	-11.88
2047	83.12	-23.92	-11.77
2048	83.16	-23.93	-11.63
2049	83.2	-23.93	-11.52
2050	83.24	-23.92	-11.39
2051	83.28	-23.89	-11.24
2052	83.32	-23.84	-11.15
2053	83.36	-23.79	-11.03
2054	83.4	-23.76	-10.95
2055	83.44	-23.72	-10.85
2056	83.48	-23.69	-10.71
2057	83.52	-23.65	-10.57
2058	83.56	-23.62	-10.42
2059	83.6	-23.59	-10.3
2060	83.64	-23.57	-10.21
2061	83.68	-23.56	-10.13
2062	83.72	-23.58	-10.04
2063	83.76	-23.62	-9.94
2064	83.8	-23.69	-9.84
2065	83.84	-23.76	-9.74
2066	83.88	-23.82	-9.64
2067	83.92	-23.88	-9.57
2068	83.96	-23.92	-9.47
2069	84	-23.95	-9.37
2070	84.04	-23.98	-9.27
2071	84.08	-24.01	-9.12
2072	84.12	-24.05	-8.95
2073	84.16	-24.08	-8.78
2074	84.2	-24.05	-8.58
2075	84.24	-23.98	-8.36
2076	84.28	-23.89	-8.15
2077	84.32	-23.78	-7.94
2078	84.36	-23.7	-7.78
2079	84.4	-23.64	-7.66
2080	84.44	-23.63	-7.57
2081	84.48	-23.63	-7.46
2082	84.52	-23.64	-7.31
2083	84.56	-23.66	-7.15
2084	84.6	-23.66	-7.02
2085	84.64	-23.67	-6.89
2086	84.68	-23.72	-6.77
2087	84.72	-23.78	-6.67
2088	84.76	-23.86	-6.5
2089	84.8	-23.95	-6.37
2090	84.84	-24.02	-6.26
2091	84.88	-24.08	-6.17
2092	84.92	-24.12	-6.1
2093	84.96	-24.15	-6.06
2094	85	-24.16	-6.04
2095	85.04	-24.16	-6.04
2096	85.08	-24.14	-6.12
2097	85.12	-24.1	-6.22
2098	85.16	-24.07	-6.35
2099	85.2	-24.01	-6.48
2100	85.32	-23.91	-6.68
2101	85.36	-23.82	-6.87
2102	85.4	-23.73	-7.04
2103	85.44	-23.66	-7.22
2104	85.48	-23.66	-7.29
2105	85.52	-23.65	-7.33
2106	85.56	-23.64	-7.35
2107	85.6	-23.61	-7.36
2108	85.64	-23.56	-7.4
2109	85.68	-23.52	-7.45
2110	85.72	-23.45	-7.51
2111	85.76	-23.39	-7.56
2112	85.8	-23.34	-7.58
2113	85.84	-23.3	-7.63
2114	85.88	-23.27	-7.66
2115	85.92	-23.24	-7.71
2116	85.96	-23.2	-7.76
2117	86	-23.17	-7.81
2118	86.04	-23.13	-7.86
2119	86.08	-23.1	-7.91
2120	86.12	-23.09	-7.94
2121	86.16	-23.07	-7.95
2122	86.2	-23.07	-7.94
2123	86.24	-23.06	-7.92
2124	86.28	-23.01	-7.9
2125	86.32	-22.95	-7.87
2126	86.36	-22.86	-7.86
2127	86.4	-22.79	-7.86
2128	86.44	-22.75	-7.85
2129	86.48	-22.71	-7.85
2130	86.52	-22.69	-7.84
2131	86.56	-22.66	-7.82
2132	86.6	-22.64	-7.81
2133	86.64	-22.61	-7.79
2134	86.68	-22.58	-7.76
2135	86.72	-22.57	-7.75
2136	86.76	-22.55	-7.73
2137	86.8	-22.55	-7.71
2138	86.84	-22.55	-7.69
2139	86.88	-22.55	-7.67
2140	86.92	-22.56	-7.65
2141	86.96	-22.58	-7.64
2142	87	-22.59	-7.63
2143	87.04	-22.6	-7.62
2144	87.08	-22.62	-7.63
2145	87.12	-22.63	-7.64
2146	87.16	-22.65	-7.65
2147	87.2	-22.66	-7.65
2148	87.24	-22.66	-7.66
2149	87.28	-22.66	-7.67
2150	87.32	-22.66	-7.67
2151	87.36	-22.67	-7.66
2152	87.4	-22.67	-7.66
2153	87.44	-22.67	-7.66
2154	87.48	-22.67	-7.65
2155	87.52	-22.67	-7.65
2156	87.56	-22.68	-7.65
2157	87.6	-22.68	-7.65
2158	87.64	-22.69	-7.66
2159	87.68	-22.7	-7.67
2160	87.72	-22.69	-7.66
2161	87.76	-22.68	-7.65
2162	87.8	-22.66	-7.63
2163	87.84	-22.64	-7.59
2164	87.88	-22.63	-7.57
2165	87.92	-22.63	-7.56
2166	87.96	-22.63	-7.56
2167	88	-22.62	-7.56
2168	88.04	-22.61	-7.55
2169	88.08	-22.6	-7.55
2170	88.12	-22.6	-7.55
2171	88.16	-22.6	-7.54
2172	88.2	-22.61	-7.54
2173	88.24	-22.61	-7.54
2174	88.28	-22.6	-7.53
2175	88.32	-22.6	-7.53
2176	88.36	-22.6	-7.52
2177	88.4	-22.6	-7.52
2178	88.44	-22.6	-7.53
2179	88.48	-22.6	-7.54
2180	88.52	-22.6	-7.55
2181	88.56	-22.61	-7.58
2182	88.6	-22.62	-7.65
2183	88.64	-22.63	-7.72
2184	88.68	-22.65	-7.81
2185	88.72	-22.65	-7.88
2186	88.76	-22.66	-7.94
2187	88.8	-22.67	-8
2188	88.84	-22.67	-8.06
2189	88.88	-22.69	-8.11
2190	88.92	-22.69	-8.15
2191	88.96	-22.68	-8.18
2192	89	-22.7	-8.21
2193	89.04	-22.69	-8.22
2194	89.08	-22.69	-8.23
2195	89.16	-22.69	-8.24
2196	89.2	-22.67	-8.23
2197	89.24	-22.66	-8.23
2198	89.28	-22.65	-8.21
2199	89.32	-22.65	-8.2
2200	89.36	-22.64	-8.19
2201	89.4	-22.63	-8.18
2202	89.44	-22.64	-8.19
2203	89.48	-22.63	-8.19
2204	89.52	-22.63	-8.19
2205	89.56	-22.64	-8.2
2206	89.6	-22.65	-8.2
2207	89.64	-22.67	-8.21
2208	89.68	-22.71	-8.23
2209	89.72	-22.74	-8.24
2210	89.76	-22.76	-8.25
2211	89.8	-22.78	-8.28
2212	89.84	-22.79	-8.29
2213	89.88	-22.81	-8.31
2214	89.92	-22.83	-8.33
2215	89.96	-22.84	-8.32
2216	90	-22.85	-8.33
2217	90.04	-22.85	-8.33
2218	90.08	-22.86	-8.35
2219	90.12	-22.86	-8.37
2220	90.16	-22.85	-8.38
2221	90.2	-22.85	-8.39
2222	90.24	-22.85	-8.39
2223	90.28	-22.84	-8.39
2224	90.32	-22.83	-8.39
2225	90.36	-22.83	-8.37
2226	90.4	-22.81	-8.36
2227	90.44	-22.8	-8.34
2228	90.48	-22.8	-8.32
2229	90.52	-22.8	-8.32
2230	90.56	-22.8	-8.31
2231	90.6	-22.8	-8.31
2232	90.64	-22.81	-8.32
2233	90.68	-22.82	-8.32
2234	90.72	-22.83	-8.32
2235	90.76	-22.84	-8.32
2236	90.8	-22.85	-8.31
2237	90.84	-22.85	-8.31
2238	90.88	-22.85	-8.31
2239	90.92	-22.85	-8.32
2240	90.96	-22.84	-8.32
2241	91	-22.84	-8.32
2242	91.04	-22.84	-8.32
2243	91.08	-22.84	-8.32
2244	91.12	-22.85	-8.32
2245	91.16	-22.85	-8.31
2246	91.2	-22.84	-8.3
2247	91.24	-22.84	-8.28
2248	91.31	-22.84	-8.24
2249	91.36	-22.85	-8.19
2250	91.4	-22.85	-8.13
2251	91.44	-22.87	-8.08
2252	91.48	-22.87	-8.05
2253	91.52	-22.88	-8.04
2254	91.56	-22.89	-8.03
2255	91.6	-22.89	-8.03
2256	91.64	-22.9	-8.06
2257	91.68	-22.89	-8.08
2258	91.72	-22.9	-8.13
2259	91.76	-22.91	-8.17
2260	91.8	-22.91	-8.19
2261	91.84	-22.93	-8.2
2262	91.88	-22.94	-8.21
2263	91.92	-22.97	-8.21
2264	91.96	-23.01	-8.23
2265	92	-23.05	-8.24
2266	92.04	-23.1	-8.26
2267	92.08	-23.13	-8.28
2268	92.12	-23.16	-8.29
2269	92.16	-23.2	-8.31
2270	92.2	-23.22	-8.33
2271	92.24	-23.23	-8.36
2272	92.28	-23.23	-8.37
2273	92.32	-23.23	-8.37
2274	92.36	-23.21	-8.34
2275	92.4	-23.22	-8.29
2276	92.44	-23.24	-8.22
2277	92.48	-23.26	-8.15
2278	92.52	-23.29	-8.07
2279	92.56	-23.31	-8
2280	92.6	-23.34	-7.94
2281	92.64	-23.36	-7.87
2282	92.68	-23.37	-7.83
2283	92.72	-23.39	-7.78
2284	92.76	-23.38	-7.74
2285	92.8	-23.38	-7.71
2286	92.84	-23.37	-7.69
2287	92.88	-23.37	-7.68
2288	92.92	-23.36	-7.69
2289	92.96	-23.36	-7.72
2290	93	-23.37	-7.74
2291	93.04	-23.37	-7.75
2292	93.08	-23.37	-7.78
2293	93.12	-23.35	-7.82
2294	93.16	-23.34	-7.88
2295	93.2	-23.32	-7.96
2296	93.24	-23.32	-8.02
2297	93.28	-23.32	-8.06
2298	93.32	-23.33	-8.11
2299	93.36	-23.35	-8.15
2300	93.4	-23.36	-8.2
2301	93.44	-23.36	-8.25
2302	93.48	-23.35	-8.3
2303	93.52	-23.33	-8.35
2304	93.56	-23.3	-8.4
2305	93.6	-23.28	-8.46
2306	93.64	-23.26	-8.49
2307	93.68	-23.23	-8.52
2308	93.72	-23.22	-8.54
2309	93.76	-23.21	-8.57
2310	93.8	-23.2	-8.6
2311	93.84	-23.2	-8.63
2312	93.88	-23.2	-8.64
2313	93.91	-23.2	-8.65
2314	93.96	-23.2	-8.65
2315	94	-23.2	-8.65
2316	94.04	-23.2	-8.69
2317	94.08	-23.2	-8.73
2318	94.12	-23.19	-8.78
2319	94.16	-23.17	-8.84
2320	94.2	-23.12	-8.88
2321	94.23	-23.08	-8.92
2322	94.28	-23.04	-8.99
2323	94.31	-22.98	-9.05
2324	94.36	-22.92	-9.13
2325	94.4	-22.84	-9.19
2326	94.44	-22.75	-9.23
2327	94.47	-22.68	-9.3
2328	94.51	-22.64	-9.35
2329	94.55	-22.59	-9.43
2330	94.59	-22.55	-9.53
2331	94.63	-22.52	-9.6
2332	94.67	-22.48	-9.68
2333	94.71	-22.47	-9.74
2334	94.76	-22.47	-9.79
2335	94.79	-22.48	-9.83
2336	94.83	-22.49	-9.88
2337	94.87	-22.5	-9.92
2338	94.91	-22.51	-9.96
2339	94.95	-22.53	-9.99
2340	94.99	-22.51	-10.02
2341	95.04	-22.49	-10.05
2342	95.07	-22.47	-10.08
2343	95.11	-22.41	-10.12
2344	95.15	-22.38	-10.16
2345	95.19	-22.34	-10.19
2346	95.23	-22.27	-10.21
2347	95.27	-22.18	-10.24
2348	95.31	-22.04	-10.23
2349	95.35	-21.87	-10.21
2350	95.39	-21.7	-10.21
2351	95.43	-21.59	-10.2
2352	95.47	-21.53	-10.23
2353	95.51	-21.51	-10.27
2354	95.55	-21.49	-10.34
2355	95.59	-21.44	-10.42
2356	95.63	-21.38	-10.52
2357	95.67	-21.32	-10.62
2358	95.71	-21.26	-10.72
2359	95.76	-21.21	-10.8
2360	95.79	-21.17	-10.88
2361	95.83	-21.11	-10.97
2362	95.87	-21.07	-11.03
2363	95.91	-21.03	-11.09
2364	95.95	-21	-11.14
2365	95.99	-20.99	-11.16
2366	96.03	-20.97	-11.18
2367	96.07	-20.93	-11.21
2368	96.11	-20.89	-11.23
2369	96.15	-20.84	-11.26
2370	96.19	-20.78	-11.29
2371	96.23	-20.75	-11.31
2372	96.27	-20.72	-11.32
2373	96.31	-20.7	-11.32
2374	96.35	-20.68	-11.33
2375	96.39	-20.67	-11.34
2376	96.43	-20.69	-11.33
2377	96.47	-20.73	-11.32
2378	96.51	-20.81	-11.29
2379	96.55	-20.89	-11.27
2380	96.59	-20.99	-11.23
2381	96.63	-21.08	-11.2
2382	96.67	-21.17	-11.17
2383	96.71	-21.26	-11.13
2384	96.75	-21.32	-11.09
2385	96.79	-21.39	-11.06
2386	96.83	-21.42	-11.04
2387	96.87	-21.45	-11.05
2388	96.91	-21.46	-11.08
2389	96.95	-21.47	-11.12
2390	97.09	-21.52	-11.17
2391	97.12	-21.57	-11.21
2392	97.15	-21.63	-11.23
2393	97.19	-21.7	-11.23
2394	97.23	-21.73	-11.21
2395	97.27	-21.81	-11.15
2396	97.31	-21.88	-11.11
2397	97.35	-21.94	-11.08
2398	97.39	-22.01	-11.06
2399	97.43	-22.02	-11.08
2400	97.47	-22.03	-11.1
2401	97.51	-22.03	-11.11
2402	97.55	-22.02	-11.11
2403	97.59	-22.01	-11.12
2404	97.63	-21.98	-11.12
2405	97.67	-21.97	-11.09
2406	97.71	-21.97	-11.06
2407	97.75	-22	-11.02
2408	97.79	-22.05	-10.97
2409	97.83	-22.09	-10.95
2410	97.87	-22.12	-10.95
2411	97.91	-22.16	-10.95
2412	97.95	-22.19	-10.96
2413	97.99	-22.23	-10.94
2414	98.03	-22.28	-10.92
2415	98.07	-22.32	-10.9
2416	98.11	-22.37	-10.86
2417	98.15	-22.41	-10.83
2418	98.19	-22.46	-10.79
2419	98.23	-22.49	-10.76
2420	98.27	-22.51	-10.74
2421	98.31	-22.5	-10.72
2422	98.35	-22.49	-10.72
2423	98.39	-22.48	-10.7
2424	98.43	-22.46	-10.68
2425	98.47	-22.43	-10.63
2426	98.51	-22.43	-10.58
2427	98.55	-22.46	-10.53
2428	98.59	-22.5	-10.44
2429	98.63	-22.56	-10.38
2430	98.67	-22.6	-10.31
2431	98.71	-22.61	-10.27
2432	98.75	-22.62	-10.25
2433	98.79	-22.62	-10.21
2434	98.83	-22.61	-10.19
2435	98.87	-22.6	-10.15
2436	98.91	-22.59	-10.14
2437	98.95	-22.58	-10.18
2438	98.99	-22.6	-10.22
2439	99.03	-22.64	-10.26
2440	99.07	-22.69	-10.29
2441	99.11	-22.75	-10.28
2442	99.15	-22.79	-10.25
2443	99.19	-22.82	-10.22
2444	99.23	-22.87	-10.19
2445	99.27	-22.9	-10.14
2446	99.31	-22.94	-10.12
2447	99.35	-22.97	-10.11
2448	99.39	-22.98	-10.11
2449	99.43	-23	-10.14
2450	99.47	-22.99	-10.17
2451	99.51	-22.97	-10.21
2452	99.55	-22.95	-10.23
2453	99.59	-22.93	-10.24
2454	99.63	-22.92	-10.28
2455	99.67	-22.92	-10.3
2456	99.71	-22.92	-10.34
2457	99.75	-22.92	-10.37
2458	99.79	-22.93	-10.4
2459	99.83	-22.94	-10.44
2460	99.87	-22.94	-10.47
2461	99.91	-22.95	-10.51
2462	99.95	-22.96	-10.53
2463	99.99	-22.97	-10.55
2464	100.03	-22.98	-10.57
2465	100.07	-22.99	-10.57
2466	100.11	-23	-10.59
2467	100.15	-23.01	-10.6
2468	100.19	-23.01	-10.61
2469	100.23	-23.01	-10.6
2470	100.27	-23	-10.58
2471	100.31	-23.01	-10.56
2472	100.35	-23.02	-10.54
2473	100.39	-23.02	-10.51
2474	100.43	-23.01	-10.48
2475	100.47	-23	-10.45
2476	100.51	-22.98	-10.41
2477	100.55	-22.97	-10.39
2478	100.59	-22.98	-10.38
2479	100.63	-22.99	-10.36
2480	100.67	-23	-10.37
2481	100.71	-23.01	-10.38
2482	100.75	-23	-10.38
2483	100.79	-22.99	-10.42
2484	100.83	-22.98	-10.42
2485	100.87	-22.98	-10.43
2486	100.91	-22.97	-10.44
2487	100.95	-22.97	-10.41
2488	100.99	-22.95	-10.4
2489	101.03	-22.94	-10.4
2490	101.07	-22.95	-10.41
2491	101.11	-22.94	-10.44
2492	101.15	-22.95	-10.47
2493	101.19	-22.95	-10.51
2494	101.23	-22.95	-10.52
2495	101.27	-22.96	-10.55
2496	101.31	-22.96	-10.58
2497	101.35	-22.97	-10.6
2498	101.39	-22.97	-10.63
2499	101.43	-22.96	-10.66
2500	101.47	-22.95	-10.69
2501	101.51	-22.94	-10.71
2502	101.55	-22.94	-10.71
2503	101.59	-22.94	-10.7
2504	101.63	-22.93	-10.68
2505	101.67	-22.92	-10.62
2506	101.71	-22.89	-10.56
2507	101.75	-22.84	-10.47
2508	101.79	-22.77	-10.37
2509	101.83	-22.7	-10.28
2510	101.87	-22.66	-10.23
2511	101.91	-22.64	-10.2
2512	101.95	-22.63	-10.17
2513	101.99	-22.63	-10.16
2514	102.03	-22.63	-10.15
2515	102.07	-22.64	-10.14
2516	102.11	-22.67	-10.15
2517	102.15	-22.69	-10.18
2518	102.19	-22.71	-10.2
2519	102.23	-22.7	-10.2
2520	102.27	-22.68	-10.2
2521	102.31	-22.69	-10.19
2522	102.35	-22.69	-10.19
2523	102.39	-22.72	-10.22
2524	102.43	-22.76	-10.26
2525	102.47	-22.76	-10.32
2526	102.51	-22.69	-10.36
2527	102.55	-22.6	-10.39
2528	102.59	-22.52	-10.4
2529	102.63	-22.47	-10.38
2530	102.67	-22.48	-10.37
2531	102.71	-22.49	-10.35
2532	102.75	-22.49	-10.32
2533	102.79	-22.5	-10.3
2534	102.83	-22.5	-10.29
2535	102.87	-22.51	-10.28
2536	102.91	-22.53	-10.29
2537	102.95	-22.53	-10.3
2538	102.99	-22.51	-10.3
2539	103.03	-22.47	-10.29
2540	103.07	-22.38	-10.27
2541	103.11	-22.29	-10.25
2542	103.15	-22.24	-10.23
2543	103.19	-22.21	-10.21
2544	103.23	-22.24	-10.17
2545	103.27	-22.31	-10.14
2546	103.31	-22.37	-10.14
2547	103.35	-22.41	-10.17
2548	103.39	-22.4	-10.23
2549	103.43	-22.35	-10.31
2550	103.47	-22.27	-10.37
2551	103.51	-22.18	-10.41
2552	103.55	-22.13	-10.44
2553	103.59	-22.11	-10.46
2554	103.63	-22.1	-10.5
2555	103.67	-22.11	-10.52
2556	103.71	-22.13	-10.56
2557	103.75	-22.16	-10.59
2558	103.79	-22.21	-10.59
2559	103.83	-22.26	-10.58
2560	103.87	-22.3	-10.57
2561	103.91	-22.3	-10.55
2562	103.95	-22.29	-10.54
2563	103.99	-22.25	-10.54
2564	104.03	-22.24	-10.54
2565	104.07	-22.23	-10.55
2566	104.11	-22.23	-10.55
2567	104.15	-22.23	-10.56
2568	104.19	-22.23	-10.57
2569	104.23	-22.24	-10.57
2570	104.27	-22.24	-10.58
2571	104.31	-22.25	-10.58
2572	104.35	-22.25	-10.58
2573	104.39	-22.25	-10.58
2574	104.43	-22.25	-10.59
2575	104.47	-22.25	-10.59
2576	104.51	-22.24	-10.61
2577	104.55	-22.24	-10.61
2578	104.59	-22.24	-10.62
2579	104.63	-22.24	-10.62
2580	104.67	-22.24	-10.62
2581	104.71	-22.24	-10.61
2582	104.75	-22.26	-10.61
2583	104.79	-22.27	-10.61
2584	104.83	-22.3	-10.6
2585	104.87	-22.31	-10.58
2586	104.91	-22.32	-10.56
2587	104.95	-22.31	-10.55
2588	104.99	-22.31	-10.54
2589	105.03	-22.3	-10.53
2590	105.07	-22.29	-10.53
2591	105.11	-22.28	-10.54
2592	105.15	-22.27	-10.55
2593	105.19	-22.26	-10.55
2594	105.23	-22.24	-10.56
2595	105.27	-22.24	-10.56
2596	105.31	-22.22	-10.59
2597	105.35	-22.19	-10.61
2598	105.39	-22.18	-10.63
2599	105.43	-22.17	-10.65
2600	105.47	-22.17	-10.65
2601	105.51	-22.17	-10.67
2602	105.55	-22.16	-10.67
2603	105.59	-22.16	-10.68
2604	105.63	-22.17	-10.7
2605	105.68	-22.17	-10.72
2606	105.71	-22.18	-10.75
2607	105.75	-22.2	-10.78
2608	105.79	-22.21	-10.81
2609	105.83	-22.23	-10.84
2610	105.87	-22.24	-10.86
2611	105.91	-22.25	-10.88
2612	105.95	-22.26	-10.89
2613	105.99	-22.29	-10.9
2614	106.03	-22.29	-10.9
2615	106.07	-22.29	-10.91
2616	106.11	-22.3	-10.91
2617	106.15	-22.29	-10.92
2618	106.19	-22.3	-10.93
2619	106.23	-22.31	-10.94
2620	106.27	-22.3	-10.94
2621	106.31	-22.27	-10.93
2622	106.35	-22.21	-10.91
2623	106.39	-22.14	-10.9
2624	106.43	-22.08	-10.89
2625	106.47	-22.04	-10.89
2626	106.51	-22.02	-10.91
2627	106.55	-22	-10.91
2628	106.59	-21.98	-10.93
2629	106.63	-21.97	-10.95
2630	106.67	-21.96	-10.97
2631	106.71	-21.96	-10.99
2632	106.75	-21.96	-10.99
2633	106.79	-21.95	-11
2634	106.83	-21.94	-11
2635	106.87	-21.9	-10.99
2636	106.91	-21.88	-10.98
2637	106.95	-21.85	-10.96
2638	106.99	-21.84	-10.95
2639	107.03	-21.84	-10.92
2640	107.07	-21.83	-10.89
2641	107.11	-21.86	-10.83
2642	107.15	-21.9	-10.75
2643	107.19	-21.97	-10.69
2644	107.23	-22.05	-10.64
2645	107.27	-22.11	-10.64
2646	107.31	-22.16	-10.68
2647	107.35	-22.18	-10.73
2648	107.39	-22.16	-10.8
2649	107.43	-22.14	-10.83
2650	107.47	-22.13	-10.85
2651	107.51	-22.13	-10.85
2652	107.55	-22.15	-10.85
2653	107.59	-22.17	-10.85
2654	107.63	-22.16	-10.85
2655	107.67	-22.17	-10.85
2656	107.71	-22.18	-10.83
2657	107.75	-22.17	-10.82
2658	107.79	-22.18	-10.79
2659	107.83	-22.19	-10.76
2660	107.87	-22.22	-10.73
2661	107.91	-22.26	-10.7
2662	107.95	-22.28	-10.68
2663	107.99	-22.31	-10.68
2664	108.03	-22.32	-10.7
2665	108.07	-22.32	-10.72
2666	108.11	-22.33	-10.73
2667	108.15	-22.34	-10.75
2668	108.19	-22.34	-10.76
2669	108.23	-22.33	-10.77
2670	108.27	-22.32	-10.79
2671	108.31	-22.3	-10.8
2672	108.35	-22.29	-10.82
2673	108.39	-22.28	-10.83
2674	108.43	-22.27	-10.83
2675	108.47	-22.27	-10.83
2676	108.51	-22.27	-10.83
2677	108.55	-22.27	-10.84
2678	108.59	-22.27	-10.85
2679	108.63	-22.26	-10.86
2680	108.67	-22.24	-10.87
2681	108.71	-22.23	-10.87
2682	108.75	-22.22	-10.87
2683	108.79	-22.21	-10.87
2684	108.83	-22.2	-10.86
2685	108.87	-22.18	-10.86
2686	108.91	-22.19	-10.85
2687	108.95	-22.18	-10.84
2688	108.99	-22.18	-10.85
2689	109.03	-22.18	-10.85
2690	109.07	-22.17	-10.85
2691	109.11	-22.19	-10.85
2692	109.15	-22.19	-10.85
2693	109.19	-22.2	-10.84
2694	109.23	-22.21	-10.84
2695	109.27	-22.21	-10.84
2696	109.31	-22.21	-10.85
2697	109.35	-22.21	-10.85
2698	109.39	-22.21	-10.85
2699	109.43	-22.22	-10.86
2700	109.47	-22.22	-10.86
2701	109.51	-22.22	-10.86
2702	109.55	-22.22	-10.88
2703	109.59	-22.22	-10.88
2704	109.63	-22.22	-10.89
2705	109.67	-22.23	-10.89
2706	109.71	-22.23	-10.9
2707	109.75	-22.23	-10.9
2708	109.79	-22.22	-10.9
2709	109.83	-22.22	-10.91
2710	109.87	-22.22	-10.91
2711	109.91	-22.21	-10.91
2712	109.95	-22.22	-10.92
2713	109.99	-22.23	-10.91
2714	110.03	-22.23	-10.91
2715	110.07	-22.23	-10.91
2716	110.11	-22.23	-10.91
2717	110.15	-22.25	-10.9
2718	110.19	-22.28	-10.87
2719	110.23	-22.32	-10.83
2720	110.27	-22.35	-10.78
2721	110.31	-22.37	-10.73
2722	110.35	-22.37	-10.68
2723	110.39	-22.37	-10.62
2724	110.43	-22.36	-10.56
2725	110.47	-22.36	-10.5
2726	110.51	-22.36	-10.4
2727	110.55	-22.35	-10.3
2728	110.59	-22.35	-10.2
2729	110.63	-22.33	-10.12
2730	110.67	-22.32	-10.06
2731	110.71	-22.32	-10
2732	110.75	-22.33	-9.94
2733	110.79	-22.33	-9.89
2734	110.83	-22.33	-9.86
2735	110.87	-22.31	-9.86
2736	110.91	-22.29	-9.88
2737	110.95	-22.27	-9.91
2738	110.99	-22.23	-9.95
2739	111.03	-22.2	-10
2740	111.07	-22.16	-10.05
2741	111.11	-22.12	-10.12
2742	111.15	-22.1	-10.18
2743	111.19	-22.1	-10.25
2744	111.23	-22.12	-10.32
2745	111.27	-22.17	-10.39
2746	111.31	-22.21	-10.46
2747	111.35	-22.27	-10.49
2748	111.39	-22.32	-10.5
2749	111.43	-22.36	-10.51
2750	111.47	-22.39	-10.51
2751	111.51	-22.41	-10.51
2752	111.55	-22.41	-10.52
2753	111.59	-22.42	-10.52
2754	111.63	-22.43	-10.53
2755	111.67	-22.43	-10.53
2756	111.71	-22.43	-10.53
2757	111.75	-22.41	-10.52
2758	111.79	-22.37	-10.53
2759	111.83	-22.29	-10.57
2760	111.87	-22.18	-10.66
2761	111.91	-22.08	-10.79
2762	111.95	-21.98	-10.92
2763	111.99	-21.93	-11.05
2764	112.03	-21.91	-11.13
2765	112.07	-21.94	-11.22
2766	112.11	-22	-11.29
2767	112.15	-22.11	-11.4
2768	112.19	-22.21	-11.53
2769	112.23	-22.28	-11.62
2770	112.27	-22.31	-11.7
2771	112.31	-22.28	-11.73
2772	112.35	-22.23	-11.74
2773	112.39	-22.17	-11.73
2774	112.43	-22.13	-11.73
2775	112.47	-22.11	-11.74
2776	112.51	-22.1	-11.75
2777	112.55	-22.1	-11.79
2778	112.59	-22.1	-11.88
2779	112.63	-22.11	-11.95
2780	112.67	-22.11	-12
2781	112.71	-22.11	-12.04
2782	112.75	-22.12	-12.05
2783	112.79	-22.12	-12.08
2784	112.83	-22.13	-12.16
2785	112.87	-22.12	-12.22
2786	112.91	-22.12	-12.29
2787	112.95	-22.12	-12.36
2788	112.99	-22.11	-12.43
2789	113.03	-22.11	-12.51
2790	113.07	-22.1	-12.58
2791	113.11	-22.08	-12.71
2792	113.15	-22.04	-12.86
2793	113.19	-21.99	-13
2794	113.23	-21.95	-13.12
2795	113.27	-21.92	-13.18
2796	113.31	-21.92	-13.19
2797	113.35	-21.94	-13.2
2798	113.39	-21.97	-13.2
2799	113.43	-22.01	-13.21
2800	113.47	-22.04	-13.23
2801	113.51	-22.07	-13.24
2802	113.55	-22.1	-13.27
2803	113.59	-22.13	-13.31
2804	113.63	-22.16	-13.34
2805	113.67	-22.18	-13.39
2806	113.71	-22.2	-13.42
2807	113.75	-22.21	-13.44
2808	113.79	-22.21	-13.45
2809	113.83	-22.21	-13.45
2810	113.87	-22.19	-13.44
2811	113.91	-22.17	-13.44
2812	113.95	-22.16	-13.43
2813	113.99	-22.15	-13.42
2814	114.03	-22.15	-13.42
2815	114.07	-22.14	-13.41
2816	114.11	-22.14	-13.4
2817	114.15	-22.12	-13.37
2818	114.19	-22.1	-13.31
2819	114.23	-22.06	-13.24
2820	114.27	-22.03	-13.16
2821	114.31	-22.01	-13.11
2822	114.35	-21.99	-13.08
2823	114.39	-21.99	-13.06
2824	114.43	-21.99	-13.04
2825	114.47	-21.98	-13.02
2826	114.51	-21.96	-12.99
2827	114.55	-21.96	-12.96
2828	114.59	-21.94	-12.92
2829	114.63	-21.94	-12.89
2830	114.67	-21.94	-12.86
2831	114.71	-21.93	-12.81
2832	114.75	-21.94	-12.79
2833	114.79	-21.94	-12.77
2834	114.83	-21.93	-12.75
2835	114.87	-21.94	-12.73
2836	114.91	-21.92	-12.68
2837	114.95	-21.89	-12.64
2838	114.99	-21.84	-12.6
2839	115.03	-21.78	-12.55
2840	115.07	-21.72	-12.52
2841	115.11	-21.66	-12.46
2842	115.15	-21.63	-12.43
2843	115.19	-21.59	-12.39
2844	115.23	-21.55	-12.36
2845	115.27	-21.49	-12.33
2846	115.31	-21.42	-12.28
2847	115.35	-21.38	-12.26
2848	115.39	-21.33	-12.23
2849	115.43	-21.31	-12.21
2850	115.47	-21.31	-12.2
2851	115.51	-21.29	-12.19
2852	115.55	-21.26	-12.19
2853	115.59	-21.22	-12.19
2854	115.63	-21.18	-12.2
2855	115.67	-21.15	-12.2
2856	115.71	-21.14	-12.19
2857	115.75	-21.12	-12.2
2858	115.79	-21.11	-12.21
2859	115.83	-21.09	-12.22
2860	115.87	-21.08	-12.23
2861	115.91	-21.08	-12.24
2862	115.95	-21.08	-12.23
2863	115.99	-21.08	-12.24
2864	116.03	-21.08	-12.24
2865	116.07	-21.05	-12.24
2866	116.11	-21.02	-12.26
2867	116.15	-20.96	-12.27
2868	116.19	-20.9	-12.29
2869	116.23	-20.85	-12.31
2870	116.27	-20.8	-12.32
2871	116.36	-20.75	-12.32
2872	116.39	-20.72	-12.29
2873	116.43	-20.69	-12.27
2874	116.47	-20.66	-12.22
2875	116.51	-20.64	-12.17
2876	116.55	-20.64	-12.14
2877	116.59	-20.65	-12.09
2878	116.63	-20.68	-12.08
2879	116.67	-20.71	-12.07
2880	116.71	-20.73	-12.09
2881	116.75	-20.74	-12.15
2882	116.79	-20.74	-12.23
2883	116.83	-20.75	-12.32
2884	116.87	-20.74	-12.36
2885	116.91	-20.74	-12.38
2886	116.95	-20.74	-12.38
2887	116.99	-20.72	-12.35
2888	117.03	-20.72	-12.35
2889	117.07	-20.71	-12.33
2890	117.11	-20.7	-12.29
2891	117.15	-20.68	-12.26
2892	117.19	-20.64	-12.22
2893	117.23	-20.62	-12.19
2894	117.27	-20.6	-12.16
2895	117.31	-20.58	-12.13
2896	117.35	-20.57	-12.1
2897	117.39	-20.54	-12.06
2898	117.43	-20.51	-12.02
2899	117.47	-20.48	-11.98
2900	117.51	-20.47	-11.95
2901	117.55	-20.46	-11.93
2902	117.59	-20.46	-11.92
2903	117.63	-20.44	-11.9
2904	117.67	-20.42	-11.87
2905	117.71	-20.42	-11.86
2906	117.75	-20.43	-11.84
2907	117.79	-20.43	-11.84
2908	117.83	-20.44	-11.83
2909	117.87	-20.45	-11.83
2910	117.91	-20.45	-11.83
2911	117.95	-20.45	-11.83
2912	117.99	-20.45	-11.83
2913	118.03	-20.45	-11.82
2914	118.07	-20.45	-11.83
2915	118.11	-20.45	-11.83
2916	118.15	-20.45	-11.83
2917	118.19	-20.45	-11.82
2918	118.23	-20.45	-11.8
2919	118.27	-20.45	-11.8
2920	118.31	-20.45	-11.8
2921	118.35	-20.45	-11.79
2922	118.39	-20.45	-11.77
2923	118.43	-20.45	-11.74
2924	118.51	-20.43	-11.68
2925	118.55	-20.42	-11.6
2926	118.59	-20.4	-11.54
2927	118.63	-20.38	-11.48
2928	118.67	-20.37	-11.43
2929	118.71	-20.35	-11.38
2930	118.75	-20.33	-11.34
2931	118.79	-20.31	-11.32
2932	118.83	-20.29	-11.33
2933	118.87	-20.27	-11.34
2934	118.91	-20.26	-11.35
2935	118.95	-20.24	-11.35
2936	118.99	-20.22	-11.34
2937	119.03	-20.2	-11.32
2938	119.07	-20.17	-11.33
2939	119.11	-20.17	-11.33
2940	119.15	-20.2	-11.34
2941	119.19	-20.23	-11.31
2942	119.23	-20.28	-11.25
2943	119.27	-20.33	-11.19
2944	119.31	-20.36	-11.14
2945	119.35	-20.4	-11.12
2946	119.39	-20.43	-11.13
2947	119.43	-20.43	-11.13
2948	119.47	-20.44	-11.1
2949	119.51	-20.43	-11.08
2950	119.55	-20.4	-11.07
2951	119.59	-20.36	-11.06
2952	119.63	-20.33	-11.07
2953	119.67	-20.3	-11.07
2954	119.71	-20.3	-11.07
2955	119.75	-20.31	-11.07
2956	119.79	-20.31	-11.06
2957	119.83	-20.32	-11.03
2958	119.87	-20.32	-11.01
2959	119.91	-20.32	-11
