1	0.06	-6.88	-0.52
2	0.1	-6.86	-0.55
3	0.14	-6.82	-0.52
4	0.18	-6.78	-0.52
5	0.22	-6.74	-0.51
6	0.26	-6.7	-0.52
7	0.3	-6.67	-0.54
8	0.34	-6.64	-0.55
9	0.38	-6.61	-0.57
10	0.42	-6.59	-0.59
11	0.51	-6.56	-0.61
12	0.54	-6.53	-0.66
13	0.58	-6.48	-0.67
14	0.62	-6.44	-0.7
15	0.66	-6.39	-0.72
16	0.7	-6.34	-0.71
17	0.74	-6.28	-0.74
18	0.78	-6.22	-0.77
19	0.82	-6.17	-0.81
20	0.86	-6.14	-0.88
21	0.9	-6.11	-0.93
22	0.94	-6.07	-0.96
23	0.98	-6.04	-0.98
24	1.02	-5.98	-0.95
25	1.06	-5.9	-0.89
26	1.1	-5.81	-0.83
27	1.14	-5.71	-0.78
28	1.18	-5.64	-0.73
29	1.22	-5.57	-0.7
30	1.26	-5.5	-0.69
31	1.3	-5.41	-0.67
32	1.34	-5.33	-0.7
33	1.38	-5.24	-0.73
34	1.42	-5.18	-0.77
35	1.46	-5.13	-0.78
36	1.5	-5.1	-0.79
37	1.54	-5.09	-0.8
38	1.58	-5.08	-0.81
39	1.62	-5.08	-0.82
40	1.66	-5.08	-0.82
41	1.7	-5.08	-0.81
42	1.74	-5.07	-0.8
43	1.78	-5.08	-0.81
44	1.82	-5.07	-0.82
45	1.86	-5.08	-0.84
46	1.9	-5.08	-0.84
47	1.94	-5.09	-0.86
48	1.98	-5.11	-0.91
49	2.02	-5.14	-0.96
50	2.06	-5.16	-1.05
51	2.1	-5.19	-1.17
52	2.14	-5.21	-1.25
53	2.18	-5.22	-1.33
54	2.22	-5.25	-1.39
55	2.26	-5.29	-1.46
56	2.3	-5.3	-1.51
57	2.34	-5.3	-1.58
58	2.38	-5.31	-1.64
59	2.42	-5.32	-1.68
60	2.46	-5.37	-1.75
61	2.5	-5.43	-1.82
62	2.54	-5.47	-1.91
63	2.58	-5.52	-2.01
64	2.62	-5.51	-2.08
65	2.66	-5.51	-2.16
66	2.7	-5.5	-2.19
67	2.74	-5.48	-2.24
68	2.78	-5.45	-2.3
69	2.82	-5.4	-2.38
70	2.86	-5.36	-2.51
71	2.9	-5.34	-2.63
72	2.94	-5.4	-2.75
73	2.98	-5.46	-2.85
74	3.02	-5.51	-2.91
75	3.06	-5.51	-2.96
76	3.1	-5.45	-3.01
77	3.14	-5.41	-3.06
78	3.18	-5.35	-3.12
79	3.22	-5.36	-3.19
80	3.26	-5.38	-3.27
81	3.3	-5.37	-3.39
82	3.34	-5.39	-3.5
83	3.38	-5.38	-3.61
84	3.42	-5.39	-3.7
85	3.46	-5.42	-3.75
86	3.5	-5.46	-3.79
87	3.54	-5.54	-3.87
88	3.74	-5.63	-3.92
89	3.78	-5.69	-3.99
90	3.82	-5.75	-4.06
91	3.86	-5.76	-4.09
92	3.9	-5.77	-4.11
93	3.94	-5.78	-4.13
94	3.98	-5.8	-4.13
95	4.02	-5.82	-4.12
96	4.06	-5.86	-4.14
97	4.1	-5.96	-4.13
98	4.14	-6.04	-4.13
99	4.18	-6.14	-4.12
100	4.22	-6.19	-4.1
101	4.26	-6.23	-4.07
102	4.3	-6.27	-4.05
103	4.34	-6.29	-4.02
104	4.38	-6.32	-4.03
105	4.42	-6.33	-4.05
106	4.46	-6.35	-4.08
107	4.5	-6.41	-4.1
108	4.54	-6.5	-4.1
109	4.58	-6.6	-4.14
110	4.62	-6.73	-4.13
111	4.66	-6.82	-4.16
112	4.7	-6.89	-4.21
113	4.74	-6.96	-4.24
114	4.78	-7.01	-4.29
115	4.82	-7.1	-4.32
116	4.86	-7.19	-4.34
117	4.9	-7.28	-4.37
118	4.94	-7.35	-4.44
119	4.98	-7.44	-4.5
120	5.02	-7.55	-4.58
121	5.06	-7.69	-4.61
122	5.1	-7.85	-4.52
123	5.14	-7.98	-4.43
124	5.18	-8.1	-4.3
125	5.22	-8.22	-4.2
126	5.26	-8.32	-4.17
127	5.3	-8.44	-4.15
128	5.34	-8.56	-4.13
129	5.38	-8.66	-4.09
130	5.42	-8.78	-4.09
131	5.46	-8.91	-4.07
132	5.5	-9.09	-4.08
133	5.54	-9.27	-4.09
134	5.58	-9.43	-4.06
135	5.62	-9.56	-4.06
136	5.66	-9.66	-4.05
137	5.7	-9.73	-4.04
138	5.74	-9.78	-4.05
139	5.78	-9.8	-4.07
140	5.82	-9.83	-4.11
141	5.86	-9.84	-4.13
142	5.9	-9.85	-4.16
143	5.94	-9.86	-4.18
144	5.98	-9.86	-4.19
145	6.02	-9.85	-4.19
146	6.06	-9.83	-4.16
147	6.1	-9.83	-4.16
148	6.14	-9.84	-4.16
149	6.18	-9.85	-4.18
150	6.22	-9.86	-4.18
151	6.26	-9.87	-4.18
152	6.3	-9.86	-4.17
153	6.34	-9.86	-4.16
154	6.38	-9.86	-4.15
155	6.42	-9.86	-4.14
156	6.46	-9.86	-4.13
157	6.5	-9.86	-4.13
158	6.54	-9.86	-4.15
159	6.58	-9.85	-4.16
160	6.62	-9.84	-4.16
161	6.66	-9.84	-4.17
162	6.7	-9.84	-4.18
163	6.74	-9.83	-4.18
164	6.78	-9.81	-4.17
165	6.82	-9.8	-4.16
166	6.86	-9.79	-4.17
167	6.9	-9.77	-4.15
168	6.94	-9.76	-4.12
169	6.98	-9.73	-4.05
170	7.02	-9.69	-3.95
171	7.06	-9.68	-3.87
172	7.1	-9.66	-3.77
173	7.14	-9.66	-3.7
174	7.18	-9.65	-3.62
175	7.22	-9.65	-3.54
176	7.26	-9.65	-3.48
177	7.3	-9.65	-3.4
178	7.34	-9.63	-3.32
179	7.38	-9.6	-3.25
180	7.42	-9.58	-3.14
181	7.46	-9.56	-3.05
182	7.5	-9.6	-2.95
183	7.54	-9.68	-2.86
184	7.58	-9.75	-2.81
185	7.62	-9.82	-2.77
186	7.66	-9.83	-2.72
187	7.7	-9.81	-2.65
188	7.74	-9.78	-2.54
189	7.78	-9.75	-2.43
190	7.82	-9.71	-2.34
191	7.86	-9.72	-2.26
192	7.9	-9.73	-2.21
193	7.94	-9.76	-2.17
194	7.98	-9.82	-2.14
195	8.02	-9.85	-2.12
196	8.06	-9.91	-2.08
197	8.1	-9.94	-2.01
198	8.14	-9.99	-1.93
199	8.18	-10.02	-1.82
200	8.22	-10.01	-1.73
201	8.26	-9.99	-1.67
202	8.3	-9.97	-1.61
203	8.34	-9.94	-1.56
204	8.38	-9.93	-1.51
205	8.42	-9.93	-1.45
206	8.46	-9.91	-1.39
207	8.5	-9.9	-1.35
208	8.54	-9.85	-1.3
209	8.58	-9.81	-1.25
210	8.62	-9.76	-1.2
211	8.66	-9.73	-1.17
212	8.7	-9.73	-1.15
213	8.74	-9.73	-1.14
214	8.78	-9.73	-1.15
215	8.82	-9.74	-1.14
216	8.86	-9.74	-1.13
217	8.9	-9.76	-1.11
218	8.94	-9.77	-1.11
219	8.98	-9.78	-1.11
220	9.02	-9.76	-1.1
221	9.06	-9.73	-1.1
222	9.1	-9.72	-1.09
223	9.14	-9.72	-1.09
224	9.18	-9.76	-1.09
225	9.22	-9.78	-1.07
226	9.26	-9.75	-1.08
227	9.3	-9.72	-1.08
228	9.34	-9.67	-1.07
229	9.38	-9.64	-1.05
230	9.42	-9.63	-1.01
231	9.46	-9.58	-0.99
232	9.5	-9.56	-0.95
233	9.54	-9.51	-0.92
234	9.58	-9.51	-0.88
235	9.62	-9.51	-0.84
236	9.66	-9.53	-0.82
237	9.7	-9.55	-0.82
238	9.74	-9.54	-0.83
239	9.78	-9.54	-0.84
240	9.82	-9.52	-0.84
241	9.86	-9.5	-0.84
242	9.9	-9.5	-0.83
243	9.94	-9.48	-0.82
244	9.98	-9.48	-0.81
245	10.02	-9.48	-0.81
246	10.06	-9.47	-0.8
247	10.1	-9.45	-0.79
248	10.14	-9.42	-0.77
249	10.18	-9.35	-0.74
250	10.22	-9.3	-0.72
251	10.26	-9.28	-0.69
252	10.3	-9.28	-0.65
253	10.34	-9.31	-0.61
254	10.38	-9.31	-0.55
255	10.42	-9.27	-0.5
256	10.46	-9.21	-0.45
257	10.5	-9.15	-0.39
258	10.54	-9.11	-0.37
259	10.58	-9.08	-0.35
260	10.62	-9.05	-0.33
261	10.66	-9.02	-0.33
262	10.7	-9.01	-0.31
263	10.74	-9	-0.3
264	10.78	-8.97	-0.29
265	10.82	-8.96	-0.28
266	10.86	-8.96	-0.26
267	10.9	-8.97	-0.21
268	10.94	-9	-0.17
269	10.98	-9.02	-0.12
270	11.02	-9.02	-0.07
271	11.06	-9.03	-0.01
272	11.1	-9.03	0.08
273	11.14	-9.03	0.2
274	11.18	-9.05	0.31
275	11.22	-9.04	0.39
276	11.26	-9.05	0.44
277	11.3	-9.07	0.47
278	11.34	-9.07	0.49
279	11.38	-9.09	0.51
280	11.42	-9.11	0.53
281	11.46	-9.13	0.55
282	11.5	-9.15	0.57
283	11.54	-9.17	0.58
284	11.58	-9.17	0.59
285	11.62	-9.17	0.6
286	11.66	-9.17	0.61
287	11.7	-9.17	0.6
288	11.74	-9.18	0.61
289	11.78	-9.19	0.61
290	11.82	-9.2	0.62
291	11.86	-9.21	0.62
292	11.9	-9.21	0.62
293	11.94	-9.21	0.62
294	11.98	-9.21	0.62
295	12.02	-9.2	0.61
296	12.06	-9.19	0.6
297	12.1	-9.18	0.58
298	12.14	-9.18	0.57
299	12.18	-9.17	0.56
300	12.22	-9.16	0.55
301	12.26	-9.14	0.54
302	12.3	-9.12	0.52
303	12.34	-9.12	0.51
304	12.38	-9.11	0.49
305	12.42	-9.1	0.47
306	12.46	-9.1	0.45
307	12.5	-9.1	0.43
308	12.54	-9.1	0.4
309	12.58	-9.11	0.37
310	12.62	-9.11	0.34
311	12.66	-9.08	0.3
312	12.7	-9.05	0.28
313	12.74	-9.04	0.25
314	12.78	-9.04	0.22
315	12.82	-9.09	0.19
316	12.86	-9.15	0.16
317	12.9	-9.22	0.14
318	12.94	-9.28	0.13
319	12.98	-9.34	0.1
320	13.02	-9.39	0.07
321	13.06	-9.44	0
322	13.1	-9.48	-0.09
323	13.14	-9.5	-0.18
324	13.18	-9.5	-0.27
325	13.22	-9.49	-0.32
326	13.26	-9.47	-0.36
327	13.3	-9.47	-0.41
328	13.34	-9.46	-0.47
329	13.38	-9.46	-0.55
330	13.42	-9.48	-0.62
331	13.46	-9.47	-0.68
332	13.5	-9.48	-0.74
333	13.54	-9.5	-0.82
334	13.58	-9.5	-0.9
335	13.62	-9.51	-1.01
336	13.66	-9.51	-1.1
337	13.7	-9.5	-1.18
338	13.74	-9.49	-1.25
339	13.78	-9.45	-1.3
340	13.82	-9.41	-1.34
341	13.86	-9.36	-1.39
342	13.9	-9.32	-1.43
343	13.94	-9.25	-1.49
344	13.98	-9.21	-1.54
345	14.02	-9.17	-1.59
346	14.06	-9.12	-1.63
347	14.1	-9.1	-1.68
348	14.14	-9.1	-1.77
349	14.18	-9.1	-1.85
350	14.22	-9.13	-1.98
351	14.26	-9.13	-2.1
352	14.3	-9.09	-2.2
353	14.34	-9.03	-2.29
354	14.38	-8.94	-2.32
355	14.42	-8.85	-2.34
356	14.46	-8.77	-2.33
357	14.5	-8.69	-2.3
358	14.54	-8.6	-2.25
359	14.58	-8.49	-2.22
360	14.62	-8.41	-2.2
361	14.66	-8.34	-2.21
362	14.7	-8.31	-2.22
363	14.74	-8.31	-2.21
364	14.78	-8.32	-2.2
365	14.82	-8.32	-2.18
366	14.86	-8.32	-2.22
367	14.9	-8.31	-2.29
368	14.94	-8.27	-2.35
369	14.98	-8.24	-2.38
370	15.02	-8.2	-2.37
371	15.06	-8.17	-2.35
372	15.1	-8.15	-2.32
373	15.14	-8.13	-2.32
374	15.18	-8.13	-2.3
375	15.22	-8.09	-2.25
376	15.26	-8.06	-2.16
377	15.3	-8.03	-2.06
378	15.34	-7.99	-1.95
379	15.38	-8	-1.88
380	15.42	-7.99	-1.82
381	15.46	-7.97	-1.76
382	15.5	-7.95	-1.72
383	15.54	-7.91	-1.66
384	15.58	-7.84	-1.64
385	15.62	-7.76	-1.6
386	15.66	-7.67	-1.57
387	15.7	-7.57	-1.52
388	15.74	-7.52	-1.4
389	15.78	-7.48	-1.3
390	15.82	-7.44	-1.19
391	15.86	-7.4	-1.09
392	15.9	-7.34	-1.05
393	15.94	-7.25	-1.03
394	15.98	-7.18	-0.99
395	16.02	-7.08	-0.96
396	16.06	-6.98	-0.91
397	16.1	-6.85	-0.83
398	16.14	-6.71	-0.77
399	16.18	-6.61	-0.67
400	16.22	-6.54	-0.59
401	16.26	-6.51	-0.49
402	16.3	-6.47	-0.38
403	16.34	-6.44	-0.3
404	16.38	-6.4	-0.23
405	16.42	-6.39	-0.18
406	16.46	-6.36	-0.18
407	16.5	-6.32	-0.18
408	16.54	-6.28	-0.21
409	16.58	-6.19	-0.22
410	16.62	-6.16	-0.21
411	16.66	-6.13	-0.21
412	16.7	-6.09	-0.17
413	16.74	-6.05	-0.11
414	16.78	-6.01	-0.06
415	16.82	-5.96	-0.01
416	16.86	-5.94	0.02
417	16.9	-5.91	0.06
418	16.94	-5.86	0.13
419	16.98	-5.8	0.22
420	17.02	-5.74	0.34
421	17.06	-5.68	0.49
422	17.1	-5.68	0.61
423	17.14	-5.68	0.71
424	17.18	-5.69	0.79
425	17.22	-5.74	0.84
426	17.26	-5.74	0.9
427	17.3	-5.75	0.97
428	17.34	-5.73	1.04
429	17.38	-5.69	1.13
430	17.42	-5.66	1.22
431	17.46	-5.64	1.29
432	17.5	-5.63	1.36
433	17.54	-5.65	1.44
434	17.58	-5.69	1.57
435	17.62	-5.75	1.69
436	17.66	-5.82	1.82
437	17.7	-5.9	1.9
438	17.74	-6	1.93
439	17.78	-6.14	1.94
440	17.82	-6.3	1.94
441	17.86	-6.44	1.96
442	17.9	-6.57	1.97
443	17.94	-6.66	1.98
444	17.98	-6.73	1.98
445	18.02	-6.79	1.99
446	18.06	-6.83	2.03
447	18.1	-6.87	2.09
448	18.14	-6.92	2.16
449	18.18	-6.98	2.21
450	18.22	-7.08	2.2
451	18.26	-7.22	2.17
452	18.3	-7.4	2.11
453	18.34	-7.56	2.06
454	18.38	-7.71	2.07
455	18.42	-7.83	2.1
456	18.46	-7.92	2.13
457	18.5	-8.01	2.15
458	18.54	-8.1	2.16
459	18.58	-8.2	2.19
460	18.62	-8.31	2.24
461	18.66	-8.43	2.29
462	18.7	-8.55	2.32
463	18.74	-8.65	2.31
464	18.78	-8.74	2.26
465	18.82	-8.83	2.19
466	18.86	-8.92	2.11
467	18.9	-9	2.05
468	18.94	-9.1	1.97
469	18.98	-9.18	1.85
470	19.02	-9.25	1.77
471	19.06	-9.29	1.68
472	19.1	-9.32	1.63
473	19.14	-9.34	1.62
474	19.18	-9.35	1.59
475	19.21	-9.4	1.58
476	19.26	-9.46	1.57
477	19.29	-9.54	1.55
478	19.34	-9.65	1.51
479	19.38	-9.74	1.41
480	19.41	-9.86	1.28
481	19.45	-9.95	1.13
482	19.49	-10.01	1.01
483	19.53	-10.05	0.93
484	19.57	-10.06	0.88
485	19.61	-10.07	0.85
486	19.65	-10.07	0.83
487	19.69	-10.09	0.85
488	19.73	-10.11	0.85
489	19.77	-10.12	0.85
490	19.81	-10.12	0.83
491	19.85	-10.11	0.81
492	19.89	-10.1	0.8
493	19.93	-10.09	0.78
494	19.97	-10.09	0.75
495	20.01	-10.09	0.73
496	20.05	-10.09	0.7
497	20.09	-10.09	0.68
498	20.13	-10.08	0.67
499	20.17	-10.06	0.64
500	20.21	-10.05	0.62
501	20.26	-10.02	0.59
502	20.29	-10.02	0.56
503	20.33	-10	0.54
504	20.37	-9.99	0.51
505	20.41	-10.02	0.51
506	20.45	-10.06	0.53
507	20.49	-10.12	0.56
508	20.53	-10.18	0.62
509	20.57	-10.22	0.65
510	20.61	-10.27	0.67
511	20.65	-10.29	0.66
512	20.69	-10.31	0.61
513	20.73	-10.31	0.55
514	20.77	-10.31	0.46
515	20.81	-10.29	0.4
516	20.85	-10.28	0.33
517	20.89	-10.25	0.24
518	20.93	-10.21	0.15
519	20.97	-10.17	0.05
520	21.01	-10.12	-0.04
521	21.05	-10.11	-0.12
522	21.09	-10.11	-0.21
523	21.13	-10.13	-0.28
524	21.17	-10.16	-0.34
525	21.21	-10.16	-0.38
526	21.26	-10.13	-0.42
527	21.29	-10.1	-0.47
528	21.33	-10.06	-0.53
529	21.37	-10.04	-0.6
530	21.41	-10.06	-0.66
531	21.45	-10.07	-0.73
532	21.49	-10.1	-0.79
533	21.53	-10.12	-0.86
534	21.57	-10.13	-0.93
535	21.61	-10.15	-0.99
536	21.65	-10.16	-1.05
537	21.69	-10.22	-1.1
538	21.73	-10.28	-1.14
539	21.77	-10.32	-1.19
540	21.81	-10.39	-1.25
541	21.85	-10.43	-1.35
542	21.89	-10.46	-1.52
543	21.93	-10.52	-1.69
544	21.97	-10.55	-1.84
545	22.01	-10.57	-1.96
546	22.05	-10.59	-2.04
547	22.09	-10.58	-2.12
548	22.13	-10.58	-2.18
549	22.17	-10.57	-2.23
550	22.21	-10.55	-2.24
551	22.25	-10.55	-2.22
552	22.29	-10.57	-2.22
553	22.33	-10.62	-2.25
554	22.37	-10.7	-2.29
555	22.41	-10.77	-2.38
556	22.45	-10.82	-2.44
557	22.49	-10.85	-2.51
558	22.53	-10.87	-2.58
559	22.57	-10.9	-2.63
560	22.61	-10.94	-2.68
561	22.65	-10.99	-2.81
562	22.69	-11.05	-3.01
563	22.73	-11.09	-3.23
564	22.77	-11.11	-3.46
565	22.81	-11.1	-3.6
566	22.85	-11.1	-3.71
567	22.89	-11.08	-3.8
568	22.93	-11.08	-3.89
569	22.97	-11.13	-4.03
570	23.01	-11.14	-4.12
571	23.05	-11.2	-4.29
572	23.09	-11.25	-4.44
573	23.13	-11.29	-4.59
574	23.17	-11.36	-4.72
575	23.21	-11.4	-4.81
576	23.25	-11.46	-4.87
577	23.29	-11.5	-4.89
578	23.33	-11.53	-4.93
579	23.37	-11.55	-4.96
580	23.41	-11.56	-5
581	23.45	-11.59	-5.06
582	23.49	-11.6	-5.12
583	23.53	-11.63	-5.17
584	23.57	-11.65	-5.22
585	23.61	-11.66	-5.27
586	23.65	-11.7	-5.33
587	23.69	-11.73	-5.37
588	23.73	-11.78	-5.45
589	23.77	-11.79	-5.51
590	23.81	-11.79	-5.59
591	23.85	-11.76	-5.66
592	23.89	-11.7	-5.73
593	23.93	-11.65	-5.79
594	23.97	-11.59	-5.82
595	24.01	-11.54	-5.87
596	24.05	-11.5	-5.88
597	24.09	-11.46	-5.9
598	24.13	-11.43	-5.93
599	24.17	-11.38	-5.91
600	24.21	-11.36	-5.9
601	24.25	-11.33	-5.9
602	24.29	-11.31	-5.91
603	24.33	-11.29	-5.94
604	24.37	-11.26	-5.96
605	24.41	-11.25	-5.94
606	24.45	-11.24	-5.92
607	24.49	-11.24	-5.92
608	24.53	-11.23	-5.9
609	24.57	-11.23	-5.91
610	24.61	-11.22	-5.92
611	24.65	-11.21	-5.91
612	24.69	-11.21	-5.93
613	24.73	-11.21	-5.92
614	24.77	-11.2	-5.93
615	24.81	-11.19	-5.91
616	24.85	-11.17	-5.89
617	24.89	-11.16	-5.88
618	24.93	-11.16	-5.86
619	24.97	-11.16	-5.84
620	25.01	-11.16	-5.83
621	25.05	-11.15	-5.82
622	25.09	-11.15	-5.78
623	25.13	-11.14	-5.78
624	25.17	-11.13	-5.76
625	25.21	-11.13	-5.74
626	25.25	-11.11	-5.74
627	25.29	-11.11	-5.73
628	25.33	-11.1	-5.76
629	25.37	-11.1	-5.77
630	25.41	-11.1	-5.8
631	25.45	-11.09	-5.82
632	25.49	-11.09	-5.83
633	25.53	-11.09	-5.82
634	25.57	-11.08	-5.81
635	25.61	-11.07	-5.73
636	25.65	-11.05	-5.61
637	25.69	-11.03	-5.51
638	25.73	-11.03	-5.42
639	25.77	-11.04	-5.41
640	25.81	-11.07	-5.45
641	25.85	-11.07	-5.46
642	25.89	-11.05	-5.42
643	25.93	-11.03	-5.4
644	25.97	-11.03	-5.38
645	26.01	-11.04	-5.4
646	26.05	-11.06	-5.42
647	26.09	-11.08	-5.44
648	26.13	-11.09	-5.45
649	26.17	-11.12	-5.44
650	26.21	-11.15	-5.46
651	26.25	-11.19	-5.46
652	26.29	-11.22	-5.45
653	26.33	-11.24	-5.46
654	26.37	-11.25	-5.44
655	26.41	-11.27	-5.45
656	26.45	-11.29	-5.45
657	26.49	-11.31	-5.45
658	26.53	-11.34	-5.46
659	26.57	-11.35	-5.44
660	26.61	-11.37	-5.44
661	26.65	-11.38	-5.44
662	26.69	-11.39	-5.44
663	26.73	-11.41	-5.45
664	26.77	-11.43	-5.44
665	26.81	-11.46	-5.43
666	26.85	-11.5	-5.43
667	26.89	-11.52	-5.44
668	26.93	-11.52	-5.44
669	26.97	-11.54	-5.45
670	27.01	-11.55	-5.46
671	27.05	-11.57	-5.48
672	27.09	-11.63	-5.51
673	27.13	-11.68	-5.55
674	27.17	-11.74	-5.59
675	27.21	-11.79	-5.61
676	27.25	-11.82	-5.65
677	27.29	-11.85	-5.67
678	27.33	-11.86	-5.69
679	27.37	-11.9	-5.72
680	27.41	-11.91	-5.75
681	27.45	-11.93	-5.75
682	27.49	-11.94	-5.77
683	27.53	-11.95	-5.78
684	27.57	-11.97	-5.79
685	27.61	-11.97	-5.77
686	27.65	-11.97	-5.75
687	27.69	-11.98	-5.72
688	27.73	-11.97	-5.69
689	27.77	-11.97	-5.69
690	27.81	-11.94	-5.67
691	27.85	-11.91	-5.66
692	27.89	-11.9	-5.65
693	27.93	-11.87	-5.6
694	27.97	-11.85	-5.56
695	28.01	-11.83	-5.54
696	28.05	-11.82	-5.53
697	28.09	-11.79	-5.52
698	28.13	-11.78	-5.49
699	28.17	-11.73	-5.45
700	28.21	-11.7	-5.42
701	28.25	-11.67	-5.39
702	28.29	-11.64	-5.36
703	28.33	-11.61	-5.32
704	28.37	-11.56	-5.27
705	28.41	-11.52	-5.23
706	28.45	-11.48	-5.18
707	28.49	-11.45	-5.14
708	28.53	-11.42	-5.1
709	28.57	-11.38	-5.08
710	28.61	-11.34	-5.07
711	28.65	-11.31	-5.09
712	28.69	-11.24	-5.08
713	28.73	-11.17	-5.08
714	28.77	-11.1	-5.07
715	28.81	-11.01	-5.03
716	28.85	-10.94	-5.04
717	28.89	-10.85	-5.01
718	28.93	-10.75	-4.99
719	28.97	-10.66	-4.97
720	29.01	-10.59	-4.94
721	29.05	-10.53	-4.93
722	29.09	-10.46	-4.92
723	29.13	-10.4	-4.93
724	29.17	-10.32	-4.97
725	29.21	-10.23	-5
726	29.25	-10.15	-5.02
727	29.29	-10.06	-5
728	29.33	-9.98	-4.95
729	29.37	-9.9	-4.88
730	29.41	-9.84	-4.83
731	29.45	-9.77	-4.78
732	29.49	-9.71	-4.74
733	29.53	-9.65	-4.71
734	29.57	-9.6	-4.66
735	29.61	-9.56	-4.62
736	29.65	-9.5	-4.6
737	29.69	-9.43	-4.58
738	29.73	-9.35	-4.58
739	29.77	-9.27	-4.58
740	29.81	-9.23	-4.56
741	29.85	-9.2	-4.54
742	29.89	-9.18	-4.52
743	29.93	-9.17	-4.49
744	29.97	-9.15	-4.46
745	30.01	-9.15	-4.45
746	30.05	-9.15	-4.44
747	30.09	-9.14	-4.45
748	30.13	-9.14	-4.44
749	30.17	-9.15	-4.43
750	30.21	-9.17	-4.4
751	30.25	-9.19	-4.35
752	30.29	-9.23	-4.29
753	30.33	-9.27	-4.22
754	30.37	-9.31	-4.13
755	30.41	-9.33	-4.08
756	30.45	-9.36	-4.03
757	30.49	-9.39	-3.98
758	30.53	-9.42	-3.94
759	30.57	-9.44	-3.87
760	30.61	-9.43	-3.82
761	30.65	-9.43	-3.73
762	30.69	-9.42	-3.64
763	30.73	-9.42	-3.55
764	30.77	-9.41	-3.49
765	30.81	-9.4	-3.45
766	30.85	-9.39	-3.42
767	30.89	-9.4	-3.38
768	30.93	-9.4	-3.33
769	30.97	-9.44	-3.27
770	31.01	-9.49	-3.19
771	31.05	-9.56	-3.12
772	31.09	-9.65	-3.06
773	31.13	-9.72	-3.03
774	31.17	-9.8	-3.01
775	31.21	-9.87	-2.99
776	31.25	-9.93	-2.95
777	31.29	-9.97	-2.91
778	31.33	-9.98	-2.88
779	31.37	-10	-2.84
780	31.41	-10.01	-2.79
781	31.45	-10.04	-2.76
782	31.49	-10.08	-2.71
783	31.53	-10.13	-2.67
784	31.57	-10.17	-2.62
785	31.61	-10.22	-2.58
786	31.65	-10.28	-2.55
787	31.69	-10.33	-2.52
788	31.73	-10.37	-2.5
789	31.77	-10.41	-2.48
790	31.81	-10.46	-2.51
791	31.85	-10.51	-2.57
792	31.89	-10.56	-2.64
793	31.93	-10.61	-2.71
794	31.97	-10.66	-2.73
795	32.01	-10.72	-2.73
796	32.05	-10.79	-2.69
797	32.09	-10.86	-2.65
798	32.13	-10.91	-2.59
799	32.17	-10.93	-2.53
800	32.21	-10.96	-2.45
801	32.25	-10.98	-2.37
802	32.29	-11.02	-2.29
803	32.33	-11.08	-2.22
804	32.37	-11.15	-2.19
805	32.41	-11.21	-2.14
806	32.45	-11.27	-2.12
807	32.49	-11.29	-2.07
808	32.53	-11.3	-2.04
809	32.57	-11.32	-2.02
810	32.61	-11.33	-1.97
811	32.65	-11.37	-1.92
812	32.69	-11.37	-1.84
813	32.73	-11.38	-1.78
814	32.77	-11.36	-1.72
815	32.81	-11.34	-1.67
816	32.85	-11.29	-1.59
817	32.89	-11.21	-1.52
818	32.93	-11.1	-1.45
819	32.97	-11.01	-1.39
820	33.01	-10.95	-1.37
821	33.05	-10.92	-1.36
822	33.09	-10.93	-1.39
823	33.13	-10.92	-1.42
824	33.17	-10.89	-1.44
825	33.21	-10.88	-1.46
826	33.25	-10.86	-1.47
827	33.29	-10.84	-1.49
828	33.33	-10.8	-1.52
829	33.37	-10.75	-1.55
830	33.41	-10.7	-1.56
831	33.45	-10.64	-1.55
832	33.49	-10.59	-1.52
833	33.53	-10.54	-1.49
834	33.57	-10.49	-1.47
835	33.61	-10.45	-1.45
836	33.65	-10.39	-1.43
837	33.69	-10.31	-1.42
838	33.73	-10.22	-1.42
839	33.77	-10.15	-1.43
840	33.81	-10.12	-1.44
841	33.85	-10.11	-1.44
842	33.89	-10.1	-1.45
843	33.93	-10.09	-1.45
844	33.97	-10.07	-1.47
845	34.01	-10.04	-1.49
846	34.05	-10.01	-1.51
847	34.09	-9.98	-1.53
848	34.13	-9.97	-1.54
849	34.17	-9.96	-1.56
850	34.21	-9.95	-1.56
851	34.25	-9.96	-1.56
852	34.29	-9.95	-1.57
853	34.33	-9.96	-1.56
854	34.37	-9.96	-1.56
855	34.41	-9.94	-1.56
856	34.45	-9.93	-1.56
857	34.49	-9.9	-1.58
858	34.53	-9.9	-1.58
859	34.57	-9.88	-1.58
860	34.61	-9.86	-1.58
861	34.65	-9.83	-1.58
862	34.69	-9.8	-1.59
863	34.73	-9.78	-1.58
864	34.77	-9.76	-1.58
865	34.81	-9.75	-1.57
866	34.85	-9.74	-1.56
867	34.89	-9.73	-1.57
868	34.93	-9.71	-1.59
869	34.97	-9.7	-1.6
870	35.01	-9.67	-1.61
871	35.05	-9.65	-1.6
872	35.09	-9.63	-1.59
873	35.13	-9.61	-1.58
874	35.17	-9.56	-1.57
875	35.21	-9.51	-1.56
876	35.25	-9.44	-1.55
877	35.29	-9.4	-1.53
878	35.33	-9.36	-1.5
879	35.37	-9.32	-1.5
880	35.41	-9.29	-1.5
881	35.45	-9.21	-1.48
882	35.49	-9.13	-1.47
883	35.53	-9.05	-1.42
884	35.57	-8.97	-1.36
885	35.61	-8.92	-1.3
886	35.65	-8.88	-1.26
887	35.69	-8.85	-1.25
888	35.73	-8.84	-1.24
889	35.77	-8.83	-1.22
890	35.81	-8.84	-1.21
891	35.85	-8.85	-1.17
892	35.89	-8.86	-1.11
893	35.93	-8.87	-1.08
894	35.97	-8.88	-1.04
895	36.01	-8.88	-1.01
896	36.05	-8.89	-0.99
897	36.09	-8.87	-0.96
898	36.13	-8.84	-0.91
899	36.17	-8.78	-0.86
900	36.21	-8.7	-0.82
901	36.25	-8.64	-0.78
902	36.29	-8.58	-0.77
903	36.33	-8.54	-0.77
904	36.37	-8.5	-0.81
905	36.41	-8.46	-0.87
906	36.45	-8.44	-0.92
907	36.49	-8.43	-0.97
908	36.53	-8.41	-1
909	36.57	-8.41	-1
910	36.61	-8.38	-1.02
911	36.65	-8.37	-1.03
912	36.69	-8.38	-1.03
913	36.73	-8.38	-1.04
914	36.77	-8.39	-1.05
915	36.81	-8.4	-1.07
916	36.85	-8.4	-1.09
917	36.89	-8.41	-1.1
918	36.93	-8.42	-1.1
919	36.97	-8.41	-1.1
920	37.01	-8.4	-1.1
921	37.05	-8.38	-1.09
922	37.09	-8.37	-1.1
923	37.13	-8.37	-1.11
924	37.17	-8.38	-1.1
925	37.21	-8.38	-1.14
926	37.25	-8.39	-1.18
927	37.29	-8.39	-1.23
928	37.33	-8.39	-1.27
929	37.37	-8.39	-1.31
930	37.41	-8.38	-1.33
931	37.45	-8.36	-1.34
932	37.49	-8.35	-1.38
933	37.53	-8.33	-1.37
934	37.57	-8.32	-1.37
935	37.61	-8.32	-1.36
936	37.65	-8.31	-1.33
937	37.69	-8.32	-1.34
938	37.73	-8.32	-1.34
939	37.77	-8.32	-1.37
940	37.81	-8.32	-1.41
941	37.85	-8.31	-1.44
942	37.89	-8.31	-1.46
943	37.93	-8.31	-1.46
944	37.97	-8.32	-1.41
945	38.01	-8.35	-1.39
946	38.05	-8.36	-1.36
947	38.09	-8.37	-1.34
948	38.13	-8.37	-1.35
949	38.17	-8.37	-1.34
950	38.21	-8.38	-1.36
951	38.25	-8.39	-1.39
952	38.29	-8.4	-1.42
953	38.33	-8.41	-1.45
954	38.37	-8.41	-1.49
955	38.41	-8.41	-1.52
956	38.45	-8.42	-1.58
957	38.49	-8.42	-1.61
958	38.53	-8.41	-1.64
959	38.57	-8.41	-1.68
960	38.61	-8.41	-1.74
961	38.65	-8.41	-1.84
962	38.69	-8.41	-1.92
963	38.73	-8.41	-2.01
964	38.77	-8.38	-2.04
965	38.81	-8.35	-2.06
966	38.85	-8.33	-2.1
967	38.89	-8.33	-2.13
968	38.93	-8.37	-2.21
969	38.97	-8.43	-2.3
970	39.01	-8.47	-2.38
971	39.05	-8.51	-2.48
972	39.09	-8.53	-2.54
973	39.13	-8.54	-2.61
974	39.17	-8.56	-2.66
975	39.21	-8.56	-2.68
976	39.25	-8.58	-2.74
977	39.29	-8.57	-2.76
978	39.33	-8.54	-2.81
979	39.37	-8.5	-2.86
980	39.41	-8.44	-2.89
981	39.45	-8.38	-2.95
982	39.49	-8.38	-3.03
983	39.53	-8.4	-3.13
984	39.57	-8.42	-3.23
985	39.61	-8.45	-3.32
986	39.65	-8.45	-3.4
987	39.69	-8.41	-3.45
988	39.73	-8.39	-3.5
989	39.77	-8.33	-3.54
990	39.81	-8.32	-3.57
991	39.85	-8.33	-3.63
992	39.89	-8.32	-3.7
993	39.93	-8.34	-3.8
994	39.97	-8.32	-3.87
995	40.01	-8.31	-3.97
996	40.05	-8.34	-4.04
997	40.09	-8.37	-4.11
998	40.13	-8.4	-4.18
999	40.17	-8.44	-4.23
1000	40.21	-8.44	-4.28
1001	40.25	-8.44	-4.32
1002	40.29	-8.45	-4.36
1003	40.33	-8.45	-4.39
1004	40.37	-8.46	-4.41
1005	40.41	-8.46	-4.44
1006	40.45	-8.46	-4.47
1007	40.49	-8.46	-4.49
1008	40.53	-8.47	-4.51
1009	40.57	-8.48	-4.51
1010	40.61	-8.48	-4.53
1011	40.65	-8.48	-4.55
1012	40.69	-8.49	-4.57
1013	40.73	-8.49	-4.59
1014	40.77	-8.52	-4.6
1015	40.81	-8.53	-4.6
1016	40.85	-8.56	-4.6
1017	40.89	-8.59	-4.6
1018	40.93	-8.61	-4.61
1019	40.97	-8.65	-4.61
1020	41.01	-8.65	-4.62
1021	41.05	-8.66	-4.64
1022	41.09	-8.66	-4.66
1023	41.13	-8.65	-4.68
1024	41.17	-8.66	-4.69
1025	41.21	-8.66	-4.69
1026	41.25	-8.66	-4.69
1027	41.29	-8.67	-4.69
1028	41.33	-8.69	-4.68
1029	41.37	-8.71	-4.66
1030	41.41	-8.74	-4.64
1031	41.45	-8.77	-4.62
1032	41.49	-8.78	-4.61
1033	41.53	-8.81	-4.59
1034	41.57	-8.83	-4.57
1035	41.61	-8.85	-4.54
1036	41.65	-8.88	-4.52
1037	41.69	-8.9	-4.51
1038	41.73	-8.93	-4.49
1039	41.77	-8.96	-4.47
1040	41.81	-8.98	-4.46
1041	41.85	-8.99	-4.45
1042	41.89	-8.99	-4.46
1043	41.93	-8.99	-4.48
1044	41.97	-8.99	-4.5
1045	42.01	-8.98	-4.51
1046	42.05	-8.98	-4.52
1047	42.09	-8.97	-4.53
1048	42.13	-8.96	-4.54
1049	42.17	-8.94	-4.55
1050	42.21	-8.92	-4.56
1051	42.25	-8.91	-4.55
1052	42.29	-8.89	-4.55
1053	42.33	-8.87	-4.52
1054	42.37	-8.84	-4.51
1055	42.41	-8.82	-4.48
1056	42.45	-8.8	-4.46
1057	42.49	-8.78	-4.44
1058	42.53	-8.77	-4.43
1059	42.57	-8.76	-4.42
1060	42.61	-8.76	-4.4
1061	42.65	-8.76	-4.39
1062	42.69	-8.77	-4.38
1063	42.73	-8.77	-4.37
1064	42.77	-8.78	-4.34
1065	42.81	-8.77	-4.31
1066	42.85	-8.75	-4.26
1067	42.89	-8.72	-4.21
1068	42.93	-8.68	-4.17
1069	42.97	-8.65	-4.11
1070	43.01	-8.61	-4.07
1071	43.05	-8.6	-4.04
1072	43.09	-8.59	-4.02
1073	43.13	-8.59	-4.02
1074	43.17	-8.59	-4.01
1075	43.21	-8.61	-3.99
1076	43.25	-8.61	-3.97
1077	43.29	-8.62	-3.96
1078	43.33	-8.64	-3.95
1079	43.37	-8.65	-3.95
1080	43.41	-8.66	-3.95
1081	43.45	-8.65	-3.95
1082	43.49	-8.65	-3.95
1083	43.53	-8.65	-3.95
1084	43.57	-8.64	-3.95
1085	43.61	-8.65	-3.93
1086	43.65	-8.64	-3.92
1087	43.69	-8.63	-3.9
1088	43.73	-8.63	-3.89
1089	43.77	-8.63	-3.86
1090	43.81	-8.62	-3.83
1091	43.85	-8.63	-3.81
1092	43.89	-8.63	-3.79
1093	43.93	-8.65	-3.79
1094	43.99	-8.64	-3.78
1095	44.02	-8.63	-3.75
1096	44.05	-8.62	-3.72
1097	44.09	-8.61	-3.7
1098	44.13	-8.6	-3.67
1099	44.17	-8.61	-3.66
1100	44.21	-8.62	-3.64
1101	44.25	-8.62	-3.62
1102	44.29	-8.62	-3.61
1103	44.33	-8.64	-3.58
1104	44.37	-8.65	-3.56
1105	44.41	-8.66	-3.53
1106	44.45	-8.68	-3.5
1107	44.49	-8.67	-3.46
1108	44.53	-8.68	-3.45
1109	44.57	-8.68	-3.42
1110	44.61	-8.7	-3.41
1111	44.65	-8.71	-3.41
1112	44.69	-8.71	-3.38
1113	44.73	-8.7	-3.36
1114	44.77	-8.7	-3.33
1115	44.81	-8.69	-3.31
1116	44.85	-8.69	-3.29
1117	44.89	-8.69	-3.28
1118	44.93	-8.69	-3.26
1119	44.97	-8.69	-3.24
1120	45.01	-8.68	-3.21
1121	45.05	-8.68	-3.2
1122	45.09	-8.69	-3.19
1123	45.13	-8.69	-3.19
1124	45.17	-8.68	-3.2
1125	45.21	-8.68	-3.2
1126	45.25	-8.67	-3.21
1127	45.29	-8.66	-3.23
1128	45.33	-8.68	-3.28
1129	45.37	-8.68	-3.33
1130	45.41	-8.69	-3.39
1131	45.45	-8.7	-3.44
1132	45.49	-8.71	-3.49
1133	45.53	-8.73	-3.55
1134	45.57	-8.72	-3.61
1135	45.61	-8.73	-3.67
1136	45.65	-8.72	-3.74
1137	45.69	-8.7	-3.78
1138	45.73	-8.71	-3.81
1139	45.77	-8.71	-3.85
1140	45.81	-8.7	-3.88
1141	45.85	-8.71	-3.92
1142	45.89	-8.71	-3.96
1143	45.93	-8.72	-3.99
1144	45.97	-8.72	-4.02
1145	46.01	-8.71	-4.06
1146	46.05	-8.71	-4.11
1147	46.09	-8.71	-4.16
1148	46.13	-8.73	-4.21
1149	46.17	-8.73	-4.24
1150	46.21	-8.71	-4.28
1151	46.25	-8.69	-4.33
1152	46.29	-8.65	-4.38
1153	46.34	-8.63	-4.43
1154	46.37	-8.64	-4.49
1155	46.41	-8.66	-4.54
1156	46.45	-8.69	-4.6
1157	46.49	-8.72	-4.68
1158	46.53	-8.75	-4.73
1159	46.57	-8.76	-4.78
1160	46.61	-8.75	-4.83
1161	46.65	-8.74	-4.86
1162	46.69	-8.74	-4.89
1163	46.73	-8.74	-4.92
1164	46.77	-8.75	-4.95
1165	46.81	-8.75	-4.98
1166	46.85	-8.76	-4.99
1167	46.89	-8.77	-5.01
1168	46.93	-8.77	-5.03
1169	46.97	-8.78	-5.03
1170	47.01	-8.78	-5.04
1171	47.05	-8.79	-5.05
1172	47.09	-8.8	-5.04
1173	47.13	-8.82	-5.03
1174	47.17	-8.84	-5.01
1175	47.21	-8.86	-5.01
1176	47.25	-8.9	-5
1177	47.29	-8.93	-5.01
1178	47.33	-8.96	-5.03
1179	47.37	-8.98	-5.03
1180	47.41	-8.99	-5.03
1181	47.45	-9	-5.03
1182	47.49	-9.01	-5.02
1183	47.53	-9.03	-5.02
1184	47.57	-9.04	-5.01
1185	47.61	-9.06	-4.99
1186	47.65	-9.08	-4.98
1187	47.69	-9.11	-4.95
1188	47.73	-9.14	-4.92
1189	47.77	-9.18	-4.9
1190	47.81	-9.2	-4.88
1191	47.85	-9.25	-4.87
1192	47.89	-9.28	-4.86
1193	47.93	-9.29	-4.85
1194	47.97	-9.31	-4.84
1195	48.01	-9.3	-4.84
1196	48.05	-9.3	-4.83
1197	48.09	-9.3	-4.82
1198	48.13	-9.31	-4.81
1199	48.17	-9.3	-4.8
1200	48.21	-9.32	-4.79
1201	48.25	-9.33	-4.78
1202	48.29	-9.33	-4.77
1203	48.33	-9.34	-4.76
1204	48.37	-9.33	-4.77
1205	48.41	-9.34	-4.76
1206	48.45	-9.35	-4.76
1207	48.49	-9.36	-4.75
1208	48.53	-9.37	-4.74
1209	48.57	-9.37	-4.74
1210	48.61	-9.37	-4.74
1211	48.65	-9.37	-4.73
1212	48.71	-9.37	-4.73
1213	48.75	-9.38	-4.73
1214	48.78	-9.39	-4.74
1215	48.81	-9.38	-4.74
1216	48.85	-9.38	-4.75
1217	48.89	-9.37	-4.76
1218	48.93	-9.36	-4.76
1219	48.97	-9.35	-4.76
1220	49.01	-9.35	-4.77
1221	49.05	-9.35	-4.77
1222	49.09	-9.35	-4.76
1223	49.13	-9.37	-4.74
1224	49.17	-9.38	-4.72
1225	49.21	-9.4	-4.7
1226	49.25	-9.41	-4.68
1227	49.29	-9.42	-4.67
1228	49.33	-9.43	-4.65
1229	49.37	-9.46	-4.64
1230	49.41	-9.49	-4.64
1231	49.45	-9.52	-4.64
1232	49.49	-9.58	-4.65
1233	49.53	-9.65	-4.64
1234	49.57	-9.72	-4.62
1235	49.61	-9.79	-4.61
1236	49.65	-9.83	-4.61
1237	49.69	-9.84	-4.63
1238	49.73	-9.87	-4.64
1239	49.77	-9.9	-4.64
1240	49.81	-9.94	-4.62
1241	49.85	-9.98	-4.61
1242	49.89	-10.03	-4.61
1243	49.93	-10.06	-4.62
1244	49.97	-10.09	-4.65
1245	50.01	-10.13	-4.69
1246	50.05	-10.16	-4.71
1247	50.09	-10.21	-4.73
1248	50.13	-10.25	-4.73
1249	50.17	-10.28	-4.71
1250	50.21	-10.29	-4.72
1251	50.25	-10.31	-4.73
1252	50.29	-10.34	-4.72
1253	50.33	-10.35	-4.71
1254	50.37	-10.35	-4.67
1255	50.41	-10.35	-4.63
1256	50.45	-10.36	-4.62
1257	50.49	-10.37	-4.62
1258	50.53	-10.38	-4.63
1259	50.57	-10.39	-4.63
1260	50.61	-10.4	-4.59
1261	50.65	-10.39	-4.56
1262	50.69	-10.39	-4.53
1263	50.73	-10.39	-4.52
1264	50.77	-10.4	-4.53
1265	50.81	-10.42	-4.54
1266	50.85	-10.42	-4.54
1267	50.89	-10.43	-4.51
1268	50.93	-10.44	-4.48
1269	50.97	-10.44	-4.46
1270	51.01	-10.47	-4.44
1271	51.05	-10.49	-4.43
1272	51.09	-10.51	-4.43
1273	51.13	-10.52	-4.43
1274	51.17	-10.53	-4.43
1275	51.21	-10.54	-4.42
1276	51.25	-10.56	-4.43
1277	51.29	-10.58	-4.45
1278	51.33	-10.62	-4.46
1279	51.37	-10.63	-4.47
1280	51.41	-10.62	-4.48
1281	51.45	-10.6	-4.47
1282	51.49	-10.54	-4.47
1283	51.53	-10.49	-4.47
1284	51.57	-10.46	-4.47
1285	51.61	-10.43	-4.5
1286	51.65	-10.42	-4.51
1287	51.69	-10.41	-4.54
1288	51.73	-10.4	-4.56
1289	51.77	-10.4	-4.57
1290	51.81	-10.4	-4.59
1291	51.85	-10.39	-4.63
1292	51.89	-10.36	-4.67
1293	51.93	-10.36	-4.68
1294	51.97	-10.36	-4.7
1295	52.01	-10.35	-4.72
1296	52.05	-10.32	-4.76
1297	52.09	-10.28	-4.82
1298	52.13	-10.23	-4.89
1299	52.17	-10.19	-4.96
1300	52.21	-10.16	-5.03
1301	52.25	-10.12	-5.11
1302	52.29	-10.06	-5.21
1303	52.33	-10	-5.29
1304	52.37	-9.96	-5.36
1305	52.41	-9.91	-5.42
1306	52.45	-9.89	-5.48
1307	52.49	-9.87	-5.53
1308	52.53	-9.83	-5.58
1309	52.57	-9.81	-5.61
1310	52.61	-9.8	-5.63
1311	52.65	-9.79	-5.64
1312	52.69	-9.78	-5.63
1313	52.73	-9.78	-5.64
1314	52.77	-9.78	-5.64
1315	52.81	-9.77	-5.66
1316	52.85	-9.76	-5.66
1317	52.89	-9.76	-5.67
1318	52.93	-9.75	-5.67
1319	53.03	-9.75	-5.66
1320	53.06	-9.75	-5.66
1321	53.09	-9.74	-5.67
1322	53.13	-9.75	-5.65
1323	53.17	-9.77	-5.65
1324	53.21	-9.8	-5.63
1325	53.25	-9.82	-5.61
1326	53.29	-9.84	-5.57
1327	53.33	-9.85	-5.53
1328	53.37	-9.86	-5.51
1329	53.41	-9.87	-5.5
1330	53.45	-9.89	-5.49
1331	53.49	-9.9	-5.48
1332	53.53	-9.91	-5.47
1333	53.57	-9.92	-5.45
1334	53.61	-9.94	-5.43
1335	53.65	-9.95	-5.43
1336	53.69	-9.96	-5.43
1337	53.73	-9.97	-5.43
1338	53.77	-9.96	-5.44
1339	53.81	-9.96	-5.46
1340	53.85	-9.96	-5.46
1341	53.89	-9.95	-5.46
1342	53.93	-9.93	-5.48
1343	53.97	-9.9	-5.48
1344	54.01	-9.87	-5.5
1345	54.05	-9.84	-5.5
1346	54.09	-9.81	-5.5
1347	54.13	-9.79	-5.48
1348	54.17	-9.78	-5.45
1349	54.21	-9.77	-5.43
1350	54.25	-9.77	-5.38
1351	54.29	-9.77	-5.35
1352	54.33	-9.77	-5.31
1353	54.37	-9.77	-5.28
1354	54.41	-9.77	-5.25
1355	54.45	-9.77	-5.22
1356	54.49	-9.77	-5.18
1357	54.53	-9.78	-5.14
1358	54.57	-9.79	-5.11
1359	54.61	-9.8	-5.08
1360	54.65	-9.79	-5.06
1361	54.69	-9.79	-5.04
1362	54.73	-9.82	-5.02
1363	54.77	-9.84	-5
1364	54.81	-9.84	-4.99
1365	54.85	-9.83	-4.99
1366	54.89	-9.79	-4.97
1367	54.93	-9.76	-4.97
1368	54.97	-9.76	-4.94
1369	55.01	-9.78	-4.91
1370	55.05	-9.78	-4.9
1371	55.09	-9.79	-4.88
1372	55.13	-9.79	-4.87
1373	55.17	-9.78	-4.87
1374	55.21	-9.79	-4.86
1375	55.25	-9.8	-4.86
1376	55.29	-9.81	-4.86
1377	55.33	-9.83	-4.85
1378	55.37	-9.83	-4.85
1379	55.41	-9.84	-4.85
1380	55.45	-9.84	-4.85
1381	55.49	-9.86	-4.84
1382	55.53	-9.87	-4.84
1383	55.57	-9.87	-4.83
1384	55.61	-9.87	-4.82
1385	55.65	-9.86	-4.82
1386	55.69	-9.87	-4.82
1387	55.73	-9.87	-4.82
1388	55.77	-9.88	-4.82
1389	55.81	-9.87	-4.82
1390	55.85	-9.86	-4.82
1391	55.89	-9.86	-4.82
1392	55.93	-9.86	-4.81
1393	55.97	-9.87	-4.8
1394	56.01	-9.87	-4.8
1395	56.05	-9.87	-4.81
1396	56.09	-9.87	-4.82
1397	56.13	-9.87	-4.81
1398	56.17	-9.87	-4.82
1399	56.21	-9.88	-4.81
1400	56.25	-9.88	-4.8
1401	56.29	-9.89	-4.8
1402	56.33	-9.89	-4.79
1403	56.37	-9.9	-4.78
1404	56.41	-9.91	-4.79
1405	56.45	-9.92	-4.79
1406	56.49	-9.92	-4.8
1407	56.53	-9.92	-4.8
1408	56.57	-9.93	-4.79
1409	56.61	-9.92	-4.8
1410	56.65	-9.94	-4.8
1411	56.69	-9.94	-4.8
1412	56.73	-9.94	-4.81
1413	56.77	-9.93	-4.81
1414	56.81	-9.93	-4.83
1415	56.85	-9.93	-4.84
1416	56.89	-9.93	-4.85
1417	56.93	-9.92	-4.85
1418	56.97	-9.92	-4.85
1419	57.01	-9.92	-4.85
1420	57.05	-9.92	-4.85
1421	57.09	-9.92	-4.86
1422	57.13	-9.91	-4.87
1423	57.17	-9.89	-4.88
1424	57.21	-9.87	-4.89
1425	57.25	-9.86	-4.9
1426	57.29	-9.86	-4.9
1427	57.33	-9.85	-4.89
1428	57.37	-9.85	-4.89
1429	57.41	-9.86	-4.89
1430	57.45	-9.86	-4.89
1431	57.49	-9.86	-4.9
1432	57.53	-9.86	-4.89
1433	57.57	-9.85	-4.89
1434	57.61	-9.85	-4.89
1435	57.65	-9.86	-4.87
1436	57.69	-9.85	-4.87
1437	57.73	-9.85	-4.88
1438	57.77	-9.85	-4.89
1439	57.81	-9.85	-4.9
1440	57.85	-9.86	-4.91
1441	57.89	-9.86	-4.91
1442	57.93	-9.86	-4.9
1443	57.97	-9.86	-4.9
1444	58.01	-9.86	-4.9
1445	58.05	-9.86	-4.89
1446	58.09	-9.86	-4.89
1447	58.13	-9.87	-4.88
1448	58.17	-9.88	-4.87
1449	58.21	-9.9	-4.87
1450	58.25	-9.93	-4.87
1451	58.29	-9.95	-4.88
1452	58.33	-9.97	-4.88
1453	58.37	-10	-4.89
1454	58.41	-10.02	-4.88
1455	58.45	-10.04	-4.89
1456	58.49	-10.08	-4.88
1457	58.53	-10.09	-4.89
1458	58.57	-10.11	-4.89
1459	58.61	-10.12	-4.89
1460	58.65	-10.12	-4.9
1461	58.69	-10.14	-4.89
1462	58.73	-10.15	-4.89
1463	58.77	-10.17	-4.89
1464	58.81	-10.19	-4.9
1465	58.85	-10.22	-4.91
1466	58.89	-10.24	-4.92
1467	58.93	-10.26	-4.93
1468	58.97	-10.27	-4.92
1469	59.01	-10.28	-4.93
1470	59.05	-10.28	-4.94
1471	59.09	-10.3	-4.96
1472	59.12	-10.31	-4.98
1473	59.16	-10.32	-4.99
1474	59.2	-10.34	-5
1475	59.25	-10.35	-5
1476	59.29	-10.35	-5.01
1477	59.33	-10.35	-5.02
1478	59.37	-10.36	-5.03
1479	59.41	-10.36	-5.03
1480	59.44	-10.38	-5.04
1481	59.49	-10.39	-5.05
1482	59.53	-10.4	-5.04
1483	59.56	-10.41	-5.04
1484	59.6	-10.42	-5.03
1485	59.64	-10.42	-5.03
1486	59.68	-10.44	-5.02
1487	59.72	-10.45	-5.02
1488	59.76	-10.46	-5
1489	59.8	-10.48	-4.99
1490	59.84	-10.5	-4.97
1491	59.88	-10.53	-4.94
1492	59.92	-10.55	-4.93
1493	59.96	-10.57	-4.91
1494	60	-10.58	-4.91
1495	60.04	-10.6	-4.92
1496	60.08	-10.6	-4.93
1497	60.12	-10.6	-4.95
1498	60.16	-10.59	-4.96
1499	60.2	-10.57	-4.99
1500	60.24	-10.53	-4.99
1501	60.28	-10.49	-4.97
1502	60.32	-10.45	-4.94
1503	60.36	-10.4	-4.89
1504	60.41	-10.35	-4.87
1505	60.44	-10.29	-4.86
1506	60.48	-10.23	-4.84
1507	60.52	-10.18	-4.84
1508	60.56	-10.15	-4.81
1509	60.6	-10.14	-4.79
1510	60.64	-10.12	-4.78
1511	60.68	-10.09	-4.75
1512	60.72	-10.06	-4.74
1513	60.76	-10.03	-4.72
1514	60.8	-10.01	-4.69
1515	60.84	-10.01	-4.67
1516	60.88	-10.02	-4.62
1517	60.92	-10.04	-4.56
1518	60.96	-10.04	-4.51
1519	61	-10.04	-4.44
1520	61.04	-10.03	-4.4
1521	61.08	-9.98	-4.35
1522	61.12	-9.94	-4.29
1523	61.16	-9.92	-4.25
1524	61.2	-9.89	-4.22
1525	61.24	-9.88	-4.18
1526	61.28	-9.85	-4.17
1527	61.32	-9.81	-4.12
1528	61.36	-9.77	-4.05
1529	61.4	-9.74	-3.99
1530	61.44	-9.72	-3.9
1531	61.48	-9.71	-3.84
1532	61.52	-9.72	-3.78
1533	61.56	-9.71	-3.74
1534	61.6	-9.71	-3.69
1535	61.64	-9.72	-3.68
1536	61.68	-9.72	-3.66
1537	61.72	-9.72	-3.61
1538	61.76	-9.74	-3.6
1539	61.8	-9.74	-3.56
1540	61.84	-9.75	-3.55
1541	61.88	-9.77	-3.54
1542	61.92	-9.77	-3.52
1543	61.96	-9.79	-3.52
1544	62	-9.79	-3.51
1545	62.04	-9.8	-3.51
1546	62.08	-9.82	-3.53
1547	62.12	-9.82	-3.53
1548	62.16	-9.83	-3.53
1549	62.2	-9.85	-3.54
1550	62.24	-9.87	-3.55
1551	62.28	-9.9	-3.56
1552	62.32	-9.92	-3.58
1553	62.36	-9.93	-3.59
1554	62.4	-9.95	-3.61
1555	62.44	-9.96	-3.61
1556	62.48	-9.98	-3.63
1557	62.52	-10.02	-3.67
1558	62.56	-10.07	-3.69
1559	62.6	-10.11	-3.72
1560	62.64	-10.14	-3.74
1561	62.68	-10.16	-3.77
1562	62.72	-10.15	-3.8
1563	62.76	-10.17	-3.84
1564	62.8	-10.2	-3.89
1565	62.84	-10.22	-3.92
1566	62.88	-10.25	-3.95
1567	62.92	-10.25	-3.98
1568	62.96	-10.26	-4.01
1569	63	-10.26	-4.05
1570	63.04	-10.24	-4.09
1571	63.08	-10.25	-4.12
1572	63.12	-10.26	-4.14
1573	63.16	-10.3	-4.16
1574	63.2	-10.36	-4.17
1575	63.24	-10.43	-4.18
1576	63.28	-10.51	-4.2
1577	63.32	-10.56	-4.21
1578	63.36	-10.61	-4.23
1579	63.4	-10.65	-4.26
1580	63.44	-10.69	-4.29
1581	63.48	-10.74	-4.32
1582	63.52	-10.78	-4.33
1583	63.56	-10.79	-4.34
1584	63.6	-10.8	-4.33
1585	63.64	-10.79	-4.34
1586	63.68	-10.78	-4.34
1587	63.72	-10.79	-4.33
1588	63.76	-10.8	-4.33
1589	63.8	-10.83	-4.34
1590	63.84	-10.88	-4.36
1591	63.88	-10.91	-4.39
1592	63.92	-10.93	-4.4
1593	63.96	-10.93	-4.41
1594	64	-10.93	-4.41
1595	64.04	-10.94	-4.41
1596	64.08	-10.97	-4.43
1597	64.12	-11	-4.44
1598	64.16	-11.04	-4.44
1599	64.2	-11.08	-4.45
1600	64.24	-11.13	-4.43
1601	64.28	-11.17	-4.42
1602	64.32	-11.2	-4.42
1603	64.36	-11.23	-4.42
1604	64.4	-11.26	-4.42
1605	64.44	-11.27	-4.41
1606	64.48	-11.28	-4.41
1607	64.52	-11.28	-4.4
1608	64.56	-11.28	-4.4
1609	64.6	-11.28	-4.42
1610	64.64	-11.29	-4.44
1611	64.68	-11.3	-4.45
1612	64.72	-11.3	-4.48
1613	64.76	-11.31	-4.5
1614	64.8	-11.31	-4.51
1615	64.84	-11.32	-4.53
1616	64.88	-11.33	-4.56
1617	64.92	-11.34	-4.59
1618	64.96	-11.37	-4.63
1619	65	-11.38	-4.67
1620	65.04	-11.41	-4.71
1621	65.08	-11.45	-4.75
1622	65.12	-11.48	-4.76
1623	65.16	-11.52	-4.77
1624	65.2	-11.54	-4.78
1625	65.24	-11.54	-4.78
1626	65.28	-11.53	-4.81
1627	65.32	-11.53	-4.83
1628	65.36	-11.58	-4.86
1629	65.4	-11.65	-4.88
1630	65.44	-11.72	-4.9
1631	65.48	-11.76	-4.91
1632	65.52	-11.74	-4.92
1633	65.56	-11.69	-4.95
1634	65.6	-11.68	-4.99
1635	65.64	-11.68	-5.03
1636	65.68	-11.71	-5.06
1637	65.72	-11.76	-5.11
1638	65.76	-11.8	-5.15
1639	65.8	-11.86	-5.21
1640	65.84	-11.9	-5.28
1641	65.88	-11.92	-5.34
1642	65.92	-11.97	-5.38
1643	65.96	-12.03	-5.37
1644	66	-12.09	-5.38
1645	66.04	-12.16	-5.39
1646	66.08	-12.18	-5.43
1647	66.12	-12.2	-5.49
1648	66.16	-12.24	-5.57
1649	66.2	-12.27	-5.67
1650	66.24	-12.32	-5.77
1651	66.28	-12.34	-5.88
1652	66.32	-12.31	-5.96
1653	66.36	-12.28	-6.04
1654	66.4	-12.23	-6.1
1655	66.44	-12.2	-6.16
1656	66.48	-12.2	-6.24
1657	66.52	-12.2	-6.33
1658	66.56	-12.2	-6.42
1659	66.6	-12.22	-6.5
1660	66.64	-12.22	-6.57
1661	66.68	-12.24	-6.63
1662	66.72	-12.28	-6.69
1663	66.76	-12.3	-6.77
1664	66.8	-12.32	-6.85
1665	66.84	-12.32	-6.93
1666	66.88	-12.3	-7.01
1667	66.92	-12.32	-7.03
1668	66.96	-12.34	-7.06
1669	67	-12.37	-7.05
1670	67.04	-12.4	-7.05
1671	67.08	-12.43	-7.08
1672	67.12	-12.47	-7.12
1673	67.16	-12.51	-7.16
1674	67.2	-12.56	-7.21
1675	67.24	-12.61	-7.24
1676	67.28	-12.65	-7.26
1677	67.32	-12.69	-7.28
1678	67.36	-12.73	-7.3
1679	67.4	-12.77	-7.31
1680	67.44	-12.82	-7.3
1681	67.48	-12.87	-7.29
1682	67.52	-12.92	-7.28
1683	67.56	-12.95	-7.28
1684	67.6	-12.98	-7.29
1685	67.64	-13	-7.3
1686	67.68	-13.02	-7.29
1687	67.72	-13.05	-7.27
1688	67.76	-13.09	-7.26
1689	67.8	-13.12	-7.25
1690	67.84	-13.14	-7.24
1691	67.88	-13.16	-7.23
1692	67.92	-13.19	-7.24
1693	67.96	-13.21	-7.23
1694	68	-13.23	-7.23
1695	68.04	-13.24	-7.21
1696	68.08	-13.24	-7.19
1697	68.12	-13.26	-7.18
1698	68.16	-13.27	-7.17
1699	68.2	-13.28	-7.18
1700	68.24	-13.28	-7.2
1701	68.28	-13.27	-7.22
1702	68.32	-13.26	-7.23
1703	68.36	-13.26	-7.24
1704	68.4	-13.26	-7.23
1705	68.44	-13.26	-7.23
1706	68.48	-13.26	-7.22
1707	68.52	-13.24	-7.22
1708	68.56	-13.23	-7.21
1709	68.6	-13.23	-7.19
1710	68.64	-13.2	-7.18
1711	68.68	-13.18	-7.14
1712	68.72	-13.16	-7.1
1713	68.76	-13.13	-7.06
1714	68.8	-13.11	-7.02
1715	68.84	-13.11	-7.01
1716	68.88	-13.11	-7.02
1717	68.92	-13.11	-7.03
1718	68.96	-13.1	-7.04
1719	69	-13.08	-7.03
1720	69.04	-13.06	-7.02
1721	69.08	-13.04	-7
1722	69.12	-13.05	-6.97
1723	69.16	-13.05	-6.96
1724	69.2	-13.06	-6.94
1725	69.24	-13.07	-6.92
1726	69.28	-13.08	-6.91
1727	69.32	-13.09	-6.88
1728	69.36	-13.11	-6.87
1729	69.4	-13.14	-6.85
1730	69.44	-13.18	-6.81
1731	69.48	-13.22	-6.78
1732	69.52	-13.26	-6.73
1733	69.56	-13.29	-6.7
1734	69.6	-13.32	-6.67
1735	69.64	-13.34	-6.65
1736	69.68	-13.34	-6.65
1737	69.72	-13.33	-6.65
1738	69.76	-13.31	-6.67
1739	69.8	-13.28	-6.69
1740	69.84	-13.28	-6.72
1741	69.88	-13.29	-6.76
1742	69.92	-13.33	-6.78
1743	69.96	-13.36	-6.81
1744	70	-13.38	-6.82
1745	70.04	-13.38	-6.83
1746	70.08	-13.36	-6.86
1747	70.12	-13.36	-6.87
1748	70.16	-13.35	-6.91
1749	70.2	-13.37	-6.94
1750	70.24	-13.38	-6.97
1751	70.28	-13.4	-6.98
1752	70.32	-13.43	-6.99
1753	70.36	-13.47	-6.99
1754	70.4	-13.52	-6.98
1755	70.44	-13.58	-6.96
1756	70.48	-13.62	-6.94
1757	70.52	-13.64	-6.93
1758	70.56	-13.66	-6.93
1759	70.6	-13.67	-6.93
1760	70.64	-13.68	-6.93
1761	70.68	-13.7	-6.91
1762	70.72	-13.72	-6.89
1763	70.76	-13.75	-6.86
1764	70.8	-13.79	-6.84
1765	70.84	-13.83	-6.78
1766	70.88	-13.88	-6.77
1767	70.92	-13.92	-6.77
1768	70.96	-13.93	-6.76
1769	71	-13.95	-6.77
1770	71.04	-13.96	-6.78
1771	71.08	-13.97	-6.76
1772	71.12	-13.98	-6.75
1773	71.16	-13.98	-6.76
1774	71.2	-13.98	-6.75
1775	71.24	-13.98	-6.75
1776	71.28	-13.98	-6.75
1777	71.32	-13.99	-6.75
1778	71.36	-14	-6.75
1779	71.4	-14.01	-6.73
1780	71.44	-14.02	-6.7
1781	71.48	-14.03	-6.66
1782	71.52	-14.05	-6.64
1783	71.56	-14.07	-6.62
1784	71.6	-14.08	-6.63
1785	71.64	-14.08	-6.64
1786	71.68	-14.06	-6.64
1787	71.72	-14.03	-6.64
1788	71.76	-14	-6.6
1789	71.8	-13.98	-6.57
1790	71.84	-13.96	-6.53
1791	71.88	-13.96	-6.49
1792	71.92	-13.96	-6.46
1793	71.96	-13.97	-6.44
1794	72	-13.97	-6.43
1795	72.04	-13.96	-6.44
1796	72.08	-13.94	-6.43
1797	72.12	-13.92	-6.41
1798	72.16	-13.9	-6.35
1799	72.2	-13.9	-6.29
1800	72.24	-13.89	-6.23
1801	72.28	-13.88	-6.17
1802	72.32	-13.85	-6.11
1803	72.36	-13.82	-6.07
1804	72.4	-13.78	-6.02
1805	72.44	-13.73	-5.99
1806	72.48	-13.69	-5.97
1807	72.52	-13.66	-5.95
1808	72.56	-13.63	-5.94
1809	72.6	-13.61	-5.93
1810	72.64	-13.57	-5.9
1811	72.68	-13.47	-5.86
1812	72.72	-13.39	-5.8
1813	72.76	-13.32	-5.72
1814	72.8	-13.29	-5.65
1815	72.84	-13.28	-5.59
1816	72.88	-13.26	-5.53
1817	72.92	-13.2	-5.46
1818	72.96	-13.12	-5.39
1819	73	-13.07	-5.31
1820	73.04	-13.01	-5.25
1821	73.08	-12.97	-5.23
1822	73.12	-12.92	-5.21
1823	73.16	-12.83	-5.21
1824	73.2	-12.75	-5.2
1825	73.24	-12.68	-5.18
1826	73.28	-12.63	-5.16
1827	73.32	-12.62	-5.12
1828	73.36	-12.61	-5.07
1829	73.41	-12.6	-5.02
1830	73.48	-12.61	-4.97
1831	73.52	-12.64	-4.91
1832	73.56	-12.65	-4.87
1833	73.6	-12.64	-4.83
1834	73.64	-12.62	-4.81
1835	73.68	-12.61	-4.81
1836	73.72	-12.57	-4.81
1837	73.76	-12.58	-4.81
1838	73.8	-12.57	-4.8
1839	73.84	-12.55	-4.79
1840	73.88	-12.57	-4.78
1841	73.92	-12.55	-4.77
1842	73.96	-12.57	-4.76
1843	74	-12.57	-4.75
1844	74.04	-12.59	-4.73
1845	74.08	-12.61	-4.72
1846	74.12	-12.6	-4.71
1847	74.16	-12.61	-4.7
1848	74.2	-12.62	-4.71
1849	74.24	-12.61	-4.71
1850	74.28	-12.63	-4.71
1851	74.32	-12.64	-4.71
1852	74.36	-12.64	-4.71
1853	74.4	-12.67	-4.71
1854	74.44	-12.67	-4.71
1855	74.48	-12.69	-4.71
1856	74.52	-12.68	-4.69
1857	74.56	-12.67	-4.69
1858	74.6	-12.68	-4.69
1859	74.64	-12.67	-4.69
1860	74.68	-12.67	-4.69
1861	74.72	-12.69	-4.68
1862	74.76	-12.69	-4.69
1863	74.8	-12.73	-4.7
1864	74.84	-12.77	-4.72
1865	74.88	-12.81	-4.75
1866	74.92	-12.86	-4.77
1867	74.96	-12.88	-4.77
1868	75	-12.93	-4.78
1869	75.04	-12.95	-4.78
1870	75.08	-12.96	-4.78
1871	75.12	-12.97	-4.79
1872	75.16	-12.98	-4.81
1873	75.2	-12.98	-4.83
1874	75.24	-13.01	-4.85
1875	75.28	-13.03	-4.86
1876	75.32	-13.01	-4.88
1877	75.36	-13.04	-4.91
1878	75.4	-13.01	-4.93
1879	75.44	-13.02	-4.94
1880	75.48	-13.07	-4.94
1881	75.52	-13.1	-4.95
1882	75.56	-13.16	-4.95
1883	75.6	-13.2	-4.98
1884	75.64	-13.22	-5
1885	75.68	-13.25	-5.02
1886	75.72	-13.31	-5.03
1887	75.76	-13.35	-5.04
1888	75.8	-13.41	-5.07
1889	75.84	-13.45	-5.09
1890	75.88	-13.48	-5.12
1891	75.92	-13.53	-5.13
1892	75.96	-13.56	-5.13
1893	76	-13.62	-5.15
1894	76.04	-13.7	-5.17
1895	76.08	-13.75	-5.21
1896	76.12	-13.82	-5.24
1897	76.16	-13.87	-5.27
1898	76.2	-13.91	-5.29
1899	76.24	-13.96	-5.31
1900	76.28	-13.99	-5.33
1901	76.32	-14.01	-5.36
1902	76.36	-14.04	-5.36
1903	76.4	-14.05	-5.39
1904	76.44	-14.09	-5.43
1905	76.48	-14.14	-5.45
1906	76.52	-14.18	-5.48
1907	76.56	-14.24	-5.47
1908	76.6	-14.29	-5.46
1909	76.64	-14.33	-5.45
1910	76.68	-14.36	-5.45
1911	76.72	-14.38	-5.47
1912	76.76	-14.4	-5.51
1913	76.8	-14.42	-5.57
1914	76.84	-14.45	-5.64
1915	76.88	-14.47	-5.74
1916	76.92	-14.5	-5.83
1917	76.96	-14.54	-5.92
1918	77	-14.57	-6.01
1919	77.04	-14.62	-6.09
1920	77.08	-14.66	-6.15
1921	77.12	-14.68	-6.21
1922	77.16	-14.7	-6.25
1923	77.2	-14.69	-6.31
1924	77.24	-14.67	-6.36
1925	77.28	-14.68	-6.41
1926	77.32	-14.68	-6.48
1927	77.36	-14.71	-6.54
1928	77.4	-14.74	-6.6
1929	77.44	-14.76	-6.66
1930	77.48	-14.79	-6.71
1931	77.59	-14.84	-6.79
1932	77.64	-14.9	-6.89
1933	77.68	-14.97	-7
1934	77.72	-15.04	-7.08
1935	77.76	-15.09	-7.13
1936	77.8	-15.13	-7.16
1937	77.84	-15.15	-7.16
1938	77.88	-15.17	-7.17
1939	77.92	-15.2	-7.16
1940	77.96	-15.23	-7.16
1941	78	-15.24	-7.18
1942	78.04	-15.25	-7.19
1943	78.08	-15.25	-7.2
1944	78.12	-15.26	-7.22
1945	78.16	-15.28	-7.22
1946	78.2	-15.32	-7.25
1947	78.24	-15.38	-7.28
1948	78.28	-15.45	-7.33
1949	78.32	-15.51	-7.35
1950	78.36	-15.57	-7.38
1951	78.4	-15.61	-7.4
1952	78.44	-15.64	-7.39
1953	78.48	-15.67	-7.39
1954	78.52	-15.69	-7.39
1955	78.56	-15.73	-7.39
1956	78.6	-15.75	-7.38
1957	78.64	-15.81	-7.37
1958	78.68	-15.84	-7.34
1959	78.72	-15.9	-7.34
1960	78.76	-15.97	-7.36
1961	78.8	-16.03	-7.37
1962	78.84	-16.11	-7.4
1963	78.88	-16.17	-7.43
1964	78.92	-16.22	-7.46
1965	78.96	-16.31	-7.48
1966	79	-16.4	-7.45
1967	79.04	-16.5	-7.42
1968	79.08	-16.61	-7.37
1969	79.12	-16.7	-7.33
1970	79.16	-16.77	-7.31
1971	79.2	-16.85	-7.28
1972	79.24	-16.92	-7.24
1973	79.28	-16.96	-7.17
1974	79.32	-17.02	-7.13
1975	79.36	-17.08	-7.1
1976	79.4	-17.16	-7.09
1977	79.44	-17.25	-7.09
1978	79.48	-17.33	-7.1
1979	79.52	-17.36	-7.1
1980	79.56	-17.36	-7.1
1981	79.6	-17.39	-7.12
1982	79.64	-17.45	-7.12
1983	79.68	-17.56	-7.12
1984	79.72	-17.67	-7.09
1985	79.76	-17.75	-7.05
1986	79.8	-17.82	-7.04
1987	79.84	-17.83	-6.99
1988	79.88	-17.87	-6.95
1989	79.92	-17.91	-6.93
1990	79.96	-17.93	-6.91
1991	80	-17.99	-6.92
1992	80.04	-18.02	-6.94
1993	80.08	-18.05	-6.98
1994	80.12	-18.06	-7.01
1995	80.16	-18.07	-7.05
1996	80.2	-18.08	-7.08
1997	80.24	-18.08	-7.07
1998	80.28	-18.1	-7.07
1999	80.32	-18.13	-7.06
2000	80.36	-18.18	-7.07
2001	80.4	-18.23	-7.08
2002	80.44	-18.26	-7.09
2003	80.48	-18.29	-7.1
2004	80.52	-18.32	-7.13
2005	80.56	-18.33	-7.15
2006	80.6	-18.35	-7.17
2007	80.64	-18.32	-7.19
2008	80.68	-18.31	-7.21
2009	80.72	-18.3	-7.23
2010	80.76	-18.29	-7.26
2011	80.8	-18.31	-7.28
2012	80.84	-18.32	-7.3
2013	80.88	-18.36	-7.33
2014	80.92	-18.44	-7.36
2015	80.96	-18.52	-7.39
2016	81	-18.6	-7.42
2017	81.04	-18.65	-7.42
2018	81.08	-18.7	-7.44
2019	81.12	-18.72	-7.45
2020	81.16	-18.75	-7.47
2021	81.2	-18.77	-7.51
2022	81.24	-18.76	-7.54
2023	81.28	-18.79	-7.57
2024	81.32	-18.79	-7.59
2025	81.36	-18.78	-7.63
2026	81.4	-18.78	-7.65
2027	81.44	-18.77	-7.69
2028	81.48	-18.76	-7.73
2029	81.52	-18.76	-7.72
2030	81.56	-18.75	-7.74
2031	81.6	-18.75	-7.75
2032	81.64	-18.78	-7.8
2033	81.68	-18.81	-7.89
2034	81.72	-18.84	-7.99
2035	81.76	-18.86	-8.08
2036	81.8	-18.85	-8.12
2037	81.84	-18.86	-8.19
2038	81.88	-18.83	-8.19
2039	81.92	-18.82	-8.22
2040	81.96	-18.8	-8.24
2041	82	-18.78	-8.26
2042	82.04	-18.76	-8.29
2043	82.08	-18.73	-8.33
2044	82.12	-18.71	-8.37
2045	82.16	-18.69	-8.41
2046	82.2	-18.68	-8.47
2047	82.24	-18.67	-8.5
2048	82.28	-18.63	-8.51
2049	82.32	-18.61	-8.5
2050	82.36	-18.59	-8.48
2051	82.4	-18.59	-8.47
2052	82.44	-18.61	-8.5
2053	82.48	-18.62	-8.5
2054	82.52	-18.64	-8.54
2055	82.56	-18.67	-8.58
2056	82.6	-18.69	-8.59
2057	82.64	-18.74	-8.64
2058	82.68	-18.76	-8.66
2059	82.72	-18.79	-8.69
2060	82.76	-18.82	-8.69
2061	82.8	-18.83	-8.69
2062	82.84	-18.86	-8.68
2063	82.88	-18.85	-8.65
2064	82.92	-18.87	-8.66
2065	82.96	-18.88	-8.66
2066	83	-18.9	-8.68
2067	83.04	-18.94	-8.7
2068	83.08	-18.94	-8.71
2069	83.12	-18.93	-8.68
2070	83.16	-18.94	-8.67
2071	83.2	-18.91	-8.64
2072	83.24	-18.9	-8.63
2073	83.28	-18.9	-8.62
2074	83.32	-18.91	-8.61
2075	83.36	-18.93	-8.59
2076	83.4	-18.92	-8.55
2077	83.44	-18.93	-8.52
2078	83.48	-18.93	-8.51
2079	83.52	-18.92	-8.51
2080	83.56	-18.95	-8.53
2081	83.6	-18.95	-8.5
2082	83.64	-18.94	-8.49
2083	83.68	-18.93	-8.48
2084	83.72	-18.94	-8.48
2085	83.76	-18.94	-8.5
2086	83.8	-18.93	-8.5
2087	83.84	-18.94	-8.51
2088	83.88	-18.93	-8.5
2089	83.92	-18.97	-8.51
2090	83.96	-18.98	-8.52
2091	84	-19	-8.52
2092	84.04	-19.02	-8.55
2093	84.08	-19.02	-8.54
2094	84.12	-19.02	-8.53
2095	84.16	-19.02	-8.52
2096	84.2	-19.01	-8.52
2097	84.24	-19.01	-8.53
2098	84.28	-19.01	-8.54
2099	84.32	-19.01	-8.54
2100	84.36	-19	-8.53
2101	84.4	-19	-8.52
2102	84.44	-19.01	-8.52
2103	84.48	-19.01	-8.52
2104	84.52	-19.01	-8.52
2105	84.56	-19.02	-8.53
2106	84.6	-19.01	-8.53
2107	84.64	-19.01	-8.52
2108	84.68	-19.01	-8.52
2109	84.72	-19.01	-8.51
2110	84.76	-19	-8.5
2111	84.8	-19	-8.5
2112	84.84	-18.99	-8.49
2113	84.88	-18.99	-8.5
2114	84.92	-18.97	-8.49
2115	84.96	-18.97	-8.49
2116	85	-18.95	-8.46
2117	85.04	-18.94	-8.45
2118	85.08	-18.93	-8.44
2119	85.12	-18.93	-8.43
2120	85.16	-18.93	-8.43
2121	85.2	-18.92	-8.43
2122	85.24	-18.92	-8.44
2123	85.28	-18.9	-8.42
2124	85.32	-18.89	-8.42
2125	85.36	-18.88	-8.4
2126	85.4	-18.85	-8.38
2127	85.44	-18.84	-8.38
2128	85.48	-18.83	-8.37
2129	85.52	-18.83	-8.37
2130	85.58	-18.84	-8.37
2131	85.64	-18.85	-8.39
2132	85.68	-18.86	-8.37
2133	85.72	-18.86	-8.39
2134	85.76	-18.86	-8.38
2135	85.8	-18.85	-8.37
2136	85.84	-18.83	-8.36
2137	85.88	-18.81	-8.33
2138	85.92	-18.81	-8.31
2139	85.96	-18.82	-8.29
2140	86	-18.84	-8.26
2141	86.04	-18.86	-8.23
2142	86.08	-18.87	-8.21
2143	86.12	-18.87	-8.17
2144	86.16	-18.87	-8.14
2145	86.2	-18.86	-8.11
2146	86.24	-18.86	-8.08
2147	86.28	-18.84	-8.05
2148	86.32	-18.83	-8.01
2149	86.36	-18.81	-7.98
2150	86.4	-18.81	-7.95
2151	86.44	-18.83	-7.94
2152	86.48	-18.84	-7.93
2153	86.52	-18.86	-7.92
2154	86.56	-18.86	-7.9
2155	86.6	-18.87	-7.89
2156	86.64	-18.89	-7.88
2157	86.68	-18.89	-7.87
2158	86.72	-18.9	-7.87
2159	86.76	-18.91	-7.88
2160	86.8	-18.9	-7.89
2161	86.84	-18.9	-7.9
2162	86.88	-18.92	-7.91
2163	86.92	-18.93	-7.91
2164	86.96	-18.96	-7.92
2165	87	-18.97	-7.93
2166	87.04	-18.98	-7.94
2167	87.08	-19	-7.96
2168	87.12	-19	-7.98
2169	87.16	-19.01	-8.01
2170	87.2	-19.03	-8.05
2171	87.24	-19.02	-8.07
2172	87.28	-19.03	-8.11
2173	87.32	-19.02	-8.12
2174	87.36	-19	-8.15
2175	87.4	-18.98	-8.18
2176	87.44	-18.96	-8.22
2177	87.48	-18.95	-8.27
2178	87.52	-18.94	-8.3
2179	87.56	-18.92	-8.33
2180	87.6	-18.9	-8.37
2181	87.64	-18.88	-8.39
2182	87.68	-18.86	-8.42
2183	87.72	-18.84	-8.46
2184	87.76	-18.82	-8.51
2185	87.8	-18.81	-8.55
2186	87.84	-18.78	-8.57
2187	87.88	-18.77	-8.6
2188	87.92	-18.75	-8.63
2189	87.96	-18.72	-8.65
2190	88	-18.7	-8.66
2191	88.04	-18.68	-8.67
2192	88.08	-18.66	-8.67
2193	88.12	-18.65	-8.7
2194	88.16	-18.66	-8.73
2195	88.2	-18.66	-8.76
2196	88.24	-18.67	-8.79
2197	88.28	-18.67	-8.79
2198	88.32	-18.68	-8.8
2199	88.36	-18.68	-8.82
2200	88.4	-18.68	-8.82
2201	88.44	-18.69	-8.85
2202	88.48	-18.68	-8.86
2203	88.52	-18.67	-8.86
2204	88.56	-18.69	-8.88
2205	88.6	-18.7	-8.89
2206	88.64	-18.73	-8.9
2207	88.68	-18.75	-8.91
2208	88.72	-18.79	-8.94
2209	88.76	-18.84	-8.97
2210	88.8	-18.9	-8.98
2211	88.84	-18.97	-8.99
2212	88.88	-19.04	-9.01
2213	88.92	-19.08	-9.04
2214	88.96	-19.13	-9.14
2215	89	-19.17	-9.24
2216	89.04	-19.18	-9.35
2217	89.16	-19.2	-9.47
2218	89.2	-19.21	-9.56
2219	89.24	-19.22	-9.66
2220	89.28	-19.2	-9.73
2221	89.32	-19.18	-9.76
2222	89.36	-19.15	-9.81
2223	89.4	-19.14	-9.86
2224	89.44	-19.14	-9.91
2225	89.48	-19.14	-9.96
2226	89.52	-19.14	-9.97
2227	89.56	-19.12	-9.96
2228	89.6	-19.12	-9.97
2229	89.64	-19.12	-9.97
2230	89.68	-19.13	-9.99
2231	89.72	-19.15	-10
2232	89.76	-19.15	-9.94
2233	89.8	-19.15	-9.93
2234	89.84	-19.15	-9.89
2235	89.88	-19.15	-9.87
2236	89.92	-19.17	-9.9
2237	89.96	-19.18	-9.89
2238	90	-19.2	-9.9
2239	90.04	-19.22	-9.9
2240	90.08	-19.25	-9.9
2241	90.12	-19.27	-9.9
2242	90.16	-19.26	-9.87
2243	90.2	-19.27	-9.84
2244	90.24	-19.27	-9.81
2245	90.28	-19.26	-9.77
2246	90.32	-19.27	-9.74
2247	90.36	-19.27	-9.71
2248	90.4	-19.27	-9.66
2249	90.44	-19.28	-9.66
2250	90.48	-19.29	-9.64
2251	90.52	-19.3	-9.65
2252	90.56	-19.32	-9.67
2253	90.6	-19.33	-9.66
2254	90.64	-19.33	-9.67
2255	90.68	-19.34	-9.66
2256	90.72	-19.35	-9.65
2257	90.76	-19.36	-9.66
2258	90.8	-19.38	-9.67
2259	90.84	-19.39	-9.68
2260	90.88	-19.41	-9.69
2261	90.92	-19.4	-9.68
2262	90.96	-19.4	-9.68
2263	91	-19.41	-9.68
2264	91.04	-19.42	-9.69
2265	91.08	-19.43	-9.7
2266	91.12	-19.45	-9.72
2267	91.16	-19.46	-9.74
2268	91.2	-19.46	-9.74
2269	91.24	-19.47	-9.74
2270	91.28	-19.47	-9.73
2271	91.32	-19.47	-9.73
2272	91.36	-19.47	-9.73
2273	91.4	-19.48	-9.72
2274	91.44	-19.49	-9.73
2275	91.48	-19.48	-9.72
2276	91.52	-19.47	-9.69
2277	91.56	-19.45	-9.68
2278	91.6	-19.44	-9.66
2279	91.64	-19.43	-9.62
2280	91.68	-19.41	-9.59
2281	91.72	-19.4	-9.57
2282	91.76	-19.39	-9.58
2283	91.8	-19.4	-9.6
2284	91.84	-19.4	-9.63
2285	91.88	-19.42	-9.66
2286	91.92	-19.43	-9.64
2287	91.96	-19.44	-9.64
2288	92	-19.44	-9.63
2289	92.04	-19.43	-9.61
2290	92.08	-19.43	-9.62
2291	92.12	-19.42	-9.63
2292	92.16	-19.42	-9.65
2293	92.2	-19.43	-9.67
2294	92.24	-19.41	-9.67
2295	92.28	-19.41	-9.66
2296	92.32	-19.42	-9.67
2297	92.36	-19.42	-9.67
2298	92.4	-19.44	-9.7
2299	92.44	-19.44	-9.7
2300	92.48	-19.42	-9.65
2301	92.52	-19.41	-9.63
2302	92.56	-19.4	-9.61
2303	92.6	-19.4	-9.62
2304	92.64	-19.4	-9.65
2305	92.68	-19.4	-9.64
2306	92.72	-19.4	-9.64
2307	92.76	-19.4	-9.62
2308	92.8	-19.41	-9.62
2309	92.84	-19.41	-9.63
2310	92.88	-19.41	-9.61
2311	92.92	-19.4	-9.61
2312	92.96	-19.38	-9.59
2313	93	-19.35	-9.56
2314	93.04	-19.35	-9.56
2315	93.08	-19.35	-9.57
2316	93.12	-19.32	-9.56
2317	93.16	-19.34	-9.57
2318	93.2	-19.34	-9.61
2319	93.24	-19.34	-9.63
2320	93.28	-19.35	-9.64
2321	93.32	-19.36	-9.66
2322	93.36	-19.36	-9.67
2323	93.4	-19.38	-9.69
2324	93.44	-19.4	-9.73
2325	93.48	-19.41	-9.75
2326	93.52	-19.41	-9.76
2327	93.56	-19.42	-9.78
2328	93.6	-19.42	-9.81
2329	93.64	-19.42	-9.85
2330	93.68	-19.42	-9.91
2331	93.72	-19.41	-9.95
2332	93.76	-19.4	-10.02
2333	93.8	-19.38	-10.04
2334	93.84	-19.36	-10.04
2335	93.88	-19.34	-10.06
2336	93.92	-19.32	-10.07
2337	94	-19.29	-10.09
2338	94.04	-19.27	-10.14
2339	94.08	-19.24	-10.09
2340	94.12	-19.21	-10.09
2341	94.16	-19.19	-10.06
2342	94.2	-19.16	-10.03
2343	94.24	-19.12	-10.01
2344	94.28	-19.1	-9.98
2345	94.32	-19.09	-9.96
2346	94.36	-19.07	-9.92
2347	94.4	-19.07	-9.92
2348	94.44	-19.07	-9.9
2349	94.48	-19.06	-9.87
2350	94.52	-19.08	-9.84
2351	94.56	-19.08	-9.79
2352	94.6	-19.08	-9.71
2353	94.64	-19.09	-9.67
2354	94.68	-19.08	-9.6
2355	94.72	-19.07	-9.56
2356	94.76	-19.06	-9.57
2357	94.8	-19.05	-9.54
2358	94.84	-19.04	-9.54
2359	94.88	-19.03	-9.53
2360	94.92	-19.03	-9.53
2361	94.96	-19.01	-9.5
2362	95	-19	-9.48
2363	95.04	-18.99	-9.47
2364	95.08	-18.98	-9.46
2365	95.12	-18.98	-9.44
2366	95.16	-18.99	-9.45
2367	95.2	-19.01	-9.44
2368	95.24	-19.01	-9.39
2369	95.28	-19.01	-9.39
2370	95.32	-18.99	-9.36
2371	95.36	-19	-9.37
2372	95.4	-19	-9.36
2373	95.44	-19.04	-9.37
2374	95.48	-19.07	-9.4
2375	95.52	-19.09	-9.39
2376	95.56	-19.14	-9.43
2377	95.6	-19.17	-9.44
2378	95.64	-19.19	-9.43
2379	95.68	-19.19	-9.42
2380	95.72	-19.22	-9.41
2381	95.76	-19.23	-9.4
2382	95.8	-19.27	-9.4
2383	95.84	-19.31	-9.46
2384	95.88	-19.31	-9.51
2385	95.92	-19.33	-9.55
2386	95.96	-19.36	-9.61
2387	96	-19.4	-9.64
2388	96.04	-19.45	-9.68
2389	96.08	-19.49	-9.72
2390	96.12	-19.52	-9.76
2391	96.16	-19.54	-9.77
2392	96.2	-19.6	-9.8
2393	96.24	-19.66	-9.82
2394	96.28	-19.74	-9.86
2395	96.32	-19.83	-9.92
2396	96.36	-19.89	-9.96
2397	96.4	-19.94	-10.02
2398	96.44	-19.96	-10.05
2399	96.48	-19.96	-10.07
2400	96.52	-19.96	-10.08
2401	96.56	-19.97	-10.09
2402	96.6	-20.01	-10.14
2403	96.64	-20.09	-10.19
2404	96.68	-20.16	-10.23
2405	96.72	-20.23	-10.26
2406	96.76	-20.27	-10.28
2407	96.8	-20.28	-10.3
2408	96.84	-20.34	-10.36
2409	96.88	-20.41	-10.41
2410	96.92	-20.49	-10.45
2411	96.96	-20.57	-10.5
2412	97	-20.65	-10.54
2413	97.04	-20.75	-10.62
2414	97.08	-20.83	-10.7
2415	97.12	-20.93	-10.81
2416	97.16	-21.06	-10.97
2417	97.2	-21.13	-11.09
2418	97.24	-21.24	-11.22
2419	97.28	-21.36	-11.36
2420	97.32	-21.43	-11.44
2421	97.39	-21.57	-11.53
2422	97.44	-21.65	-11.58
2423	97.48	-21.7	-11.59
2424	97.52	-21.74	-11.58
2425	97.56	-21.71	-11.56
2426	97.6	-21.7	-11.55
2427	97.64	-21.66	-11.52
2428	97.68	-21.66	-11.51
2429	97.72	-21.66	-11.51
2430	97.76	-21.66	-11.48
2431	97.8	-21.67	-11.48
2432	97.84	-21.67	-11.48
2433	97.88	-21.68	-11.5
2434	97.92	-21.69	-11.55
2435	97.96	-21.71	-11.6
2436	98	-21.73	-11.63
2437	98.04	-21.75	-11.66
2438	98.08	-21.78	-11.66
2439	98.12	-21.81	-11.67
2440	98.16	-21.83	-11.69
2441	98.2	-21.86	-11.71
2442	98.24	-21.87	-11.73
2443	98.28	-21.88	-11.74
2444	98.32	-21.9	-11.75
2445	98.36	-21.89	-11.75
2446	98.4	-21.9	-11.76
2447	98.44	-21.91	-11.78
2448	98.48	-21.9	-11.77
2449	98.52	-21.91	-11.77
2450	98.56	-21.91	-11.76
2451	98.6	-21.9	-11.74
2452	98.64	-21.91	-11.75
2453	98.68	-21.92	-11.74
2454	98.72	-21.91	-11.73
2455	98.76	-21.93	-11.74
2456	98.8	-21.93	-11.74
2457	98.84	-21.91	-11.74
2458	98.88	-21.93	-11.76
2459	98.92	-21.93	-11.77
2460	98.95	-21.94	-11.78
2461	99	-21.96	-11.8
2462	99.04	-21.98	-11.81
2463	99.08	-21.99	-11.83
2464	99.12	-22	-11.85
2465	99.16	-22	-11.86
2466	99.2	-21.99	-11.87
2467	99.24	-21.98	-11.88
2468	99.28	-21.97	-11.9
2469	99.31	-21.96	-11.91
2470	99.35	-21.95	-11.92
2471	99.39	-21.93	-11.93
2472	99.43	-21.92	-11.93
2473	99.47	-21.91	-11.94
2474	99.51	-21.92	-11.96
2475	99.56	-21.93	-11.99
2476	99.59	-21.93	-12.01
2477	99.63	-21.94	-12.04
2478	99.67	-21.93	-12.06
2479	99.71	-21.93	-12.08
2480	99.75	-21.93	-12.09
2481	99.79	-21.95	-12.11
2482	99.83	-21.96	-12.13
2483	99.88	-21.99	-12.16
2484	99.91	-22.01	-12.17
2485	99.95	-22.03	-12.18
2486	99.99	-22.05	-12.18
2487	100.03	-22.07	-12.18
2488	100.07	-22.08	-12.19
2489	100.11	-22.08	-12.19
2490	100.15	-22.08	-12.18
2491	100.19	-22.06	-12.16
2492	100.23	-22.07	-12.16
2493	100.27	-22.1	-12.15
2494	100.31	-22.14	-12.15
2495	100.35	-22.19	-12.16
2496	100.39	-22.23	-12.2
2497	100.43	-22.24	-12.24
2498	100.47	-22.28	-12.31
2499	100.51	-22.3	-12.38
2500	100.55	-22.3	-12.4
2501	100.59	-22.29	-12.43
2502	100.63	-22.27	-12.44
2503	100.67	-22.26	-12.44
2504	100.71	-22.25	-12.45
2505	100.75	-22.27	-12.45
2506	100.79	-22.26	-12.46
2507	100.83	-22.25	-12.46
2508	100.88	-22.23	-12.43
2509	100.91	-22.19	-12.4
2510	100.95	-22.17	-12.37
2511	100.99	-22.15	-12.35
2512	101.04	-22.16	-12.33
2513	101.14	-22.16	-12.3
2514	101.17	-22.15	-12.29
2515	101.2	-22.11	-12.23
2516	101.23	-22.1	-12.22
2517	101.27	-22.1	-12.19
2518	101.31	-22.09	-12.15
2519	101.35	-22.1	-12.11
2520	101.39	-22.1	-12.06
2521	101.43	-22.09	-12.02
2522	101.47	-22.08	-11.98
2523	101.51	-22.08	-11.95
2524	101.55	-22.08	-11.92
2525	101.59	-22.09	-11.9
2526	101.63	-22.06	-11.88
2527	101.67	-22.06	-11.86
2528	101.71	-22.06	-11.85
2529	101.75	-22.06	-11.84
2530	101.79	-22.08	-11.83
2531	101.83	-22.08	-11.82
2532	101.87	-22.07	-11.81
2533	101.91	-22.06	-11.81
2534	101.95	-22.07	-11.81
2535	101.99	-22.08	-11.8
2536	102.03	-22.1	-11.8
2537	102.07	-22.12	-11.8
2538	102.11	-22.13	-11.79
2539	102.15	-22.12	-11.79
2540	102.19	-22.11	-11.79
2541	102.23	-22.08	-11.79
2542	102.27	-22.08	-11.79
2543	102.31	-22.08	-11.8
2544	102.35	-22.09	-11.8
2545	102.39	-22.11	-11.8
2546	102.43	-22.12	-11.8
2547	102.47	-22.11	-11.79
2548	102.51	-22.12	-11.8
2549	102.55	-22.1	-11.8
2550	102.59	-22.07	-11.8
2551	102.63	-22.07	-11.8
2552	102.67	-22.07	-11.79
2553	102.71	-22.09	-11.79
2554	102.75	-22.1	-11.78
2555	102.79	-22.1	-11.78
2556	102.83	-22.11	-11.77
2557	102.87	-22.09	-11.78
2558	102.91	-22.08	-11.77
2559	102.95	-22.08	-11.76
2560	102.99	-22.11	-11.75
2561	103.03	-22.12	-11.74
2562	103.07	-22.14	-11.74
2563	103.11	-22.15	-11.73
2564	103.15	-22.15	-11.73
2565	103.19	-22.16	-11.73
2566	103.23	-22.19	-11.72
2567	103.27	-22.21	-11.71
2568	103.31	-22.2	-11.7
2569	103.35	-22.19	-11.68
2570	103.39	-22.17	-11.67
2571	103.43	-22.16	-11.65
2572	103.47	-22.17	-11.63
2573	103.51	-22.18	-11.61
2574	103.56	-22.2	-11.6
2575	103.59	-22.21	-11.58
2576	103.63	-22.21	-11.56
2577	103.67	-22.21	-11.53
2578	103.71	-22.21	-11.52
2579	103.75	-22.21	-11.52
2580	103.79	-22.19	-11.52
2581	103.83	-22.2	-11.51
2582	103.87	-22.19	-11.51
2583	103.91	-22.19	-11.49
2584	103.95	-22.23	-11.46
2585	103.99	-22.22	-11.45
2586	104.03	-22.21	-11.45
2587	104.07	-22.17	-11.45
2588	104.11	-22.15	-11.46
2589	104.15	-22.12	-11.47
2590	104.19	-22.11	-11.47
2591	104.23	-22.11	-11.47
2592	104.27	-22.08	-11.48
2593	104.31	-22.06	-11.5
2594	104.35	-22.03	-11.51
2595	104.39	-22	-11.54
2596	104.43	-22.01	-11.55
2597	104.47	-21.99	-11.57
2598	104.51	-22	-11.6
2599	104.55	-22.02	-11.63
2600	104.59	-22.02	-11.66
2601	104.63	-22.04	-11.69
2602	104.67	-22.04	-11.71
2603	104.71	-22.05	-11.73
2604	104.75	-22.07	-11.75
2605	104.79	-22.08	-11.78
2606	104.83	-22.09	-11.8
2607	104.87	-22.08	-11.83
2608	104.91	-22.09	-11.86
2609	104.95	-22.09	-11.89
2610	104.99	-22.08	-11.91
2611	105.03	-22.1	-11.95
2612	105.07	-22.12	-11.99
2613	105.11	-22.14	-12.01
2614	105.15	-22.15	-12.04
2615	105.19	-22.13	-12.06
2616	105.23	-22.12	-12.09
2617	105.27	-22.1	-12.11
2618	105.31	-22.08	-12.13
2619	105.35	-22.08	-12.16
2620	105.39	-22.08	-12.2
2621	105.43	-22.09	-12.25
2622	105.47	-22.1	-12.29
2623	105.51	-22.12	-12.32
2624	105.55	-22.11	-12.33
2625	105.59	-22.12	-12.33
2626	105.63	-22.12	-12.34
2627	105.67	-22.12	-12.35
2628	105.71	-22.12	-12.36
2629	105.75	-22.12	-12.38
2630	105.79	-22.12	-12.4
2631	105.83	-22.12	-12.42
2632	105.87	-22.11	-12.44
2633	105.91	-22.12	-12.46
2634	105.95	-22.12	-12.47
2635	105.99	-22.12	-12.48
2636	106.03	-22.12	-12.52
2637	106.07	-22.12	-12.58
2638	106.11	-22.14	-12.65
2639	106.15	-22.16	-12.72
2640	106.19	-22.16	-12.75
2641	106.23	-22.15	-12.77
2642	106.27	-22.12	-12.79
2643	106.31	-22.11	-12.82
2644	106.35	-22.13	-12.86
2645	106.39	-22.14	-12.9
2646	106.43	-22.15	-12.92
2647	106.47	-22.13	-12.96
2648	106.51	-22.13	-12.99
2649	106.55	-22.17	-13.04
2650	106.59	-22.21	-13.07
2651	106.63	-22.26	-13.1
2652	106.67	-22.31	-13.13
2653	106.71	-22.35	-13.14
2654	106.75	-22.38	-13.17
2655	106.79	-22.42	-13.21
2656	106.83	-22.44	-13.24
2657	106.87	-22.47	-13.25
2658	106.91	-22.5	-13.28
2659	106.95	-22.52	-13.28
2660	106.99	-22.54	-13.28
2661	107.03	-22.57	-13.31
2662	107.07	-22.58	-13.33
2663	107.11	-22.58	-13.36
2664	107.15	-22.58	-13.41
2665	107.19	-22.57	-13.45
2666	107.23	-22.57	-13.51
2667	107.27	-22.58	-13.57
2668	107.31	-22.57	-13.62
2669	107.35	-22.57	-13.68
2670	107.39	-22.57	-13.72
2671	107.43	-22.56	-13.74
2672	107.47	-22.55	-13.76
2673	107.51	-22.55	-13.76
2674	107.55	-22.53	-13.75
2675	107.59	-22.53	-13.75
2676	107.63	-22.52	-13.73
2677	107.67	-22.51	-13.73
2678	107.71	-22.51	-13.72
2679	107.75	-22.5	-13.72
2680	107.79	-22.5	-13.71
2681	107.83	-22.49	-13.67
2682	107.87	-22.49	-13.65
2683	107.91	-22.5	-13.64
2684	107.95	-22.49	-13.61
2685	107.99	-22.49	-13.59
2686	108.03	-22.48	-13.56
2687	108.07	-22.47	-13.53
2688	108.11	-22.46	-13.52
2689	108.15	-22.45	-13.51
2690	108.19	-22.46	-13.5
2691	108.23	-22.47	-13.5
2692	108.27	-22.47	-13.49
2693	108.31	-22.45	-13.46
2694	108.35	-22.42	-13.41
2695	108.39	-22.38	-13.35
2696	108.43	-22.33	-13.23
2697	108.47	-22.31	-13.13
2698	108.51	-22.28	-13.01
2699	108.55	-22.27	-12.93
2700	108.63	-22.27	-12.89
2701	108.67	-22.23	-12.86
2702	108.71	-22.19	-12.83
2703	108.75	-22.15	-12.82
2704	108.79	-22.13	-12.8
2705	108.83	-22.11	-12.76
2706	108.87	-22.1	-12.74
2707	108.92	-22.06	-12.67
2708	108.95	-22.03	-12.62
2709	108.99	-22.01	-12.58
2710	109.03	-21.99	-12.53
2711	109.07	-21.97	-12.5
2712	109.11	-21.93	-12.46
2713	109.15	-21.91	-12.43
2714	109.19	-21.89	-12.41
2715	109.23	-21.89	-12.4
2716	109.27	-21.89	-12.37
2717	109.31	-21.9	-12.35
2718	109.35	-21.9	-12.31
2719	109.39	-21.91	-12.27
2720	109.43	-21.9	-12.23
2721	109.47	-21.88	-12.2
2722	109.51	-21.88	-12.17
2723	109.55	-21.84	-12.12
2724	109.59	-21.82	-12.09
2725	109.63	-21.79	-12.04
2726	109.67	-21.78	-12.01
2727	109.71	-21.77	-11.96
2728	109.75	-21.75	-11.91
2729	109.79	-21.76	-11.86
2730	109.83	-21.74	-11.83
2731	109.87	-21.74	-11.81
2732	109.91	-21.77	-11.82
2733	109.95	-21.79	-11.81
2734	109.99	-21.81	-11.81
2735	110.03	-21.83	-11.82
2736	110.07	-21.88	-11.84
2737	110.11	-21.9	-11.86
2738	110.15	-21.98	-11.87
2739	110.19	-22.05	-11.87
2740	110.23	-22.1	-11.85
2741	110.27	-22.16	-11.82
2742	110.31	-22.2	-11.8
2743	110.35	-22.21	-11.78
2744	110.39	-22.21	-11.75
2745	110.43	-22.2	-11.74
2746	110.47	-22.19	-11.72
2747	110.51	-22.21	-11.69
2748	110.55	-22.23	-11.69
2749	110.59	-22.25	-11.68
2750	110.63	-22.29	-11.65
2751	110.67	-22.31	-11.6
2752	110.71	-22.34	-11.55
2753	110.75	-22.37	-11.49
2754	110.79	-22.37	-11.46
2755	110.83	-22.37	-11.43
2756	110.87	-22.37	-11.4
2757	110.91	-22.36	-11.36
2758	110.95	-22.35	-11.32
2759	110.99	-22.35	-11.29
2760	111.03	-22.35	-11.25
2761	111.07	-22.35	-11.24
2762	111.11	-22.37	-11.22
2763	111.15	-22.39	-11.19
2764	111.19	-22.4	-11.18
2765	111.23	-22.42	-11.16
2766	111.27	-22.42	-11.15
2767	111.31	-22.44	-11.14
2768	111.35	-22.45	-11.13
2769	111.39	-22.46	-11.11
2770	111.43	-22.47	-11.1
2771	111.47	-22.48	-11.08
2772	111.51	-22.47	-11.08
2773	111.55	-22.46	-11.08
2774	111.59	-22.45	-11.08
2775	111.63	-22.44	-11.09
2776	111.67	-22.43	-11.08
2777	111.71	-22.43	-11.09
2778	111.75	-22.43	-11.08
2779	111.79	-22.42	-11.09
2780	111.83	-22.43	-11.08
2781	111.87	-22.43	-11.08
2782	111.91	-22.42	-11.09
2783	111.95	-22.42	-11.08
2784	111.99	-22.42	-11.07
2785	112.03	-22.42	-11.07
2786	112.07	-22.43	-11.06
2787	112.11	-22.43	-11.06
2788	112.15	-22.44	-11.04
2789	112.19	-22.46	-11
2790	112.23	-22.46	-10.97
2791	112.27	-22.47	-10.93
2792	112.31	-22.48	-10.9
2793	112.35	-22.49	-10.88
2794	112.39	-22.5	-10.86
2795	112.5	-22.49	-10.85
2796	112.55	-22.46	-10.86
2797	112.59	-22.42	-10.88
2798	112.63	-22.37	-10.92
2799	112.67	-22.33	-10.97
2800	112.71	-22.29	-11.01
2801	112.75	-22.24	-11.07
2802	112.79	-22.2	-11.11
2803	112.83	-22.16	-11.15
2804	112.87	-22.12	-11.2
2805	112.91	-22.12	-11.23
2806	112.95	-22.13	-11.27
2807	112.99	-22.14	-11.31
2808	113.03	-22.16	-11.33
2809	113.07	-22.16	-11.37
2810	113.11	-22.16	-11.39
2811	113.15	-22.18	-11.41
2812	113.19	-22.18	-11.43
2813	113.23	-22.18	-11.46
2814	113.27	-22.18	-11.48
2815	113.31	-22.15	-11.5
2816	113.35	-22.14	-11.53
2817	113.39	-22.12	-11.57
2818	113.43	-22.1	-11.6
2819	113.47	-22.09	-11.63
2820	113.51	-22.08	-11.65
2821	113.55	-22.07	-11.67
2822	113.59	-22.07	-11.72
2823	113.63	-22.06	-11.75
2824	113.67	-22.05	-11.79
2825	113.71	-22.05	-11.84
2826	113.75	-22.01	-11.86
2827	113.79	-21.98	-11.87
2828	113.83	-21.93	-11.89
2829	113.87	-21.88	-11.88
2830	113.91	-21.83	-11.88
2831	113.95	-21.79	-11.87
2832	113.99	-21.76	-11.86
2833	114.03	-21.75	-11.86
2834	114.07	-21.76	-11.87
2835	114.11	-21.78	-11.87
2836	114.15	-21.8	-11.88
2837	114.19	-21.82	-11.89
2838	114.23	-21.84	-11.91
2839	114.27	-21.87	-11.95
2840	114.31	-21.9	-11.99
2841	114.35	-21.92	-12.03
2842	114.39	-21.95	-12.07
2843	114.43	-21.98	-12.11
2844	114.47	-22.01	-12.14
2845	114.51	-22.04	-12.17
2846	114.55	-22.07	-12.21
2847	114.59	-22.1	-12.23
2848	114.63	-22.13	-12.25
2849	114.67	-22.17	-12.27
2850	114.71	-22.2	-12.28
2851	114.75	-22.25	-12.31
2852	114.79	-22.28	-12.32
2853	114.83	-22.31	-12.35
2854	114.87	-22.36	-12.37
2855	114.91	-22.38	-12.38
2856	114.95	-22.4	-12.38
2857	114.99	-22.42	-12.4
2858	115.03	-22.43	-12.41
2859	115.07	-22.44	-12.45
2860	115.11	-22.47	-12.5
2861	115.15	-22.46	-12.53
2862	115.19	-22.45	-12.56
2863	115.23	-22.42	-12.57
2864	115.27	-22.39	-12.59
2865	115.31	-22.36	-12.61
2866	115.35	-22.35	-12.63
2867	115.39	-22.35	-12.67
2868	115.43	-22.36	-12.72
2869	115.47	-22.39	-12.76
2870	115.51	-22.42	-12.81
2871	115.55	-22.44	-12.84
2872	115.59	-22.46	-12.87
2873	115.63	-22.48	-12.91
2874	115.67	-22.5	-12.96
2875	115.71	-22.51	-12.99
2876	115.75	-22.52	-13.02
2877	115.79	-22.52	-13.04
2878	115.83	-22.53	-13.05
2879	115.87	-22.55	-13.1
2880	115.91	-22.55	-13.14
2881	115.95	-22.56	-13.19
2882	115.99	-22.54	-13.22
2883	116.03	-22.53	-13.25
2884	116.07	-22.53	-13.26
2885	116.11	-22.52	-13.27
2886	116.15	-22.52	-13.26
2887	116.19	-22.52	-13.26
2888	116.23	-22.51	-13.23
2889	116.27	-22.5	-13.2
2890	116.31	-22.5	-13.18
2891	116.35	-22.49	-13.14
2892	116.39	-22.48	-13.11
2893	116.43	-22.46	-13.09
2894	116.47	-22.46	-13.06
2895	116.51	-22.46	-13.05
2896	116.55	-22.45	-13.01
2897	116.59	-22.46	-12.97
2898	116.63	-22.46	-12.91
2899	116.67	-22.46	-12.85
2900	116.71	-22.47	-12.81
2901	116.75	-22.47	-12.79
2902	116.79	-22.45	-12.77
2903	116.83	-22.42	-12.75
2904	116.87	-22.4	-12.73
2905	116.91	-22.38	-12.71
2906	116.95	-22.38	-12.71
2907	116.99	-22.37	-12.69
2908	117.03	-22.35	-12.69
2909	117.07	-22.33	-12.68
2910	117.11	-22.3	-12.66
2911	117.15	-22.28	-12.65
2912	117.19	-22.26	-12.62
2913	117.23	-22.23	-12.57
2914	117.27	-22.2	-12.51
2915	117.31	-22.18	-12.46
2916	117.35	-22.16	-12.39
2917	117.39	-22.13	-12.35
2918	117.43	-22.11	-12.31
2919	117.47	-22.1	-12.28
2920	117.51	-22.08	-12.27
2921	117.55	-22.06	-12.24
2922	117.59	-22.04	-12.22
2923	117.63	-22.01	-12.18
2924	117.67	-21.99	-12.13
2925	117.71	-21.98	-12.07
2926	117.75	-21.95	-12.01
2927	117.79	-21.95	-11.96
2928	117.83	-21.95	-11.91
2929	117.87	-21.93	-11.85
2930	117.91	-21.94	-11.8
2931	117.95	-21.93	-11.75
2932	117.99	-21.91	-11.71
2933	118.03	-21.9	-11.67
2934	118.07	-21.89	-11.62
2935	118.11	-21.88	-11.57
2936	118.15	-21.88	-11.51
2937	118.19	-21.89	-11.48
2938	118.23	-21.91	-11.45
2939	118.27	-21.93	-11.43
2940	118.31	-21.95	-11.43
2941	118.35	-21.98	-11.42
2942	118.39	-22	-11.42
2943	118.43	-22.01	-11.4
2944	118.47	-22.05	-11.36
2945	118.51	-22.09	-11.32
2946	118.55	-22.13	-11.28
2947	118.59	-22.17	-11.25
2948	118.63	-22.21	-11.22
2949	118.67	-22.28	-11.18
2950	118.71	-22.35	-11.09
2951	118.75	-22.43	-11.02
2952	118.79	-22.47	-10.96
2953	118.83	-22.5	-10.93
2954	118.87	-22.52	-10.93
2955	118.91	-22.56	-10.92
2956	118.95	-22.61	-10.9
2957	118.99	-22.63	-10.87
2958	119.03	-22.65	-10.83
2959	119.07	-22.65	-10.8
2960	119.11	-22.65	-10.77
2961	119.15	-22.65	-10.76
2962	119.19	-22.64	-10.75
2963	119.23	-22.63	-10.75
2964	119.27	-22.62	-10.75
2965	119.31	-22.62	-10.76
2966	119.35	-22.61	-10.76
2967	119.39	-22.6	-10.77
2968	119.43	-22.6	-10.76
2969	119.47	-22.59	-10.77
2970	119.51	-22.57	-10.78
2971	119.55	-22.54	-10.82
2972	119.59	-22.49	-10.86
2973	119.63	-22.43	-10.89
2974	119.67	-22.38	-10.92
2975	119.71	-22.35	-10.95
2976	119.75	-22.33	-10.99
2977	119.79	-22.35	-11.02
2978	119.83	-22.36	-11.06
2979	119.87	-22.36	-11.08
2980	119.91	-22.37	-11.1
