1	0.06	21.31	-24.66
2	0.1	21.36	-24.62
3	0.14	21.37	-24.59
4	0.18	21.38	-24.56
5	0.22	21.38	-24.55
6	0.26	21.38	-24.54
7	0.3	21.39	-24.52
8	0.34	21.39	-24.5
9	0.38	21.39	-24.49
10	0.42	21.38	-24.49
11	0.5	21.34	-24.52
12	0.54	21.31	-24.58
13	0.58	21.27	-24.63
14	0.62	21.21	-24.71
15	0.66	21.19	-24.76
16	0.7	21.18	-24.82
17	0.74	21.18	-24.88
18	0.78	21.19	-24.96
19	0.82	21.2	-25.04
20	0.86	21.22	-25.13
21	0.9	21.24	-25.24
22	0.94	21.25	-25.35
23	0.98	21.27	-25.44
24	1.02	21.29	-25.52
25	1.06	21.32	-25.56
26	1.1	21.36	-25.59
27	1.14	21.4	-25.6
28	1.18	21.43	-25.6
29	1.22	21.43	-25.6
30	1.26	21.44	-25.59
31	1.3	21.43	-25.58
32	1.34	21.43	-25.58
33	1.38	21.44	-25.57
34	1.42	21.42	-25.56
35	1.46	21.4	-25.55
36	1.5	21.39	-25.51
37	1.54	21.4	-25.49
38	1.58	21.41	-25.47
39	1.62	21.47	-25.88
40	1.66	21.51	-26.31
41	1.7	21.54	-26.76
42	1.74	21.57	-27.19
43	1.78	21.57	-27.22
44	1.82	21.6	-26.79
45	1.86	21.61	-26.33
46	1.9	21.61	-25.89
47	1.94	21.61	-25.44
48	1.98	21.61	-25.44
49	2.02	21.66	-25.48
50	2.06	21.74	-25.52
51	2.1	21.82	-25.55
52	2.14	21.9	-25.55
53	2.18	21.93	-25.52
54	2.22	21.96	-25.5
55	2.26	21.96	-25.49
56	2.3	21.95	-25.49
57	2.34	21.96	-25.49
58	2.38	21.94	-25.49
59	2.42	21.95	-25.47
60	2.46	21.94	-25.43
61	2.5	21.9	-25.39
62	2.54	21.88	-25.32
63	2.58	21.82	-25.24
64	2.62	21.78	-25.18
65	2.66	21.75	-25.13
66	2.7	21.71	-25.09
67	2.74	21.69	-25.07
68	2.78	21.66	-25.06
69	2.82	21.63	-25.05
70	2.86	21.64	-25.05
71	2.9	21.63	-25.04
72	2.94	21.65	-25.03
73	2.98	21.68	-25
74	3.02	21.68	-24.96
75	3.06	21.72	-24.94
76	3.1	21.75	-24.93
77	3.14	21.79	-24.93
78	3.18	21.84	-25.25
79	3.22	21.86	-25.27
80	3.26	21.88	-25.41
81	3.3	21.92	-25.87
82	3.34	21.99	-25.54
83	3.38	22.06	-25.57
84	3.42	22.17	-25.41
85	3.46	22.24	-25.19
86	3.5	22.23	-25.17
87	3.54	22.21	-25.09
88	3.58	22.15	-25.08
89	3.62	22.09	-24.78
90	3.66	22.07	-24.71
91	3.7	22.04	-24.65
92	3.74	22	-24.56
93	3.78	21.95	-24.52
94	3.82	21.88	-24.52
95	3.86	21.84	-24.53
96	3.9	21.8	-24.57
97	3.94	21.78	-24.61
98	3.98	21.73	-24.68
99	4.02	21.64	-24.75
100	4.06	21.5	-24.81
101	4.1	21.31	-24.85
102	4.14	21.08	-24.87
103	4.18	20.87	-24.86
104	4.22	20.68	-24.86
105	4.26	20.5	-24.89
106	4.3	20.33	-24.95
107	4.34	20.18	-25.04
108	4.38	20.06	-25.15
109	4.42	19.97	-25.27
110	4.46	19.94	-25.38
111	4.5	19.89	-25.48
112	4.54	19.83	-25.57
113	4.58	19.73	-25.64
114	4.62	19.59	-25.72
115	4.66	19.38	-25.77
116	4.7	19.11	-25.81
117	4.74	18.79	-25.82
118	4.78	18.42	-25.82
119	4.82	18.09	-25.82
120	4.86	17.79	-25.84
121	4.9	17.55	-25.88
122	4.94	17.35	-25.93
123	4.98	17.15	-25.99
124	5.02	17	-26.02
125	5.06	16.82	-26.04
126	5.1	16.62	-26.08
127	5.14	16.41	-26.12
128	5.18	16.16	-26.19
129	5.22	15.91	-26.25
130	5.26	15.66	-26.31
131	5.3	15.41	-26.35
132	5.34	15.12	-26.37
133	5.38	14.87	-26.39
134	5.42	14.62	-26.38
135	5.46	14.35	-26.34
136	5.5	14.08	-26.28
137	5.54	13.81	-26.22
138	5.58	13.57	-26.15
139	5.62	13.4	-26.11
140	5.66	13.29	-26.07
141	5.7	13.19	-26.05
142	5.74	13.13	-26.05
143	5.78	13.07	-26.05
144	5.82	13.02	-26.03
145	5.86	12.99	-26.01
146	5.9	12.88	-26
147	5.94	12.78	-25.99
148	5.98	12.62	-26.03
149	6.02	12.39	-26.08
150	6.06	12.23	-26.15
151	6.1	12.05	-26.2
152	6.14	11.87	-26.25
153	6.18	11.7	-26.27
154	6.22	11.55	-26.31
155	6.26	11.36	-26.36
156	6.3	11.17	-26.38
157	6.34	11.02	-26.39
158	6.38	10.76	-26.37
159	6.42	10.54	-26.34
160	6.46	10.32	-26.3
161	6.5	10.1	-26.28
162	6.54	9.91	-26.27
163	6.58	9.73	-26.26
164	6.62	9.57	-26.25
165	6.66	9.43	-26.22
166	6.7	9.3	-26.19
167	6.74	9.05	-26.2
168	6.78	8.78	-26.23
169	6.82	8.39	-26.3
170	6.86	8.02	-26.38
171	6.9	7.74	-26.45
172	6.94	7.46	-26.51
173	6.98	7.23	-26.58
174	7.02	7.01	-26.61
175	7.06	6.73	-26.63
176	7.1	6.43	-26.61
177	7.14	6.05	-26.54
178	7.18	5.65	-26.46
179	7.22	5.32	-26.39
180	7.26	5.03	-26.33
181	7.3	4.86	-26.28
182	7.34	4.73	-26.24
183	7.38	4.61	-26.2
184	7.42	4.51	-26.17
185	7.46	4.41	-26.17
186	7.5	4.26	-26.16
187	7.54	4.08	-26.14
188	7.58	3.89	-26.1
189	7.62	3.7	-26.07
190	7.66	3.51	-26.07
191	7.7	3.3	-26.11
192	7.74	3.11	-26.17
193	7.78	2.95	-26.24
194	7.82	2.85	-26.3
195	7.86	2.79	-26.36
196	7.9	2.74	-26.4
197	7.94	2.69	-26.43
198	7.98	2.61	-26.45
199	8.02	2.52	-26.44
200	8.06	2.42	-26.41
201	8.1	2.29	-26.36
202	8.14	2.16	-26.3
203	8.18	2.04	-26.23
204	8.22	1.88	-26.17
205	8.26	1.77	-26.12
206	8.3	1.66	-26.1
207	8.34	1.56	-26.08
208	8.38	1.51	-26.09
209	8.42	1.45	-26.1
210	8.46	1.4	-26.1
211	8.5	1.37	-26.1
212	8.54	1.35	-26.09
213	8.58	1.35	-26.08
214	8.62	1.35	-26.07
215	8.66	1.33	-26.05
216	8.7	1.3	-26.04
217	8.74	1.26	-26.03
218	8.78	1.23	-26.02
219	8.82	1.2	-26
220	8.86	1.17	-25.97
221	8.9	1.13	-25.96
222	8.94	1.08	-25.95
223	8.98	1.03	-25.93
224	9.02	0.98	-25.92
225	9.06	0.93	-25.92
226	9.1	0.88	-25.94
227	9.14	0.83	-25.99
228	9.18	0.78	-26.03
229	9.22	0.76	-26.06
230	9.26	0.76	-26.07
231	9.3	0.74	-26.09
232	9.34	0.65	-26.11
233	9.38	0.5	-26.1
234	9.42	0.35	-26.05
235	9.46	0.19	-25.98
236	9.5	0.08	-25.93
237	9.54	-0.06	-25.89
238	9.58	-0.2	-25.84
239	9.62	-0.41	-25.81
240	9.66	-0.63	-25.78
241	9.7	-0.81	-25.74
242	9.74	-1.06	-25.77
243	9.78	-1.23	-25.78
244	9.82	-1.4	-25.79
245	9.86	-1.56	-25.79
246	9.9	-1.65	-25.79
247	9.94	-1.71	-25.77
248	9.98	-1.75	-25.76
249	10.02	-1.78	-25.77
250	10.06	-1.82	-25.77
251	10.1	-1.81	-25.79
252	10.14	-1.77	-25.8
253	10.18	-1.7	-25.8
254	10.22	-1.62	-25.8
255	10.26	-1.55	-25.79
256	10.3	-1.49	-25.78
257	10.34	-1.42	-25.75
258	10.38	-1.32	-25.69
259	10.42	-1.18	-25.62
260	10.46	-1.04	-25.54
261	10.5	-0.93	-25.49
262	10.54	-0.84	-25.45
263	10.58	-0.76	-25.41
264	10.62	-0.68	-25.36
265	10.66	-0.59	-25.29
266	10.7	-0.52	-25.22
267	10.74	-0.47	-25.19
268	10.78	-0.45	-25.19
269	10.82	-0.43	-25.21
270	10.86	-0.4	-25.23
271	10.9	-0.37	-25.25
272	10.94	-0.32	-25.23
273	10.98	-0.28	-25.19
274	11.02	-0.26	-25.15
275	11.06	-0.25	-25.11
276	11.1	-0.24	-25.04
277	11.14	-0.21	-24.97
278	11.18	-0.16	-24.89
279	11.22	-0.11	-24.8
280	11.26	-0.07	-24.77
281	11.3	-0.01	-24.75
282	11.34	0.06	-24.73
283	11.38	0.16	-24.71
284	11.42	0.29	-24.69
285	11.46	0.44	-24.67
286	11.5	0.58	-24.66
287	11.54	0.72	-24.65
288	11.58	0.86	-24.66
289	11.62	1.02	-24.7
290	11.66	1.21	-24.73
291	11.7	1.41	-24.8
292	11.74	1.6	-24.86
293	11.78	1.75	-24.85
294	11.82	1.85	-24.81
295	11.86	1.95	-24.72
296	11.9	2.05	-24.64
297	11.94	2.18	-24.62
298	11.98	2.33	-24.66
299	12.02	2.48	-24.73
300	12.06	2.69	-24.85
301	12.1	2.91	-24.96
302	12.14	3.2	-25.05
303	12.18	3.48	-25.12
304	12.22	3.7	-25.17
305	12.26	3.88	-25.22
306	12.3	4.01	-25.27
307	12.34	4.15	-25.32
308	12.38	4.32	-25.36
309	12.42	4.51	-25.4
310	12.46	4.73	-25.46
311	12.5	4.91	-25.53
312	12.54	5.11	-25.63
313	12.58	5.38	-25.77
314	12.62	5.67	-25.92
315	12.66	6	-26.07
316	12.7	6.24	-26.17
317	12.74	6.47	-26.23
318	12.78	6.72	-26.25
319	12.82	7.06	-26.23
320	12.86	7.49	-26.21
321	12.9	7.92	-26.15
322	12.94	8.38	-26.13
323	12.98	8.85	-26.12
324	13.02	9.38	-26.13
325	13.06	9.88	-26.17
326	13.1	10.26	-26.21
327	13.14	10.54	-26.27
328	13.18	10.71	-26.33
329	13.22	10.87	-26.42
330	13.26	11.06	-26.48
331	13.3	11.27	-26.49
332	13.34	11.53	-26.48
333	13.38	11.83	-26.4
334	13.42	12.15	-26.33
335	13.46	12.43	-26.26
336	13.5	12.69	-26.18
337	13.54	12.92	-26.13
338	13.58	13.15	-26.07
339	13.62	13.39	-26.01
340	13.66	13.61	-25.99
341	13.7	13.82	-25.98
342	13.74	14.03	-25.99
343	13.78	14.28	-26.04
344	13.82	14.53	-26.1
345	13.86	14.82	-26.15
346	13.9	15.16	-26.24
347	13.94	15.46	-26.3
348	13.98	15.76	-26.35
349	14.02	16.09	-26.36
350	14.06	16.37	-26.31
351	14.1	16.71	-26.24
352	14.14	17.05	-26.15
353	14.18	17.3	-26.09
354	14.22	17.52	-26.03
355	14.26	17.67	-26
356	14.3	17.78	-25.98
357	14.34	17.92	-25.98
358	14.38	18.09	-26.01
359	14.42	18.36	-26.07
360	14.46	18.67	-26.16
361	14.5	18.99	-26.24
362	14.54	19.31	-26.3
363	14.58	19.59	-26.32
364	14.62	19.82	-26.32
365	14.66	20.01	-26.34
366	14.7	20.18	-26.35
367	14.74	20.27	-26.38
368	14.78	20.33	-26.39
369	14.82	20.36	-26.37
370	14.86	20.37	-26.34
371	14.9	20.37	-26.3
372	14.94	20.41	-26.21
373	14.98	20.5	-26.12
374	15.02	20.64	-26
375	15.06	20.76	-25.88
376	15.1	20.86	-25.8
377	15.14	20.93	-25.71
378	15.18	20.96	-25.63
379	15.22	21.02	-25.54
380	15.26	21.07	-25.46
381	15.3	21.1	-25.38
382	15.34	21.11	-25.32
383	15.38	21.09	-25.29
384	15.42	21.08	-25.26
385	15.46	21.06	-25.23
386	15.5	21.07	-25.2
387	15.54	21.07	-25.17
388	15.58	21.08	-25.13
389	15.62	21.1	-25.08
390	15.66	21.12	-25.03
391	15.7	21.16	-24.96
392	15.74	21.2	-24.92
393	15.78	21.26	-24.89
394	15.82	21.31	-24.88
395	15.86	21.34	-24.89
396	15.9	21.36	-24.9
397	15.94	21.38	-24.89
398	15.98	21.38	-24.88
399	16.02	21.39	-24.87
400	16.06	21.38	-24.86
401	16.1	21.32	-24.88
402	16.14	21.23	-24.94
403	16.18	21.08	-25.05
404	16.22	20.96	-25.15
405	16.26	20.88	-25.25
406	16.3	20.85	-25.34
407	16.34	20.86	-25.4
408	16.38	20.86	-25.47
409	16.42	20.85	-25.54
410	16.46	20.86	-25.62
411	16.5	20.87	-25.69
412	16.54	20.89	-25.75
413	16.58	20.9	-25.79
414	16.62	20.9	-25.81
415	16.66	20.89	-25.82
416	16.7	20.88	-25.81
417	16.74	20.85	-25.8
418	16.78	20.81	-25.77
419	16.82	20.76	-25.74
420	16.86	20.72	-25.69
421	16.9	20.66	-25.64
422	16.94	20.63	-25.59
423	16.98	20.59	-25.54
424	17.02	20.56	-25.49
425	17.06	20.56	-25.44
426	17.1	20.56	-25.36
427	17.14	20.6	-25.28
428	17.18	20.63	-25.2
429	17.22	20.66	-25.15
430	17.26	20.72	-25.15
431	17.3	20.76	-25.18
432	17.34	20.81	-25.23
433	17.38	20.87	-25.28
434	17.42	20.9	-25.33
435	17.46	20.94	-25.83
436	17.5	20.96	-26.34
437	17.54	20.96	-26.82
438	17.58	20.94	-26.82
439	17.62	20.9	-26.34
440	17.66	20.84	-25.84
441	17.7	20.76	-25.32
442	17.74	20.64	-25.22
443	17.78	20.48	-25.1
444	17.82	20.33	-24.99
445	17.86	20.2	-24.91
446	17.9	20.09	-24.87
447	17.94	20	-24.86
448	17.98	19.92	-24.84
449	18.02	19.82	-24.79
450	18.06	19.75	-24.75
451	18.1	19.67	-24.7
452	18.14	19.59	-24.66
453	18.18	19.5	-24.62
454	18.22	19.41	-24.59
455	18.26	19.3	-24.58
456	18.3	19.18	-24.58
457	18.34	19.05	-24.58
458	18.38	18.93	-24.57
459	18.42	18.83	-24.56
460	18.46	18.73	-24.54
461	18.5	18.64	-24.58
462	18.54	18.51	-24.65
463	18.58	18.36	-24.67
464	18.62	18.2	-24.62
465	18.66	18.02	-24.53
466	18.7	17.85	-24.41
467	18.74	17.66	-24.38
468	18.78	17.44	-24.43
469	18.82	17.2	-24.51
470	18.86	16.93	-24.63
471	18.9	16.68	-24.74
472	18.94	16.49	-24.8
473	18.98	16.36	-24.82
474	19.02	16.27	-24.82
475	19.06	16.19	-24.81
476	19.1	16.11	-24.82
477	19.13	16.02	-24.84
478	19.18	15.91	-24.87
479	19.21	15.82	-24.87
480	19.26	15.75	-24.87
481	19.29	15.71	-24.87
482	19.33	15.73	-24.82
483	19.38	15.75	-24.77
484	19.41	15.79	-24.72
485	19.45	15.83	-24.67
486	19.49	15.85	-24.64
487	19.53	15.89	-24.6
488	19.57	15.91	-24.57
489	19.62	15.93	-24.53
490	19.65	16	-24.42
491	19.69	16.07	-24.31
492	19.73	16.14	-24.16
493	19.77	16.19	-24.03
494	19.81	16.18	-23.98
495	19.85	16.16	-23.98
496	19.89	16.14	-24.02
497	19.93	16.14	-24.04
498	19.97	16.17	-24.04
499	20.01	16.21	-24.03
500	20.05	16.26	-24.02
501	20.09	16.33	-24.03
502	20.13	16.39	-24.06
503	20.17	16.47	-24.09
504	20.21	16.54	-24.09
505	20.25	16.61	-24.08
506	20.29	16.69	-24.06
507	20.33	16.76	-24.05
508	20.37	16.85	-24.04
509	20.41	16.94	-24.06
510	20.45	17.06	-24.06
511	20.49	17.2	-24.07
512	20.53	17.37	-24.06
513	20.57	17.53	-24.02
514	20.61	17.65	-23.95
515	20.65	17.71	-23.87
516	20.69	17.74	-23.82
517	20.73	17.79	-23.82
518	20.77	17.83	-23.86
519	20.81	17.88	-23.92
520	20.85	17.92	-23.94
521	20.89	18	-23.93
522	20.93	18.11	-23.92
523	20.97	18.23	-23.92
524	21.01	18.36	-23.97
525	21.05	18.47	-24.04
526	21.09	18.59	-24.14
527	21.13	18.7	-24.23
528	21.17	18.85	-24.34
529	21.21	19.03	-24.44
530	21.25	19.27	-24.54
531	21.29	19.6	-24.68
532	21.33	19.85	-24.75
533	21.37	20.08	-24.84
534	21.41	20.2	-24.89
535	21.45	20.28	-24.92
536	21.49	20.37	-24.97
537	21.53	20.44	-25
538	21.57	20.5	-25.03
539	21.61	20.51	-25.02
540	21.65	20.48	-25.02
541	21.69	20.39	-24.99
542	21.73	20.33	-24.96
543	21.77	20.27	-24.92
544	21.81	20.23	-24.87
545	21.85	20.25	-24.84
546	21.89	20.26	-24.8
547	21.93	20.26	-24.76
548	21.97	20.28	-24.73
549	22.01	20.28	-24.68
550	22.05	20.3	-24.62
551	22.09	20.34	-24.56
552	22.13	20.37	-24.51
553	22.17	20.41	-24.46
554	22.21	20.46	-24.42
555	22.25	20.51	-24.38
556	22.29	20.57	-24.3
557	22.33	20.63	-24.23
558	22.37	20.69	-24.15
559	22.41	20.74	-24.08
560	22.45	20.75	-24.02
561	22.49	20.77	-23.97
562	22.53	20.75	-23.91
563	22.57	20.77	-23.85
564	22.61	20.8	-23.79
565	22.65	20.81	-23.72
566	22.69	20.85	-23.66
567	22.73	20.86	-23.61
568	22.77	20.88	-23.57
569	22.81	20.92	-23.54
570	22.85	20.94	-23.52
571	22.89	20.97	-23.48
572	22.93	20.98	-23.44
573	22.97	20.97	-23.4
574	23.01	20.96	-23.36
575	23.05	20.96	-23.32
576	23.09	20.95	-23.28
577	23.13	20.96	-23.24
578	23.17	20.96	-23.2
579	23.21	20.97	-23.18
580	23.25	21.02	-23.14
581	23.29	21.06	-23.12
582	23.33	21.11	-23.1
583	23.37	21.16	-23.09
584	23.41	21.16	-23.09
585	23.45	21.17	-23.07
586	23.49	21.15	-23.06
587	23.53	21.12	-23.06
588	23.57	21.06	-23.05
589	23.61	20.94	-23.1
590	23.65	20.76	-23.17
591	23.69	20.56	-23.26
592	23.73	20.34	-23.38
593	23.77	20.14	-23.45
594	23.81	20.01	-23.48
595	23.85	19.92	-23.48
596	23.89	19.85	-23.48
597	23.93	19.86	-23.48
598	23.97	19.86	-23.51
599	24.01	19.86	-23.55
600	24.05	19.89	-23.59
601	24.09	19.89	-23.64
602	24.13	19.88	-23.73
603	24.17	19.88	-23.83
604	24.21	19.87	-23.95
605	24.25	19.85	-24.07
606	24.29	19.83	-24.16
607	24.33	19.79	-24.25
608	24.37	19.75	-24.3
609	24.41	19.74	-24.37
610	24.45	19.72	-24.41
611	24.49	19.69	-24.42
612	24.53	19.67	-24.42
613	24.57	19.64	-24.38
614	24.61	19.63	-24.33
615	24.65	19.6	-24.28
616	24.69	19.53	-24.23
617	24.73	19.43	-24.2
618	24.77	19.33	-24.18
619	24.81	19.26	-24.17
620	24.85	19.19	-24.15
621	24.89	19.13	-24.12
622	24.93	19.06	-24.09
623	24.97	19.01	-24.09
624	25.01	18.96	-24.1
625	25.05	18.88	-24.13
626	25.09	18.79	-24.17
627	25.13	18.68	-24.17
628	25.17	18.58	-24.17
629	25.21	18.5	-24.14
630	25.25	18.41	-24.15
631	25.29	18.31	-24.18
632	25.33	18.2	-24.24
633	25.37	18.08	-24.3
634	25.41	18	-24.31
635	25.45	17.96	-24.29
636	25.49	17.91	-24.27
637	25.53	17.87	-24.22
638	25.57	17.81	-24.19
639	25.61	17.73	-24.17
640	25.65	17.67	-24.14
641	25.69	17.59	-24.14
642	25.73	17.52	-24.14
643	25.77	17.44	-24.14
644	25.81	17.35	-24.14
645	25.85	17.27	-24.14
646	25.89	17.18	-24.14
647	25.93	17.09	-24.15
648	25.97	16.99	-24.17
649	26.01	16.9	-24.17
650	26.05	16.82	-24.19
651	26.09	16.77	-24.19
652	26.13	16.75	-24.18
653	26.17	16.71	-24.19
654	26.21	16.68	-24.17
655	26.25	16.63	-24.18
656	26.29	16.51	-24.2
657	26.33	16.34	-24.22
658	26.37	16.14	-24.26
659	26.41	15.95	-24.29
660	26.45	15.81	-24.3
661	26.49	15.73	-24.31
662	26.53	15.68	-24.3
663	26.57	15.62	-24.27
664	26.61	15.52	-24.21
665	26.65	15.42	-24.13
666	26.69	15.33	-24.04
667	26.73	15.28	-23.96
668	26.77	15.28	-23.9
669	26.81	15.33	-23.85
670	26.85	15.41	-23.77
671	26.89	15.49	-23.71
672	26.93	15.57	-23.66
673	26.97	15.66	-23.62
674	27.01	15.73	-23.6
675	27.05	15.78	-23.6
676	27.09	15.86	-23.55
677	27.13	15.93	-23.51
678	27.17	15.99	-23.47
679	27.21	16.06	-23.44
680	27.25	16.12	-23.44
681	27.29	16.16	-23.46
682	27.33	16.2	-23.49
683	27.37	16.24	-23.52
684	27.41	16.26	-23.57
685	27.45	16.28	-23.6
686	27.49	16.29	-23.63
687	27.53	16.3	-23.63
688	27.57	16.32	-23.64
689	27.61	16.34	-23.64
690	27.65	16.36	-23.64
691	27.69	16.37	-23.64
692	27.73	16.4	-23.64
693	27.77	16.44	-23.65
694	27.81	16.5	-23.66
695	27.85	16.6	-23.67
696	27.89	16.71	-23.67
697	27.93	16.83	-23.64
698	27.97	16.92	-23.6
699	28.01	16.97	-23.55
700	28.05	17	-23.52
701	28.09	17.01	-23.53
702	28.13	17.02	-23.52
703	28.17	17.03	-23.52
704	28.21	17.04	-23.52
705	28.25	17.04	-23.5
706	28.29	17.05	-23.52
707	28.33	17.06	-23.52
708	28.37	17.07	-23.51
709	28.41	17.08	-23.48
710	28.45	17.1	-23.43
711	28.49	17.09	-23.4
712	28.53	17.09	-23.38
713	28.57	17.09	-23.35
714	28.61	17.09	-23.33
715	28.65	17.11	-23.32
716	28.69	17.12	-23.32
717	28.73	17.11	-23.35
718	28.77	17.09	-23.38
719	28.81	17.05	-23.42
720	28.85	16.99	-23.43
721	28.89	16.93	-23.45
722	28.93	16.9	-23.44
723	28.97	16.88	-23.43
724	29.01	16.84	-23.39
725	29.05	16.84	-23.32
726	29.09	16.82	-23.25
727	29.13	16.82	-23.18
728	29.17	16.85	-23.12
729	29.21	16.88	-23.08
730	29.25	16.91	-23.04
731	29.29	16.94	-23
732	29.33	16.96	-22.96
733	29.37	16.97	-22.92
734	29.41	16.97	-22.89
735	29.45	16.95	-22.88
736	29.49	16.91	-22.89
737	29.53	16.86	-22.92
738	29.57	16.79	-22.98
739	29.61	16.72	-23.04
740	29.65	16.64	-23.09
741	29.69	16.58	-23.14
742	29.73	16.53	-23.17
743	29.77	16.49	-23.19
744	29.81	16.45	-23.23
745	29.85	16.41	-23.26
746	29.89	16.38	-23.28
747	29.93	16.35	-23.31
748	29.97	16.31	-23.35
749	30.01	16.27	-23.39
750	30.05	16.23	-23.45
751	30.09	16.19	-23.5
752	30.13	16.17	-23.53
753	30.17	16.13	-23.58
754	30.21	16.1	-23.6
755	30.25	16.09	-23.62
756	30.29	16.08	-23.66
757	30.33	16.09	-23.69
758	30.37	16.09	-23.75
759	30.41	16.08	-23.81
760	30.45	16.02	-23.88
761	30.49	15.94	-23.96
762	30.53	15.85	-24.01
763	30.57	15.73	-24.05
764	30.61	15.64	-24.06
765	30.65	15.54	-24.06
766	30.69	15.46	-24.06
767	30.73	15.38	-24.06
768	30.77	15.35	-24.05
769	30.81	15.32	-24.05
770	30.85	15.31	-24.03
771	30.89	15.33	-23.97
772	30.93	15.36	-23.9
773	30.97	15.39	-23.83
774	31.01	15.42	-23.77
775	31.05	15.42	-23.74
776	31.09	15.43	-23.73
777	31.13	15.48	-23.71
778	31.17	15.54	-23.69
779	31.21	15.6	-23.68
780	31.25	15.64	-23.67
781	31.29	15.68	-23.67
782	31.33	15.69	-23.68
783	31.37	15.7	-23.66
784	31.41	15.71	-23.64
785	31.45	15.75	-23.64
786	31.49	15.81	-23.64
787	31.53	15.92	-23.66
788	31.57	16.02	-23.66
789	31.61	16.11	-23.64
790	31.65	16.19	-23.6
791	31.69	16.24	-23.54
792	31.73	16.3	-23.47
793	31.77	16.36	-23.41
794	31.81	16.44	-23.4
795	31.85	16.53	-23.38
796	31.89	16.6	-23.37
797	31.93	16.66	-23.35
798	31.97	16.72	-23.3
799	32.01	16.8	-23.27
800	32.05	16.92	-23.26
801	32.09	17.05	-23.25
802	32.13	17.17	-23.25
803	32.17	17.3	-23.23
804	32.21	17.42	-23.22
805	32.25	17.53	-23.21
806	32.29	17.64	-23.22
807	32.33	17.74	-23.26
808	32.37	17.86	-23.34
809	32.41	18	-23.45
810	32.45	18.18	-23.6
811	32.49	18.39	-23.74
812	32.53	18.62	-23.88
813	32.57	18.87	-24.01
814	32.61	19.08	-24.12
815	32.65	19.23	-24.21
816	32.69	19.37	-24.28
817	32.73	19.51	-24.37
818	32.77	19.66	-24.46
819	32.81	19.8	-24.55
820	32.85	19.93	-24.63
821	32.89	20.06	-24.72
822	32.93	20.22	-24.83
823	32.97	20.42	-24.97
824	33.01	20.61	-25.13
825	33.05	20.74	-25.28
826	33.09	20.85	-25.43
827	33.13	20.87	-25.54
828	33.17	20.83	-25.58
829	33.21	20.82	-25.6
830	33.25	20.74	-25.56
831	33.29	20.69	-25.51
832	33.33	20.66	-25.48
833	33.41	20.61	-25.46
834	33.45	20.6	-25.44
835	33.49	20.6	-25.43
836	33.53	20.6	-25.41
837	33.57	20.67	-25.4
838	33.61	20.74	-25.35
839	33.65	20.85	-25.29
840	33.69	20.98	-25.23
841	33.73	21.02	-25.14
842	33.77	21.05	-25.06
843	33.81	21.04	-24.98
844	33.85	21.04	-24.89
845	33.89	21.04	-24.8
846	33.93	21.03	-24.74
847	33.97	21.03	-24.68
848	34.01	21	-24.65
849	34.05	20.99	-24.63
850	34.09	20.99	-24.62
851	34.13	20.96	-24.63
852	34.17	20.93	-24.63
853	34.21	20.86	-24.64
854	34.25	20.81	-24.64
855	34.29	20.79	-24.64
856	34.33	20.81	-24.66
857	34.37	20.87	-24.69
858	34.41	20.93	-24.74
859	34.45	21	-24.8
860	34.49	21.05	-24.85
861	34.53	21.11	-24.9
862	34.57	21.15	-24.95
863	34.61	21.2	-24.98
864	34.65	21.22	-25.02
865	34.69	21.25	-25.05
866	34.73	21.26	-25.08
867	34.77	21.27	-25.12
868	34.81	21.34	-25.53
869	34.85	21.37	-26.07
870	34.89	21.39	-26.6
871	34.93	21.4	-27.14
872	34.97	21.37	-27.31
873	35.01	21.38	-27.35
874	35.05	21.45	-27.38
875	35.09	21.52	-27.4
876	35.13	21.56	-27.41
877	35.17	21.61	-27.41
878	35.21	21.6	-27.41
879	35.25	21.6	-27.42
880	35.29	21.61	-27.43
881	35.33	21.62	-27.42
882	35.37	21.66	-27.42
883	35.41	21.67	-27.41
884	35.45	21.7	-27.41
885	35.49	21.72	-27.43
886	35.53	21.73	-27.42
887	35.57	21.72	-27.4
888	35.61	21.68	-27.39
889	35.65	21.62	-27.36
890	35.69	21.54	-26.93
891	35.73	21.49	-26.53
892	35.77	21.42	-26.11
893	35.81	21.33	-25.69
894	35.85	21.25	-25.69
895	35.89	21.15	-25.64
896	35.93	21.06	-25.58
897	35.97	20.96	-25.5
898	36.01	20.82	-25.41
899	36.05	20.69	-25.35
900	36.09	20.57	-25.3
901	36.13	20.46	-25.25
902	36.17	20.4	-25.23
903	36.21	20.37	-25.21
904	36.25	20.36	-25.19
905	36.29	20.42	-25.19
906	36.33	20.48	-25.2
907	36.37	20.52	-25.2
908	36.41	20.58	-25.21
909	36.45	20.62	-25.2
910	36.49	20.62	-25.17
911	36.53	20.63	-25.13
912	36.57	20.64	-25.09
913	36.61	20.66	-25.05
914	36.65	20.69	-25.01
915	36.69	20.72	-24.97
916	36.73	20.74	-24.93
917	36.77	20.74	-24.89
918	36.81	20.74	-24.87
919	36.85	20.74	-24.87
920	36.89	20.73	-24.86
921	36.93	20.69	-24.87
922	36.97	20.63	-24.89
923	37.01	20.57	-24.93
924	37.05	20.52	-24.99
925	37.09	20.54	-25.04
926	37.13	20.59	-25.08
927	37.17	20.66	-25.1
928	37.21	20.71	-25.1
929	37.25	20.75	-25.09
930	37.29	20.78	-25.1
931	37.33	20.85	-25.13
932	37.37	20.92	-25.17
933	37.41	20.99	-25.22
934	37.45	21.07	-25.28
935	37.49	21.12	-25.31
936	37.53	21.21	-25.73
937	37.57	21.24	-25.74
938	37.61	21.26	-25.75
939	37.65	21.27	-25.78
940	37.69	21.25	-25.42
941	37.73	21.26	-25.89
942	37.77	21.25	-25.9
943	37.81	21.3	-26.04
944	37.85	21.29	-26.5
945	37.89	21.28	-26.51
946	37.93	21.28	-26.96
947	37.97	21.24	-27.3
948	38.01	21.24	-27.29
949	38.05	21.19	-26.84
950	38.09	21.12	-26.39
951	38.13	21	-25.88
952	38.17	20.84	-25.36
953	38.21	20.68	-25.28
954	38.25	20.56	-25.21
955	38.29	20.48	-25.15
956	38.33	20.45	-25.11
957	38.37	20.44	-25.08
958	38.41	20.44	-25.05
959	38.45	20.46	-25.03
960	38.49	20.47	-25.01
961	38.53	20.54	-25.03
962	38.57	20.6	-25.06
963	38.61	20.65	-25.09
964	38.65	20.69	-25.11
965	38.69	20.67	-25.11
966	38.73	20.61	-25.08
967	38.77	20.55	-25.03
968	38.81	20.48	-24.98
969	38.85	20.42	-24.9
970	38.89	20.37	-24.83
971	38.93	20.31	-24.75
972	38.97	20.23	-24.66
973	39.01	20.12	-24.6
974	39.05	20.05	-24.56
975	39.09	20	-24.55
976	39.13	19.94	-24.55
977	39.17	19.96	-24.52
978	39.21	19.97	-24.48
979	39.25	19.97	-24.41
980	39.29	20.01	-24.32
981	39.33	20.09	-24.24
982	39.37	20.17	-24.19
983	39.41	20.26	-24.17
984	39.45	20.32	-24.2
985	39.49	20.34	-24.23
986	39.53	20.34	-24.26
987	39.57	20.31	-24.28
988	39.61	20.28	-24.29
989	39.65	20.24	-24.31
990	39.69	20.18	-24.3
991	39.73	20.12	-24.3
992	39.77	20.06	-24.29
993	39.81	20	-24.28
994	39.85	19.93	-24.29
995	39.89	19.89	-24.27
996	39.93	19.85	-24.27
997	39.97	19.83	-24.27
998	40.01	19.82	-24.26
999	40.05	19.8	-24.26
1000	40.09	19.79	-24.23
1001	40.13	19.79	-24.19
1002	40.17	19.79	-24.15
1003	40.21	19.79	-24.11
1004	40.25	19.81	-24.09
1005	40.29	19.79	-24.09
1006	40.33	19.79	-24.06
1007	40.37	19.77	-24.06
1008	40.41	19.74	-24.08
1009	40.45	19.71	-24.09
1010	40.49	19.69	-24.09
1011	40.53	19.67	-24.07
1012	40.57	19.65	-24.04
1013	40.61	19.63	-23.99
1014	40.65	19.61	-23.94
1015	40.69	19.63	-23.92
1016	40.73	19.68	-23.93
1017	40.77	19.75	-23.96
1018	40.81	19.84	-24.02
1019	40.85	19.92	-24.07
1020	40.89	20	-24.11
1021	40.93	20.1	-24.15
1022	40.97	20.18	-24.18
1023	41.01	20.28	-24.23
1024	41.05	20.35	-24.3
1025	41.09	20.44	-24.39
1026	41.13	20.56	-24.5
1027	41.17	20.67	-24.59
1028	41.21	20.78	-24.67
1029	41.25	20.84	-24.7
1030	41.29	20.83	-24.71
1031	41.33	20.77	-24.72
1032	41.37	20.67	-24.75
1033	41.41	20.6	-24.82
1034	41.45	20.58	-24.92
1035	41.49	20.61	-25.04
1036	41.53	20.69	-25.17
1037	41.57	20.75	-25.3
1038	41.61	20.84	-25.45
1039	41.65	20.93	-25.59
1040	41.69	20.98	-25.72
1041	41.73	21.03	-25.82
1042	41.77	21.04	-25.86
1043	41.81	20.99	-25.87
1044	41.85	20.95	-25.87
1045	41.89	20.93	-25.87
1046	41.93	20.88	-25.87
1047	41.97	20.88	-25.88
1048	42.01	20.85	-25.87
1049	42.05	20.83	-25.86
1050	42.09	20.83	-25.85
1051	42.13	20.86	-25.85
1052	42.17	20.92	-25.87
1053	42.21	20.99	-25.89
1054	42.25	21.08	-25.93
1055	42.29	21.13	-25.94
1056	42.33	21.16	-25.93
1057	42.37	21.18	-25.93
1058	42.41	21.16	-25.91
1059	42.45	21.15	-25.9
1060	42.49	21.17	-25.9
1061	42.53	21.18	-25.9
1062	42.57	21.21	-25.92
1063	42.61	21.23	-25.94
1064	42.65	21.22	-25.96
1065	42.69	21.22	-25.97
1066	42.73	21.2	-25.98
1067	42.77	21.21	-25.99
1068	42.81	21.21	-26.01
1069	42.85	21.22	-26.03
1070	42.89	21.23	-26.05
1071	42.93	21.24	-26.07
1072	42.97	21.26	-26.1
1073	43.01	21.27	-26.12
1074	43.05	21.27	-26.49
1075	43.09	21.29	-26.89
1076	43.13	21.31	-27.26
1077	43.17	21.32	-27.63
1078	43.21	21.34	-27.65
1079	43.25	21.32	-27.64
1080	43.29	21.33	-27.29
1081	43.33	21.33	-27.29
1082	43.37	21.36	-26.96
1083	43.41	21.4	-26.61
1084	43.45	21.42	-26.62
1085	43.49	21.45	-26.27
1086	43.53	21.46	-26.26
1087	43.57	21.46	-26.25
1088	43.61	21.45	-26.23
1089	43.65	21.42	-26.23
1090	43.69	21.38	-26.21
1091	43.73	21.33	-26.19
1092	43.77	21.24	-26.14
1093	43.81	21.12	-26.09
1094	43.85	21.03	-26.03
1095	43.89	20.94	-25.96
1096	43.93	20.92	-25.9
1097	43.97	20.94	-25.84
1098	44.01	20.98	-25.79
1099	44.05	21.04	-25.74
1100	44.09	21.08	-25.67
1101	44.13	21.13	-25.59
1102	44.17	21.16	-25.48
1103	44.21	21.19	-25.39
1104	44.25	21.25	-25.28
1105	44.29	21.29	-25.18
1106	44.33	21.33	-25.11
1107	44.37	21.34	-25.06
1108	44.41	21.34	-25.04
1109	44.45	21.32	-25.04
1110	44.49	21.28	-25.07
1111	44.53	21.22	-25.12
1112	44.57	21.16	-25.15
1113	44.61	21.1	-25.17
1114	44.65	21.05	-25.18
1115	44.69	21.02	-25.17
1116	44.73	20.98	-25.15
1117	44.77	20.94	-25.15
1118	44.81	20.94	-25.15
1119	44.85	20.95	-25.14
1120	44.89	20.96	-25.13
1121	44.93	20.98	-25.12
1122	44.97	20.98	-25.1
1123	45.01	20.96	-25.07
1124	45.05	20.93	-25.03
1125	45.09	20.87	-24.99
1126	45.13	20.78	-24.96
1127	45.17	20.7	-24.93
1128	45.21	20.61	-24.93
1129	45.25	20.52	-24.91
1130	45.29	20.43	-24.86
1131	45.33	20.35	-24.79
1132	45.37	20.26	-24.72
1133	45.41	20.18	-24.66
1134	45.45	20.13	-24.64
1135	45.49	20.08	-24.63
1136	45.53	20.04	-24.62
1137	45.57	19.98	-24.59
1138	45.61	19.87	-24.57
1139	45.65	19.78	-24.53
1140	45.69	19.69	-24.49
1141	45.73	19.64	-24.45
1142	45.77	19.62	-24.41
1143	45.81	19.6	-24.41
1144	45.85	19.59	-24.45
1145	45.89	19.59	-24.51
1146	45.94	19.62	-24.57
1147	45.97	19.68	-24.59
1148	46.01	19.75	-24.58
1149	46.05	19.83	-24.57
1150	46.09	19.94	-24.54
1151	46.13	20.01	-24.54
1152	46.17	20.04	-24.51
1153	46.21	20.04	-24.46
1154	46.25	20.01	-24.41
1155	46.29	19.97	-24.37
1156	46.33	19.96	-24.31
1157	46.37	19.95	-24.24
1158	46.41	19.96	-24.17
1159	46.45	20	-24.06
1160	46.49	20.04	-23.99
1161	46.53	20.11	-23.89
1162	46.57	20.18	-23.76
1163	46.61	20.24	-23.61
1164	46.65	20.32	-23.39
1165	46.69	20.36	-23.2
1166	46.73	20.39	-23.03
1167	46.77	20.4	-22.87
1168	46.81	20.39	-22.75
1169	46.85	20.41	-22.61
1170	46.89	20.44	-22.46
1171	46.93	20.47	-22.32
1172	46.97	20.52	-22.21
1173	47.01	20.56	-22.11
1174	47.05	20.6	-22.06
1175	47.09	20.64	-22
1176	47.13	20.68	-21.89
1177	47.17	20.72	-21.76
1178	47.21	20.76	-21.62
1179	47.25	20.79	-21.53
1180	47.29	20.82	-21.46
1181	47.33	20.85	-21.41
1182	47.37	20.87	-21.39
1183	47.41	20.9	-21.35
1184	47.45	20.91	-21.33
1185	47.49	20.93	-21.32
1186	47.53	20.93	-21.33
1187	47.57	20.93	-21.35
1188	47.61	20.91	-21.39
1189	47.65	20.88	-21.46
1190	47.69	20.86	-21.5
1191	47.73	20.83	-21.55
1192	47.77	20.8	-21.6
1193	47.81	20.76	-21.67
1194	47.85	20.71	-21.75
1195	47.89	20.65	-21.84
1196	47.93	20.59	-21.92
1197	47.97	20.55	-21.98
1198	48.01	20.53	-22.02
1199	48.05	20.5	-22.07
1200	48.09	20.47	-22.11
1201	48.13	20.46	-22.15
1202	48.17	20.4	-22.23
1203	48.21	20.34	-22.3
1204	48.25	20.29	-22.34
1205	48.29	20.23	-22.38
1206	48.33	20.23	-22.37
1207	48.37	20.26	-22.32
1208	48.41	20.34	-22.22
1209	48.45	20.44	-22.09
1210	48.49	20.52	-21.94
1211	48.53	20.55	-21.79
1212	48.57	20.53	-21.7
1213	48.61	20.47	-21.66
1214	48.65	20.45	-21.69
1215	48.69	20.47	-21.76
1216	48.73	20.51	-21.85
1217	48.77	20.58	-21.93
1218	48.81	20.65	-21.98
1219	48.85	20.71	-22.05
1220	48.89	20.82	-22.15
1221	48.93	20.91	-22.28
1222	48.97	20.98	-22.44
1223	49.01	21.03	-22.62
1224	49.05	21.06	-22.78
1225	49.09	21.09	-22.96
1226	49.13	21.13	-23.12
1227	49.17	21.16	-23.26
1228	49.21	21.19	-23.41
1229	49.25	21.21	-23.57
1230	49.29	21.22	-23.71
1231	49.33	21.24	-23.85
1232	49.37	21.25	-23.94
1233	49.41	21.28	-23.99
1234	49.45	21.34	-24.04
1235	49.49	21.45	-24.12
1236	49.53	21.62	-24.23
1237	49.57	21.79	-24.32
1238	49.61	21.93	-24.36
1239	49.65	21.99	-24.31
1240	49.69	21.99	-24.23
1241	49.73	21.98	-24.16
1242	49.77	21.96	-24.12
1243	49.81	21.95	-24.09
1244	49.85	21.93	-24.06
1245	49.89	21.89	-24.03
1246	49.93	21.85	-24.02
1247	49.97	21.81	-24.01
1248	50.01	21.77	-24.01
1249	50.05	21.73	-23.98
1250	50.09	21.71	-23.96
1251	50.13	21.67	-23.93
1252	50.17	21.63	-23.88
1253	50.21	21.59	-23.86
1254	50.25	21.57	-23.86
1255	50.29	21.55	-23.9
1256	50.33	21.55	-24
1257	50.37	21.54	-24.09
1258	50.41	21.52	-24.15
1259	50.45	21.5	-24.19
1260	50.49	21.48	-24.23
1261	50.53	21.46	-24.3
1262	50.57	21.45	-24.55
1263	50.61	21.44	-25.04
1264	50.65	21.43	-25.13
1265	50.69	21.42	-25.19
1266	50.73	21.42	-25.07
1267	50.77	21.41	-24.71
1268	50.81	21.37	-24.89
1269	50.85	21.33	-25.26
1270	50.89	21.28	-25.62
1271	50.93	21.25	-25.96
1272	50.97	21.24	-26.12
1273	51.01	21.22	-25.69
1274	51.05	21.23	-25.31
1275	51.09	21.27	-25.15
1276	51.13	21.3	-25.14
1277	51.17	21.34	-25.52
1278	51.21	21.35	-25.83
1279	51.25	21.34	-25.54
1280	51.29	21.34	-25.13
1281	51.33	21.34	-24.73
1282	51.37	21.34	-24.34
1283	51.41	21.35	-24.33
1284	51.45	21.36	-24.31
1285	51.49	21.36	-24.26
1286	51.53	21.35	-24.2
1287	51.57	21.31	-24.17
1288	51.61	21.23	-24.14
1289	51.65	21.15	-24.11
1290	51.69	21.07	-24.09
1291	51.73	20.99	-24.05
1292	51.77	20.94	-24.01
1293	51.81	20.89	-24.02
1294	51.86	20.84	-24.07
1295	51.89	20.8	-24.13
1296	51.93	20.76	-24.19
1297	51.97	20.75	-24.22
1298	52.01	20.76	-24.24
1299	52.05	20.75	-24.25
1300	52.09	20.72	-24.26
1301	52.13	20.67	-24.28
1302	52.17	20.61	-24.29
1303	52.21	20.57	-24.31
1304	52.25	20.55	-24.31
1305	52.29	20.55	-24.3
1306	52.33	20.56	-24.27
1307	52.37	20.57	-24.24
1308	52.41	20.58	-24.22
1309	52.45	20.61	-24.19
1310	52.49	20.67	-24.17
1311	52.53	20.76	-24.14
1312	52.57	20.86	-24.14
1313	52.61	20.96	-24.15
1314	52.65	21.03	-24.16
1315	52.69	21.08	-24.16
1316	52.73	21.12	-24.17
1317	52.77	21.15	-24.2
1318	52.81	21.17	-24.23
1319	52.85	21.18	-24.25
1320	52.89	21.16	-24.26
1321	52.93	21.12	-24.24
1322	52.97	21.04	-24.21
1323	53.01	20.94	-24.16
1324	53.05	20.84	-24.1
1325	53.09	20.76	-24.07
1326	53.13	20.72	-24.06
1327	53.17	20.71	-24.08
1328	53.21	20.7	-24.1
1329	53.25	20.7	-24.09
1330	53.29	20.7	-24.06
1331	53.33	20.71	-24.01
1332	53.37	20.73	-23.95
1333	53.41	20.76	-23.89
1334	53.45	20.79	-23.84
1335	53.49	20.83	-23.81
1336	53.53	20.87	-23.81
1337	53.57	20.9	-23.83
1338	53.61	20.91	-23.84
1339	53.65	20.9	-23.84
1340	53.69	20.88	-23.81
1341	53.73	20.85	-23.76
1342	53.77	20.82	-23.73
1343	53.81	20.8	-23.69
1344	53.85	20.79	-23.65
1345	53.89	20.8	-23.62
1346	53.93	20.85	-23.56
1347	53.97	20.92	-23.51
1348	54.01	20.99	-23.42
1349	54.05	21.09	-23.31
1350	54.09	21.2	-23.17
1351	54.13	21.28	-23.04
1352	54.17	21.37	-22.92
1353	54.21	21.41	-22.83
1354	54.25	21.44	-22.78
1355	54.29	21.49	-22.76
1356	54.33	21.52	-22.77
1357	54.37	21.54	-22.78
1358	54.41	21.58	-22.8
1359	54.45	21.58	-22.82
1360	54.49	21.58	-22.83
1361	54.53	21.57	-22.86
1362	54.57	21.56	-22.88
1363	54.61	21.56	-22.93
1364	54.65	21.54	-22.97
1365	54.69	21.53	-23.03
1366	54.73	21.52	-23.11
1367	54.77	21.5	-23.16
1368	54.81	21.47	-23.21
1369	54.85	21.43	-23.27
1370	54.89	21.38	-23.34
1371	54.93	21.37	-23.45
1372	54.97	21.39	-23.59
1373	55.01	21.42	-23.7
1374	55.05	21.46	-23.81
1375	55.09	21.47	-23.87
1376	55.13	21.44	-23.89
1377	55.17	21.36	-23.92
1378	55.21	21.21	-23.94
1379	55.25	21.04	-23.99
1380	55.29	20.86	-24.06
1381	55.33	20.7	-24.11
1382	55.37	20.59	-24.12
1383	55.41	20.5	-24.1
1384	55.45	20.44	-24.05
1385	55.49	20.36	-23.99
1386	55.53	20.29	-23.95
1387	55.57	20.22	-23.93
1388	55.61	20.17	-23.95
1389	55.65	20.14	-23.94
1390	55.69	20.13	-23.92
1391	55.73	20.12	-23.88
1392	55.77	20.12	-23.83
1393	55.81	20.11	-23.8
1394	55.85	20.11	-23.75
1395	55.89	20.1	-23.72
1396	55.93	20.11	-23.68
1397	55.97	20.12	-23.64
1398	56.01	20.14	-23.64
1399	56.05	20.17	-23.63
1400	56.09	20.2	-23.66
1401	56.13	20.25	-23.7
1402	56.17	20.3	-23.76
1403	56.21	20.35	-23.84
1404	56.25	20.38	-23.9
1405	56.29	20.41	-23.92
1406	56.33	20.41	-23.91
1407	56.37	20.41	-23.87
1408	56.41	20.4	-23.83
1409	56.45	20.38	-23.81
1410	56.49	20.38	-23.76
1411	56.53	20.4	-23.68
1412	56.57	20.44	-23.55
1413	56.61	20.48	-23.42
1414	56.65	20.52	-23.32
1415	56.69	20.54	-23.28
1416	56.73	20.54	-23.31
1417	56.77	20.55	-23.35
1418	56.81	20.57	-23.36
1419	56.85	20.57	-23.4
1420	56.89	20.56	-23.43
1421	56.93	20.56	-23.47
1422	56.97	20.58	-23.54
1423	57.01	20.64	-23.57
1424	57.05	20.72	-23.59
1425	57.09	20.8	-23.59
1426	57.13	20.86	-23.57
1427	57.17	20.9	-23.56
1428	57.21	20.95	-23.57
1429	57.25	21	-23.58
1430	57.29	21.05	-23.58
1431	57.33	21.09	-23.58
1432	57.37	21.09	-23.57
1433	57.41	21.08	-23.57
1434	57.45	21.06	-23.57
1435	57.49	21.05	-23.53
1436	57.53	21.05	-23.48
1437	57.57	21.06	-23.43
1438	57.61	21.08	-23.41
1439	57.65	21.1	-23.41
1440	57.69	21.14	-23.46
1441	57.73	21.19	-23.5
1442	57.77	21.29	-23.56
1443	57.81	21.41	-23.63
1444	57.85	21.51	-23.65
1445	57.89	21.61	-23.69
1446	57.93	21.67	-23.76
1447	57.97	21.71	-23.81
1448	58.01	21.76	-23.89
1449	58.04	21.81	-23.96
1450	58.09	21.85	-24
1451	58.13	21.88	-24.02
1452	58.16	21.87	-24.01
1453	58.21	21.83	-23.98
1454	58.24	21.78	-23.94
1455	58.28	21.73	-23.88
1456	58.32	21.7	-23.82
1457	58.36	21.68	-23.79
1458	58.4	21.69	-23.81
1459	58.44	21.71	-23.88
1460	58.48	21.73	-23.97
1461	58.52	21.76	-24.06
1462	58.56	21.8	-24.12
1463	58.6	21.83	-24.15
1464	58.64	21.85	-24.16
1465	58.68	21.84	-24.16
1466	58.72	21.82	-24.15
1467	58.76	21.79	-24.15
1468	58.8	21.78	-24.16
1469	58.84	21.78	-24.18
1470	58.88	21.78	-24.2
1471	58.92	21.79	-24.21
1472	58.96	21.79	-24.21
1473	59	21.78	-24.2
1474	59.04	21.74	-24.16
1475	59.08	21.7	-24.12
1476	59.12	21.64	-24.07
1477	59.16	21.6	-24.04
1478	59.2	21.58	-24.04
1479	59.24	21.55	-24.03
1480	59.28	21.49	-24.01
1481	59.32	21.44	-23.99
1482	59.36	21.38	-23.93
1483	59.4	21.33	-23.86
1484	59.44	21.32	-23.76
1485	59.48	21.33	-23.65
1486	59.52	21.35	-23.55
1487	59.57	21.38	-23.45
1488	59.6	21.4	-23.36
1489	59.64	21.4	-23.26
1490	59.68	21.4	-23.15
1491	59.72	21.39	-23.01
1492	59.76	21.42	-22.86
1493	59.8	21.44	-22.72
1494	59.84	21.5	-22.59
1495	59.88	21.59	-22.44
1496	59.92	21.69	-22.26
1497	59.96	21.82	-22.04
1498	60	21.94	-21.8
1499	60.04	22.03	-21.61
1500	60.08	22.09	-21.45
1501	60.12	22.11	-21.33
1502	60.16	22.12	-21.22
1503	60.2	22.11	-21.12
1504	60.24	22.11	-21
1505	60.28	22.1	-20.91
1506	60.32	22.09	-20.84
1507	60.36	22.09	-20.78
1508	60.4	22.08	-20.77
1509	60.44	22.09	-20.76
1510	60.48	22.09	-20.77
1511	60.52	22.07	-20.8
1512	60.56	22.05	-20.82
1513	60.6	22	-20.87
1514	60.64	21.94	-20.95
1515	60.68	21.85	-21.05
1516	60.72	21.72	-21.19
1517	60.76	21.57	-21.33
1518	60.8	21.42	-21.46
1519	60.84	21.26	-21.58
1520	60.88	21.12	-21.65
1521	60.92	20.99	-21.68
1522	60.96	20.87	-21.69
1523	61	20.79	-21.66
1524	61.04	20.72	-21.64
1525	61.08	20.68	-21.65
1526	61.12	20.66	-21.7
1527	61.16	20.67	-21.75
1528	61.2	20.66	-21.81
1529	61.24	20.65	-21.87
1530	61.28	20.62	-21.94
1531	61.32	20.6	-22.05
1532	61.36	20.59	-22.18
1533	61.4	20.6	-22.32
1534	61.44	20.62	-22.47
1535	61.48	20.65	-22.64
1536	61.52	20.69	-22.85
1537	61.56	20.71	-23.09
1538	61.6	20.71	-23.31
1539	61.64	20.68	-23.5
1540	61.68	20.62	-23.63
1541	61.72	20.59	-23.75
1542	61.76	20.6	-23.86
1543	61.8	20.66	-23.94
1544	61.84	20.74	-23.98
1545	61.88	20.82	-24
1546	61.92	20.88	-24.01
1547	61.96	20.92	-23.98
1548	62	20.93	-23.93
1549	62.04	20.91	-23.86
1550	62.08	20.86	-23.81
1551	62.12	20.78	-23.81
1552	62.16	20.74	-23.89
1553	62.2	20.7	-23.99
1554	62.24	20.69	-24.06
1555	62.28	20.69	-24.09
1556	62.32	20.65	-24.1
1557	62.36	20.59	-24.09
1558	62.4	20.49	-24.13
1559	62.44	20.36	-24.2
1560	62.48	20.21	-24.27
1561	62.52	20.01	-24.33
1562	62.56	19.78	-24.38
1563	62.6	19.54	-24.45
1564	62.64	19.29	-24.51
1565	62.68	19.08	-24.61
1566	62.72	18.86	-24.71
1567	62.76	18.65	-24.78
1568	62.8	18.45	-24.84
1569	62.84	18.27	-24.87
1570	62.88	18.11	-24.93
1571	62.92	17.97	-25
1572	62.96	17.81	-25.07
1573	63	17.61	-25.16
1574	63.04	17.4	-25.21
1575	63.08	17.14	-25.24
1576	63.12	16.84	-25.27
1577	63.16	16.52	-25.27
1578	63.2	16.17	-25.27
1579	63.24	15.88	-25.26
1580	63.28	15.59	-25.27
1581	63.32	15.33	-25.3
1582	63.36	15.12	-25.33
1583	63.4	14.89	-25.39
1584	63.44	14.73	-25.44
1585	63.48	14.53	-25.54
1586	63.52	14.25	-25.66
1587	63.56	13.98	-25.79
1588	63.6	13.66	-25.91
1589	63.64	13.35	-25.95
1590	63.68	13.07	-25.96
1591	63.72	12.75	-25.94
1592	63.76	12.41	-25.92
1593	63.8	12.12	-25.91
1594	63.84	11.85	-25.9
1595	63.88	11.62	-25.92
1596	63.92	11.4	-25.96
1597	63.96	11.09	-26.05
1598	64	10.76	-26.15
1599	64.04	10.3	-26.29
1600	64.08	9.77	-26.73
1601	64.12	9.28	-26.8
1602	64.16	8.67	-26.83
1603	64.2	8.05	-26.79
1604	64.24	7.46	-26.44
1605	64.28	6.85	-26.39
1606	64.32	6.23	-26.38
1607	64.36	5.72	-26.37
1608	64.4	5.25	-26.37
1609	64.44	4.8	-26.37
1610	64.48	4.47	-26.39
1611	64.52	4.13	-26.43
1612	64.56	3.8	-26.45
1613	64.6	3.44	-26.42
1614	64.64	3.04	-26.37
1615	64.68	2.59	-26.28
1616	64.72	2.16	-26.2
1617	64.76	1.76	-26.16
1618	64.8	1.33	-26.13
1619	64.84	0.93	-26.13
1620	64.88	0.52	-26.13
1621	64.92	0.13	-26.1
1622	64.96	-0.26	-26.05
1623	65	-0.76	-25.98
1624	65.04	-1.24	-25.92
1625	65.08	-1.72	-25.9
1626	65.12	-2.14	-25.92
1627	65.16	-2.51	-25.91
1628	65.2	-2.88	-25.9
1629	65.24	-3.26	-25.84
1630	65.28	-3.62	-25.78
1631	65.32	-3.93	-25.74
1632	65.36	-4.23	-25.75
1633	65.4	-4.54	-25.79
1634	65.44	-4.85	-25.85
1635	65.48	-5.14	-25.89
1636	65.52	-5.44	-25.91
1637	65.56	-5.75	-25.94
1638	65.6	-6.1	-25.96
1639	65.64	-6.4	-25.96
1640	65.68	-6.75	-25.95
1641	65.72	-7.14	-25.9
1642	65.76	-7.49	-25.84
1643	65.8	-7.88	-25.79
1644	65.84	-8.21	-25.73
1645	65.88	-8.47	-25.7
1646	65.92	-8.67	-25.7
1647	65.96	-8.92	-25.72
1648	66	-9.21	-25.77
1649	66.04	-9.54	-25.83
1650	66.08	-9.89	-25.88
1651	66.12	-10.22	-25.91
1652	66.16	-10.47	-25.95
1653	66.2	-10.71	-25.94
1654	66.24	-11.02	-25.9
1655	66.28	-11.35	-25.84
1656	66.32	-11.71	-25.75
1657	66.36	-12.07	-25.67
1658	66.4	-12.37	-25.62
1659	66.44	-12.63	-25.56
1660	66.48	-12.85	-25.51
1661	66.52	-13.07	-25.51
1662	66.56	-13.25	-25.53
1663	66.6	-13.48	-25.6
1664	66.64	-13.78	-25.68
1665	66.68	-14.08	-25.72
1666	66.72	-14.41	-25.73
1667	66.76	-14.76	-25.71
1668	66.8	-15.04	-25.68
1669	66.84	-15.33	-25.66
1670	66.88	-15.67	-25.63
1671	66.92	-15.97	-25.58
1672	66.96	-16.31	-25.54
1673	67	-16.66	-25.49
1674	67.04	-16.99	-25.46
1675	67.08	-17.31	-25.41
1676	67.12	-17.59	-25.35
1677	67.16	-17.87	-25.3
1678	67.2	-18.14	-25.25
1679	67.24	-18.35	-25.26
1680	67.28	-18.54	-25.31
1681	67.32	-18.67	-25.37
1682	67.36	-18.75	-25.41
1683	67.4	-18.8	-25.41
1684	67.44	-18.84	-25.37
1685	67.48	-18.89	-25.32
1686	67.52	-18.93	-25.29
1687	67.56	-19.01	-25.28
1688	67.6	-19.07	-25.27
1689	67.64	-19.15	-25.25
1690	67.68	-19.24	-25.23
1691	67.72	-19.33	-25.2
1692	67.76	-19.45	-25.13
1693	67.8	-19.55	-25.02
1694	67.84	-19.63	-24.88
1695	67.88	-19.68	-24.77
1696	67.92	-19.7	-24.68
1697	67.96	-19.7	-24.63
1698	68	-19.7	-24.6
1699	68.04	-19.7	-24.56
1700	68.08	-19.68	-24.53
1701	68.12	-19.68	-24.49
1702	68.16	-19.67	-24.46
1703	68.2	-19.65	-24.44
1704	68.24	-19.66	-24.41
1705	68.28	-19.61	-24.42
1706	68.32	-19.54	-24.44
1707	68.36	-19.45	-24.47
1708	68.4	-19.36	-24.51
1709	68.44	-19.35	-24.55
1710	68.48	-19.39	-24.59
1711	68.52	-19.45	-24.64
1712	68.56	-19.5	-24.7
1713	68.6	-19.53	-24.78
1714	68.64	-19.57	-24.84
1715	68.68	-19.62	-24.89
1716	68.72	-19.68	-24.92
1717	68.76	-19.7	-24.94
1718	68.8	-19.73	-24.97
1719	68.84	-19.75	-25
1720	68.88	-19.78	-25.02
1721	68.92	-19.82	-25.04
1722	68.96	-19.86	-25.05
1723	69	-19.89	-25.06
1724	69.04	-19.94	-25.08
1725	69.08	-19.98	-25.11
1726	69.12	-20	-25.14
1727	69.16	-20.03	-25.17
1728	69.2	-20.03	-25.2
1729	69.24	-20.01	-25.22
1730	69.28	-19.98	-25.21
1731	69.32	-19.92	-25.2
1732	69.36	-19.8	-25.16
1733	69.4	-19.69	-25.13
1734	69.44	-19.61	-25.11
1735	69.48	-19.57	-25.1
1736	69.52	-19.58	-25.11
1737	69.56	-19.6	-25.11
1738	69.6	-19.62	-25.14
1739	69.64	-19.63	-25.18
1740	69.68	-19.64	-25.21
1741	69.72	-19.66	-25.24
1742	69.76	-19.66	-25.24
1743	69.8	-19.66	-25.22
1744	69.84	-19.67	-25.2
1745	69.88	-19.66	-25.17
1746	69.92	-19.65	-25.14
1747	69.96	-19.65	-25.13
1748	70	-19.64	-25.12
1749	70.04	-19.63	-25.1
1750	70.08	-19.63	-25.1
1751	70.12	-19.62	-25.08
1752	70.16	-19.62	-25.08
1753	70.2	-19.64	-25.09
1754	70.24	-19.64	-25.09
1755	70.28	-19.66	-25.09
1756	70.32	-19.66	-25.07
1757	70.36	-19.65	-25.06
1758	70.4	-19.65	-25.06
1759	70.44	-19.64	-25.06
1760	70.48	-19.64	-25.07
1761	70.52	-19.65	-25.07
1762	70.56	-19.65	-25.07
1763	70.6	-19.64	-25.06
1764	70.64	-19.62	-25.05
1765	70.68	-19.61	-25.04
1766	70.72	-19.62	-25.04
1767	70.76	-19.65	-25.04
1768	70.8	-19.71	-25.03
1769	70.84	-19.75	-25.02
1770	70.88	-19.8	-24.98
1771	70.92	-19.84	-24.93
1772	70.96	-19.88	-24.88
1773	71	-19.95	-24.83
1774	71.04	-19.98	-24.81
1775	71.08	-20.03	-24.78
1776	71.12	-20.11	-24.75
1777	71.16	-20.17	-24.72
1778	71.2	-20.24	-24.69
1779	71.24	-20.28	-24.68
1780	71.28	-20.29	-24.68
1781	71.32	-20.29	-24.65
1782	71.36	-20.31	-24.6
1783	71.4	-20.35	-24.51
1784	71.44	-20.43	-24.42
1785	71.48	-20.5	-24.36
1786	71.52	-20.57	-24.29
1787	71.56	-20.63	-24.21
1788	71.6	-20.69	-24.1
1789	71.64	-20.79	-23.96
1790	71.68	-20.86	-23.79
1791	71.72	-20.91	-23.59
1792	71.76	-20.93	-23.36
1793	71.8	-20.92	-23.14
1794	71.84	-20.9	-22.93
1795	71.88	-20.89	-22.74
1796	71.92	-20.87	-22.58
1797	71.96	-20.85	-22.41
1798	72	-20.83	-22.25
1799	72.04	-20.83	-22.1
1800	72.08	-20.86	-21.96
1801	72.12	-20.89	-21.89
1802	72.16	-20.92	-21.84
1803	72.2	-20.93	-21.83
1804	72.24	-20.92	-21.85
1805	72.28	-20.91	-21.89
1806	72.32	-20.88	-21.93
1807	72.36	-20.83	-22.01
1808	72.4	-20.73	-22.13
1809	72.44	-20.6	-22.26
1810	72.48	-20.45	-22.41
1811	72.52	-20.31	-22.56
1812	72.56	-20.19	-22.69
1813	72.6	-20.1	-22.81
1814	72.64	-20.05	-22.93
1815	72.68	-20.04	-23.05
1816	72.72	-20.03	-23.18
1817	72.76	-20.04	-23.29
1818	72.8	-20.05	-23.43
1819	72.84	-20.05	-23.6
1820	72.88	-20.04	-23.79
1821	72.92	-20	-23.99
1822	72.96	-19.92	-24.16
1823	73	-19.84	-24.28
1824	73.04	-19.79	-24.39
1825	73.08	-19.75	-24.47
1826	73.12	-19.75	-24.57
1827	73.16	-19.74	-24.7
1828	73.2	-19.71	-24.82
1829	73.24	-19.66	-24.96
1830	73.28	-19.63	-25.07
1831	73.32	-19.61	-25.14
1832	73.36	-19.62	-25.15
1833	73.4	-19.64	-25.14
1834	73.44	-19.65	-25.1
1835	73.48	-19.66	-25.06
1836	73.52	-19.67	-25.01
1837	73.56	-19.68	-24.96
1838	73.6	-19.69	-24.91
1839	73.64	-19.72	-24.89
1840	73.68	-19.72	-24.87
1841	73.72	-19.73	-24.88
1842	73.76	-19.75	-24.89
1843	73.8	-19.78	-24.88
1844	73.84	-19.88	-24.87
1845	73.88	-19.99	-24.82
1846	73.92	-20.12	-24.75
1847	73.96	-20.23	-24.7
1848	74	-20.31	-24.66
1849	74.04	-20.36	-24.65
1850	74.08	-20.37	-24.66
1851	74.12	-20.37	-24.67
1852	74.16	-20.38	-24.69
1853	74.2	-20.41	-24.72
1854	74.24	-20.45	-24.76
1855	74.28	-20.48	-24.8
1856	74.32	-20.5	-24.82
1857	74.36	-20.5	-24.83
1858	74.4	-20.49	-24.83
1859	74.44	-20.51	-24.83
1860	74.48	-20.52	-24.82
1861	74.52	-20.53	-24.81
1862	74.56	-20.55	-24.82
1863	74.6	-20.55	-24.81
1864	74.64	-20.52	-24.8
1865	74.68	-20.48	-24.77
1866	74.72	-20.41	-24.71
1867	74.76	-20.31	-24.63
1868	74.8	-20.23	-24.56
1869	74.84	-20.16	-24.51
1870	74.88	-20.12	-24.5
1871	74.92	-20.09	-24.53
1872	74.96	-20.04	-24.56
1873	75	-19.98	-24.61
1874	75.04	-19.93	-24.65
1875	75.08	-19.89	-24.68
1876	75.12	-19.86	-24.69
1877	75.16	-19.87	-24.67
1878	75.2	-19.9	-24.65
1879	75.24	-19.91	-24.63
1880	75.28	-19.93	-24.6
1881	75.32	-19.92	-24.56
1882	75.36	-19.89	-24.52
1883	75.4	-19.84	-24.46
1884	75.44	-19.82	-24.42
1885	75.48	-19.8	-24.4
1886	75.52	-19.81	-24.38
1887	75.56	-19.83	-24.37
1888	75.6	-19.87	-24.31
1889	75.64	-19.92	-24.22
1890	75.68	-19.94	-24.13
1891	75.72	-19.94	-24.03
1892	75.76	-19.91	-24
1893	75.8	-19.86	-23.98
1894	75.84	-19.82	-23.96
1895	75.88	-19.79	-23.94
1896	75.92	-19.75	-23.94
1897	75.96	-19.7	-23.97
1898	76	-19.67	-24.02
1899	76.04	-19.67	-24.04
1900	76.08	-19.67	-24.01
1901	76.12	-19.67	-23.94
1902	76.16	-19.66	-23.88
1903	76.2	-19.6	-23.88
1904	76.24	-19.53	-23.91
1905	76.28	-19.45	-23.97
1906	76.32	-19.34	-24.02
1907	76.36	-19.22	-24.06
1908	76.4	-19.09	-24.07
1909	76.44	-18.97	-24.08
1910	76.48	-18.88	-24.1
1911	76.52	-18.8	-24.13
1912	76.56	-18.72	-24.22
1913	76.6	-18.66	-24.34
1914	76.64	-18.62	-24.46
1915	76.68	-18.59	-24.55
1916	76.72	-18.57	-24.58
1917	76.76	-18.55	-24.58
1918	76.8	-18.54	-24.56
1919	76.84	-18.55	-24.54
1920	76.88	-18.59	-24.53
1921	76.92	-18.61	-24.51
1922	76.96	-18.61	-24.46
1923	77	-18.58	-24.4
1924	77.04	-18.55	-24.35
1925	77.08	-18.51	-24.3
1926	77.12	-18.5	-24.27
1927	77.16	-18.45	-24.24
1928	77.2	-18.39	-24.2
1929	77.24	-18.31	-24.16
1930	77.28	-18.19	-24.1
1931	77.32	-18.07	-24.05
1932	77.36	-17.93	-24.01
1933	77.4	-17.79	-23.99
1934	77.44	-17.67	-23.98
1935	77.48	-17.56	-23.98
1936	77.52	-17.45	-23.98
1937	77.56	-17.34	-23.97
1938	77.6	-17.2	-23.93
1939	77.64	-17.03	-23.87
1940	77.68	-16.84	-23.81
1941	77.72	-16.69	-23.75
1942	77.76	-16.59	-23.71
1943	77.8	-16.54	-23.68
1944	77.84	-16.48	-23.65
1945	77.88	-16.42	-23.63
1946	77.92	-16.34	-23.62
1947	77.96	-16.22	-23.59
1948	78	-16.12	-23.58
1949	78.04	-16.02	-23.59
1950	78.08	-15.93	-23.59
1951	78.12	-15.8	-23.58
1952	78.16	-15.69	-23.56
1953	78.2	-15.54	-23.51
1954	78.24	-15.42	-23.48
1955	78.28	-15.37	-23.47
1956	78.32	-15.33	-23.47
1957	78.36	-15.32	-23.47
1958	78.4	-15.33	-23.46
1959	78.44	-15.37	-23.47
1960	78.48	-15.42	-23.48
1961	78.52	-15.47	-23.49
1962	78.56	-15.51	-23.5
1963	78.6	-15.53	-23.51
1964	78.64	-15.56	-23.52
1965	78.68	-15.59	-23.54
1966	78.72	-15.62	-23.56
1967	78.76	-15.68	-23.59
1968	78.8	-15.74	-23.62
1969	78.84	-15.78	-23.66
1970	78.88	-15.87	-23.73
1971	78.92	-15.88	-23.78
1972	78.96	-15.91	-23.84
1973	79	-15.97	-23.89
1974	79.04	-15.97	-23.92
1975	79.08	-16.07	-23.96
1976	79.12	-16.13	-23.99
1977	79.16	-16.21	-24.01
1978	79.2	-16.29	-24.02
1979	79.24	-16.36	-24.02
1980	79.28	-16.46	-24.03
1981	79.32	-16.53	-24.06
1982	79.36	-16.61	-24.1
1983	79.4	-16.71	-24.16
1984	79.44	-16.81	-24.19
1985	79.48	-16.92	-24.18
1986	79.52	-17.02	-24.11
1987	79.56	-17.08	-24.01
1988	79.6	-17.12	-23.88
1989	79.64	-17.13	-23.77
1990	79.68	-17.13	-23.68
1991	79.72	-17.11	-23.62
1992	79.76	-17.1	-23.52
1993	79.8	-17.11	-23.39
1994	79.84	-17.15	-23.23
1995	79.88	-17.22	-23.07
1996	79.92	-17.33	-22.98
1997	79.96	-17.46	-22.94
1998	80	-17.61	-22.97
1999	80.04	-17.76	-23.04
2000	80.08	-17.88	-23.1
2001	80.12	-17.98	-23.16
2002	80.16	-18.08	-23.21
2003	80.2	-18.2	-23.24
2004	80.24	-18.33	-23.27
2005	80.28	-18.5	-23.33
2006	80.32	-18.66	-23.34
2007	80.36	-18.82	-23.37
2008	80.4	-18.98	-23.39
2009	80.44	-19.12	-23.38
2010	80.48	-19.27	-23.41
2011	80.52	-19.42	-23.45
2012	80.56	-19.54	-23.49
2013	80.6	-19.6	-23.51
2014	80.64	-19.6	-23.51
2015	80.68	-19.54	-23.48
2016	80.72	-19.48	-23.44
2017	80.76	-19.44	-23.43
2018	80.8	-19.41	-23.41
2019	80.84	-19.4	-23.4
2020	80.88	-19.37	-23.38
2021	80.92	-19.34	-23.36
2022	80.96	-19.32	-23.32
2023	81	-19.3	-23.29
2024	81.04	-19.27	-23.25
2025	81.08	-19.2	-23.19
2026	81.12	-19.1	-23.14
2027	81.16	-19	-23.1
2028	81.2	-18.92	-23.09
2029	81.24	-18.86	-23.07
2030	81.28	-18.82	-23.04
2031	81.32	-18.79	-22.98
2032	81.36	-18.73	-22.94
2033	81.4	-18.64	-22.95
2034	81.44	-18.53	-22.97
2035	81.48	-18.42	-23.02
2036	81.52	-18.33	-23.03
2037	81.56	-18.28	-23.05
2038	81.6	-18.25	-23.06
2039	81.64	-18.23	-23.07
2040	81.68	-18.22	-23.09
2041	81.72	-18.21	-23.09
2042	81.76	-18.2	-23.11
2043	81.8	-18.18	-23.12
2044	81.84	-18.15	-23.14
2045	81.88	-18.1	-23.18
2046	81.92	-18.04	-23.21
2047	81.96	-17.97	-23.27
2048	82	-17.88	-23.37
2049	82.04	-17.76	-23.49
2050	82.08	-17.6	-23.63
2051	82.12	-17.4	-23.76
2052	82.16	-17.18	-23.88
2053	82.2	-16.94	-23.99
2054	82.24	-16.73	-24.06
2055	82.28	-16.56	-24.1
2056	82.32	-16.42	-24.12
2057	82.36	-16.31	-24.1
2058	82.4	-16.19	-24.08
2059	82.44	-16.08	-24.07
2060	82.48	-15.95	-24.07
2061	82.52	-15.79	-24.12
2062	82.56	-15.63	-24.17
2063	82.6	-15.4	-24.26
2064	82.64	-15.14	-24.36
2065	82.68	-14.86	-24.43
2066	82.72	-14.56	-24.51
2067	82.76	-14.36	-24.53
2068	82.8	-14.17	-24.54
2069	82.84	-14.03	-24.52
2070	82.88	-13.87	-24.51
2071	82.92	-13.7	-24.54
2072	82.96	-13.53	-24.59
2073	83	-13.36	-24.66
2074	83.04	-13.18	-24.73
2075	83.08	-13.01	-24.79
2076	83.12	-12.86	-24.86
2077	83.16	-12.66	-24.96
2078	83.2	-12.46	-25.06
2079	83.24	-12.22	-25.16
2080	83.28	-11.95	-25.22
2081	83.32	-11.63	-25.26
2082	83.36	-11.24	-25.3
2083	83.4	-10.79	-25.35
2084	83.44	-10.34	-25.42
2085	83.48	-9.9	-25.5
2086	83.52	-9.56	-25.57
2087	83.56	-9.28	-25.61
2088	83.6	-8.94	-25.66
2089	83.64	-8.67	-25.7
2090	83.68	-8.37	-25.76
2091	83.72	-8	-25.89
2092	83.76	-7.67	-25.98
2093	83.8	-7.29	-26.05
2094	83.84	-6.87	-26.08
2095	83.88	-6.4	-26.07
2096	83.92	-5.97	-26.05
2097	83.96	-5.55	-26.03
2098	84	-5.15	-26.01
2099	84.04	-4.76	-25.99
2100	84.08	-4.4	-25.96
2101	84.12	-3.98	-25.95
2102	84.16	-3.55	-25.96
2103	84.2	-3.14	-25.99
2104	84.24	-2.63	-26.05
2105	84.28	-2.16	-26.1
2106	84.32	-1.68	-26.13
2107	84.36	-1.19	-26.11
2108	84.4	-0.71	-26.09
2109	84.44	-0.23	-26.03
2110	84.48	0.22	-25.96
2111	84.52	0.62	-25.87
2112	84.56	1.04	-25.78
2113	84.6	1.4	-25.73
2114	84.64	1.72	-25.73
2115	84.68	2.01	-25.8
2116	84.72	2.25	-25.86
2117	84.76	2.48	-25.92
2118	84.8	2.73	-25.96
2119	84.84	3.02	-25.97
2120	84.88	3.3	-25.98
2121	84.92	3.58	-25.98
2122	84.96	3.87	-25.96
2123	85	4.19	-25.96
2124	85.04	4.55	-25.97
2125	85.08	4.98	-26.01
2126	85.12	5.44	-26.07
2127	85.16	5.96	-26.15
2128	85.2	6.56	-26.28
2129	85.24	7.18	-26.36
2130	85.28	7.93	-26.42
2131	85.32	8.74	-26.44
2132	85.36	9.47	-26.41
2133	85.4	10.17	-26.39
2134	85.44	10.73	-26.35
2135	85.48	11.11	-26.31
2136	85.52	11.5	-26.26
2137	85.56	11.87	-26.24
2138	85.6	12.25	-26.26
2139	85.64	12.66	-26.31
2140	85.68	13.11	-26.35
2141	85.72	13.59	-26.35
2142	85.76	14.1	-26.31
2143	85.8	14.64	-26.24
2144	85.84	15.24	-26.18
2145	85.88	15.86	-26.16
2146	85.92	16.41	-26.13
2147	85.96	16.96	-26.12
2148	86	17.47	-26.12
2149	86.04	17.98	-26.16
2150	86.08	18.54	-26.2
2151	86.12	19.04	-26.22
2152	86.16	19.52	-26.21
2153	86.2	19.94	-26.15
2154	86.24	20.3	-26.12
2155	86.28	20.57	-26.09
2156	86.32	20.71	-26.05
2157	86.36	20.75	-26.01
2158	86.4	20.69	-25.94
2159	86.44	20.61	-25.85
2160	86.48	20.55	-25.74
2161	86.52	20.51	-25.62
2162	86.56	20.51	-25.51
2163	86.6	20.56	-25.39
2164	86.64	20.63	-25.29
2165	86.68	20.75	-25.17
2166	86.72	20.89	-25.06
2167	86.76	21.03	-24.95
2168	86.8	21.16	-24.86
2169	86.84	21.24	-24.77
2170	86.88	21.3	-24.68
2171	86.92	21.32	-24.63
2172	86.96	21.33	-24.61
2173	87	21.35	-24.6
2174	87.04	21.37	-24.6
2175	87.08	21.4	-24.58
2176	87.12	21.43	-24.54
2177	87.16	21.45	-24.49
2178	87.2	21.47	-24.45
2179	87.24	21.5	-24.38
2180	87.28	21.55	-24.27
2181	87.32	21.64	-24.1
2182	87.36	21.75	-23.87
2183	87.4	21.83	-23.65
2184	87.44	21.89	-23.46
2185	87.48	21.88	-23.34
2186	87.52	21.85	-23.26
2187	87.56	21.83	-23.19
2188	87.6	21.84	-23.12
2189	87.64	21.85	-23.04
2190	87.68	21.85	-23.02
2191	87.72	21.86	-22.98
2192	87.76	21.84	-22.97
2193	87.8	21.82	-22.97
2194	87.84	21.8	-22.95
2195	87.88	21.77	-22.96
2196	87.92	21.71	-23.01
2197	87.96	21.59	-23.1
2198	88	21.44	-23.19
2199	88.04	21.28	-23.29
2200	88.08	21.12	-23.4
2201	88.12	21.03	-23.5
2202	88.16	20.99	-23.61
2203	88.2	21	-23.74
2204	88.24	21.01	-23.85
2205	88.28	21.05	-23.93
2206	88.32	21.06	-24.04
2207	88.36	21.05	-24.17
2208	88.4	21.04	-24.34
2209	88.44	21.02	-24.55
2210	88.48	20.99	-24.76
2211	88.52	20.96	-24.94
2212	88.56	20.93	-25.1
2213	88.6	20.91	-25.23
2214	88.64	20.92	-25.34
2215	88.68	20.94	-25.44
2216	88.72	20.99	-25.52
2217	88.76	21.03	-25.57
2218	88.8	21.07	-25.61
2219	88.84	21.13	-25.63
2220	88.88	21.14	-25.66
2221	88.92	21.16	-25.67
2222	88.96	21.17	-25.7
2223	89	21.16	-25.71
2224	89.04	21.17	-25.71
2225	89.08	21.16	-25.71
2226	89.12	21.15	-25.7
2227	89.16	21.14	-25.69
2228	89.2	21.14	-25.69
2229	89.24	21.13	-25.69
2230	89.28	21.12	-25.68
2231	89.32	21.1	-25.67
2232	89.36	21.08	-25.66
2233	89.4	21.07	-25.65
2234	89.44	21.06	-25.63
2235	89.48	21.07	-25.63
2236	89.52	21.07	-25.63
2237	89.56	21.07	-25.64
2238	89.6	21.06	-25.64
2239	89.64	21.05	-25.63
2240	89.68	21.03	-25.62
2241	89.72	21.02	-25.6
2242	89.76	21.02	-25.58
2243	89.8	21.03	-25.55
2244	89.84	21.03	-25.51
2245	89.88	21.03	-25.48
2246	89.92	21.02	-25.44
2247	89.96	21.01	-25.4
2248	90	20.99	-25.37
2249	90.04	20.97	-25.36
2250	90.08	20.96	-25.36
2251	90.12	20.94	-25.38
2252	90.16	20.94	-25.42
2253	90.2	20.9	-25.45
2254	90.24	20.91	-25.49
2255	90.28	20.91	-25.52
2256	90.32	20.93	-25.55
2257	90.36	20.99	-25.56
2258	90.4	21.03	-25.57
2259	90.44	21.08	-25.59
2260	90.48	21.13	-25.62
2261	90.52	21.16	-25.65
2262	90.56	21.17	-25.69
2263	90.6	21.17	-25.72
2264	90.64	21.17	-25.74
2265	90.68	21.15	-25.74
2266	90.72	21.12	-25.73
2267	90.76	21.09	-25.72
2268	90.8	21.05	-25.72
2269	90.84	20.99	-25.72
2270	90.88	20.93	-25.72
2271	90.92	20.87	-25.71
2272	90.96	20.79	-25.68
2273	91	20.74	-25.64
2274	91.04	20.71	-25.63
2275	91.08	20.68	-25.6
2276	91.12	20.65	-25.59
2277	91.16	20.66	-25.59
2278	91.2	20.67	-25.61
2279	91.24	20.69	-26
2280	91.28	20.73	-26.43
2281	91.32	20.73	-26.84
2282	91.36	20.72	-27.17
2283	91.4	20.71	-27.16
2284	91.44	20.7	-27.14
2285	91.48	20.7	-27.14
2286	91.52	20.7	-27.2
2287	91.56	20.69	-27.24
2288	91.6	20.66	-27.24
2289	91.64	20.64	-26.86
2290	91.68	20.58	-26.45
2291	91.72	20.49	-26.03
2292	91.76	20.4	-25.6
2293	91.8	20.29	-25.54
2294	91.84	20.17	-25.49
2295	91.88	20.06	-25.47
2296	91.92	19.96	-25.43
2297	91.96	19.89	-25.38
2298	92	19.82	-25.3
2299	92.04	19.76	-25.22
2300	92.08	19.68	-25.14
2301	92.12	19.58	-25.06
2302	92.16	19.5	-25
2303	92.2	19.43	-24.94
2304	92.24	19.37	-24.87
2305	92.28	19.29	-24.82
2306	92.32	19.19	-24.79
2307	92.36	19.07	-24.75
2308	92.4	18.95	-24.69
2309	92.44	18.83	-24.63
2310	92.48	18.72	-24.56
2311	92.52	18.61	-24.5
2312	92.56	18.49	-24.46
2313	92.6	18.35	-24.43
2314	92.64	18.2	-24.42
2315	92.68	18.01	-24.45
2316	92.72	17.8	-24.48
2317	92.76	17.58	-24.48
2318	92.8	17.41	-24.47
2319	92.84	17.32	-24.41
2320	92.88	17.28	-24.36
2321	92.92	17.28	-24.34
2322	92.96	17.3	-24.31
2323	93	17.29	-24.29
2324	93.04	17.3	-24.24
2325	93.08	17.33	-24.19
2326	93.12	17.37	-24.15
2327	93.16	17.42	-24.14
2328	93.2	17.49	-24.15
2329	93.24	17.55	-24.16
2330	93.28	17.59	-24.18
2331	93.32	17.63	-24.18
2332	93.36	17.63	-24.16
2333	93.4	17.63	-24.18
2334	93.44	17.61	-24.17
2335	93.48	17.56	-24.15
2336	93.52	17.5	-24.11
2337	93.56	17.43	-24.07
2338	93.6	17.32	-24.04
2339	93.64	17.15	-24.01
2340	93.68	16.97	-24.03
2341	93.72	16.79	-24.04
2342	93.76	16.65	-24.03
2343	93.8	16.58	-24.02
2344	93.84	16.5	-23.98
2345	93.88	16.39	-23.93
2346	93.92	16.29	-23.95
2347	93.96	16.22	-23.99
2348	94	16.21	-24.06
2349	94.04	16.23	-24.14
2350	94.08	16.24	-24.16
2351	94.12	16.24	-24.16
2352	94.16	16.23	-24.12
2353	94.2	16.23	-24.09
2354	94.24	16.22	-24.06
2355	94.28	16.2	-24.02
2356	94.32	16.16	-24.01
2357	94.36	16.11	-24.03
2358	94.4	16.07	-24.06
2359	94.44	16.06	-24.13
2360	94.48	16.05	-24.2
2361	94.52	16.04	-24.23
2362	94.56	16.03	-24.28
2363	94.6	16.01	-24.31
2364	94.64	15.99	-24.34
2365	94.68	15.98	-24.37
2366	94.72	15.96	-24.4
2367	94.76	15.95	-24.44
2368	94.8	15.93	-24.46
2369	94.84	15.91	-24.48
2370	94.88	15.91	-24.5
2371	94.92	15.91	-24.52
2372	94.96	15.93	-24.52
2373	95	15.94	-24.53
2374	95.04	15.96	-24.55
2375	95.08	15.95	-24.57
2376	95.12	15.95	-24.6
2377	95.16	15.94	-24.64
2378	95.2	15.93	-24.65
2379	95.24	15.94	-24.64
2380	95.28	15.95	-24.65
2381	95.32	15.94	-24.64
2382	95.36	15.92	-24.63
2383	95.4	15.89	-24.58
2384	95.44	15.84	-24.49
2385	95.48	15.81	-24.4
2386	95.52	15.8	-24.3
2387	95.56	15.79	-24.24
2388	95.6	15.8	-24.22
2389	95.64	15.8	-24.21
2390	95.68	15.79	-24.21
2391	95.72	15.77	-24.25
2392	95.76	15.72	-24.3
2393	95.8	15.66	-24.32
2394	95.84	15.59	-24.34
2395	95.88	15.49	-24.31
2396	95.92	15.41	-24.27
2397	95.96	15.33	-24.23
2398	96	15.26	-24.2
2399	96.04	15.2	-24.15
2400	96.08	15.15	-24.11
2401	96.12	15.07	-24.07
2402	96.16	14.98	-24.04
2403	96.2	14.91	-24.02
2404	96.24	14.87	-23.97
2405	96.28	14.85	-23.95
2406	96.32	14.85	-23.92
2407	96.36	14.84	-23.88
2408	96.4	14.83	-23.88
2409	96.44	14.8	-23.91
2410	96.48	14.77	-23.97
2411	96.52	14.73	-24.09
2412	96.56	14.67	-24.22
2413	96.6	14.6	-24.37
2414	96.64	14.54	-24.51
2415	96.68	14.5	-24.63
2416	96.72	14.47	-24.73
2417	96.76	14.46	-24.79
2418	96.8	14.44	-24.8
2419	96.84	14.37	-24.81
2420	96.88	14.27	-24.82
2421	96.92	14.16	-24.85
2422	96.96	14.05	-24.9
2423	96.99	13.97	-24.95
2424	97.04	13.89	-24.98
2425	97.07	13.8	-24.98
2426	97.11	13.7	-24.95
2427	97.15	13.61	-24.85
2428	97.19	13.52	-24.76
2429	97.23	13.46	-24.66
2430	97.27	13.41	-24.57
2431	97.31	13.38	-24.51
2432	97.35	13.37	-24.44
2433	97.39	13.4	-24.42
2434	97.43	13.48	-24.36
2435	97.47	13.57	-24.29
2436	97.51	13.67	-24.19
2437	97.55	13.78	-24.09
2438	97.59	13.87	-23.99
2439	97.63	13.92	-23.91
2440	97.67	13.94	-23.85
2441	97.71	13.92	-23.76
2442	97.75	13.87	-23.63
2443	97.79	13.8	-23.5
2444	97.83	13.72	-23.39
2445	97.87	13.64	-23.3
2446	97.91	13.58	-23.25
2447	97.95	13.54	-23.24
2448	97.99	13.52	-23.2
2449	98.03	13.53	-23.16
2450	98.07	13.54	-23.11
2451	98.11	13.55	-23.06
2452	98.15	13.57	-23.01
2453	98.19	13.58	-22.97
2454	98.23	13.57	-22.96
2455	98.27	13.55	-22.99
2456	98.31	13.52	-23.02
2457	98.35	13.48	-23.09
2458	98.39	13.45	-23.2
2459	98.43	13.44	-23.29
2460	98.47	13.43	-23.37
2461	98.51	13.43	-23.41
2462	98.55	13.44	-23.43
2463	98.59	13.44	-23.43
2464	98.63	13.44	-23.43
2465	98.67	13.45	-23.44
2466	98.71	13.45	-23.48
2467	98.75	13.46	-23.52
2468	98.79	13.46	-23.57
2469	98.83	13.47	-23.58
2470	98.87	13.48	-23.56
2471	98.91	13.48	-23.5
2472	98.95	13.47	-23.4
2473	98.99	13.47	-23.29
2474	99.03	13.46	-23.14
2475	99.07	13.47	-23.01
2476	99.11	13.48	-22.89
2477	99.15	13.49	-22.82
2478	99.19	13.52	-22.79
2479	99.23	13.56	-22.82
2480	99.27	13.61	-22.86
2481	99.31	13.66	-22.88
2482	99.35	13.72	-22.92
2483	99.39	13.78	-22.93
2484	99.43	13.83	-22.93
2485	99.47	13.87	-22.94
2486	99.51	13.91	-22.97
2487	99.55	13.95	-23.01
2488	99.59	13.99	-23.05
2489	99.63	14.06	-23.11
2490	99.67	14.19	-23.2
2491	99.71	14.32	-23.28
2492	99.75	14.44	-23.35
2493	99.79	14.54	-23.4
2494	99.83	14.6	-23.39
2495	99.87	14.7	-23.37
2496	99.91	14.84	-23.34
2497	99.95	15	-23.31
2498	99.99	15.15	-23.31
2499	100.03	15.29	-23.33
2500	100.07	15.41	-23.35
2501	100.11	15.58	-23.41
2502	100.15	15.82	-23.51
2503	100.19	16.07	-23.62
2504	100.23	16.32	-23.74
2505	100.27	16.51	-23.86
2506	100.31	16.62	-23.95
2507	100.35	16.72	-24.05
2508	100.39	16.82	-24.14
2509	100.43	16.96	-24.23
2510	100.47	17.12	-24.33
2511	100.51	17.23	-24.38
2512	100.55	17.37	-24.44
2513	100.59	17.49	-24.5
2514	100.63	17.64	-24.6
2515	100.67	17.8	-24.73
2516	100.71	17.96	-24.83
2517	100.75	18.11	-24.9
2518	100.79	18.28	-24.95
2519	100.83	18.5	-25
2520	100.87	18.78	-25.05
2521	100.91	19.07	-25.1
2522	100.95	19.35	-25.11
2523	100.99	19.6	-25.12
2524	101.03	19.77	-25.09
2525	101.07	19.89	-25.08
2526	101.11	19.96	-25.09
2527	101.15	20.04	-25.12
2528	101.19	20.14	-25.12
2529	101.23	20.24	-25.08
2530	101.27	20.34	-25.02
2531	101.31	20.39	-24.95
2532	101.35	20.43	-24.93
2533	101.39	20.47	-24.92
2534	101.43	20.54	-24.91
2535	101.47	20.61	-24.88
2536	101.51	20.64	-24.81
2537	101.55	20.65	-24.75
2538	101.59	20.64	-24.67
2539	101.63	20.63	-24.6
2540	101.67	20.63	-24.54
2541	101.71	20.62	-24.5
2542	101.75	20.6	-24.45
2543	101.79	20.61	-24.39
2544	101.83	20.64	-24.33
2545	101.87	20.69	-24.24
2546	101.91	20.74	-24.19
2547	101.95	20.79	-24.15
2548	101.99	20.83	-24.12
2549	102.03	20.87	-24.13
2550	102.07	20.93	-24.16
2551	102.11	20.97	-24.22
2552	102.15	21.01	-24.3
2553	102.19	21.09	-24.38
2554	102.23	21.22	-24.46
2555	102.27	21.4	-24.53
2556	102.31	21.59	-24.62
2557	102.35	21.74	-24.67
2558	102.39	21.76	-24.72
2559	102.43	21.73	-24.74
2560	102.47	21.62	-24.73
2561	102.51	21.51	-24.73
2562	102.55	21.46	-24.73
2563	102.59	21.44	-24.75
2564	102.63	21.47	-24.78
2565	102.67	21.52	-24.8
2566	102.71	21.57	-24.82
2567	102.75	21.65	-24.81
2568	102.79	21.71	-24.78
2569	102.83	21.75	-24.74
2570	102.87	21.8	-24.69
2571	102.91	21.86	-24.63
2572	102.95	21.91	-24.57
2573	102.99	21.97	-24.5
2574	103.03	22.01	-24.4
2575	103.07	22.04	-24.3
2576	103.11	22.01	-24.23
2577	103.15	21.94	-24.21
2578	103.19	21.82	-24.26
2579	103.23	21.64	-24.39
2580	103.27	21.49	-24.53
2581	103.31	21.39	-24.65
2582	103.35	21.35	-24.74
2583	103.39	21.34	-24.77
2584	103.43	21.32	-24.77
2585	103.47	21.29	-24.78
2586	103.51	21.24	-24.79
2587	103.55	21.2	-24.8
2588	103.59	21.18	-24.82
2589	103.63	21.17	-24.84
2590	103.67	21.17	-24.88
2591	103.71	21.17	-24.95
2592	103.75	21.14	-25.05
2593	103.79	21.09	-25.15
2594	103.83	21	-25.24
2595	103.87	20.91	-25.31
2596	103.91	20.83	-25.35
2597	103.95	20.76	-25.37
2598	103.99	20.69	-25.38
2599	104.03	20.63	-25.38
2600	104.07	20.57	-25.37
2601	104.11	20.52	-25.35
2602	104.15	20.48	-25.33
2603	104.19	20.44	-25.31
2604	104.23	20.39	-25.31
2605	104.27	20.35	-25.31
2606	104.31	20.33	-25.32
2607	104.35	20.31	-25.34
2608	104.39	20.31	-25.34
2609	104.43	20.32	-25.34
2610	104.47	20.32	-25.34
2611	104.51	20.32	-25.35
2612	104.55	20.32	-25.36
2613	104.59	20.31	-25.38
2614	104.63	20.3	-25.4
2615	104.67	20.3	-25.41
2616	104.71	20.3	-25.4
2617	104.75	20.31	-25.4
2618	104.79	20.3	-25.41
2619	104.83	20.28	-25.42
2620	104.87	20.25	-25.45
2621	104.91	20.22	-25.46
2622	104.95	20.2	-25.49
2623	104.99	20.18	-25.51
2624	105.03	20.17	-25.54
2625	105.07	20.16	-25.55
2626	105.11	20.15	-25.56
2627	105.15	20.13	-25.57
2628	105.19	20.13	-25.59
2629	105.23	20.13	-25.62
2630	105.27	20.14	-25.63
2631	105.31	20.14	-25.62
2632	105.35	20.13	-25.62
2633	105.39	20.13	-25.63
2634	105.43	20.12	-25.64
2635	105.47	20.13	-25.65
2636	105.51	20.13	-25.65
2637	105.55	20.11	-25.65
2638	105.59	20.1	-25.66
2639	105.63	20.1	-25.68
2640	105.67	20.12	-25.7
2641	105.71	20.15	-25.72
2642	105.75	20.16	-25.72
2643	105.79	20.16	-25.71
2644	105.83	20.15	-25.71
2645	105.87	20.15	-25.7
2646	105.91	20.15	-25.73
2647	105.95	20.16	-25.76
2648	105.99	20.17	-25.76
2649	106.03	20.19	-25.75
2650	106.07	20.23	-25.72
2651	106.11	20.25	-25.68
2652	106.15	20.27	-25.65
2653	106.19	20.27	-25.61
2654	106.23	20.25	-25.58
2655	106.27	20.26	-25.54
2656	106.31	20.29	-25.52
2657	106.35	20.32	-25.49
2658	106.39	20.37	-25.48
2659	106.43	20.41	-25.49
2660	106.47	20.44	-25.51
2661	106.51	20.49	-25.54
2662	106.55	20.53	-25.57
2663	106.59	20.56	-25.58
2664	106.63	20.59	-25.56
2665	106.67	20.61	-25.54
2666	106.71	20.62	-25.49
2667	106.75	20.63	-25.46
2668	106.79	20.67	-25.44
2669	106.83	20.72	-25.44
2670	106.87	20.83	-25.47
2671	106.91	20.97	-25.53
2672	106.95	21.09	-25.6
2673	106.99	21.21	-25.64
2674	107.03	21.26	-25.67
2675	107.07	21.28	-25.65
2676	107.11	21.29	-25.64
2677	107.15	21.28	-25.62
2678	107.19	21.22	-25.6
2679	107.23	21.14	-25.59
2680	107.27	21.01	-25.56
2681	107.31	20.88	-25.53
2682	107.35	20.77	-25.47
2683	107.39	20.65	-25.41
2684	107.43	20.55	-25.33
2685	107.47	20.47	-25.27
2686	107.51	20.41	-25.25
2687	107.55	20.37	-25.23
2688	107.59	20.37	-25.23
2689	107.63	20.35	-25.19
2690	107.67	20.31	-25.12
2691	107.71	20.27	-25.06
2692	107.75	20.2	-25.03
2693	107.79	20.16	-25.04
2694	107.83	20.14	-25.04
2695	107.87	20.14	-25.02
2696	107.91	20.16	-24.96
2697	107.95	20.18	-24.86
2698	107.99	20.18	-24.71
2699	108.03	20.14	-24.58
2700	108.07	20.08	-24.48
2701	108.11	20.01	-24.41
2702	108.15	19.95	-24.39
2703	108.19	19.89	-24.37
2704	108.23	19.84	-24.35
2705	108.27	19.8	-24.37
2706	108.31	19.77	-24.42
2707	108.35	19.8	-24.46
2708	108.39	19.9	-24.47
2709	108.43	19.97	-24.43
2710	108.47	19.98	-24.38
2711	108.51	19.93	-24.34
2712	108.55	19.84	-24.3
2713	108.59	19.74	-24.27
2714	108.63	19.67	-24.2
2715	108.67	19.58	-24.14
2716	108.71	19.5	-24.09
2717	108.75	19.43	-24.06
2718	108.79	19.38	-24.03
2719	108.83	19.34	-24.02
2720	108.87	19.29	-24
2721	108.91	19.23	-23.96
2722	108.95	19.13	-23.93
2723	108.99	19	-23.93
2724	109.03	18.84	-23.95
2725	109.07	18.66	-24.02
2726	109.11	18.46	-24.15
2727	109.15	18.28	-24.26
2728	109.19	18.13	-24.34
2729	109.23	18	-24.4
2730	109.27	17.9	-24.43
2731	109.31	17.82	-24.49
2732	109.35	17.75	-24.57
2733	109.39	17.71	-24.67
2734	109.43	17.7	-24.76
2735	109.47	17.71	-24.84
2736	109.51	17.73	-24.89
2737	109.55	17.74	-24.92
2738	109.59	17.76	-24.92
2739	109.63	17.79	-24.9
2740	109.67	17.82	-24.88
2741	109.71	17.86	-24.86
2742	109.75	17.88	-24.83
2743	109.79	17.93	-24.79
2744	109.83	17.98	-24.75
2745	109.87	18.04	-24.69
2746	109.91	18.1	-24.64
2747	109.95	18.15	-24.58
2748	109.99	18.2	-24.54
2749	110.03	18.25	-24.52
2750	110.07	18.3	-24.49
2751	110.11	18.34	-24.46
2752	110.15	18.38	-24.43
2753	110.19	18.44	-24.39
2754	110.23	18.47	-24.4
2755	110.27	18.5	-24.42
2756	110.31	18.54	-24.42
2757	110.35	18.57	-24.41
2758	110.39	18.6	-24.4
2759	110.43	18.62	-24.38
2760	110.47	18.64	-24.35
2761	110.51	18.68	-24.32
2762	110.55	18.76	-24.25
2763	110.59	18.81	-24.18
2764	110.63	18.86	-24.1
2765	110.67	18.89	-24.03
2766	110.71	18.89	-23.99
2767	110.75	18.89	-24
2768	110.79	18.83	-24.04
2769	110.83	18.73	-24.07
2770	110.87	18.64	-24.1
2771	110.91	18.56	-24.1
2772	110.95	18.54	-24.09
2773	110.99	18.54	-24.05
2774	111.03	18.51	-23.97
2775	111.07	18.45	-23.86
2776	111.11	18.36	-23.72
2777	111.15	18.27	-23.59
2778	111.19	18.19	-23.48
2779	111.23	18.1	-23.38
2780	111.27	17.99	-23.28
2781	111.31	17.86	-23.15
2782	111.35	17.7	-22.99
2783	111.39	17.53	-22.82
2784	111.43	17.38	-22.68
2785	111.47	17.26	-22.55
2786	111.51	17.17	-22.41
2787	111.55	17.12	-22.26
2788	111.59	17.07	-22.08
2789	111.63	17.01	-21.88
2790	111.67	16.97	-21.75
2791	111.71	16.92	-21.65
2792	111.75	16.86	-21.57
2793	111.79	16.81	-21.48
2794	111.83	16.74	-21.35
2795	111.87	16.68	-21.22
2796	111.91	16.62	-21.09
2797	111.95	16.56	-21.01
2798	111.99	16.5	-20.95
2799	112.03	16.46	-20.9
2800	112.07	16.41	-20.86
2801	112.11	16.37	-20.82
2802	112.15	16.33	-20.78
2803	112.19	16.28	-20.75
2804	112.23	16.24	-20.74
2805	112.27	16.22	-20.74
2806	112.31	16.2	-20.74
2807	112.35	16.2	-20.75
2808	112.39	16.22	-20.76
2809	112.43	16.22	-20.77
2810	112.47	16.23	-20.79
2811	112.51	16.26	-20.81
2812	112.55	16.29	-20.84
2813	112.59	16.31	-20.86
2814	112.63	16.34	-20.88
2815	112.67	16.37	-20.9
2816	112.71	16.39	-20.92
2817	112.75	16.42	-20.95
2818	112.79	16.46	-20.99
2819	112.83	16.5	-21.04
2820	112.87	16.53	-21.09
2821	112.91	16.56	-21.14
2822	112.95	16.59	-21.18
2823	112.99	16.62	-21.22
2824	113.03	16.65	-21.25
2825	113.07	16.69	-21.29
2826	113.11	16.73	-21.34
2827	113.15	16.76	-21.35
2828	113.19	16.78	-21.35
2829	113.23	16.78	-21.37
2830	113.27	16.78	-21.35
2831	113.31	16.78	-21.38
2832	113.35	16.81	-21.45
2833	113.39	16.8	-21.5
2834	113.43	16.79	-21.58
2835	113.47	16.75	-21.65
2836	113.51	16.7	-21.67
2837	113.55	16.67	-21.71
2838	113.59	16.65	-21.75
2839	113.63	16.65	-21.8
2840	113.67	16.67	-21.87
2841	113.71	16.65	-21.92
2842	113.75	16.64	-21.98
2843	113.79	16.62	-22.01
2844	113.83	16.61	-22.04
2845	113.87	16.64	-22.05
2846	113.91	16.7	-22.05
2847	113.95	16.75	-22.05
2848	113.99	16.79	-22.08
2849	114.03	16.8	-22.12
2850	114.07	16.78	-22.19
2851	114.11	16.76	-22.23
2852	114.15	16.74	-22.2
2853	114.19	16.69	-22.13
2854	114.23	16.63	-22.05
2855	114.27	16.55	-21.97
2856	114.31	16.47	-21.94
2857	114.35	16.41	-21.95
2858	114.39	16.4	-21.93
2859	114.43	16.43	-21.89
2860	114.47	16.48	-21.86
2861	114.51	16.57	-21.83
2862	114.55	16.64	-21.81
2863	114.59	16.73	-21.8
2864	114.63	16.82	-21.81
2865	114.67	16.89	-21.81
2866	114.71	17.02	-21.8
2867	114.75	17.14	-21.81
2868	114.79	17.29	-21.82
2869	114.83	17.51	-21.85
2870	114.87	17.73	-21.9
2871	114.91	17.98	-21.93
2872	114.95	18.22	-21.93
2873	114.99	18.41	-21.92
2874	115.03	18.61	-21.9
2875	115.07	18.8	-21.89
2876	115.11	19.02	-21.91
2877	115.15	19.27	-21.96
2878	115.19	19.54	-22.01
2879	115.23	19.82	-22.07
2880	115.27	20.07	-22.12
2881	115.31	20.26	-22.17
2882	115.35	20.38	-22.21
2883	115.39	20.41	-22.26
2884	115.43	20.39	-22.31
2885	115.47	20.35	-22.36
2886	115.51	20.29	-22.4
2887	115.55	20.23	-22.44
2888	115.59	20.21	-22.51
2889	115.63	20.2	-22.57
2890	115.67	20.23	-22.66
2891	115.71	20.24	-22.73
2892	115.75	20.22	-22.78
2893	115.79	20.15	-22.8
2894	115.83	20.05	-22.83
2895	115.87	19.97	-22.87
2896	115.91	19.9	-22.91
2897	115.95	19.86	-22.95
2898	115.99	19.81	-22.99
2899	116.03	19.74	-23.01
2900	116.07	19.67	-23.05
2901	116.11	19.62	-23.14
2902	116.15	19.59	-23.24
2903	116.19	19.56	-23.36
2904	116.23	19.54	-23.46
2905	116.27	19.51	-23.52
2906	116.31	19.46	-23.57
2907	116.35	19.4	-23.61
2908	116.39	19.33	-23.62
2909	116.43	19.26	-23.6
2910	116.47	19.2	-23.59
2911	116.51	19.18	-23.57
2912	116.55	19.15	-23.54
2913	116.59	19.14	-23.52
2914	116.63	19.13	-23.48
2915	116.67	19.11	-23.43
2916	116.71	19.08	-23.37
2917	116.75	19.05	-23.3
2918	116.79	19.04	-23.23
2919	116.83	19.03	-23.18
2920	116.87	19.04	-23.12
2921	116.91	19.06	-23.07
2922	116.95	19.07	-23.01
2923	116.99	19.11	-22.96
2924	117.03	19.17	-22.92
2925	117.07	19.25	-22.93
2926	117.11	19.37	-22.95
2927	117.15	19.5	-23
2928	117.19	19.64	-23.07
2929	117.23	19.79	-23.14
2930	117.27	19.9	-23.2
2931	117.31	20.04	-23.28
2932	117.35	20.19	-23.36
2933	117.39	20.32	-23.42
2934	117.43	20.49	-23.51
2935	117.47	20.6	-23.56
2936	117.51	20.64	-23.58
2937	117.55	20.68	-23.6
2938	117.59	20.64	-23.59
2939	117.63	20.6	-23.58
2940	117.67	20.6	-23.6
2941	117.71	20.62	-23.63
2942	117.75	20.68	-23.67
2943	117.79	20.73	-23.71
2944	117.83	20.79	-23.74
2945	117.87	20.84	-23.77
2946	117.91	20.89	-23.83
2947	117.95	20.9	-23.9
2948	117.99	20.85	-23.95
2949	118.03	20.79	-23.98
2950	118.07	20.69	-23.97
2951	118.11	20.59	-23.9
2952	118.15	20.5	-23.82
2953	118.19	20.42	-23.72
2954	118.23	20.4	-23.64
2955	118.27	20.4	-23.58
2956	118.31	20.4	-23.5
2957	118.35	20.35	-23.43
2958	118.39	20.28	-23.34
2959	118.43	20.18	-23.27
2960	118.47	20.01	-23.19
2961	118.51	19.86	-23.13
2962	118.55	19.72	-23.07
2963	118.59	19.64	-23.02
2964	118.63	19.64	-22.98
2965	118.67	19.64	-22.93
2966	118.71	19.61	-22.87
2967	118.75	19.56	-22.82
2968	118.79	19.46	-22.79
2969	118.83	19.35	-22.79
2970	118.87	19.25	-22.82
2971	118.91	19.14	-22.84
2972	118.95	19.06	-22.85
2973	118.99	19	-22.85
2974	119.03	18.95	-22.82
2975	119.07	18.93	-22.82
2976	119.11	18.94	-22.82
2977	119.15	18.95	-22.8
2978	119.19	18.96	-22.79
2979	119.23	18.91	-22.76
2980	119.27	18.83	-22.75
2981	119.31	18.72	-22.74
2982	119.35	18.6	-22.74
2983	119.39	18.49	-22.74
2984	119.43	18.38	-22.74
2985	119.47	18.28	-22.76
2986	119.51	18.22	-22.79
2987	119.55	18.2	-22.84
2988	119.59	18.2	-22.92
2989	119.63	18.22	-22.99
2990	119.67	18.24	-23.06
2991	119.71	18.25	-23.11
2992	119.75	18.27	-23.15
2993	119.79	18.28	-23.17
2994	119.83	18.27	-23.21
2995	119.87	18.26	-23.23
2996	119.91	18.25	-23.23
