1	0.06	-0.55	3.1
2	0.1	-0.55	3.1
3	0.14	-0.54	3.09
4	0.18	-0.54	3.08
5	0.22	-0.53	3.09
6	0.26	-0.52	3.1
7	0.3	-0.51	3.11
8	0.34	-0.5	3.13
9	0.38	-0.49	3.14
10	0.42	-0.49	3.15
11	0.51	-0.49	3.15
12	0.54	-0.5	3.18
13	0.58	-0.51	3.19
14	0.62	-0.53	3.24
15	0.66	-0.55	3.28
16	0.7	-0.56	3.32
17	0.74	-0.57	3.35
18	0.78	-0.58	3.36
19	0.82	-0.59	3.37
20	0.86	-0.62	3.4
21	0.9	-0.63	3.43
22	0.94	-0.65	3.46
23	0.98	-0.67	3.49
24	1.02	-0.69	3.5
25	1.06	-0.71	3.51
26	1.1	-0.72	3.55
27	1.14	-0.74	3.57
28	1.18	-0.76	3.6
29	1.22	-0.78	3.61
30	1.26	-0.8	3.58
31	1.3	-0.82	3.58
32	1.34	-0.84	3.56
33	1.38	-0.86	3.54
34	1.42	-0.87	3.52
35	1.46	-0.87	3.51
36	1.5	-0.88	3.5
37	1.54	-0.88	3.49
38	1.58	-0.88	3.47
39	1.62	-0.88	3.43
40	1.66	-0.88	3.4
41	1.7	-0.89	3.35
42	1.74	-0.9	3.33
43	1.78	-0.93	3.31
44	1.82	-0.95	3.28
45	1.86	-0.97	3.26
46	1.9	-0.98	3.21
47	1.94	-0.99	3.16
48	1.98	-1	3.14
49	2.02	-1.02	3.13
50	2.06	-1.05	3.15
51	2.1	-1.07	3.19
52	2.14	-1.07	3.21
53	2.18	-1.06	3.21
54	2.22	-1.03	3.18
55	2.26	-0.99	3.13
56	2.3	-0.97	3.07
57	2.34	-0.92	3.04
58	2.38	-0.9	3.02
59	2.42	-0.89	3.02
60	2.46	-0.88	3.03
61	2.5	-0.89	3
62	2.54	-0.88	3
63	2.58	-0.86	2.99
64	2.62	-0.82	2.96
65	2.66	-0.79	2.93
66	2.7	-0.76	2.88
67	2.74	-0.73	2.83
68	2.78	-0.69	2.78
69	2.82	-0.63	2.74
70	2.86	-0.56	2.7
71	2.9	-0.49	2.64
72	2.94	-0.42	2.59
73	2.98	-0.35	2.55
74	3.02	-0.24	2.52
75	3.06	-0.14	2.46
76	3.1	0	2.4
77	3.14	0.12	2.3
78	3.18	0.21	2.17
79	3.22	0.29	2.08
80	3.26	0.36	1.97
81	3.3	0.41	1.91
82	3.34	0.47	1.86
83	3.38	0.54	1.82
84	3.42	0.59	1.8
85	3.46	0.67	1.76
86	3.66	0.71	1.72
87	3.7	0.77	1.67
88	3.74	0.76	1.63
89	3.78	0.73	1.61
90	3.82	0.72	1.58
91	3.86	0.68	1.55
92	3.9	0.64	1.52
93	3.94	0.58	1.48
94	3.98	0.49	1.46
95	4.02	0.42	1.41
96	4.06	0.38	1.35
97	4.1	0.3	1.28
98	4.14	0.27	1.19
99	4.18	0.2	1.11
100	4.22	0.14	1.02
101	4.26	0.11	0.94
102	4.3	0.05	0.83
103	4.34	-0.03	0.69
104	4.38	-0.1	0.52
105	4.42	-0.21	0.34
106	4.46	-0.36	0.21
107	4.5	-0.47	0.12
108	4.54	-0.63	0.07
109	4.58	-0.77	0.03
110	4.62	-0.88	0.01
111	4.66	-0.98	0.03
112	4.7	-1.03	0.03
113	4.74	-1.05	0.02
114	4.78	-1.05	-0.02
115	4.82	-1.06	-0.08
116	4.86	-1.1	-0.12
117	4.9	-1.19	-0.11
118	4.94	-1.33	-0.06
119	4.98	-1.52	-0.03
120	5.02	-1.71	0
121	5.06	-1.89	0
122	5.1	-2.05	0.01
123	5.14	-2.22	0.02
124	5.18	-2.42	0.02
125	5.22	-2.64	0.03
126	5.26	-2.86	0.03
127	5.3	-3.09	0.03
128	5.34	-3.29	0.03
129	5.38	-3.46	0.04
130	5.42	-3.62	0.03
131	5.46	-3.76	0.03
132	5.5	-3.92	0.05
133	5.54	-4.12	0.06
134	5.58	-4.33	0.08
135	5.62	-4.53	0.09
136	5.66	-4.74	0.07
137	5.7	-4.93	0.03
138	5.74	-5.14	0.01
139	5.78	-5.33	0
140	5.82	-5.47	0
141	5.86	-5.59	0.01
142	5.9	-5.71	0.02
143	5.94	-5.85	-0.01
144	5.98	-6	-0.02
145	6.02	-6.15	-0.04
146	6.06	-6.26	-0.04
147	6.1	-6.38	-0.06
148	6.14	-6.44	-0.06
149	6.18	-6.51	-0.06
150	6.22	-6.62	-0.08
151	6.26	-6.7	-0.07
152	6.3	-6.8	-0.09
153	6.34	-6.92	-0.12
154	6.38	-7	-0.15
155	6.42	-7.08	-0.2
156	6.46	-7.18	-0.27
157	6.5	-7.25	-0.32
158	6.54	-7.31	-0.34
159	6.58	-7.38	-0.34
160	6.62	-7.43	-0.31
161	6.66	-7.47	-0.29
162	6.7	-7.54	-0.29
163	6.74	-7.6	-0.3
164	6.78	-7.67	-0.32
165	6.82	-7.79	-0.3
166	6.86	-7.94	-0.23
167	6.9	-8.11	-0.14
168	6.94	-8.25	-0.05
169	6.98	-8.35	0.04
170	7.02	-8.4	0.1
171	7.06	-8.43	0.13
172	7.1	-8.47	0.17
173	7.14	-8.55	0.2
174	7.18	-8.66	0.27
175	7.22	-8.81	0.34
176	7.26	-8.93	0.4
177	7.3	-9.01	0.45
178	7.34	-9.09	0.48
179	7.38	-9.14	0.47
180	7.42	-9.22	0.48
181	7.46	-9.29	0.49
182	7.5	-9.35	0.49
183	7.54	-9.38	0.5
184	7.58	-9.4	0.53
185	7.62	-9.39	0.54
186	7.66	-9.42	0.55
187	7.7	-9.41	0.56
188	7.74	-9.45	0.56
189	7.78	-9.48	0.6
190	7.82	-9.5	0.71
191	7.86	-9.57	0.84
192	7.9	-9.58	1
193	7.94	-9.63	1.16
194	7.98	-9.61	1.26
195	8.02	-9.62	1.39
196	8.06	-9.6	1.46
197	8.1	-9.61	1.53
198	8.14	-9.69	1.62
199	8.18	-9.77	1.69
200	8.22	-9.83	1.78
201	8.26	-9.9	1.88
202	8.3	-9.94	1.95
203	8.34	-9.92	2
204	8.38	-9.92	2.04
205	8.42	-9.94	2.07
206	8.46	-9.93	2.08
207	8.5	-9.95	2.1
208	8.54	-9.98	2.11
209	8.58	-9.99	2.1
210	8.62	-10	2.09
211	8.66	-10.01	2.07
212	8.7	-10	2.07
213	8.74	-10	2.07
214	8.78	-10.01	2.07
215	8.82	-10.04	2.09
216	8.86	-10.09	2.12
217	8.9	-10.13	2.18
218	8.94	-10.17	2.27
219	8.98	-10.19	2.39
220	9.02	-10.19	2.52
221	9.06	-10.19	2.63
222	9.1	-10.18	2.76
223	9.14	-10.19	2.89
224	9.18	-10.21	3.03
225	9.22	-10.23	3.15
226	9.26	-10.27	3.26
227	9.3	-10.32	3.38
228	9.34	-10.37	3.49
229	9.38	-10.42	3.62
230	9.42	-10.45	3.74
231	9.46	-10.48	3.83
232	9.5	-10.53	3.9
233	9.54	-10.59	3.96
234	9.58	-10.67	4.01
235	9.62	-10.75	4.03
236	9.66	-10.83	4.05
237	9.7	-10.89	4.06
238	9.74	-10.96	4.1
239	9.78	-11.02	4.13
240	9.82	-11.07	4.17
241	9.86	-11.13	4.2
242	9.9	-11.17	4.19
243	9.94	-11.21	4.19
244	9.98	-11.24	4.18
245	10.02	-11.24	4.15
246	10.06	-11.25	4.13
247	10.1	-11.25	4.11
248	10.14	-11.26	4.07
249	10.18	-11.28	4.06
250	10.22	-11.28	4.03
251	10.26	-11.28	4.02
252	10.3	-11.29	4.04
253	10.34	-11.28	4.04
254	10.38	-11.28	4.05
255	10.42	-11.27	4.07
256	10.46	-11.26	4.08
257	10.5	-11.24	4.09
258	10.54	-11.23	4.1
259	10.58	-11.19	4.1
260	10.62	-11.15	4.11
261	10.66	-11.1	4.14
262	10.7	-11.05	4.16
263	10.74	-11.01	4.2
264	10.78	-10.95	4.22
265	10.82	-10.91	4.25
266	10.86	-10.88	4.28
267	10.9	-10.85	4.3
268	10.94	-10.81	4.31
269	10.98	-10.77	4.33
270	11.02	-10.73	4.33
271	11.06	-10.7	4.34
272	11.1	-10.68	4.36
273	11.14	-10.66	4.37
274	11.18	-10.64	4.39
275	11.22	-10.63	4.41
276	11.26	-10.61	4.4
277	11.3	-10.59	4.39
278	11.34	-10.59	4.39
279	11.38	-10.55	4.44
280	11.42	-10.47	4.54
281	11.46	-10.39	4.64
282	11.5	-10.29	4.69
283	11.54	-10.21	4.71
284	11.58	-10.15	4.69
285	11.62	-10.09	4.67
286	11.66	-10.05	4.7
287	11.7	-10	4.73
288	11.74	-9.95	4.77
289	11.78	-9.89	4.83
290	11.82	-9.82	4.87
291	11.86	-9.76	4.88
292	11.9	-9.71	4.88
293	11.94	-9.66	4.88
294	11.98	-9.6	4.89
295	12.02	-9.52	4.91
296	12.06	-9.42	4.95
297	12.1	-9.27	5.02
298	12.14	-9.07	5.08
299	12.18	-8.84	5.12
300	12.22	-8.59	5.14
301	12.26	-8.36	5.12
302	12.3	-8.14	5.1
303	12.34	-7.96	5.1
304	12.38	-7.79	5.11
305	12.42	-7.64	5.15
306	12.46	-7.5	5.21
307	12.5	-7.38	5.26
308	12.54	-7.31	5.29
309	12.58	-7.24	5.32
310	12.62	-7.17	5.34
311	12.66	-7.03	5.34
312	12.7	-6.86	5.32
313	12.74	-6.67	5.27
314	12.78	-6.5	5.17
315	12.82	-6.39	5.09
316	12.86	-6.32	5
317	12.9	-6.25	4.92
318	12.94	-6.19	4.83
319	12.98	-6.09	4.75
320	13.02	-5.94	4.68
321	13.06	-5.83	4.63
322	13.1	-5.75	4.6
323	13.14	-5.72	4.62
324	13.18	-5.72	4.63
325	13.22	-5.73	4.64
326	13.26	-5.68	4.64
327	13.3	-5.59	4.63
328	13.34	-5.51	4.59
329	13.38	-5.4	4.58
330	13.42	-5.36	4.56
331	13.46	-5.34	4.54
332	13.5	-5.36	4.52
333	13.54	-5.4	4.51
334	13.58	-5.42	4.5
335	13.62	-5.45	4.49
336	13.66	-5.47	4.49
337	13.7	-5.55	4.49
338	13.74	-5.58	4.48
339	13.78	-5.63	4.49
340	13.82	-5.65	4.49
341	13.86	-5.63	4.5
342	13.9	-5.67	4.52
343	13.94	-5.7	4.54
344	13.98	-5.74	4.55
345	14.02	-5.82	4.55
346	14.06	-5.88	4.55
347	14.1	-5.94	4.56
348	14.14	-5.98	4.58
349	14.18	-5.99	4.6
350	14.22	-6.05	4.64
351	14.26	-6.09	4.66
352	14.3	-6.15	4.67
353	14.34	-6.17	4.63
354	14.38	-6.18	4.56
355	14.42	-6.21	4.47
356	14.46	-6.25	4.35
357	14.5	-6.32	4.32
358	14.54	-6.39	4.31
359	14.58	-6.43	4.29
360	14.62	-6.48	4.26
361	14.66	-6.56	4.17
362	14.7	-6.65	4.08
363	14.74	-6.8	3.96
364	14.78	-6.98	3.85
365	14.82	-7.13	3.75
366	14.86	-7.29	3.62
367	14.9	-7.47	3.5
368	14.94	-7.66	3.38
369	14.98	-7.87	3.24
370	15.02	-8.12	3.06
371	15.06	-8.36	2.88
372	15.1	-8.6	2.69
373	15.14	-8.83	2.5
374	15.18	-9.01	2.33
375	15.22	-9.15	2.2
376	15.26	-9.25	2.09
377	15.3	-9.4	1.96
378	15.34	-9.59	1.84
379	15.38	-9.79	1.73
380	15.42	-9.99	1.59
381	15.46	-10.16	1.46
382	15.5	-10.3	1.33
383	15.54	-10.45	1.19
384	15.58	-10.61	1.04
385	15.65	-10.75	0.89
386	15.7	-10.88	0.74
387	15.74	-11	0.59
388	15.78	-11.09	0.41
389	15.82	-11.16	0.25
390	15.86	-11.26	0.08
391	15.9	-11.36	-0.08
392	15.94	-11.5	-0.23
393	15.98	-11.64	-0.33
394	16.02	-11.76	-0.41
395	16.06	-11.87	-0.46
396	16.1	-11.95	-0.49
397	16.14	-12.04	-0.54
398	16.18	-12.11	-0.59
399	16.22	-12.19	-0.67
400	16.26	-12.26	-0.73
401	16.3	-12.33	-0.81
402	16.34	-12.41	-0.87
403	16.38	-12.49	-0.96
404	16.42	-12.57	-1.05
405	16.46	-12.64	-1.17
406	16.5	-12.7	-1.32
407	16.54	-12.75	-1.54
408	16.58	-12.8	-1.75
409	16.62	-12.83	-1.92
410	16.66	-12.87	-2.1
411	16.7	-12.88	-2.2
412	16.74	-12.87	-2.3
413	16.78	-12.88	-2.4
414	16.82	-12.88	-2.49
415	16.86	-12.89	-2.54
416	16.9	-12.91	-2.59
417	16.94	-12.92	-2.63
418	16.98	-12.93	-2.63
419	17.02	-12.91	-2.61
420	17.06	-12.9	-2.59
421	17.1	-12.88	-2.55
422	17.14	-12.88	-2.53
423	17.18	-12.87	-2.5
424	17.22	-12.86	-2.47
425	17.26	-12.85	-2.45
426	17.3	-12.83	-2.42
427	17.34	-12.82	-2.42
428	17.38	-12.79	-2.4
429	17.42	-12.75	-2.35
430	17.46	-12.71	-2.29
431	17.5	-12.65	-2.21
432	17.54	-12.6	-2.13
433	17.58	-12.54	-2.06
434	17.62	-12.51	-2
435	17.66	-12.49	-1.95
436	17.7	-12.47	-1.9
437	17.74	-12.47	-1.83
438	17.78	-12.45	-1.77
439	17.82	-12.41	-1.68
440	17.86	-12.39	-1.59
441	17.9	-12.34	-1.5
442	17.94	-12.29	-1.4
443	17.98	-12.26	-1.33
444	18.02	-12.22	-1.26
445	18.06	-12.21	-1.23
446	18.1	-12.21	-1.2
447	18.14	-12.21	-1.2
448	18.18	-12.21	-1.18
449	18.22	-12.2	-1.16
450	18.26	-12.2	-1.15
451	18.3	-12.2	-1.13
452	18.34	-12.21	-1.1
453	18.38	-12.25	-1.08
454	18.42	-12.27	-1.04
455	18.46	-12.28	-0.97
456	18.5	-12.27	-0.92
457	18.54	-12.25	-0.85
458	18.58	-12.25	-0.76
459	18.62	-12.23	-0.66
460	18.66	-12.22	-0.53
461	18.7	-12.19	-0.43
462	18.74	-12.17	-0.33
463	18.78	-12.17	-0.23
464	18.82	-12.19	-0.1
465	18.86	-12.21	0.05
466	18.9	-12.22	0.22
467	18.94	-12.21	0.4
468	18.98	-12.19	0.57
469	19.02	-12.18	0.71
470	19.06	-12.18	0.85
471	19.1	-12.18	0.95
472	19.13	-12.19	1.04
473	19.17	-12.23	1.15
474	19.22	-12.29	1.26
475	19.25	-12.37	1.42
476	19.3	-12.46	1.57
477	19.4	-12.59	1.8
478	19.45	-12.73	2.02
479	19.49	-12.85	2.24
480	19.53	-12.95	2.48
481	19.58	-13.01	2.63
482	19.62	-13.04	2.78
483	19.65	-13.08	2.92
484	19.69	-13.13	3.05
485	19.73	-13.18	3.19
486	19.77	-13.25	3.3
487	19.81	-13.31	3.4
488	19.85	-13.39	3.48
489	19.89	-13.46	3.55
490	19.93	-13.54	3.62
491	19.97	-13.62	3.71
492	20.01	-13.69	3.79
493	20.05	-13.75	3.82
494	20.09	-13.8	3.87
495	20.13	-13.83	3.85
496	20.17	-13.86	3.84
497	20.21	-13.87	3.83
498	20.25	-13.86	3.79
499	20.29	-13.86	3.77
500	20.33	-13.83	3.72
501	20.37	-13.8	3.65
502	20.41	-13.76	3.58
503	20.45	-13.72	3.52
504	20.49	-13.67	3.45
505	20.53	-13.64	3.44
506	20.57	-13.61	3.41
507	20.61	-13.6	3.36
508	20.65	-13.63	3.33
509	20.69	-13.66	3.29
510	20.73	-13.67	3.26
511	20.77	-13.67	3.23
512	20.81	-13.64	3.19
513	20.85	-13.59	3.16
514	20.89	-13.54	3.13
515	20.93	-13.5	3.11
516	20.97	-13.44	3.1
517	21.01	-13.38	3.07
518	21.05	-13.29	3.05
519	21.09	-13.15	3.04
520	21.13	-13.03	3.03
521	21.17	-12.9	3.01
522	21.21	-12.74	2.98
523	21.25	-12.55	2.92
524	21.29	-12.32	2.81
525	21.33	-12.08	2.67
526	21.37	-11.86	2.53
527	21.41	-11.67	2.37
528	21.45	-11.54	2.26
529	21.49	-11.39	2.18
530	21.53	-11.26	2.12
531	21.57	-11.12	2.08
532	21.61	-10.96	2.02
533	21.65	-10.85	1.95
534	21.69	-10.78	1.86
535	21.73	-10.72	1.76
536	21.77	-10.7	1.63
537	21.81	-10.65	1.43
538	21.85	-10.62	1.19
539	21.89	-10.6	0.92
540	21.93	-10.58	0.72
541	21.97	-10.56	0.58
542	22.01	-10.53	0.47
543	22.05	-10.51	0.37
544	22.09	-10.44	0.25
545	22.13	-10.37	0.1
546	22.17	-10.29	-0.08
547	22.21	-10.24	-0.22
548	22.25	-10.21	-0.36
549	22.29	-10.2	-0.47
550	22.33	-10.23	-0.52
551	22.37	-10.25	-0.63
552	22.41	-10.29	-0.72
553	22.45	-10.32	-0.81
554	22.49	-10.33	-0.97
555	22.53	-10.36	-1.18
556	22.57	-10.4	-1.43
557	22.61	-10.48	-1.69
558	22.65	-10.55	-1.92
559	22.69	-10.63	-2.15
560	22.73	-10.7	-2.39
561	22.77	-10.74	-2.65
562	22.81	-10.75	-2.94
563	22.85	-10.75	-3.24
564	22.89	-10.75	-3.51
565	22.93	-10.75	-3.73
566	22.97	-10.78	-3.9
567	23.01	-10.8	-3.99
568	23.05	-10.79	-4.1
569	23.09	-10.76	-4.26
570	23.13	-10.73	-4.46
571	23.17	-10.71	-4.65
572	23.21	-10.74	-4.83
573	23.25	-10.82	-5.03
574	23.29	-10.91	-5.2
575	23.33	-11.01	-5.37
576	23.37	-11.09	-5.57
577	23.41	-11.18	-5.78
578	23.45	-11.26	-6.04
579	23.49	-11.34	-6.36
580	23.53	-11.42	-6.72
581	23.57	-11.49	-7.03
582	23.61	-11.54	-7.3
583	23.65	-11.58	-7.51
584	23.69	-11.59	-7.68
585	23.73	-11.6	-7.91
586	23.77	-11.64	-8.14
587	23.81	-11.71	-8.39
588	23.85	-11.8	-8.61
589	23.89	-11.89	-8.76
590	23.93	-11.98	-8.92
591	23.97	-12.07	-9.07
592	24.01	-12.17	-9.25
593	24.05	-12.27	-9.47
594	24.09	-12.35	-9.74
595	24.13	-12.43	-10.02
596	24.17	-12.47	-10.27
597	24.21	-12.51	-10.51
598	24.25	-12.52	-10.66
599	24.29	-12.53	-10.83
600	24.33	-12.55	-11.05
601	24.37	-12.59	-11.28
602	24.41	-12.63	-11.52
603	24.45	-12.68	-11.71
604	24.49	-12.75	-11.85
605	24.53	-12.82	-11.93
606	24.57	-12.92	-12
607	24.61	-13	-12.06
608	24.65	-13.07	-12.1
609	24.69	-13.13	-12.12
610	24.73	-13.15	-12.14
611	24.77	-13.2	-12.18
612	24.81	-13.23	-12.18
613	24.85	-13.26	-12.2
614	24.89	-13.28	-12.21
615	24.93	-13.29	-12.2
616	24.97	-13.3	-12.2
617	25.01	-13.31	-12.19
618	25.05	-13.33	-12.18
619	25.09	-13.33	-12.14
620	25.13	-13.32	-12.11
621	25.17	-13.31	-12.08
622	25.21	-13.29	-12.05
623	25.25	-13.27	-12.01
624	25.29	-13.24	-11.99
625	25.33	-13.23	-11.95
626	25.37	-13.2	-11.91
627	25.41	-13.2	-11.89
628	25.45	-13.18	-11.84
629	25.49	-13.17	-11.79
630	25.53	-13.17	-11.77
631	25.57	-13.17	-11.75
632	25.61	-13.18	-11.76
633	25.65	-13.2	-11.77
634	25.69	-13.21	-11.76
635	25.73	-13.23	-11.78
636	25.77	-13.25	-11.8
637	25.81	-13.26	-11.82
638	25.85	-13.29	-11.84
639	25.89	-13.31	-11.86
640	25.93	-13.33	-11.87
641	25.97	-13.36	-11.88
642	26.01	-13.37	-11.89
643	26.05	-13.38	-11.89
644	26.09	-13.39	-11.91
645	26.13	-13.39	-11.93
646	26.17	-13.41	-11.96
647	26.21	-13.44	-11.99
648	26.25	-13.47	-12
649	26.29	-13.51	-12.01
650	26.33	-13.57	-12
651	26.37	-13.63	-12.02
652	26.44	-13.71	-12.02
653	26.49	-13.79	-12.08
654	26.53	-13.86	-12.13
655	26.57	-13.93	-12.2
656	26.61	-13.97	-12.27
657	26.66	-14.01	-12.33
658	26.69	-14.04	-12.39
659	26.73	-14.07	-12.44
660	26.77	-14.08	-12.43
661	26.81	-14.09	-12.46
662	26.85	-14.11	-12.45
663	26.89	-14.11	-12.44
664	26.93	-14.12	-12.44
665	26.97	-14.12	-12.42
666	27.01	-14.11	-12.42
667	27.05	-14.11	-12.44
668	27.09	-14.11	-12.46
669	27.13	-14.1	-12.47
670	27.17	-14.1	-12.47
671	27.21	-14.11	-12.46
672	27.25	-14.11	-12.46
673	27.29	-14.12	-12.46
674	27.33	-14.12	-12.46
675	27.37	-14.11	-12.45
676	27.41	-14.11	-12.44
677	27.45	-14.1	-12.43
678	27.49	-14.1	-12.45
679	27.53	-14.1	-12.44
680	27.57	-14.1	-12.44
681	27.61	-14.09	-12.44
682	27.65	-14.08	-12.42
683	27.69	-14.08	-12.42
684	27.73	-14.07	-12.4
685	27.77	-14.07	-12.38
686	27.81	-14.08	-12.37
687	27.85	-14.09	-12.34
688	27.89	-14.11	-12.34
689	27.93	-14.13	-12.33
690	27.97	-14.12	-12.3
691	28.01	-14.12	-12.3
692	28.05	-14.1	-12.32
693	28.09	-14.07	-12.33
694	28.13	-14.03	-12.36
695	28.17	-13.98	-12.39
696	28.21	-13.93	-12.38
697	28.25	-13.88	-12.38
698	28.29	-13.83	-12.37
699	28.33	-13.78	-12.35
700	28.37	-13.73	-12.37
701	28.41	-13.7	-12.4
702	28.45	-13.66	-12.41
703	28.49	-13.63	-12.46
704	28.53	-13.61	-12.49
705	28.57	-13.57	-12.5
706	28.61	-13.53	-12.55
707	28.65	-13.5	-12.57
708	28.69	-13.48	-12.64
709	28.73	-13.46	-12.73
710	28.77	-13.45	-12.81
711	28.81	-13.43	-12.9
712	28.85	-13.39	-12.94
713	28.89	-13.35	-12.94
714	28.93	-13.3	-12.95
715	28.97	-13.25	-12.93
716	29.01	-13.2	-12.95
717	29.05	-13.13	-12.97
718	29.09	-13.04	-13.03
719	29.13	-12.9	-13.1
720	29.17	-12.73	-13.15
721	29.21	-12.55	-13.21
722	29.25	-12.38	-13.24
723	29.29	-12.22	-13.27
724	29.33	-12.09	-13.28
725	29.37	-11.95	-13.31
726	29.41	-11.82	-13.32
727	29.45	-11.71	-13.35
728	29.49	-11.61	-13.4
729	29.53	-11.53	-13.46
730	29.57	-11.44	-13.54
731	29.61	-11.37	-13.61
732	29.65	-11.3	-13.68
733	29.69	-11.25	-13.72
734	29.73	-11.22	-13.78
735	29.77	-11.17	-13.87
736	29.81	-11.09	-14
737	29.85	-10.96	-14.15
738	29.89	-10.72	-14.33
739	29.93	-10.42	-14.48
740	29.97	-10.11	-14.6
741	30.01	-9.81	-14.72
742	30.05	-9.59	-14.8
743	30.09	-9.43	-14.88
744	30.13	-9.24	-14.99
745	30.17	-9.05	-15.09
746	30.21	-8.85	-15.22
747	30.25	-8.67	-15.32
748	30.29	-8.57	-15.37
749	30.33	-8.49	-15.44
750	30.37	-8.42	-15.49
751	30.41	-8.32	-15.59
752	30.45	-8.22	-15.74
753	30.49	-8.11	-15.88
754	30.53	-8.03	-16.01
755	30.57	-7.94	-16.12
756	30.68	-7.85	-16.19
757	30.7	-7.76	-16.22
758	30.73	-7.7	-16.21
759	30.77	-7.65	-16.19
760	30.81	-7.65	-16.15
761	30.85	-7.67	-16.11
762	30.89	-7.66	-16.09
763	30.93	-7.68	-16.06
764	30.97	-7.68	-16.05
765	31.01	-7.7	-16.03
766	31.05	-7.76	-15.99
767	31.09	-7.82	-15.97
768	31.13	-7.89	-15.95
769	31.17	-7.96	-15.92
770	31.21	-8.03	-15.92
771	31.25	-8.05	-15.9
772	31.29	-8.08	-15.9
773	31.33	-8.06	-15.88
774	31.37	-8.03	-15.83
775	31.41	-8	-15.78
776	31.45	-8	-15.7
777	31.49	-8.01	-15.62
778	31.53	-7.99	-15.55
779	31.57	-7.99	-15.52
780	31.61	-7.97	-15.53
781	31.65	-7.95	-15.55
782	31.69	-7.95	-15.58
783	31.73	-7.9	-15.56
784	31.77	-7.85	-15.52
785	31.81	-7.84	-15.47
786	31.85	-7.84	-15.39
787	31.89	-7.86	-15.29
788	31.93	-7.91	-15.17
789	31.97	-7.95	-15.04
790	32.01	-7.99	-14.9
791	32.05	-8.04	-14.73
792	32.09	-8.07	-14.54
793	32.13	-8.11	-14.33
794	32.17	-8.15	-14.11
795	32.21	-8.19	-13.93
796	32.25	-8.24	-13.75
797	32.29	-8.29	-13.6
798	32.33	-8.34	-13.46
799	32.37	-8.41	-13.32
800	32.41	-8.46	-13.2
801	32.45	-8.5	-13.07
802	32.49	-8.56	-12.95
803	32.53	-8.62	-12.85
804	32.57	-8.69	-12.76
805	32.61	-8.79	-12.68
806	32.65	-8.87	-12.6
807	32.69	-8.98	-12.47
808	32.73	-9.12	-12.28
809	32.77	-9.27	-12.08
810	32.81	-9.43	-11.88
811	32.85	-9.59	-11.65
812	32.89	-9.74	-11.35
813	32.93	-9.88	-11
814	32.97	-9.98	-10.62
815	33.01	-10.06	-10.29
816	33.05	-10.12	-10.05
817	33.09	-10.17	-9.86
818	33.13	-10.23	-9.69
819	33.17	-10.27	-9.5
820	33.21	-10.3	-9.32
821	33.25	-10.34	-9.14
822	33.29	-10.39	-8.96
823	33.33	-10.49	-8.79
824	33.37	-10.61	-8.65
825	33.41	-10.77	-8.51
826	33.45	-10.91	-8.38
827	33.49	-11.09	-8.25
828	33.53	-11.25	-8.11
829	33.57	-11.38	-7.95
830	33.61	-11.54	-7.76
831	33.65	-11.63	-7.61
832	33.69	-11.73	-7.41
833	33.73	-11.8	-7.24
834	33.77	-11.83	-7.1
835	33.81	-11.85	-6.99
836	33.85	-11.83	-6.95
837	33.89	-11.81	-6.95
838	33.93	-11.78	-6.99
839	33.97	-11.76	-7.01
840	34.01	-11.73	-7.03
841	34.05	-11.71	-7.04
842	34.09	-11.7	-7.05
843	34.13	-11.68	-7.07
844	34.17	-11.67	-7.09
845	34.21	-11.66	-7.13
846	34.25	-11.63	-7.18
847	34.29	-11.61	-7.22
848	34.33	-11.59	-7.25
849	34.37	-11.56	-7.28
850	34.41	-11.56	-7.31
851	34.45	-11.56	-7.34
852	34.49	-11.56	-7.37
853	34.53	-11.56	-7.42
854	34.57	-11.56	-7.45
855	34.61	-11.56	-7.49
856	34.65	-11.55	-7.54
857	34.69	-11.54	-7.56
858	34.73	-11.54	-7.6
859	34.77	-11.53	-7.63
860	34.81	-11.54	-7.66
861	34.85	-11.54	-7.71
862	34.89	-11.52	-7.75
863	34.93	-11.51	-7.77
864	34.97	-11.5	-7.81
865	35.01	-11.47	-7.84
866	35.05	-11.45	-7.89
867	35.09	-11.43	-7.94
868	35.13	-11.41	-7.99
869	35.17	-11.38	-8.05
870	35.21	-11.35	-8.13
871	35.25	-11.32	-8.23
872	35.29	-11.3	-8.32
873	35.33	-11.31	-8.43
874	35.37	-11.34	-8.52
875	35.41	-11.36	-8.63
876	35.45	-11.38	-8.73
877	35.49	-11.39	-8.82
878	35.53	-11.41	-8.93
879	35.57	-11.44	-9.02
880	35.61	-11.46	-9.13
881	35.65	-11.48	-9.26
882	35.69	-11.51	-9.39
883	35.73	-11.56	-9.54
884	35.77	-11.65	-9.74
885	35.81	-11.74	-9.92
886	35.85	-11.84	-10.13
887	35.89	-11.94	-10.31
888	35.93	-12.03	-10.47
889	35.97	-12.13	-10.62
890	36.01	-12.19	-10.72
891	36.05	-12.25	-10.8
892	36.09	-12.31	-10.83
893	36.13	-12.41	-10.86
894	36.17	-12.53	-10.94
895	36.21	-12.64	-11.01
896	36.25	-12.73	-11.08
897	36.29	-12.78	-11.15
898	36.33	-12.83	-11.23
899	36.37	-12.85	-11.38
900	36.41	-12.89	-11.59
901	36.46	-12.92	-11.79
902	36.52	-12.96	-11.97
903	36.55	-13.03	-12.1
904	36.58	-13.09	-12.25
905	36.61	-13.16	-12.41
906	36.65	-13.23	-12.57
907	36.69	-13.3	-12.74
908	36.73	-13.39	-12.95
909	36.77	-13.49	-13.16
910	36.81	-13.58	-13.36
911	36.85	-13.68	-13.56
912	36.89	-13.76	-13.71
913	36.93	-13.83	-13.86
914	36.97	-13.88	-14.03
915	37.01	-13.92	-14.23
916	37.05	-13.95	-14.43
917	37.09	-13.97	-14.64
918	37.13	-14	-14.86
919	37.17	-14.02	-15.08
920	37.21	-14.05	-15.32
921	37.25	-14.08	-15.59
922	37.29	-14.14	-15.9
923	37.33	-14.23	-16.19
924	37.37	-14.32	-16.46
925	37.41	-14.42	-16.66
926	37.45	-14.51	-16.83
927	37.49	-14.59	-16.98
928	37.53	-14.7	-17.16
929	37.57	-14.81	-17.38
930	37.61	-14.91	-17.59
931	37.65	-15.03	-17.87
932	37.69	-15.11	-18.15
933	37.73	-15.21	-18.45
934	37.77	-15.31	-18.79
935	37.81	-15.4	-19.17
936	37.85	-15.48	-19.59
937	37.89	-15.56	-19.98
938	37.93	-15.64	-20.33
939	37.97	-15.72	-20.6
940	38.01	-15.81	-20.8
941	38.12	-15.9	-21.09
942	38.17	-15.99	-21.38
943	38.21	-16.07	-21.67
944	38.25	-16.15	-22.02
945	38.29	-16.21	-22.3
946	38.33	-16.29	-22.59
947	38.37	-16.37	-22.89
948	38.41	-16.43	-23.2
949	38.45	-16.48	-23.51
950	38.49	-16.52	-23.78
951	38.53	-16.54	-24
952	38.57	-16.56	-24.12
953	38.61	-16.6	-24.16
954	38.65	-16.65	-24.19
955	38.69	-16.71	-24.21
956	38.73	-16.8	-24.25
957	38.77	-16.88	-24.3
958	38.81	-16.95	-24.36
959	38.85	-17.04	-24.42
960	38.89	-17.16	-24.49
961	38.93	-17.29	-24.55
962	38.97	-17.41	-24.59
963	39.01	-17.51	-24.63
964	39.05	-17.61	-24.69
965	39.09	-17.7	-24.71
966	39.13	-17.79	-24.75
967	39.17	-17.85	-24.79
968	39.21	-17.89	-24.83
969	39.25	-17.93	-24.91
970	39.29	-17.96	-24.98
971	39.33	-18	-25.05
972	39.37	-18.05	-25.07
973	39.41	-18.12	-25.08
974	39.45	-18.18	-25.09
975	39.49	-18.25	-25.1
976	39.53	-18.3	-25.12
977	39.57	-18.38	-25.14
978	39.61	-18.48	-25.15
979	39.65	-18.58	-25.17
980	39.69	-18.7	-25.19
981	39.73	-18.82	-25.19
982	39.77	-18.95	-25.21
983	39.81	-19.06	-25.2
984	39.85	-19.18	-25.2
985	39.89	-19.24	-25.2
986	39.93	-19.31	-25.22
987	39.97	-19.38	-25.25
988	40.01	-19.45	-25.29
989	40.05	-19.56	-25.34
990	40.09	-19.64	-25.41
991	40.13	-19.71	-25.47
992	40.17	-19.79	-25.53
993	40.21	-19.87	-25.57
994	40.25	-19.94	-25.58
995	40.29	-20.01	-25.6
996	40.33	-20.06	-25.62
997	40.37	-20.09	-25.66
998	40.41	-20.12	-25.69
999	40.45	-20.14	-25.7
1000	40.49	-20.14	-25.71
1001	40.53	-20.15	-25.7
1002	40.57	-20.15	-25.69
1003	40.61	-20.16	-25.69
1004	40.65	-20.16	-25.69
1005	40.69	-20.17	-25.69
1006	40.73	-20.17	-25.69
1007	40.77	-20.17	-25.68
1008	40.81	-20.17	-25.68
1009	40.85	-20.17	-25.67
1010	40.89	-20.17	-25.68
1011	40.93	-20.18	-25.68
1012	40.97	-20.17	-25.67
1013	41.01	-20.16	-25.64
1014	41.05	-20.16	-25.64
1015	41.09	-20.14	-25.62
1016	41.13	-20.11	-25.62
1017	41.17	-20.08	-25.61
1018	41.21	-20.04	-25.58
1019	41.25	-20.02	-25.56
1020	41.29	-20.01	-25.54
1021	41.33	-20.01	-25.53
1022	41.37	-20	-25.53
1023	41.41	-19.98	-25.51
1024	41.45	-19.96	-25.49
1025	41.49	-19.92	-25.45
1026	41.53	-19.89	-25.43
1027	41.57	-19.83	-25.41
1028	41.61	-19.77	-25.38
1029	41.65	-19.72	-25.38
1030	41.69	-19.67	-25.36
1031	41.73	-19.63	-25.34
1032	41.77	-19.61	-25.33
1033	41.81	-19.6	-25.3
1034	41.85	-19.58	-25.27
1035	41.89	-19.56	-25.25
1036	41.93	-19.53	-25.21
1037	41.97	-19.51	-25.2
1038	42.01	-19.47	-25.19
1039	42.05	-19.44	-25.19
1040	42.09	-19.42	-25.19
1041	42.13	-19.39	-25.19
1042	42.17	-19.37	-25.17
1043	42.21	-19.34	-25.15
1044	42.25	-19.29	-25.14
1045	42.29	-19.24	-25.15
1046	42.33	-19.2	-25.17
1047	42.37	-19.15	-25.19
1048	42.41	-19.11	-25.2
1049	42.45	-19.05	-25.19
1050	42.49	-18.96	-25.19
1051	42.53	-18.87	-25.2
1052	42.57	-18.78	-25.2
1053	42.61	-18.71	-25.2
1054	42.65	-18.67	-25.19
1055	42.69	-18.63	-25.16
1056	42.73	-18.59	-25.13
1057	42.77	-18.55	-25.11
1058	42.81	-18.52	-25.09
1059	42.85	-18.48	-25.08
1060	42.89	-18.44	-25.08
1061	42.93	-18.39	-25.08
1062	42.97	-18.37	-25.07
1063	43.01	-18.34	-25.05
1064	43.05	-18.32	-25.04
1065	43.09	-18.3	-25.02
1066	43.13	-18.28	-25
1067	43.17	-18.27	-24.99
1068	43.21	-18.25	-24.98
1069	43.25	-18.22	-24.98
1070	43.29	-18.19	-24.98
1071	43.33	-18.16	-24.98
1072	43.37	-18.15	-24.98
1073	43.41	-18.14	-24.98
1074	43.45	-18.14	-24.99
1075	43.49	-18.15	-25.01
1076	43.53	-18.15	-25.02
1077	43.57	-18.17	-25.02
1078	43.61	-18.18	-25.02
1079	43.65	-18.19	-25
1080	43.69	-18.21	-24.99
1081	43.73	-18.22	-24.99
1082	43.77	-18.24	-24.99
1083	43.81	-18.26	-24.98
1084	43.85	-18.29	-24.98
1085	43.89	-18.32	-24.97
1086	43.93	-18.35	-24.98
1087	43.97	-18.38	-25
1088	44.01	-18.41	-25.02
1089	44.05	-18.45	-25.05
1090	44.09	-18.5	-25.09
1091	44.13	-18.57	-25.11
1092	44.17	-18.64	-25.13
1093	44.21	-18.72	-25.16
1094	44.25	-18.82	-25.17
1095	44.29	-18.9	-25.18
1096	44.33	-18.98	-25.2
1097	44.37	-19.05	-25.21
1098	44.41	-19.1	-25.23
1099	44.45	-19.15	-25.26
1100	44.49	-19.19	-25.28
1101	44.53	-19.23	-25.31
1102	44.57	-19.29	-25.34
1103	44.61	-19.39	-25.38
1104	44.65	-19.5	-25.4
1105	44.69	-19.59	-25.41
1106	44.73	-19.68	-25.42
1107	44.77	-19.73	-25.39
1108	44.81	-19.81	-25.38
1109	44.85	-19.89	-25.37
1110	44.89	-19.96	-25.36
1111	44.93	-20.05	-25.36
1112	44.97	-20.14	-25.37
1113	45.01	-20.21	-25.4
1114	45.05	-20.3	-25.44
1115	45.09	-20.38	-25.49
1116	45.13	-20.44	-25.54
1117	45.17	-20.51	-25.57
1118	45.21	-20.55	-25.59
1119	45.25	-20.58	-25.6
1120	45.29	-20.63	-25.61
1121	45.33	-20.65	-25.62
1122	45.37	-20.66	-25.63
1123	45.41	-20.67	-25.64
1124	45.45	-20.68	-25.64
1125	45.49	-20.69	-25.64
1126	45.53	-20.72	-25.65
1127	45.57	-20.74	-25.64
1128	45.61	-20.75	-25.64
1129	45.65	-20.77	-25.63
1130	45.69	-20.78	-25.63
1131	45.76	-20.78	-25.64
1132	45.81	-20.79	-25.64
1133	45.85	-20.8	-25.66
1134	45.89	-20.82	-25.66
1135	45.93	-20.82	-25.66
1136	45.97	-20.84	-25.66
1137	46.01	-20.82	-25.65
1138	46.05	-20.83	-25.66
1139	46.09	-20.82	-25.66
1140	46.13	-20.81	-25.65
1141	46.17	-20.8	-25.64
1142	46.21	-20.77	-25.63
1143	46.25	-20.77	-25.62
1144	46.29	-20.77	-25.62
1145	46.33	-20.79	-25.62
1146	46.37	-20.79	-25.62
1147	46.41	-20.79	-25.61
1148	46.45	-20.77	-25.59
1149	46.49	-20.72	-25.56
1150	46.53	-20.73	-25.55
1151	46.57	-20.72	-25.54
1152	46.61	-20.73	-25.52
1153	46.65	-20.76	-25.52
1154	46.69	-20.76	-25.52
1155	46.73	-20.77	-25.53
1156	46.77	-20.77	-25.55
1157	46.81	-20.76	-25.58
1158	46.85	-20.78	-25.57
1159	46.89	-20.82	-25.53
1160	46.93	-20.9	-25.45
1161	46.97	-20.98	-25.38
1162	47.01	-21.04	-25.3
1163	47.05	-21.12	-25.24
1164	47.09	-21.15	-25.18
1165	47.13	-21.19	-25.09
1166	47.17	-21.23	-25.01
1167	47.21	-21.24	-24.93
1168	47.25	-21.27	-24.85
1169	47.29	-21.3	-24.8
1170	47.33	-21.35	-24.76
1171	47.37	-21.4	-24.74
1172	47.41	-21.5	-24.71
1173	47.45	-21.58	-24.68
1174	47.49	-21.66	-24.66
1175	47.53	-21.73	-24.63
1176	47.57	-21.78	-24.62
1177	47.61	-21.82	-24.61
1178	47.65	-21.86	-24.6
1179	47.69	-21.9	-24.6
1180	47.73	-21.94	-24.59
1181	47.77	-21.99	-24.54
1182	47.81	-22.04	-24.45
1183	47.85	-22.08	-24.35
1184	47.89	-22.11	-24.24
1185	47.93	-22.12	-24.15
1186	47.97	-22.13	-24.08
1187	48.01	-22.14	-24.02
1188	48.05	-22.14	-23.98
1189	48.09	-22.16	-23.94
1190	48.13	-22.18	-23.89
1191	48.17	-22.19	-23.85
1192	48.21	-22.21	-23.81
1193	48.25	-22.21	-23.8
1194	48.29	-22.22	-23.8
1195	48.33	-22.23	-23.79
1196	48.37	-22.26	-23.78
1197	48.41	-22.28	-23.79
1198	48.45	-22.3	-23.78
1199	48.49	-22.31	-23.77
1200	48.53	-22.32	-23.77
1201	48.57	-22.33	-23.75
1202	48.61	-22.34	-23.74
1203	48.65	-22.33	-23.76
1204	48.69	-22.32	-23.78
1205	48.73	-22.33	-23.79
1206	48.77	-22.32	-23.8
1207	48.81	-22.32	-23.8
1208	48.85	-22.34	-23.79
1209	48.89	-22.33	-23.77
1210	48.93	-22.35	-23.76
1211	48.97	-22.36	-23.74
1212	49.01	-22.36	-23.73
1213	49.05	-22.37	-23.72
1214	49.09	-22.36	-23.72
1215	49.13	-22.35	-23.72
1216	49.17	-22.34	-23.72
1217	49.21	-22.33	-23.74
1218	49.25	-22.32	-23.74
1219	49.29	-22.31	-23.75
1220	49.33	-22.31	-23.75
1221	49.37	-22.28	-23.76
1222	49.41	-22.27	-23.78
1223	49.45	-22.25	-23.8
1224	49.49	-22.2	-23.85
1225	49.53	-22.19	-23.88
1226	49.57	-22.16	-23.91
1227	49.69	-22.12	-23.96
1228	49.73	-22.09	-24.01
1229	49.77	-22.05	-24.05
1230	49.81	-22	-24.09
1231	49.85	-21.95	-24.09
1232	49.89	-21.9	-24.1
1233	49.93	-21.86	-24.11
1234	49.97	-21.81	-24.13
1235	50.01	-21.77	-24.18
1236	50.05	-21.75	-24.2
1237	50.09	-21.73	-24.21
1238	50.13	-21.71	-24.23
1239	50.17	-21.71	-24.21
1240	50.21	-21.69	-24.19
1241	50.25	-21.68	-24.17
1242	50.29	-21.66	-24.15
1243	50.33	-21.64	-24.14
1244	50.37	-21.62	-24.14
1245	50.41	-21.61	-24.15
1246	50.45	-21.6	-24.14
1247	50.49	-21.6	-24.15
1248	50.53	-21.6	-24.15
1249	50.57	-21.59	-24.15
1250	50.61	-21.6	-24.15
1251	50.65	-21.59	-24.15
1252	50.69	-21.59	-24.14
1253	50.73	-21.58	-24.14
1254	50.77	-21.58	-24.14
1255	50.81	-21.58	-24.15
1256	50.85	-21.58	-24.17
1257	50.89	-21.59	-24.17
1258	50.93	-21.6	-24.17
1259	50.97	-21.6	-24.18
1260	51.01	-21.62	-24.17
1261	51.05	-21.63	-24.2
1262	51.09	-21.64	-24.21
1263	51.13	-21.64	-24.22
1264	51.17	-21.63	-24.23
1265	51.21	-21.61	-24.23
1266	51.25	-21.59	-24.24
1267	51.29	-21.6	-24.24
1268	51.33	-21.59	-24.23
1269	51.37	-21.61	-24.22
1270	51.41	-21.63	-24.21
1271	51.45	-21.64	-24.2
1272	51.49	-21.63	-24.21
1273	51.53	-21.62	-24.21
1274	51.57	-21.61	-24.21
1275	51.61	-21.61	-24.2
1276	51.65	-21.61	-24.18
1277	51.69	-21.62	-24.16
1278	51.73	-21.62	-24.16
1279	51.77	-21.61	-24.15
1280	51.81	-21.61	-24.16
1281	51.85	-21.6	-24.17
1282	51.89	-21.61	-24.17
1283	51.93	-21.62	-24.16
1284	51.97	-21.61	-24.16
1285	52.01	-21.61	-24.15
1286	52.05	-21.61	-24.16
1287	52.09	-21.61	-24.17
1288	52.13	-21.62	-24.17
1289	52.17	-21.62	-24.17
1290	52.21	-21.62	-24.17
1291	52.25	-21.63	-24.16
1292	52.29	-21.64	-24.15
1293	52.33	-21.64	-24.16
1294	52.37	-21.63	-24.16
1295	52.41	-21.63	-24.15
1296	52.45	-21.64	-24.14
1297	52.49	-21.64	-24.13
1298	52.53	-21.64	-24.12
1299	52.57	-21.65	-24.11
1300	52.61	-21.66	-24.12
1301	52.65	-21.67	-24.12
1302	52.69	-21.67	-24.14
1303	52.73	-21.66	-24.16
1304	52.77	-21.65	-24.16
1305	52.81	-21.64	-24.17
1306	52.85	-21.63	-24.16
1307	52.89	-21.64	-24.16
1308	52.93	-21.66	-24.16
1309	52.97	-21.66	-24.16
1310	53.01	-21.67	-24.17
1311	53.05	-21.67	-24.17
1312	53.09	-21.67	-24.18
1313	53.13	-21.68	-24.18
1314	53.17	-21.7	-24.19
1315	53.21	-21.7	-24.2
1316	53.25	-21.68	-24.21
1317	53.29	-21.67	-24.24
1318	53.33	-21.66	-24.25
1319	53.37	-21.66	-24.26
1320	53.41	-21.66	-24.27
1321	53.45	-21.67	-24.27
1322	53.49	-21.66	-24.27
1323	53.53	-21.66	-24.28
1324	53.57	-21.65	-24.29
1325	53.61	-21.66	-24.27
1326	53.65	-21.66	-24.27
1327	53.69	-21.66	-24.25
1328	53.73	-21.67	-24.24
1329	53.77	-21.66	-24.24
1330	53.81	-21.66	-24.23
1331	53.85	-21.66	-24.23
1332	53.89	-21.65	-24.24
1333	53.93	-21.65	-24.22
1334	53.97	-21.65	-24.23
1335	54.01	-21.65	-24.23
1336	54.05	-21.65	-24.23
1337	54.09	-21.64	-24.24
1338	54.13	-21.64	-24.23
1339	54.17	-21.63	-24.24
1340	54.21	-21.63	-24.25
1341	54.25	-21.63	-24.27
1342	54.29	-21.62	-24.29
1343	54.33	-21.62	-24.29
1344	54.37	-21.63	-24.31
1345	54.41	-21.63	-24.31
1346	54.45	-21.63	-24.32
1347	54.49	-21.64	-24.34
1348	54.53	-21.64	-24.36
1349	54.57	-21.65	-24.38
1350	54.61	-21.67	-24.39
1351	54.65	-21.68	-24.38
1352	54.69	-21.69	-24.36
1353	54.73	-21.69	-24.33
1354	54.77	-21.7	-24.32
1355	54.81	-21.71	-24.32
1356	54.85	-21.72	-24.32
1357	54.89	-21.73	-24.31
1358	54.93	-21.74	-24.3
1359	54.97	-21.74	-24.3
1360	55.01	-21.74	-24.29
1361	55.05	-21.74	-24.28
1362	55.09	-21.74	-24.29
1363	55.13	-21.73	-24.28
1364	55.17	-21.74	-24.28
1365	55.21	-21.74	-24.27
1366	55.25	-21.74	-24.27
1367	55.29	-21.74	-24.27
1368	55.33	-21.75	-24.28
1369	55.37	-21.74	-24.28
1370	55.41	-21.75	-24.28
1371	55.45	-21.75	-24.29
1372	55.49	-21.75	-24.29
1373	55.53	-21.75	-24.28
1374	55.57	-21.74	-24.29
1375	55.61	-21.75	-24.29
1376	55.65	-21.74	-24.3
1377	55.69	-21.75	-24.3
1378	55.73	-21.75	-24.3
1379	55.77	-21.74	-24.29
1380	55.81	-21.76	-24.29
1381	55.85	-21.74	-24.3
1382	55.89	-21.74	-24.31
1383	55.93	-21.73	-24.34
1384	55.97	-21.71	-24.37
1385	56.04	-21.74	-24.39
1386	56.09	-21.74	-24.42
1387	56.13	-21.77	-24.4
1388	56.17	-21.78	-24.41
1389	56.21	-21.77	-24.4
1390	56.25	-21.75	-24.4
1391	56.29	-21.71	-24.4
1392	56.33	-21.67	-24.41
1393	56.37	-21.63	-24.44
1394	56.41	-21.59	-24.47
1395	56.45	-21.58	-24.51
1396	56.49	-21.59	-24.54
1397	56.53	-21.59	-24.57
1398	56.57	-21.61	-24.59
1399	56.61	-21.63	-24.58
1400	56.65	-21.63	-24.59
1401	56.69	-21.63	-24.6
1402	56.73	-21.63	-24.61
1403	56.77	-21.63	-24.61
1404	56.81	-21.62	-24.61
1405	56.85	-21.63	-24.59
1406	56.89	-21.64	-24.57
1407	56.93	-21.64	-24.57
1408	56.97	-21.65	-24.56
1409	57.01	-21.65	-24.55
1410	57.05	-21.67	-24.55
1411	57.09	-21.69	-24.55
1412	57.13	-21.71	-24.55
1413	57.17	-21.74	-24.57
1414	57.21	-21.74	-24.57
1415	57.25	-21.74	-24.58
1416	57.29	-21.75	-24.59
1417	57.33	-21.77	-24.6
1418	57.37	-21.79	-24.61
1419	57.41	-21.81	-24.64
1420	57.45	-21.82	-24.67
1421	57.49	-21.82	-24.7
1422	57.53	-21.85	-24.74
1423	57.57	-21.86	-24.77
1424	57.61	-21.88	-24.8
1425	57.65	-21.92	-24.82
1426	57.69	-21.92	-24.85
1427	57.73	-21.97	-24.86
1428	57.77	-22	-24.88
1429	57.81	-22.01	-24.9
1430	57.85	-22.05	-24.92
1431	57.89	-22.06	-24.93
1432	57.93	-22.06	-24.95
1433	57.97	-22.06	-24.97
1434	58.01	-22.05	-25
1435	58.05	-22.04	-25.03
1436	58.09	-22.04	-25.06
1437	58.13	-22.04	-25.09
1438	58.17	-22.06	-25.12
1439	58.21	-22.07	-25.17
1440	58.25	-22.1	-25.2
1441	58.29	-22.14	-25.25
1442	58.33	-22.16	-25.33
1443	58.37	-22.17	-25.39
1444	58.41	-22.17	-25.47
1445	58.45	-22.16	-25.53
1446	58.49	-22.15	-25.61
1447	58.53	-22.13	-25.67
1448	58.57	-22.13	-25.74
1449	58.61	-22.12	-25.82
1450	58.65	-22.12	-25.87
1451	58.69	-22.14	-25.93
1452	58.73	-22.11	-25.97
1453	58.77	-22.12	-26.01
1454	58.81	-22.11	-26.03
1455	58.85	-22.11	-26.03
1456	58.89	-22.12	-26.04
1457	58.93	-22.11	-26.05
1458	58.97	-22.12	-26.06
1459	59	-22.13	-26.06
1460	59.05	-22.13	-26.06
1461	59.09	-22.13	-26.06
1462	59.13	-22.14	-26.05
1463	59.17	-22.13	-26.04
1464	59.2	-22.15	-26.05
1465	59.24	-22.15	-26.05
1466	59.29	-22.12	-26.05
1467	59.33	-22.12	-26.06
1468	59.37	-22.11	-26.06
1469	59.4	-22.1	-26.05
1470	59.44	-22.12	-26.06
1471	59.48	-22.1	-26.06
1472	59.52	-22.1	-26.06
1473	59.56	-22.07	-26.06
1474	59.6	-22.03	-26.05
1475	59.64	-22.03	-26.04
1476	59.68	-22.02	-26.02
1477	59.72	-22.03	-26
1478	59.77	-22.04	-26
1479	59.8	-22.04	-26
1480	59.84	-22.04	-26
1481	59.89	-22.07	-26.01
1482	59.99	-22.1	-26.01
1483	60.02	-22.12	-26.01
1484	60.05	-22.14	-26
1485	60.08	-22.12	-25.98
1486	60.12	-22.13	-25.97
1487	60.16	-22.15	-25.94
1488	60.2	-22.17	-25.91
1489	60.24	-22.23	-25.89
1490	60.28	-22.26	-25.86
1491	60.32	-22.3	-25.84
1492	60.36	-22.32	-25.82
1493	60.4	-22.34	-25.79
1494	60.44	-22.35	-25.76
1495	60.48	-22.36	-25.73
1496	60.52	-22.37	-25.7
1497	60.56	-22.37	-25.68
1498	60.6	-22.39	-25.66
1499	60.64	-22.38	-25.64
1500	60.68	-22.37	-25.6
1501	60.72	-22.39	-25.56
1502	60.76	-22.39	-25.51
1503	60.8	-22.43	-25.45
1504	60.84	-22.47	-25.41
1505	60.88	-22.52	-25.36
1506	60.92	-22.55	-25.34
1507	60.96	-22.58	-25.31
1508	61	-22.6	-25.28
1509	61.04	-22.61	-25.25
1510	61.08	-22.63	-25.21
1511	61.12	-22.64	-25.15
1512	61.16	-22.66	-25.09
1513	61.2	-22.68	-25.01
1514	61.24	-22.7	-24.93
1515	61.28	-22.7	-24.85
1516	61.32	-22.7	-24.79
1517	61.36	-22.68	-24.76
1518	61.4	-22.66	-24.73
1519	61.44	-22.65	-24.73
1520	61.48	-22.64	-24.74
1521	61.52	-22.64	-24.74
1522	61.56	-22.63	-24.76
1523	61.6	-22.62	-24.79
1524	61.64	-22.6	-24.82
1525	61.68	-22.57	-24.86
1526	61.72	-22.54	-24.92
1527	61.76	-22.51	-24.95
1528	61.8	-22.49	-24.98
1529	61.84	-22.46	-24.97
1530	61.88	-22.45	-24.94
1531	61.92	-22.43	-24.92
1532	61.96	-22.41	-24.89
1533	62	-22.39	-24.89
1534	62.04	-22.38	-24.9
1535	62.08	-22.38	-24.93
1536	62.12	-22.36	-24.97
1537	62.16	-22.38	-24.99
1538	62.2	-22.38	-25.02
1539	62.24	-22.38	-25.03
1540	62.28	-22.4	-25.03
1541	62.32	-22.41	-25.04
1542	62.36	-22.43	-25.04
1543	62.4	-22.47	-25.04
1544	62.44	-22.51	-25.06
1545	62.48	-22.56	-25.07
1546	62.52	-22.62	-25.09
1547	62.56	-22.68	-25.1
1548	62.6	-22.75	-25.13
1549	62.64	-22.81	-25.12
1550	62.68	-22.85	-25.1
1551	62.72	-22.89	-25.07
1552	62.76	-22.91	-25.03
1553	62.8	-22.9	-25.02
1554	62.84	-22.89	-25.02
1555	62.88	-22.88	-25.02
1556	62.92	-22.88	-25.02
1557	62.96	-22.88	-25.01
1558	63	-22.9	-25.01
1559	63.04	-22.92	-25.01
1560	63.08	-22.95	-25.02
1561	63.12	-22.97	-25.03
1562	63.16	-23	-25.02
1563	63.2	-23.01	-25.04
1564	63.24	-23	-25.05
1565	63.28	-22.99	-25.06
1566	63.32	-22.98	-25.07
1567	63.36	-22.98	-25.05
1568	63.4	-22.99	-25.02
1569	63.44	-23	-25.01
1570	63.48	-23.01	-25
1571	63.52	-23.02	-25
1572	63.56	-23.02	-25.03
1573	63.6	-23.04	-25.04
1574	63.64	-23.07	-25.04
1575	63.68	-23.1	-25.02
1576	63.72	-23.14	-24.98
1577	63.76	-23.17	-24.93
1578	63.8	-23.21	-24.9
1579	63.84	-23.25	-24.88
1580	63.88	-23.27	-24.91
1581	63.92	-23.24	-24.95
1582	63.96	-23.18	-25.01
1583	64	-23.1	-25.05
1584	64.04	-23.03	-25.08
1585	64.08	-23.01	-25.11
1586	64.12	-22.99	-25.13
1587	64.16	-22.99	-25.15
1588	64.2	-22.96	-25.16
1589	64.24	-22.94	-25.19
1590	64.28	-22.9	-25.21
1591	64.32	-22.83	-25.24
1592	64.36	-22.77	-25.29
1593	64.4	-22.69	-25.32
1594	64.44	-22.62	-25.35
1595	64.48	-22.55	-25.37
1596	64.52	-22.48	-25.38
1597	64.56	-22.42	-25.4
1598	64.6	-22.37	-25.4
1599	64.64	-22.33	-25.41
1600	64.68	-22.28	-25.42
1601	64.72	-22.21	-25.44
1602	64.76	-22.15	-25.48
1603	64.8	-22.06	-25.54
1604	64.84	-22	-25.61
1605	64.88	-21.96	-25.68
1606	64.92	-21.93	-25.74
1607	64.96	-21.93	-25.79
1608	65	-21.91	-25.82
1609	65.04	-21.89	-25.85
1610	65.08	-21.82	-25.88
1611	65.12	-21.76	-25.92
1612	65.16	-21.7	-25.97
1613	65.2	-21.62	-26.02
1614	65.24	-21.52	-26.04
1615	65.28	-21.39	-26.04
1616	65.32	-21.25	-26.04
1617	65.36	-21.16	-26.04
1618	65.4	-21.12	-26.04
1619	65.44	-21.08	-26.06
1620	65.48	-21.02	-26.07
1621	65.52	-20.92	-26.12
1622	65.56	-20.82	-26.18
1623	65.6	-20.7	-26.22
1624	65.64	-20.57	-26.26
1625	65.68	-20.44	-26.28
1626	65.72	-20.3	-26.31
1627	65.76	-20.08	-26.64
1628	65.8	-19.94	-26.69
1629	65.84	-19.78	-26.71
1630	65.88	-19.65	-26.71
1631	65.92	-19.58	-26.41
1632	65.96	-19.46	-26.37
1633	66	-19.31	-26.35
1634	66.04	-19.16	-26.32
1635	66.08	-19.03	-26.28
1636	66.12	-18.91	-26.25
1637	66.16	-18.84	-26.23
1638	66.2	-18.75	-26.21
1639	66.24	-18.7	-26.2
1640	66.28	-18.65	-26.2
1641	66.32	-18.6	-26.2
1642	66.36	-18.58	-26.2
1643	66.4	-18.53	-26.21
1644	66.44	-18.49	-26.22
1645	66.48	-18.45	-26.23
1646	66.52	-18.42	-26.24
1647	66.56	-18.43	-26.24
1648	66.6	-18.44	-26.25
1649	66.64	-18.46	-26.24
1650	66.68	-18.5	-26.23
1651	66.72	-18.53	-26.22
1652	66.76	-18.56	-26.2
1653	66.8	-18.59	-26.19
1654	66.84	-18.62	-26.18
1655	66.88	-18.64	-26.17
1656	66.92	-18.68	-26.16
1657	66.96	-18.7	-26.15
1658	67	-18.72	-26.14
1659	67.04	-18.72	-26.15
1660	67.08	-18.73	-26.15
1661	67.12	-18.71	-26.15
1662	67.16	-18.71	-26.15
1663	67.2	-18.72	-26.15
1664	67.24	-18.72	-26.14
1665	67.28	-18.73	-26.14
1666	67.32	-18.72	-26.14
1667	67.36	-18.71	-26.15
1668	67.4	-18.69	-26.16
1669	67.44	-18.67	-26.16
1670	67.48	-18.65	-26.17
1671	67.52	-18.65	-26.17
1672	67.56	-18.65	-26.16
1673	67.6	-18.66	-26.16
1674	67.64	-18.68	-26.16
1675	67.68	-18.7	-26.15
1676	67.72	-18.73	-26.13
1677	67.76	-18.75	-26.12
1678	67.8	-18.78	-26.11
1679	67.84	-18.79	-26.11
1680	67.88	-18.82	-26.09
1681	67.92	-18.86	-26.06
1682	67.96	-18.9	-26
1683	68	-18.92	-25.95
1684	68.04	-18.92	-25.94
1685	68.08	-18.94	-25.93
1686	68.12	-18.96	-25.94
1687	68.17	-19.01	-25.94
1688	68.24	-19.13	-25.95
1689	68.28	-19.27	-25.92
1690	68.32	-19.4	-25.92
1691	68.36	-19.54	-25.89
1692	68.4	-19.62	-25.87
1693	68.44	-19.7	-25.87
1694	68.48	-19.76	-25.86
1695	68.52	-19.82	-25.85
1696	68.56	-19.87	-25.84
1697	68.6	-19.92	-25.8
1698	68.64	-19.97	-25.78
1699	68.68	-20.01	-25.73
1700	68.72	-20.05	-25.69
1701	68.76	-20.08	-25.65
1702	68.8	-20.1	-25.61
1703	68.84	-20.13	-25.58
1704	68.88	-20.15	-25.56
1705	68.92	-20.19	-25.55
1706	68.96	-20.22	-25.54
1707	69	-20.27	-25.54
1708	69.04	-20.31	-25.55
1709	69.08	-20.34	-25.56
1710	69.12	-20.39	-25.58
1711	69.16	-20.41	-25.6
1712	69.2	-20.45	-25.62
1713	69.24	-20.5	-25.63
1714	69.28	-20.5	-25.64
1715	69.32	-20.48	-25.65
1716	69.36	-20.46	-25.65
1717	69.4	-20.44	-25.62
1718	69.44	-20.44	-25.59
1719	69.48	-20.47	-25.57
1720	69.52	-20.52	-25.53
1721	69.56	-20.58	-25.52
1722	69.6	-20.65	-25.54
1723	69.64	-20.75	-25.57
1724	69.68	-20.86	-25.63
1725	69.72	-21	-25.7
1726	69.76	-21.15	-25.76
1727	69.8	-21.3	-25.81
1728	69.84	-21.44	-25.86
1729	69.88	-21.53	-25.87
1730	69.92	-21.58	-25.85
1731	69.96	-21.57	-25.8
1732	70	-21.58	-25.72
1733	70.04	-21.6	-25.66
1734	70.08	-21.63	-25.61
1735	70.12	-21.68	-25.59
1736	70.16	-21.7	-25.56
1737	70.2	-21.71	-25.55
1738	70.24	-21.71	-25.55
1739	70.28	-21.69	-25.55
1740	70.32	-21.68	-25.55
1741	70.36	-21.65	-25.54
1742	70.4	-21.63	-25.53
1743	70.44	-21.6	-25.52
1744	70.48	-21.57	-25.51
1745	70.52	-21.55	-25.51
1746	70.56	-21.53	-25.5
1747	70.6	-21.5	-25.5
1748	70.64	-21.48	-25.49
1749	70.68	-21.46	-25.49
1750	70.72	-21.43	-25.48
1751	70.76	-21.4	-25.46
1752	70.8	-21.38	-25.42
1753	70.84	-21.38	-25.36
1754	70.88	-21.38	-25.32
1755	70.92	-21.4	-25.29
1756	70.96	-21.4	-25.28
1757	71	-21.38	-25.27
1758	71.04	-21.38	-25.28
1759	71.08	-21.41	-25.27
1760	71.12	-21.45	-25.25
1761	71.16	-21.54	-25.25
1762	71.2	-21.6	-25.22
1763	71.24	-21.65	-25.18
1764	71.28	-21.72	-25.16
1765	71.32	-21.78	-25.15
1766	71.36	-21.83	-25.12
1767	71.4	-21.9	-25.11
1768	71.44	-21.94	-25.11
1769	71.48	-21.96	-25.11
1770	71.52	-22	-25.15
1771	71.56	-22.03	-25.18
1772	71.6	-22.06	-25.21
1773	71.64	-22.08	-25.22
1774	71.68	-22.09	-25.22
1775	71.72	-22.12	-25.21
1776	71.76	-22.15	-25.21
1777	71.8	-22.2	-25.23
1778	71.84	-22.22	-25.23
1779	71.95	-22.24	-25.33
1780	72	-22.25	-25.44
1781	72.04	-22.25	-25.52
1782	72.08	-22.28	-25.61
1783	72.12	-22.28	-25.6
1784	72.16	-22.29	-25.6
1785	72.2	-22.28	-25.59
1786	72.24	-22.27	-25.59
1787	72.28	-22.27	-25.6
1788	72.32	-22.27	-25.6
1789	72.36	-22.29	-25.61
1790	72.4	-22.31	-25.61
1791	72.44	-22.33	-25.61
1792	72.48	-22.35	-25.62
1793	72.52	-22.38	-25.63
1794	72.56	-22.39	-25.64
1795	72.6	-22.41	-25.64
1796	72.64	-22.42	-25.65
1797	72.68	-22.44	-25.66
1798	72.72	-22.44	-25.67
1799	72.76	-22.44	-25.68
1800	72.8	-22.44	-25.69
1801	72.84	-22.44	-25.69
1802	72.88	-22.45	-25.71
1803	72.92	-22.46	-25.73
1804	72.96	-22.47	-25.75
1805	73	-22.48	-25.78
1806	73.04	-22.52	-25.79
1807	73.08	-22.56	-25.79
1808	73.12	-22.63	-25.8
1809	73.16	-22.7	-25.79
1810	73.2	-22.73	-25.79
1811	73.24	-22.75	-25.79
1812	73.28	-22.77	-25.8
1813	73.32	-22.76	-25.79
1814	73.36	-22.77	-25.8
1815	73.4	-22.76	-25.81
1816	73.44	-22.78	-25.83
1817	73.48	-22.81	-25.86
1818	73.52	-22.83	-25.88
1819	73.56	-22.85	-25.88
1820	73.6	-22.85	-25.87
1821	73.64	-22.86	-25.86
1822	73.68	-22.86	-25.85
1823	73.72	-22.84	-25.84
1824	73.76	-22.82	-25.84
1825	73.8	-22.78	-25.83
1826	73.84	-22.77	-25.8
1827	73.88	-22.75	-25.79
1828	73.92	-22.73	-25.79
1829	73.96	-22.71	-25.79
1830	74	-22.68	-25.81
1831	74.04	-22.65	-25.8
1832	74.08	-22.65	-25.79
1833	74.12	-22.64	-25.77
1834	74.16	-22.61	-25.73
1835	74.2	-22.61	-25.72
1836	74.24	-22.58	-25.69
1837	74.28	-22.57	-25.7
1838	74.32	-22.56	-25.71
1839	74.36	-22.54	-25.72
1840	74.4	-22.52	-25.74
1841	74.44	-22.5	-25.74
1842	74.48	-22.5	-25.74
1843	74.52	-22.46	-25.7
1844	74.56	-22.38	-25.65
1845	74.6	-22.29	-25.59
1846	74.64	-22.17	-25.55
1847	74.68	-22.06	-25.52
1848	74.72	-21.99	-25.52
1849	74.76	-21.93	-25.52
1850	74.8	-21.87	-25.51
1851	74.84	-21.85	-25.53
1852	74.88	-21.82	-25.53
1853	74.92	-21.79	-25.55
1854	74.96	-21.77	-25.55
1855	75	-21.75	-25.54
1856	75.04	-21.73	-25.55
1857	75.08	-21.73	-25.53
1858	75.12	-21.76	-25.54
1859	75.16	-21.78	-25.53
1860	75.2	-21.81	-25.53
1861	75.24	-21.83	-25.51
1862	75.28	-21.86	-25.51
1863	75.32	-21.91	-25.52
1864	75.36	-21.94	-25.52
1865	75.4	-21.98	-25.53
1866	75.44	-21.98	-25.52
1867	75.48	-21.99	-25.52
1868	75.52	-21.99	-25.51
1869	75.56	-21.98	-25.5
1870	75.6	-22	-25.48
1871	75.64	-21.99	-25.46
1872	75.68	-21.98	-25.44
1873	75.72	-21.96	-25.42
1874	75.76	-21.93	-25.4
1875	75.8	-21.91	-25.38
1876	75.84	-21.9	-25.37
1877	75.88	-21.91	-25.38
1878	75.92	-21.9	-25.37
1879	75.96	-21.91	-25.37
1880	76	-21.9	-25.37
1881	76.04	-21.9	-25.37
1882	76.08	-21.9	-25.38
1883	76.12	-21.9	-25.38
1884	76.16	-21.9	-25.39
1885	76.2	-21.9	-25.37
1886	76.24	-21.88	-25.37
1887	76.28	-21.89	-25.37
1888	76.32	-21.88	-25.36
1889	76.36	-21.88	-25.37
1890	76.4	-21.91	-25.37
1891	76.44	-21.9	-25.38
1892	76.48	-21.89	-25.39
1893	76.52	-21.87	-25.4
1894	76.56	-21.84	-25.4
1895	76.6	-21.85	-25.41
1896	76.64	-21.85	-25.42
1897	76.68	-21.86	-25.43
1898	76.72	-21.88	-25.45
1899	76.76	-21.88	-25.47
1900	76.8	-21.91	-25.46
1901	76.84	-21.91	-25.46
1902	76.88	-21.91	-25.46
1903	76.92	-21.91	-25.46
1904	76.96	-21.92	-25.47
1905	77	-21.93	-25.47
1906	77.04	-21.96	-25.48
1907	77.08	-21.97	-25.49
1908	77.12	-21.99	-25.52
1909	77.16	-22.01	-25.54
1910	77.2	-22.03	-25.57
1911	77.24	-22.04	-25.58
1912	77.28	-22.07	-25.59
1913	77.32	-22.09	-25.61
1914	77.36	-22.11	-25.63
1915	77.4	-22.13	-25.65
1916	77.44	-22.12	-25.67
1917	77.48	-22.11	-25.68
1918	77.52	-22.11	-25.69
1919	77.56	-22.13	-25.7
1920	77.6	-22.13	-25.7
1921	77.64	-22.14	-25.7
1922	77.68	-22.13	-25.71
1923	77.72	-22.1	-25.7
1924	77.76	-22.08	-25.7
1925	77.8	-22.05	-25.71
1926	77.84	-22.03	-25.7
1927	77.88	-22.02	-25.71
1928	77.92	-22.01	-25.73
1929	77.96	-22.01	-25.73
1930	78	-22.02	-25.76
1931	78.04	-22.02	-25.76
1932	78.08	-22.02	-25.77
1933	78.12	-22.01	-25.77
1934	78.16	-21.99	-25.77
1935	78.2	-21.97	-25.77
1936	78.24	-21.94	-25.76
1937	78.28	-21.91	-25.75
1938	78.32	-21.88	-25.74
1939	78.36	-21.87	-25.74
1940	78.4	-21.87	-25.75
1941	78.44	-21.89	-25.75
1942	78.48	-21.9	-25.75
1943	78.52	-21.91	-25.76
1944	78.56	-21.93	-25.77
1945	78.6	-21.94	-25.78
1946	78.64	-21.96	-25.79
1947	78.68	-21.97	-25.8
1948	78.72	-21.98	-25.8
1949	78.76	-21.99	-26.15
1950	78.8	-21.97	-26.49
1951	78.84	-21.98	-26.5
1952	78.88	-22	-26.49
1953	78.92	-22.01	-26.15
1954	78.96	-22.05	-25.82
1955	79	-22.05	-25.82
1956	79.04	-22.05	-25.82
1957	79.08	-22.04	-25.82
1958	79.12	-22.04	-25.82
1959	79.16	-22.04	-25.81
1960	79.2	-22.01	-25.8
1961	79.24	-21.99	-25.78
1962	79.28	-21.94	-25.74
1963	79.32	-21.89	-25.69
1964	79.36	-21.86	-25.65
1965	79.4	-21.84	-25.62
1966	79.44	-21.84	-25.6
1967	79.48	-21.86	-25.61
1968	79.52	-21.85	-25.6
1969	79.56	-21.85	-25.6
1970	79.6	-21.86	-25.6
1971	79.64	-21.86	-25.6
1972	79.68	-21.88	-25.61
1973	79.72	-21.9	-25.62
1974	79.76	-21.89	-25.62
1975	79.8	-21.9	-25.62
1976	79.84	-21.89	-25.6
1977	79.88	-21.9	-25.58
1978	79.92	-21.92	-25.57
1979	79.96	-21.92	-25.54
1980	80	-21.93	-25.53
1981	80.04	-21.95	-25.52
1982	80.08	-21.95	-25.51
1983	80.12	-21.94	-25.49
1984	80.16	-21.92	-25.48
1985	80.2	-21.91	-25.47
1986	80.24	-21.89	-25.47
1987	80.28	-21.88	-25.47
1988	80.32	-21.86	-25.48
1989	80.36	-21.83	-25.46
1990	80.4	-21.82	-25.45
1991	80.44	-21.83	-25.42
1992	80.48	-21.83	-25.4
1993	80.52	-21.84	-25.39
1994	80.56	-21.84	-25.39
1995	80.6	-21.81	-25.39
1996	80.64	-21.81	-25.41
1997	80.68	-21.8	-25.42
1998	80.72	-21.79	-25.42
1999	80.76	-21.78	-25.44
2000	80.8	-21.77	-25.44
2001	80.84	-21.76	-25.45
2002	80.88	-21.74	-25.46
2003	80.92	-21.74	-25.47
2004	80.96	-21.74	-25.47
2005	81	-21.72	-25.47
2006	81.04	-21.7	-25.45
2007	81.08	-21.69	-25.44
2008	81.12	-21.66	-25.43
2009	81.16	-21.64	-25.44
2010	81.2	-21.62	-25.48
2011	81.24	-21.61	-25.5
2012	81.28	-21.59	-25.53
2013	81.32	-21.6	-25.55
2014	81.36	-21.62	-25.55
2015	81.4	-21.63	-25.55
2016	81.44	-21.64	-25.54
2017	81.48	-21.62	-25.53
2018	81.52	-21.62	-25.53
2019	81.56	-21.61	-25.52
2020	81.6	-21.62	-25.53
2021	81.64	-21.62	-25.54
2022	81.68	-21.62	-25.53
2023	81.72	-21.63	-25.53
2024	81.76	-21.62	-25.54
2025	81.8	-21.62	-25.54
2026	81.84	-21.63	-25.53
2027	81.88	-21.65	-25.55
2028	81.92	-21.67	-25.57
2029	81.96	-21.7	-25.59
2030	82	-21.74	-25.63
2031	82.04	-21.76	-25.65
2032	82.08	-21.79	-25.67
2033	82.12	-21.8	-25.68
2034	82.16	-21.8	-25.69
2035	82.2	-21.82	-25.71
2036	82.24	-21.82	-25.71
2037	82.3	-21.84	-25.75
2038	82.36	-21.86	-25.76
2039	82.4	-21.88	-25.78
2040	82.44	-21.9	-25.78
2041	82.48	-21.92	-25.78
2042	82.52	-21.96	-25.79
2043	82.56	-21.99	-25.79
2044	82.6	-22.02	-25.79
2045	82.64	-22.04	-25.78
2046	82.68	-22.07	-25.78
2047	82.72	-22.09	-25.78
2048	82.76	-22.1	-25.77
2049	82.8	-22.11	-25.77
2050	82.84	-22.1	-25.76
2051	82.88	-22.09	-25.75
2052	82.92	-22.09	-25.75
2053	82.96	-22.07	-25.74
2054	83	-22.07	-25.74
2055	83.04	-22.07	-25.74
2056	83.08	-22.06	-25.74
2057	83.12	-22.06	-25.74
2058	83.16	-22.05	-25.74
2059	83.2	-22.04	-25.73
2060	83.24	-22.03	-25.73
2061	83.28	-22	-25.71
2062	83.32	-21.98	-25.69
2063	83.36	-21.96	-25.66
2064	83.4	-21.94	-25.63
2065	83.44	-21.92	-25.6
2066	83.48	-21.88	-25.57
2067	83.52	-21.84	-25.55
2068	83.56	-21.78	-25.53
2069	83.6	-21.75	-25.52
2070	83.64	-21.73	-25.51
2071	83.68	-21.69	-25.5
2072	83.72	-21.67	-25.49
2073	83.76	-21.64	-25.48
2074	83.8	-21.62	-25.47
2075	83.84	-21.61	-25.47
2076	83.88	-21.6	-25.49
2077	83.92	-21.59	-25.5
2078	83.96	-21.58	-25.51
2079	84	-21.55	-25.52
2080	84.04	-21.55	-25.51
2081	84.08	-21.55	-25.5
2082	84.12	-21.55	-25.49
2083	84.16	-21.55	-25.46
2084	84.2	-21.54	-25.45
2085	84.24	-21.51	-25.43
2086	84.28	-21.46	-25.41
2087	84.32	-21.43	-25.39
2088	84.36	-21.4	-25.37
2089	84.4	-21.37	-25.36
2090	84.44	-21.37	-25.35
2091	84.48	-21.36	-25.32
2092	84.52	-21.34	-25.31
2093	84.56	-21.34	-25.28
2094	84.6	-21.32	-25.27
2095	84.64	-21.31	-25.26
2096	84.68	-21.31	-25.25
2097	84.72	-21.31	-25.24
2098	84.76	-21.31	-25.22
2099	84.8	-21.3	-25.21
2100	84.84	-21.28	-25.2
2101	84.88	-21.25	-25.19
2102	84.92	-21.23	-25.19
2103	84.96	-21.22	-25.18
2104	85	-21.19	-25.18
2105	85.04	-21.16	-25.18
2106	85.08	-21.12	-25.18
2107	85.12	-21.09	-25.2
2108	85.16	-21.07	-25.21
2109	85.2	-21.05	-25.23
2110	85.24	-21.04	-25.24
2111	85.28	-21.03	-25.24
2112	85.32	-21.02	-25.25
2113	85.36	-21.01	-25.25
2114	85.4	-21.01	-25.26
2115	85.44	-20.98	-25.27
2116	85.48	-20.96	-25.28
2117	85.52	-20.92	-25.29
2118	85.56	-20.87	-25.31
2119	85.6	-20.84	-25.68
2120	85.64	-20.79	-26.16
2121	85.68	-20.77	-26.16
2122	85.72	-20.75	-26.16
2123	85.76	-20.74	-25.79
2124	85.8	-20.72	-25.69
2125	85.84	-20.71	-25.69
2126	85.88	-20.7	-25.85
2127	85.92	-20.68	-26.31
2128	85.96	-20.68	-26.41
2129	86	-20.67	-26.85
2130	86.04	-20.66	-27.15
2131	86.08	-20.66	-27.15
2132	86.12	-20.66	-27.15
2133	86.16	-20.66	-27.16
2134	86.2	-20.67	-27.16
2135	86.24	-20.69	-27.14
2136	86.28	-20.71	-27.12
2137	86.32	-20.74	-27.12
2138	86.36	-20.76	-27.13
2139	86.4	-20.79	-27.14
2140	86.44	-20.8	-27.15
2141	86.48	-20.83	-26.72
2142	86.6	-20.85	-26.25
2143	86.64	-20.87	-25.8
2144	86.68	-20.91	-25.33
2145	86.72	-20.93	-25.33
2146	86.76	-20.96	-25.35
2147	86.8	-20.99	-25.39
2148	86.84	-21	-25.41
2149	86.88	-21.02	-25.43
2150	86.92	-21.04	-25.43
2151	86.96	-21.07	-25.41
2152	87	-21.09	-25.4
2153	87.04	-21.13	-25.39
2154	87.08	-21.15	-25.4
2155	87.12	-21.2	-25.41
2156	87.16	-21.25	-25.43
2157	87.2	-21.29	-25.44
2158	87.24	-21.34	-25.46
2159	87.28	-21.37	-25.47
2160	87.32	-21.4	-25.5
2161	87.36	-21.41	-25.5
2162	87.4	-21.44	-25.51
2163	87.44	-21.49	-25.52
2164	87.48	-21.56	-25.51
2165	87.52	-21.63	-25.5
2166	87.56	-21.72	-25.48
2167	87.6	-21.76	-25.45
2168	87.64	-21.79	-25.42
2169	87.68	-21.82	-25.4
2170	87.72	-21.83	-25.38
2171	87.76	-21.84	-25.36
2172	87.8	-21.85	-25.35
2173	87.84	-21.88	-25.33
2174	87.88	-21.9	-25.33
2175	87.92	-21.93	-25.33
2176	87.96	-21.96	-25.34
2177	88	-21.97	-25.35
2178	88.04	-21.99	-25.35
2179	88.08	-21.99	-25.35
2180	88.12	-22	-25.36
2181	88.16	-22	-25.36
2182	88.2	-22.01	-25.36
2183	88.24	-22	-25.37
2184	88.28	-22.02	-25.37
2185	88.32	-22.05	-25.38
2186	88.36	-22.08	-25.39
2187	88.4	-22.12	-25.39
2188	88.44	-22.13	-25.39
2189	88.48	-22.13	-25.39
2190	88.52	-22.15	-25.4
2191	88.56	-22.16	-25.41
2192	88.6	-22.18	-25.4
2193	88.64	-22.22	-25.37
2194	88.68	-22.24	-25.35
2195	88.72	-22.26	-25.32
2196	88.76	-22.29	-25.28
2197	88.8	-22.31	-25.25
2198	88.84	-22.34	-25.21
2199	88.88	-22.36	-25.18
2200	88.92	-22.37	-25.16
2201	88.96	-22.39	-25.16
2202	89	-22.41	-25.14
2203	89.04	-22.43	-25.12
2204	89.08	-22.44	-25.07
2205	89.12	-22.46	-25.01
2206	89.16	-22.46	-24.97
2207	89.2	-22.46	-24.93
2208	89.24	-22.47	-24.91
2209	89.28	-22.46	-24.9
2210	89.32	-22.46	-24.89
2211	89.36	-22.46	-24.88
2212	89.4	-22.44	-24.87
2213	89.44	-22.42	-24.88
2214	89.48	-22.41	-24.89
2215	89.52	-22.4	-24.9
2216	89.56	-22.4	-24.9
2217	89.6	-22.39	-24.9
2218	89.64	-22.38	-24.9
2219	89.68	-22.38	-24.9
2220	89.72	-22.37	-24.9
2221	89.76	-22.37	-24.9
2222	89.8	-22.37	-24.9
2223	89.84	-22.36	-24.88
2224	90.36	-22.36	-24.88
2225	90.4	-22.36	-24.86
2226	90.44	-22.35	-24.85
2227	90.48	-22.34	-24.86
2228	90.52	-22.34	-24.84
2229	90.56	-22.34	-24.85
2230	90.6	-22.34	-24.85
2231	90.64	-22.35	-24.85
2232	90.68	-22.36	-24.85
2233	90.72	-22.36	-24.84
2234	90.76	-22.37	-24.83
2235	90.8	-22.36	-24.82
2236	90.84	-22.37	-24.83
2237	90.88	-22.37	-24.83
2238	90.92	-22.36	-24.84
2239	90.96	-22.37	-24.84
2240	91	-22.35	-24.83
2241	91.04	-22.35	-24.83
2242	91.08	-22.35	-24.83
2243	91.12	-22.35	-24.83
2244	91.16	-22.36	-24.83
2245	91.2	-22.35	-24.84
2246	91.24	-22.35	-24.84
2247	91.28	-22.35	-24.84
2248	91.32	-22.35	-24.84
2249	91.36	-22.35	-24.83
2250	91.4	-22.34	-24.82
2251	91.44	-22.34	-24.82
2252	91.48	-22.34	-24.82
2253	91.52	-22.34	-24.82
2254	91.56	-22.34	-24.82
2255	91.6	-22.35	-24.82
2256	91.64	-22.35	-24.81
2257	91.68	-22.34	-24.81
2258	91.72	-22.34	-24.81
2259	91.76	-22.33	-24.82
2260	91.8	-22.31	-24.83
2261	91.84	-22.3	-24.84
2262	91.88	-22.3	-24.85
2263	91.92	-22.3	-24.86
2264	91.96	-22.32	-24.87
2265	92	-22.31	-24.9
2266	92.04	-22.3	-24.92
2267	92.08	-22.3	-24.94
2268	92.12	-22.3	-24.96
2269	92.16	-22.31	-24.97
2270	92.2	-22.31	-24.99
2271	92.24	-22.3	-24.99
2272	92.28	-22.3	-25
2273	92.32	-22.28	-25.01
2274	92.36	-22.29	-25.03
2275	92.4	-22.28	-25.05
2276	92.44	-22.29	-25.07
2277	92.48	-22.3	-25.1
2278	92.52	-22.3	-25.12
2279	92.56	-22.3	-25.17
2280	92.6	-22.3	-25.23
2281	92.64	-22.29	-25.28
2282	92.68	-22.28	-25.32
2283	92.72	-22.29	-25.34
2284	92.76	-22.29	-25.38
2285	92.8	-22.3	-25.42
2286	92.84	-22.31	-25.48
2287	92.88	-22.33	-25.53
2288	92.92	-22.34	-25.56
2289	92.97	-22.34	-25.61
2290	93.02	-22.35	-25.65
2291	93.05	-22.36	-25.69
2292	93.09	-22.37	-25.73
2293	93.12	-22.42	-25.75
2294	93.16	-22.47	-25.79
2295	93.2	-22.52	-25.81
2296	93.24	-22.56	-25.83
2297	93.28	-22.59	-25.84
2298	93.32	-22.58	-25.84
2299	93.36	-22.56	-25.85
2300	93.4	-22.54	-25.85
2301	93.44	-22.52	-25.87
2302	93.48	-22.51	-25.88
2303	93.52	-22.51	-25.89
2304	93.56	-22.51	-25.9
2305	93.6	-22.51	-25.91
2306	93.64	-22.52	-25.92
2307	93.68	-22.54	-25.92
2308	93.72	-22.55	-25.93
2309	93.76	-22.57	-25.93
2310	93.8	-22.57	-25.93
2311	93.84	-22.58	-25.92
2312	93.88	-22.57	-25.93
2313	93.92	-22.58	-25.92
2314	93.96	-22.58	-25.92
2315	94	-22.59	-25.93
2316	94.08	-22.59	-25.93
2317	94.12	-22.59	-25.93
2318	94.16	-22.59	-25.93
2319	94.2	-22.58	-25.93
2320	94.24	-22.58	-25.93
2321	94.28	-22.57	-25.93
2322	94.32	-22.56	-25.93
2323	94.36	-22.56	-25.93
2324	94.4	-22.56	-25.93
2325	94.44	-22.56	-25.93
2326	94.48	-22.56	-25.93
2327	94.52	-22.55	-25.93
2328	94.56	-22.55	-25.93
2329	94.6	-22.54	-25.93
2330	94.64	-22.55	-25.94
2331	94.68	-22.55	-25.94
2332	94.72	-22.54	-25.93
2333	94.76	-22.54	-25.94
2334	94.8	-22.54	-25.94
2335	94.84	-22.54	-25.94
2336	94.88	-22.55	-25.94
2337	94.92	-22.54	-25.93
2338	94.96	-22.53	-25.93
2339	95	-22.53	-25.92
2340	95.04	-22.53	-25.92
2341	95.08	-22.52	-25.92
2342	95.12	-22.52	-25.92
2343	95.16	-22.5	-25.92
2344	95.2	-22.49	-25.92
2345	95.24	-22.48	-25.92
2346	95.28	-22.48	-25.92
2347	95.32	-22.48	-25.91
2348	95.36	-22.48	-25.91
2349	95.4	-22.5	-25.91
2350	95.44	-22.48	-25.92
2351	95.48	-22.47	-25.92
2352	95.52	-22.45	-25.92
2353	95.56	-22.43	-25.92
2354	95.6	-22.44	-25.91
2355	95.66	-22.44	-25.92
2356	95.69	-22.46	-25.91
2357	95.72	-22.45	-25.9
2358	95.76	-22.46	-25.87
2359	95.8	-22.49	-25.85
2360	95.84	-22.5	-25.83
2361	95.88	-22.53	-25.82
2362	95.92	-22.56	-25.81
2363	95.96	-22.58	-25.8
2364	96	-22.61	-25.79
2365	96.04	-22.61	-25.78
2366	96.08	-22.61	-25.76
2367	96.12	-22.61	-25.73
2368	96.16	-22.62	-25.7
2369	96.2	-22.64	-25.67
2370	96.24	-22.65	-25.65
2371	96.28	-22.67	-25.64
2372	96.32	-22.68	-25.62
2373	96.36	-22.71	-25.61
2374	96.4	-22.74	-25.6
2375	96.44	-22.76	-25.59
2376	96.48	-22.78	-25.59
2377	96.52	-22.78	-25.59
2378	96.56	-22.78	-25.59
2379	96.6	-22.77	-25.6
2380	96.64	-22.76	-25.61
2381	96.68	-22.76	-25.61
2382	96.72	-22.74	-25.62
2383	96.84	-22.73	-25.63
2384	96.88	-22.72	-25.64
2385	96.92	-22.71	-25.66
2386	96.96	-22.7	-25.67
2387	97	-22.7	-25.67
2388	97.04	-22.69	-25.69
2389	97.08	-22.66	-25.71
2390	97.12	-22.64	-25.73
2391	97.16	-22.62	-25.74
2392	97.2	-22.59	-25.75
2393	97.24	-22.58	-25.75
2394	97.28	-22.58	-25.76
2395	97.32	-22.58	-25.78
2396	97.36	-22.6	-25.79
2397	97.4	-22.61	-25.82
2398	97.44	-22.6	-25.84
2399	97.48	-22.59	-25.86
2400	97.52	-22.58	-25.89
2401	97.56	-22.58	-25.91
2402	97.6	-22.58	-25.94
2403	97.64	-22.58	-25.98
2404	97.68	-22.59	-26
2405	97.72	-22.58	-26.01
2406	97.76	-22.56	-26.02
2407	97.8	-22.54	-26.01
2408	97.84	-22.53	-26.01
2409	97.88	-22.52	-26.04
2410	97.92	-22.52	-26.05
2411	97.96	-22.52	-26.09
2412	98	-22.53	-26.13
2413	98.04	-22.54	-26.15
2414	98.08	-22.55	-26.17
2415	98.12	-22.57	-26.18
2416	98.16	-22.59	-26.17
2417	98.2	-22.62	-26.17
2418	98.24	-22.64	-26.16
2419	98.28	-22.66	-26.15
2420	98.32	-22.67	-26.15
2421	98.36	-22.68	-26.16
2422	98.4	-22.69	-26.17
2423	98.44	-22.69	-26.19
2424	98.48	-22.66	-26.25
2425	98.52	-22.63	-26.3
2426	98.56	-22.59	-26.35
2427	98.6	-22.59	-26.36
2428	98.64	-22.62	-26.35
2429	98.68	-22.65	-26.32
2430	98.72	-22.69	-26.28
2431	98.76	-22.7	-26.24
2432	98.8	-22.74	-26.21
2433	98.84	-22.73	-26.2
2434	98.88	-22.76	-26.21
2435	98.92	-22.76	-26.22
2436	98.96	-22.77	-26.22
2437	99	-22.78	-26.25
2438	99.04	-22.77	-26.27
2439	99.08	-22.78	-26.29
2440	99.12	-22.78	-26.3
2441	99.16	-22.79	-26.3
2442	99.2	-22.8	-26.3
2443	99.24	-22.81	-26.31
2444	99.28	-22.83	-26.31
2445	99.32	-22.83	-26.32
2446	99.35	-22.83	-26.32
2447	99.39	-22.82	-26.32
2448	99.43	-22.81	-26.33
2449	99.47	-22.81	-26.33
2450	99.51	-22.8	-26.35
2451	99.55	-22.79	-26.34
2452	99.59	-22.79	-26.34
2453	99.64	-22.79	-26.34
2454	99.67	-22.79	-26.34
2455	99.71	-22.78	-26.34
2456	99.75	-22.78	-26.33
2457	99.79	-22.78	-26.33
2458	99.83	-22.79	-26.33
2459	99.87	-22.8	-26.33
2460	99.91	-22.8	-26.34
2461	99.95	-22.8	-26.34
2462	99.99	-22.81	-26.34
2463	100.03	-22.81	-26.33
2464	100.07	-22.81	-26.33
2465	100.11	-22.8	-26.32
2466	100.15	-22.78	-26.31
2467	100.19	-22.79	-26.32
2468	100.23	-22.79	-26.31
2469	100.27	-22.79	-26.31
2470	100.31	-22.81	-26.31
2471	100.35	-22.81	-26.31
2472	100.39	-22.81	-26.29
2473	100.43	-22.82	-26.29
2474	100.47	-22.82	-26.29
2475	100.51	-22.83	-26.28
2476	100.55	-22.83	-26.29
2477	100.59	-22.82	-26.29
2478	100.63	-22.81	-26.28
2479	100.67	-22.81	-26.28
2480	100.71	-22.8	-26.28
2481	100.75	-22.81	-26.27
2482	100.79	-22.81	-26.28
2483	100.83	-22.81	-26.28
2484	100.87	-22.8	-26.27
2485	100.91	-22.8	-26.27
2486	100.95	-22.8	-26.26
2487	100.99	-22.8	-26.27
2488	101.03	-22.8	-26.27
2489	101.07	-22.81	-26.27
2490	101.11	-22.8	-26.28
2491	101.15	-22.8	-26.28
2492	101.19	-22.81	-26.28
2493	101.23	-22.8	-26.29
2494	101.27	-22.81	-26.29
2495	101.31	-22.81	-26.29
2496	101.35	-22.8	-26.29
2497	101.39	-22.8	-26.29
2498	101.43	-22.8	-26.29
2499	101.47	-22.8	-26.29
2500	101.51	-22.79	-26.29
2501	101.55	-22.78	-26.29
2502	101.59	-22.78	-26.29
2503	101.63	-22.77	-26.28
2504	101.67	-22.77	-26.28
2505	101.71	-22.77	-26.28
2506	101.75	-22.77	-26.27
2507	101.79	-22.77	-26.27
2508	101.83	-22.77	-26.27
2509	101.87	-22.77	-26.26
2510	101.91	-22.77	-26.26
2511	101.95	-22.77	-26.26
2512	101.99	-22.78	-26.26
2513	102.03	-22.78	-26.26
2514	102.07	-22.8	-26.25
2515	102.11	-22.79	-26.25
2516	102.15	-22.8	-26.25
2517	102.19	-22.8	-26.25
2518	102.23	-22.78	-26.26
2519	102.27	-22.78	-26.26
2520	102.31	-22.79	-26.25
2521	102.35	-22.78	-26.25
2522	102.39	-22.78	-26.24
2523	102.43	-22.77	-26.24
2524	102.47	-22.76	-26.25
2525	102.51	-22.75	-26.25
2526	102.55	-22.75	-26.26
2527	102.59	-22.74	-26.27
2528	102.63	-22.72	-26.26
2529	102.67	-22.71	-26.24
2530	102.71	-22.7	-26.22
2531	102.75	-22.71	-26.2
2532	102.79	-22.72	-26.19
2533	102.83	-22.73	-26.19
2534	102.87	-22.73	-26.2
2535	102.91	-22.72	-26.2
2536	102.95	-22.71	-26.21
2537	102.99	-22.71	-26.21
2538	103.03	-22.7	-26.21
2539	103.07	-22.71	-26.23
2540	103.11	-22.72	-26.24
2541	103.15	-22.72	-26.25
2542	103.19	-22.73	-26.26
2543	103.23	-22.74	-26.27
2544	103.27	-22.72	-26.28
2545	103.31	-22.71	-26.28
2546	103.35	-22.71	-26.27
2547	103.39	-22.7	-26.27
2548	103.43	-22.7	-26.27
2549	103.47	-22.69	-26.27
2550	103.51	-22.68	-26.27
2551	103.55	-22.65	-26.3
2552	103.59	-22.64	-26.33
2553	103.63	-22.63	-26.35
2554	103.67	-22.62	-26.36
2555	103.71	-22.63	-26.34
2556	103.75	-22.64	-26.31
2557	103.79	-22.65	-26.28
2558	103.83	-22.65	-26.25
2559	103.87	-22.63	-26.22
2560	103.91	-22.62	-26.19
2561	103.95	-22.62	-26.16
2562	103.99	-22.61	-26.14
2563	104.03	-22.62	-26.13
2564	104.07	-22.61	-26.12
2565	104.11	-22.61	-26.12
2566	104.15	-22.6	-26.12
2567	104.19	-22.6	-26.11
2568	104.23	-22.6	-26.11
2569	104.27	-22.61	-26.12
2570	104.31	-22.61	-26.12
2571	104.35	-22.61	-26.12
2572	104.39	-22.6	-26.12
2573	104.43	-22.6	-26.11
2574	104.47	-22.59	-26.11
2575	104.51	-22.59	-26.12
2576	104.55	-22.59	-26.12
2577	104.59	-22.6	-26.12
2578	104.63	-22.61	-26.12
2579	104.67	-22.61	-26.12
2580	104.71	-22.62	-26.11
2581	104.75	-22.61	-26.11
2582	104.79	-22.61	-26.11
2583	104.83	-22.61	-26.11
2584	104.87	-22.61	-26.11
2585	104.91	-22.62	-26.11
2586	104.95	-22.62	-26.1
2587	104.99	-22.61	-26.1
2588	105.03	-22.61	-26.1
2589	105.07	-22.6	-26.1
2590	105.11	-22.59	-26.1
2591	105.15	-22.59	-26.1
2592	105.19	-22.6	-26.11
2593	105.23	-22.6	-26.1
2594	105.27	-22.6	-26.1
2595	105.31	-22.6	-26.1
2596	105.35	-22.6	-26.1
2597	105.39	-22.6	-26.09
2598	105.43	-22.6	-26.1
2599	105.47	-22.6	-26.1
2600	105.51	-22.61	-26.1
2601	105.55	-22.6	-26.1
2602	105.59	-22.6	-26.09
2603	105.63	-22.61	-26.09
2604	105.67	-22.62	-26.08
2605	105.71	-22.63	-26.07
2606	105.75	-22.64	-26.06
2607	105.79	-22.64	-26.07
2608	105.83	-22.64	-26.07
2609	105.87	-22.64	-26.08
2610	105.91	-22.64	-26.07
2611	105.95	-22.64	-26.08
2612	105.99	-22.62	-26.08
2613	106.03	-22.62	-26.08
2614	106.07	-22.62	-26.09
2615	106.11	-22.62	-26.08
2616	106.15	-22.62	-26.08
2617	106.19	-22.62	-26.08
2618	106.23	-22.61	-26.08
2619	106.27	-22.61	-26.08
2620	106.31	-22.61	-26.08
2621	106.35	-22.61	-26.09
2622	106.39	-22.61	-26.09
2623	106.43	-22.61	-26.09
2624	106.47	-22.61	-26.09
2625	106.51	-22.61	-26.09
2626	106.55	-22.61	-26.1
2627	106.59	-22.6	-26.09
2628	106.63	-22.6	-26.1
2629	106.67	-22.61	-26.09
2630	106.71	-22.61	-26.09
2631	106.75	-22.61	-26.1
2632	106.79	-22.62	-26.1
2633	106.83	-22.62	-26.1
2634	106.87	-22.61	-26.1
2635	106.91	-22.62	-26.1
2636	106.95	-22.62	-26.1
2637	106.99	-22.61	-26.1
2638	107.03	-22.61	-26.1
2639	107.07	-22.6	-26.1
2640	107.11	-22.6	-26.1
2641	107.15	-22.6	-26.11
2642	107.19	-22.6	-26.11
2643	107.23	-22.6	-26.12
2644	107.27	-22.61	-26.11
2645	107.31	-22.61	-26.11
2646	107.35	-22.61	-26.12
2647	107.39	-22.6	-26.12
2648	107.43	-22.59	-26.14
2649	107.47	-22.56	-26.16
2650	107.51	-22.55	-26.17
2651	107.55	-22.53	-26.18
2652	107.59	-22.53	-26.19
2653	107.63	-22.52	-26.19
2654	107.67	-22.52	-26.2
2655	107.71	-22.52	-26.2
2656	107.75	-22.52	-26.2
2657	107.79	-22.52	-26.19
2658	107.83	-22.52	-26.2
2659	107.87	-22.52	-26.2
2660	107.91	-22.52	-26.2
2661	107.95	-22.51	-26.21
2662	107.99	-22.5	-26.2
2663	108.03	-22.49	-26.21
2664	108.07	-22.49	-26.21
2665	108.11	-22.5	-26.22
2666	108.15	-22.49	-26.23
2667	108.19	-22.5	-26.23
2668	108.23	-22.5	-26.24
2669	108.28	-22.48	-26.23
2670	108.34	-22.47	-26.24
2671	108.39	-22.46	-26.23
2672	108.43	-22.44	-26.23
2673	108.47	-22.42	-26.22
2674	108.51	-22.42	-26.21
2675	108.55	-22.4	-26.21
2676	108.59	-22.39	-26.2
2677	108.63	-22.37	-26.2
2678	108.67	-22.37	-26.2
2679	108.71	-22.36	-26.2
2680	108.75	-22.36	-26.2
2681	108.79	-22.37	-26.21
2682	108.83	-22.36	-26.21
2683	108.87	-22.36	-26.21
2684	108.91	-22.36	-26.21
2685	108.95	-22.36	-26.22
2686	108.99	-22.36	-26.23
2687	109.03	-22.37	-26.23
2688	109.07	-22.37	-26.23
2689	109.11	-22.38	-26.23
2690	109.15	-22.38	-26.23
2691	109.19	-22.39	-26.23
2692	109.23	-22.38	-26.23
2693	109.27	-22.38	-26.22
2694	109.31	-22.37	-26.21
2695	109.35	-22.35	-26.19
2696	109.39	-22.36	-26.19
2697	109.43	-22.36	-26.18
2698	109.47	-22.36	-26.17
2699	109.51	-22.37	-26.17
2700	109.55	-22.37	-26.16
2701	109.59	-22.37	-26.16
2702	109.63	-22.38	-26.15
2703	109.67	-22.39	-26.14
2704	109.71	-22.4	-26.14
2705	109.75	-22.39	-26.13
2706	109.79	-22.38	-26.12
2707	109.83	-22.37	-26.11
2708	109.87	-22.37	-26.11
2709	109.91	-22.38	-26.11
2710	109.95	-22.39	-26.11
2711	109.99	-22.4	-26.11
2712	110.03	-22.4	-26.11
2713	110.07	-22.42	-26.12
2714	110.11	-22.42	-26.12
2715	110.15	-22.42	-26.12
2716	110.19	-22.42	-26.12
2717	110.23	-22.42	-26.12
2718	110.27	-22.43	-26.12
2719	110.31	-22.43	-26.13
2720	110.35	-22.44	-26.13
2721	110.39	-22.44	-26.12
2722	110.43	-22.44	-26.12
2723	110.47	-22.45	-26.13
2724	110.51	-22.45	-26.13
2725	110.55	-22.45	-26.14
2726	110.59	-22.45	-26.14
2727	110.63	-22.45	-26.14
2728	110.67	-22.45	-26.15
2729	110.71	-22.45	-26.15
2730	110.75	-22.46	-26.15
2731	110.79	-22.46	-26.14
2732	110.83	-22.45	-26.13
2733	110.87	-22.46	-26.13
2734	110.91	-22.45	-26.14
2735	110.95	-22.45	-26.14
2736	110.99	-22.45	-26.14
2737	111.03	-22.44	-26.14
2738	111.07	-22.44	-26.13
2739	111.11	-22.44	-26.13
2740	111.15	-22.44	-26.13
2741	111.19	-22.45	-26.12
2742	111.23	-22.45	-26.13
2743	111.27	-22.45	-26.13
2744	111.31	-22.45	-26.13
2745	111.35	-22.45	-26.14
2746	111.39	-22.45	-26.14
2747	111.43	-22.44	-26.13
2748	111.47	-22.44	-26.12
2749	111.51	-22.44	-26.13
2750	111.55	-22.44	-26.12
2751	111.59	-22.43	-26.13
2752	111.63	-22.43	-26.13
2753	111.67	-22.43	-26.13
2754	111.71	-22.44	-26.13
2755	111.75	-22.45	-26.11
2756	111.79	-22.45	-26.11
2757	111.83	-22.44	-26.11
2758	111.87	-22.44	-26.12
2759	111.91	-22.42	-26.12
2760	111.95	-22.42	-26.12
2761	111.99	-22.42	-26.11
2762	112.03	-22.42	-26.1
2763	112.07	-22.42	-26.11
2764	112.11	-22.42	-26.11
2765	112.15	-22.43	-26.11
2766	112.19	-22.43	-26.12
2767	112.23	-22.43	-26.11
2768	112.27	-22.42	-26.11
2769	112.31	-22.41	-26.11
2770	112.35	-22.42	-26.12
2771	112.39	-22.42	-26.11
2772	112.43	-22.42	-26.1
2773	112.47	-22.42	-26.1
2774	112.51	-22.42	-26.1
2775	112.55	-22.42	-26.11
2776	112.59	-22.42	-26.11
2777	112.63	-22.42	-26.1
2778	112.67	-22.42	-26.1
2779	112.71	-22.41	-26.09
2780	112.75	-22.41	-26.09
2781	112.79	-22.4	-26.1
2782	112.83	-22.39	-26.1
2783	112.87	-22.4	-26.1
2784	112.91	-22.4	-26.11
2785	112.95	-22.41	-26.1
2786	112.99	-22.42	-26.1
2787	113.03	-22.42	-26.1
2788	113.07	-22.42	-26.1
2789	113.11	-22.42	-26.11
2790	113.15	-22.42	-26.1
2791	113.19	-22.42	-26.1
2792	113.23	-22.42	-26.09
2793	113.27	-22.42	-26.09
2794	113.31	-22.42	-26.09
2795	113.45	-22.43	-26.09
2796	113.47	-22.44	-26.09
2797	113.51	-22.44	-26.1
2798	113.55	-22.44	-26.11
2799	113.59	-22.43	-26.11
2800	113.63	-22.42	-26.12
2801	113.67	-22.43	-26.12
2802	113.71	-22.41	-26.14
2803	113.75	-22.4	-26.16
2804	113.79	-22.39	-26.16
2805	113.83	-22.37	-26.16
2806	113.87	-22.37	-26.16
2807	113.91	-22.37	-26.16
2808	113.95	-22.37	-26.17
2809	113.99	-22.37	-26.17
2810	114.03	-22.38	-26.17
2811	114.07	-22.38	-26.18
2812	114.11	-22.37	-26.18
2813	114.15	-22.38	-26.19
2814	114.19	-22.37	-26.19
2815	114.23	-22.38	-26.19
2816	114.27	-22.39	-26.2
2817	114.31	-22.38	-26.21
2818	114.35	-22.38	-26.24
2819	114.39	-22.38	-26.24
2820	114.43	-22.36	-26.25
2821	114.47	-22.37	-26.24
2822	114.51	-22.37	-26.25
2823	114.55	-22.38	-26.25
2824	114.59	-22.4	-26.25
2825	114.63	-22.41	-26.25
2826	114.67	-22.42	-26.24
2827	114.71	-22.43	-26.24
2828	114.75	-22.43	-26.23
2829	114.79	-22.43	-26.22
2830	114.83	-22.43	-26.21
2831	114.87	-22.44	-26.19
2832	114.91	-22.45	-26.18
2833	114.95	-22.46	-26.17
2834	114.99	-22.46	-26.16
2835	115.03	-22.47	-26.16
2836	115.07	-22.48	-26.15
2837	115.11	-22.48	-26.16
2838	115.15	-22.5	-26.15
2839	115.19	-22.5	-26.16
2840	115.23	-22.49	-26.16
2841	115.27	-22.48	-26.16
2842	115.31	-22.47	-26.16
2843	115.35	-22.45	-26.17
2844	115.39	-22.46	-26.17
2845	115.43	-22.45	-26.17
2846	115.47	-22.45	-26.18
2847	115.51	-22.46	-26.17
2848	115.55	-22.45	-26.18
2849	115.59	-22.47	-26.18
2850	115.63	-22.47	-26.18
2851	115.67	-22.49	-26.17
2852	115.71	-22.5	-26.16
2853	115.75	-22.5	-26.16
2854	115.79	-22.51	-26.16
2855	115.83	-22.5	-26.18
2856	115.87	-22.5	-26.17
2857	115.91	-22.5	-26.18
2858	115.95	-22.5	-26.18
2859	115.99	-22.5	-26.18
2860	116.03	-22.49	-26.19
2861	116.07	-22.5	-26.19
2862	116.11	-22.49	-26.2
2863	116.15	-22.5	-26.2
2864	116.19	-22.5	-26.2
2865	116.23	-22.49	-26.21
2866	116.27	-22.46	-26.22
2867	116.31	-22.44	-26.22
2868	116.35	-22.44	-26.23
2869	116.39	-22.43	-26.23
2870	116.43	-22.44	-26.24
2871	116.47	-22.44	-26.24
2872	116.51	-22.43	-26.25
2873	116.55	-22.43	-26.25
2874	116.59	-22.42	-26.26
2875	116.63	-22.42	-26.26
2876	116.67	-22.43	-26.28
2877	116.71	-22.42	-26.28
2878	116.75	-22.43	-26.29
2879	116.79	-22.43	-26.3
2880	116.83	-22.42	-26.3
2881	116.87	-22.43	-26.31
2882	116.91	-22.43	-26.31
2883	116.95	-22.42	-26.31
2884	116.99	-22.42	-26.31
2885	117.03	-22.42	-26.31
2886	117.07	-22.42	-26.31
2887	117.11	-22.43	-26.32
2888	117.15	-22.44	-26.33
2889	117.19	-22.43	-26.34
2890	117.23	-22.42	-26.34
2891	117.27	-22.42	-26.33
2892	117.31	-22.41	-26.33
2893	117.35	-22.42	-26.33
2894	117.39	-22.42	-26.34
2895	117.43	-22.41	-26.33
2896	117.47	-22.42	-26.34
2897	117.51	-22.42	-26.34
2898	117.55	-22.42	-26.33
2899	117.59	-22.43	-26.33
2900	117.63	-22.43	-26.33
2901	117.67	-22.42	-26.33
2902	117.71	-22.42	-26.34
2903	117.75	-22.41	-26.33
2904	117.79	-22.41	-26.33
2905	117.83	-22.41	-26.33
2906	117.87	-22.41	-26.33
2907	117.91	-22.43	-26.33
2908	117.95	-22.43	-26.33
2909	117.99	-22.43	-26.32
2910	118.03	-22.44	-26.32
2911	118.07	-22.44	-26.31
2912	118.11	-22.44	-26.32
2913	118.15	-22.44	-26.33
2914	118.19	-22.43	-26.33
2915	118.23	-22.43	-26.33
2916	118.27	-22.42	-26.33
2917	118.31	-22.43	-26.32
2918	118.35	-22.43	-26.32
2919	118.39	-22.42	-26.3
2920	118.43	-22.41	-26.28
2921	118.47	-22.41	-26.25
2922	118.51	-22.42	-26.22
2923	118.55	-22.42	-26.21
2924	118.59	-22.43	-26.2
2925	118.63	-22.42	-26.19
2926	118.67	-22.42	-26.18
2927	118.71	-22.42	-26.18
2928	118.75	-22.42	-26.17
2929	118.79	-22.44	-26.18
2930	118.83	-22.44	-26.18
2931	118.87	-22.44	-26.18
2932	118.91	-22.43	-26.19
2933	118.95	-22.43	-26.19
2934	118.99	-22.43	-26.19
2935	119.03	-22.43	-26.19
2936	119.07	-22.44	-26.2
2937	119.11	-22.42	-26.2
2938	119.15	-22.44	-26.21
2939	119.19	-22.44	-26.21
2940	119.23	-22.44	-26.21
2941	119.27	-22.44	-26.21
2942	119.31	-22.42	-26.22
2943	119.35	-22.41	-26.23
2944	119.39	-22.4	-26.24
2945	119.43	-22.4	-26.25
2946	119.47	-22.41	-26.26
2947	119.51	-22.41	-26.26
2948	119.55	-22.39	-26.28
2949	119.59	-22.37	-26.29
2950	119.63	-22.35	-26.28
2951	119.67	-22.33	-26.28
2952	119.71	-22.32	-26.27
2953	119.75	-22.33	-26.27
2954	119.79	-22.33	-26.29
2955	119.83	-22.33	-26.3
2956	119.87	-22.32	-26.29
2957	119.91	-22.32	-26.31
