6	0.26	-2.91	3.74
7	0.3	-2.89	3.77
8	0.34	-2.87	3.8
9	0.38	-2.85	3.83
10	0.42	-2.84	3.85
11	0.52	-2.85	3.82
12	0.54	-2.86	3.83
13	0.58	-2.89	3.81
14	0.62	-2.93	3.81
15	0.66	-2.97	3.83
16	0.7	-3.02	3.83
17	0.74	-3.08	3.85
18	0.78	-3.16	3.86
19	0.82	-3.23	3.86
20	0.86	-3.29	3.86
21	0.9	-3.32	3.87
22	0.94	-3.34	3.89
23	0.98	-3.37	3.91
24	1.02	-3.39	3.93
25	1.06	-3.42	3.94
26	1.1	-3.43	3.95
27	1.14	-3.44	3.98
28	1.18	-3.45	3.99
29	1.22	-3.49	4.05
30	1.26	-3.53	4.11
31	1.3	-3.57	4.17
32	1.34	-3.61	4.23
33	1.38	-3.64	4.27
34	1.42	-3.68	4.3
35	1.46	-3.73	4.38
36	1.5	-3.79	4.45
37	1.54	-3.84	4.54
38	1.58	-3.87	4.63
39	1.62	-3.89	4.73
40	1.66	-3.97	4.9
41	1.7	-4.13	5.09
42	1.74	-4.33	5.33
43	1.78	-4.54	5.58
44	1.82	-4.71	5.76
45	1.86	-4.82	5.91
46	1.9	-4.89	5.99
47	1.94	-4.95	6.03
48	1.98	-5	6.06
49	2.02	-5.03	6.06
50	2.06	-5.05	6.07
51	2.1	-5.06	6.06
52	2.14	-5.07	6.05
53	2.18	-5.09	6.03
54	2.22	-5.11	6.02
55	2.26	-5.14	5.97
56	2.3	-5.2	5.9
57	2.34	-5.26	5.85
58	2.38	-5.34	5.81
59	2.42	-5.44	5.8
60	2.46	-5.53	5.81
61	2.5	-5.62	5.82
62	2.54	-5.69	5.84
63	2.58	-5.73	5.86
64	2.62	-5.78	5.86
65	2.66	-5.84	5.85
66	2.7	-5.98	5.85
67	2.74	-6.16	5.82
68	2.78	-6.36	5.8
69	2.82	-6.55	5.78
70	2.86	-6.7	5.76
71	2.9	-6.84	5.73
72	2.94	-6.95	5.72
73	2.98	-7.06	5.73
74	3.02	-7.17	5.75
75	3.06	-7.26	5.77
76	3.1	-7.34	5.81
77	3.14	-7.39	5.81
78	3.18	-7.43	5.82
79	3.22	-7.44	5.82
80	3.26	-7.45	5.82
81	3.3	-7.45	5.85
82	3.34	-7.44	5.86
83	3.38	-7.43	5.9
84	3.42	-7.42	5.94
85	3.46	-7.39	6
86	3.66	-7.35	6.07
87	3.7	-7.31	6.12
88	3.74	-7.27	6.17
89	3.78	-7.24	6.19
90	3.82	-7.23	6.21
91	3.86	-7.22	6.25
92	3.9	-7.21	6.29
93	3.94	-7.21	6.33
94	3.98	-7.24	6.37
95	4.02	-7.28	6.41
96	4.06	-7.32	6.44
97	4.1	-7.36	6.47
98	4.14	-7.38	6.5
99	4.18	-7.39	6.51
100	4.22	-7.4	6.52
101	4.26	-7.41	6.52
102	4.3	-7.42	6.52
103	4.34	-7.43	6.51
104	4.38	-7.41	6.47
105	4.42	-7.39	6.41
106	4.46	-7.36	6.33
107	4.5	-7.3	6.23
108	4.54	-7.24	6.13
109	4.58	-7.18	6.03
110	4.62	-7.14	5.95
111	4.66	-7.11	5.87
112	4.7	-7.08	5.78
113	4.74	-7.05	5.72
114	4.78	-7	5.64
115	4.82	-6.97	5.59
116	4.86	-6.94	5.57
117	4.9	-6.91	5.54
118	4.94	-6.91	5.51
119	4.98	-6.9	5.47
120	5.02	-6.91	5.43
121	5.06	-6.93	5.38
122	5.1	-6.95	5.33
123	5.14	-6.96	5.28
124	5.18	-6.97	5.23
125	5.22	-6.99	5.2
126	5.26	-7	5.17
127	5.3	-7.02	5.13
128	5.34	-7.07	5.07
129	5.38	-7.14	4.99
130	5.42	-7.2	4.91
131	5.46	-7.26	4.84
132	5.5	-7.32	4.78
133	5.54	-7.35	4.7
134	5.58	-7.4	4.6
135	5.62	-7.47	4.45
136	5.66	-7.57	4.27
137	5.7	-7.65	4.08
138	5.74	-7.73	3.9
139	5.78	-7.77	3.75
140	5.82	-7.76	3.63
141	5.86	-7.74	3.51
142	5.9	-7.71	3.39
143	5.94	-7.67	3.26
144	5.98	-7.63	3.13
145	6.02	-7.59	3.03
146	6.06	-7.56	2.93
147	6.1	-7.54	2.83
148	6.14	-7.53	2.75
149	6.18	-7.52	2.67
150	6.22	-7.51	2.58
151	6.26	-7.47	2.48
152	6.3	-7.43	2.38
153	6.34	-7.4	2.28
154	6.38	-7.37	2.19
155	6.42	-7.37	2.06
156	6.46	-7.37	1.82
157	6.5	-7.37	1.43
158	6.54	-7.39	0.99
159	6.58	-7.43	0.57
160	6.62	-7.46	0.27
161	6.66	-7.48	0.1
162	6.7	-7.5	0.01
163	6.74	-7.52	-0.04
164	6.78	-7.55	-0.06
165	6.82	-7.58	-0.08
166	6.86	-7.62	-0.11
167	6.9	-7.61	-0.12
168	6.94	-7.59	-0.14
169	6.98	-7.54	-0.17
170	7.02	-7.49	-0.25
171	7.06	-7.46	-0.36
172	7.1	-7.46	-0.5
173	7.14	-7.46	-0.64
174	7.18	-7.44	-0.72
175	7.22	-7.42	-0.76
176	7.26	-7.4	-0.79
177	7.3	-7.41	-0.82
178	7.34	-7.43	-0.93
179	7.38	-7.47	-1.07
180	7.42	-7.49	-1.22
181	7.46	-7.49	-1.36
182	7.5	-7.43	-1.42
183	7.54	-7.33	-1.47
184	7.58	-7.21	-1.46
185	7.62	-7.11	-1.43
186	7.66	-7.01	-1.39
187	7.7	-6.93	-1.35
188	7.74	-6.87	-1.34
189	7.78	-6.82	-1.36
190	7.82	-6.77	-1.44
191	7.86	-6.7	-1.52
192	7.9	-6.63	-1.59
193	7.94	-6.54	-1.68
194	7.98	-6.44	-1.76
195	8.02	-6.32	-1.85
196	8.06	-6.15	-1.97
197	8.1	-5.98	-2.07
198	8.14	-5.81	-2.14
199	8.18	-5.68	-2.16
200	8.22	-5.58	-2.14
201	8.26	-5.49	-2.12
202	8.3	-5.41	-2.11
203	8.34	-5.36	-2.15
204	8.38	-5.32	-2.24
205	8.42	-5.27	-2.35
206	8.46	-5.22	-2.47
207	8.5	-5.15	-2.56
208	8.54	-5.09	-2.63
209	8.58	-5.05	-2.65
210	8.62	-5	-2.64
211	8.66	-4.92	-2.62
212	8.7	-4.86	-2.58
213	8.74	-4.78	-2.56
214	8.78	-4.72	-2.53
215	8.82	-4.71	-2.51
216	8.86	-4.71	-2.48
217	8.9	-4.72	-2.41
218	8.94	-4.73	-2.35
219	8.98	-4.73	-2.29
220	9.02	-4.74	-2.24
221	9.06	-4.71	-2.22
222	9.1	-4.68	-2.19
223	9.14	-4.61	-2.17
224	9.18	-4.52	-2.14
225	9.22	-4.44	-2.08
226	9.26	-4.38	-2
227	9.3	-4.34	-1.86
228	9.34	-4.3	-1.69
229	9.38	-4.28	-1.52
230	9.42	-4.28	-1.35
231	9.46	-4.29	-1.22
232	9.5	-4.3	-1.12
233	9.54	-4.28	-1.03
234	9.58	-4.25	-0.98
235	9.62	-4.18	-0.94
236	9.66	-4.09	-0.9
237	9.7	-4.03	-0.84
238	9.74	-3.92	-0.73
239	9.78	-3.8	-0.57
240	9.82	-3.65	-0.39
241	9.86	-3.44	-0.2
242	9.9	-3.25	-0.04
243	9.94	-3.12	0.1
244	9.98	-3.06	0.23
245	10.02	-3.06	0.36
246	10.06	-3.08	0.51
247	10.1	-3.11	0.66
248	10.14	-3.15	0.81
249	10.18	-3.2	0.92
250	10.22	-3.24	1.01
251	10.26	-3.28	1.08
252	10.3	-3.33	1.19
253	10.34	-3.4	1.32
254	10.38	-3.47	1.41
255	10.42	-3.48	1.49
256	10.46	-3.49	1.52
257	10.5	-3.46	1.57
258	10.54	-3.46	1.71
259	10.58	-3.47	1.93
260	10.62	-3.45	2.21
261	10.66	-3.43	2.51
262	10.7	-3.41	2.77
263	10.74	-3.43	2.95
264	10.78	-3.47	3.06
265	10.82	-3.52	3.15
266	10.86	-3.55	3.25
267	10.9	-3.57	3.41
268	10.94	-3.64	3.58
269	10.98	-3.79	3.74
270	11.02	-3.97	3.89
271	11.06	-4.15	4.02
272	11.1	-4.33	4.16
273	11.14	-4.47	4.31
274	11.18	-4.6	4.48
275	11.22	-4.76	4.68
276	11.26	-4.93	4.87
277	11.3	-5.14	5.06
278	11.34	-5.35	5.22
279	11.38	-5.52	5.33
280	11.42	-5.65	5.36
281	11.46	-5.75	5.36
282	11.5	-5.84	5.32
283	11.54	-5.92	5.29
284	11.58	-5.99	5.28
285	11.62	-6.06	5.27
286	11.66	-6.16	5.29
287	11.7	-6.27	5.31
288	11.74	-6.38	5.38
289	11.78	-6.49	5.47
290	11.82	-6.56	5.56
291	11.86	-6.62	5.65
292	11.9	-6.71	5.7
293	11.94	-6.83	5.74
294	11.98	-7.01	5.81
295	12.02	-7.26	5.9
296	12.06	-7.52	6
297	12.1	-7.74	6.08
298	12.14	-7.91	6.14
299	12.18	-8	6.14
300	12.22	-8.07	6.11
301	12.26	-8.14	6.09
302	12.3	-8.2	6.07
303	12.34	-8.3	6.1
304	12.38	-8.38	6.12
305	12.42	-8.44	6.15
306	12.46	-8.47	6.17
307	12.5	-8.49	6.17
308	12.54	-8.48	6.17
309	12.58	-8.49	6.18
310	12.62	-8.5	6.17
311	12.66	-8.51	6.15
312	12.7	-8.56	6.12
313	12.74	-8.59	6.06
314	12.78	-8.62	5.98
315	12.82	-8.62	5.86
316	12.86	-8.59	5.71
317	12.9	-8.58	5.54
318	12.94	-8.55	5.4
319	12.98	-8.56	5.33
320	13.02	-8.57	5.27
321	13.06	-8.61	5.26
322	13.1	-8.71	5.24
323	13.14	-8.82	5.16
324	13.18	-8.98	5.05
325	13.22	-9.13	4.9
326	13.26	-9.22	4.73
327	13.3	-9.28	4.56
328	13.34	-9.27	4.39
329	13.38	-9.22	4.24
330	13.42	-9.2	4.09
331	13.46	-9.15	3.98
332	13.5	-9.14	3.91
333	13.54	-9.12	3.84
334	13.58	-9.11	3.77
335	13.62	-9.12	3.68
336	13.66	-9.13	3.55
337	13.7	-9.17	3.41
338	13.74	-9.21	3.29
339	13.78	-9.28	3.16
340	13.82	-9.33	3.01
341	13.86	-9.39	2.8
342	13.9	-9.46	2.52
343	13.94	-9.54	2.19
344	13.98	-9.64	1.88
345	14.02	-9.7	1.64
346	14.06	-9.74	1.47
347	14.1	-9.73	1.37
348	14.14	-9.69	1.28
349	14.18	-9.66	1.19
350	14.22	-9.64	1.12
351	14.26	-9.64	1.08
352	14.3	-9.65	1.05
353	14.34	-9.67	1.03
354	14.38	-9.66	0.99
355	14.42	-9.64	0.9
356	14.46	-9.61	0.78
357	14.5	-9.56	0.64
358	14.54	-9.52	0.5
359	14.58	-9.5	0.4
360	14.62	-9.46	0.35
361	14.66	-9.45	0.32
362	14.7	-9.44	0.32
363	14.74	-9.44	0.28
364	14.78	-9.44	0.18
365	14.82	-9.41	0.08
366	14.86	-9.37	-0.06
367	14.9	-9.34	-0.19
368	14.94	-9.3	-0.32
369	14.98	-9.26	-0.43
370	15.02	-9.2	-0.53
371	15.06	-9.09	-0.55
372	15.1	-8.97	-0.5
373	15.14	-8.83	-0.43
374	15.18	-8.69	-0.33
375	15.22	-8.56	-0.24
376	15.26	-8.46	-0.17
377	15.3	-8.39	-0.1
378	15.34	-8.35	-0.04
379	15.38	-8.33	-0.03
380	15.42	-8.31	-0.06
381	15.46	-8.31	-0.12
382	15.5	-8.29	-0.18
383	15.54	-8.27	-0.26
384	15.58	-8.22	-0.32
385	15.62	-8.15	-0.35
386	15.66	-8.05	-0.38
387	15.7	-7.91	-0.35
388	15.74	-7.72	-0.32
389	15.78	-7.5	-0.28
390	15.82	-7.28	-0.24
391	15.86	-7.1	-0.23
392	15.9	-7.01	-0.25
393	15.94	-6.96	-0.3
394	15.98	-6.89	-0.39
395	16.02	-6.77	-0.49
396	16.06	-6.59	-0.59
397	16.1	-6.39	-0.71
398	16.14	-6.22	-0.75
399	16.18	-6.09	-0.73
400	16.22	-6	-0.65
401	16.26	-5.93	-0.51
402	16.3	-5.87	-0.4
403	16.34	-5.82	-0.3
404	16.38	-5.77	-0.22
405	16.42	-5.72	-0.17
406	16.46	-5.65	-0.16
407	16.5	-5.57	-0.15
408	16.54	-5.45	-0.13
409	16.58	-5.31	-0.06
410	16.62	-5.16	0.07
411	16.66	-5.01	0.2
412	16.7	-4.88	0.31
413	16.74	-4.77	0.41
414	16.78	-4.67	0.54
415	16.82	-4.56	0.69
416	16.86	-4.42	0.89
417	16.9	-4.24	1.12
418	16.94	-4.08	1.34
419	16.98	-3.99	1.54
420	17.02	-3.94	1.75
421	17.06	-3.93	1.95
422	17.1	-3.93	2.17
423	17.14	-3.88	2.38
424	17.18	-3.81	2.56
425	17.22	-3.74	2.7
426	17.26	-3.67	2.81
427	17.3	-3.62	2.96
428	17.34	-3.57	3.19
429	17.38	-3.52	3.53
430	17.42	-3.47	3.95
431	17.46	-3.41	4.34
432	17.5	-3.38	4.64
433	17.54	-3.38	4.82
434	17.58	-3.4	4.89
435	17.62	-3.42	4.93
436	17.66	-3.42	4.98
437	17.7	-3.41	5.03
438	17.74	-3.42	5.11
439	17.78	-3.47	5.16
440	17.82	-3.58	5.21
441	17.86	-3.76	5.28
442	17.9	-3.94	5.35
443	17.94	-4.09	5.45
444	17.98	-4.21	5.54
445	18.02	-4.25	5.63
446	18.06	-4.29	5.72
447	18.1	-4.35	5.82
448	18.14	-4.4	5.92
449	18.18	-4.47	6.01
450	18.22	-4.55	6.08
451	18.26	-4.64	6.12
452	18.3	-4.73	6.13
453	18.34	-4.83	6.09
454	18.38	-4.93	6.03
455	18.42	-5.01	5.94
456	18.46	-5.08	5.87
457	18.5	-5.13	5.79
458	18.54	-5.18	5.74
459	18.58	-5.21	5.67
460	18.62	-5.22	5.61
461	18.66	-5.24	5.57
462	18.7	-5.23	5.51
463	18.74	-5.25	5.47
464	18.77	-5.3	5.42
465	18.81	-5.36	5.36
466	18.85	-5.46	5.33
467	18.9	-5.57	5.31
468	18.93	-5.65	5.3
469	18.97	-5.73	5.3
470	19.01	-5.81	5.33
471	19.05	-5.88	5.35
472	19.09	-5.97	5.38
473	19.13	-6.03	5.39
474	19.17	-6.06	5.37
475	19.22	-6.08	5.3
476	19.25	-6.06	5.17
477	19.29	-6.07	5.01
478	19.33	-6.09	4.76
479	19.37	-6.11	4.52
480	19.41	-6.12	4.34
481	19.45	-6.11	4.23
482	19.49	-6.08	4.19
483	19.54	-6.04	4.2
484	19.57	-6.03	4.22
485	19.61	-6.03	4.2
486	19.65	-6.03	4.18
487	19.69	-6.05	4.16
488	19.73	-6.07	4.12
489	19.77	-6.1	4.08
490	19.81	-6.12	4
491	19.85	-6.13	3.88
492	19.89	-6.17	3.75
493	19.93	-6.19	3.62
494	19.97	-6.21	3.5
495	20.01	-6.21	3.37
496	20.05	-6.2	3.23
497	20.09	-6.21	3.09
498	20.13	-6.24	2.97
499	20.17	-6.29	2.9
500	20.21	-6.34	2.89
501	20.25	-6.38	2.89
502	20.29	-6.39	2.86
503	20.33	-6.38	2.78
504	20.37	-6.36	2.64
505	20.41	-6.34	2.47
506	20.45	-6.33	2.3
507	20.49	-6.31	2.16
508	20.53	-6.29	2.02
509	20.57	-6.26	1.86
510	20.61	-6.2	1.66
511	20.65	-6.12	1.43
512	20.69	-6.03	1.18
513	20.73	-5.95	0.96
514	20.77	-5.88	0.83
515	20.81	-5.81	0.75
516	20.85	-5.71	0.71
517	20.89	-5.57	0.65
518	20.93	-5.43	0.57
519	20.97	-5.28	0.45
520	21.01	-5.14	0.29
521	21.05	-5.03	0.12
522	21.09	-4.92	-0.05
523	21.13	-4.8	-0.22
524	21.17	-4.63	-0.39
525	21.21	-4.38	-0.63
526	21.25	-4.06	-0.95
527	21.29	-3.75	-1.3
528	21.33	-3.49	-1.6
529	21.37	-3.3	-1.84
530	21.41	-3.22	-1.96
531	21.45	-3.16	-2.04
532	21.49	-3.11	-2.08
533	21.53	-3.08	-2.1
534	21.57	-3.05	-2.1
535	21.61	-2.99	-2.08
536	21.65	-2.88	-2.1
537	21.69	-2.76	-2.14
538	21.73	-2.59	-2.28
539	21.77	-2.43	-2.4
540	21.81	-2.32	-2.49
541	21.85	-2.24	-2.55
542	21.89	-2.18	-2.57
543	21.93	-2.07	-2.59
544	21.97	-1.9	-2.61
545	22.01	-1.68	-2.62
546	22.05	-1.47	-2.6
547	22.09	-1.3	-2.56
548	22.13	-1.17	-2.49
549	22.17	-1.07	-2.38
550	22.21	-0.97	-2.24
551	22.25	-0.89	-2.07
552	22.29	-0.78	-1.9
553	22.33	-0.69	-1.75
554	22.37	-0.62	-1.61
555	22.41	-0.52	-1.5
556	22.45	-0.43	-1.36
557	22.49	-0.29	-1.2
558	22.53	-0.12	-1.03
559	22.57	0.02	-0.86
560	22.61	0.13	-0.71
561	22.65	0.15	-0.58
562	22.69	0.14	-0.42
563	22.73	0.09	-0.27
564	22.77	0.05	-0.13
565	22.81	0.02	0
566	22.85	-0.01	0.12
567	22.89	-0.03	0.25
568	22.93	-0.07	0.37
569	22.97	-0.09	0.5
570	23.01	-0.09	0.6
571	23.05	-0.09	0.68
572	23.09	-0.06	0.78
573	23.13	-0.01	0.91
574	23.17	0.05	1.05
575	23.21	0.11	1.22
576	23.25	0.15	1.37
577	23.29	0.17	1.52
578	23.33	0.14	1.68
579	23.37	0.07	1.85
580	23.41	-0.04	2.04
581	23.45	-0.19	2.22
582	23.49	-0.33	2.38
583	23.53	-0.42	2.51
584	23.57	-0.53	2.64
585	23.61	-0.63	2.8
586	23.65	-0.75	3.03
587	23.69	-0.9	3.28
588	23.73	-1.03	3.52
589	23.77	-1.17	3.71
590	23.81	-1.32	3.84
591	23.85	-1.48	3.95
592	23.89	-1.64	4.03
593	23.93	-1.77	4.09
594	23.97	-1.87	4.13
595	24.01	-1.94	4.16
596	24.05	-1.99	4.18
597	24.09	-2.02	4.2
598	24.13	-2.05	4.2
599	24.17	-2.1	4.18
600	24.21	-2.14	4.15
601	24.25	-2.18	4.09
602	24.29	-2.23	4.04
603	24.33	-2.33	4.04
604	24.37	-2.49	4.08
605	24.41	-2.71	4.16
606	24.45	-2.93	4.22
607	24.49	-3.09	4.23
608	24.53	-3.22	4.18
609	24.57	-3.3	4.12
610	24.61	-3.42	4.09
611	24.65	-3.57	4.07
612	24.69	-3.74	4.03
613	24.73	-3.94	3.94
614	24.77	-4.12	3.79
615	24.81	-4.33	3.66
616	24.85	-4.53	3.55
617	24.89	-4.73	3.46
618	24.93	-4.96	3.42
619	24.97	-5.15	3.35
620	25.01	-5.34	3.27
621	25.05	-5.49	3.13
622	25.09	-5.59	2.93
623	25.13	-5.68	2.65
624	25.17	-5.76	2.37
625	25.21	-5.85	2.15
626	25.25	-5.94	2
627	25.29	-6.04	1.91
628	25.33	-6.15	1.82
629	25.37	-6.28	1.68
630	25.41	-6.43	1.45
631	25.45	-6.6	1.18
632	25.49	-6.73	0.92
633	25.53	-6.82	0.69
634	25.57	-6.87	0.52
635	25.61	-6.88	0.41
636	25.65	-6.91	0.3
637	25.69	-6.95	0.23
638	25.73	-7.01	0.15
639	25.77	-7.05	0.06
640	25.81	-7.06	-0.02
641	25.85	-7.05	-0.14
642	25.89	-7.02	-0.25
643	25.93	-7.04	-0.36
644	25.97	-7.09	-0.47
645	26.01	-7.16	-0.57
646	26.05	-7.21	-0.68
647	26.09	-7.22	-0.85
648	26.13	-7.19	-1.06
649	26.17	-7.12	-1.28
650	26.21	-7.04	-1.51
651	26.25	-6.96	-1.68
652	26.29	-6.88	-1.76
653	26.33	-6.78	-1.81
654	26.37	-6.68	-1.83
655	26.41	-6.54	-1.87
656	26.45	-6.38	-1.93
657	26.49	-6.23	-2.03
658	26.53	-6.1	-2.16
659	26.57	-5.99	-2.28
660	26.61	-5.91	-2.39
661	26.65	-5.83	-2.53
662	26.69	-5.71	-2.7
663	26.73	-5.57	-2.89
664	26.77	-5.45	-3.12
665	26.81	-5.35	-3.29
666	26.85	-5.27	-3.41
667	26.89	-5.21	-3.52
668	26.93	-5.13	-3.61
669	26.97	-5.04	-3.69
670	27.01	-4.93	-3.77
671	27.05	-4.82	-3.83
672	27.09	-4.68	-3.87
673	27.13	-4.54	-3.94
674	27.17	-4.42	-4.03
675	27.21	-4.29	-4.14
676	27.25	-4.19	-4.23
677	27.29	-4.08	-4.3
678	27.33	-3.95	-4.36
679	27.37	-3.8	-4.39
680	27.41	-3.65	-4.39
681	27.45	-3.49	-4.37
682	27.49	-3.35	-4.32
683	27.53	-3.22	-4.24
684	27.57	-3.11	-4.15
685	27.61	-3.01	-4.05
686	27.65	-2.92	-3.95
687	27.69	-2.86	-3.88
688	27.73	-2.81	-3.84
689	27.77	-2.76	-3.78
690	27.81	-2.72	-3.76
691	27.85	-2.69	-3.75
692	27.89	-2.67	-3.78
693	27.93	-2.64	-3.83
694	27.97	-2.65	-3.84
695	28.01	-2.65	-3.85
696	28.05	-2.66	-3.85
697	28.09	-2.7	-3.86
698	28.13	-2.73	-3.86
699	28.17	-2.76	-3.88
700	28.21	-2.79	-3.9
701	28.25	-2.82	-3.92
702	28.29	-2.83	-3.96
703	28.33	-2.84	-3.97
704	28.37	-2.84	-3.98
705	28.41	-2.83	-4.01
706	28.45	-2.84	-4.02
707	28.49	-2.83	-4.05
708	28.53	-2.83	-4.08
709	28.57	-2.84	-4.11
710	28.61	-2.84	-4.15
711	28.65	-2.82	-4.2
712	28.69	-2.79	-4.25
713	28.73	-2.76	-4.29
714	28.77	-2.73	-4.32
715	28.81	-2.7	-4.35
716	28.85	-2.7	-4.38
717	28.89	-2.69	-4.43
718	28.93	-2.7	-4.45
719	28.97	-2.7	-4.48
720	29.01	-2.69	-4.51
721	29.05	-2.67	-4.54
722	29.09	-2.63	-4.58
723	29.13	-2.59	-4.62
724	29.17	-2.56	-4.65
725	29.21	-2.54	-4.66
726	29.25	-2.52	-4.68
727	29.29	-2.5	-4.69
728	29.33	-2.48	-4.72
729	29.37	-2.46	-4.74
730	29.41	-2.44	-4.77
731	29.45	-2.44	-4.78
732	29.49	-2.45	-4.79
733	29.53	-2.48	-4.78
734	29.57	-2.5	-4.78
735	29.61	-2.51	-4.77
736	29.65	-2.5	-4.79
737	29.69	-2.46	-4.82
738	29.73	-2.41	-4.84
739	29.77	-2.38	-4.85
740	29.81	-2.33	-4.84
741	29.85	-2.32	-4.82
742	29.89	-2.3	-4.81
743	29.93	-2.29	-4.82
744	29.97	-2.29	-4.82
745	30.01	-2.29	-4.83
746	30.05	-2.29	-4.84
747	30.09	-2.29	-4.86
748	30.13	-2.3	-4.86
749	30.17	-2.32	-4.88
750	30.21	-2.34	-4.88
751	30.25	-2.37	-4.88
752	30.29	-2.39	-4.87
753	30.33	-2.4	-4.87
754	30.37	-2.4	-4.86
755	30.41	-2.4	-4.86
756	30.45	-2.4	-4.87
757	30.49	-2.39	-4.89
758	30.53	-2.39	-4.9
759	30.57	-2.4	-4.92
760	30.61	-2.43	-4.93
761	30.65	-2.46	-4.93
762	30.69	-2.5	-4.95
763	30.73	-2.54	-4.94
764	30.77	-2.58	-4.94
765	30.81	-2.61	-4.93
766	30.85	-2.63	-4.93
767	30.89	-2.65	-4.93
768	30.93	-2.66	-4.94
769	30.97	-2.69	-4.93
770	31.01	-2.72	-4.92
771	31.05	-2.75	-4.91
772	31.09	-2.79	-4.91
773	31.13	-2.83	-4.91
774	31.17	-2.89	-4.89
775	31.21	-2.95	-4.86
776	31.25	-3	-4.83
777	31.29	-3.06	-4.78
778	31.33	-3.1	-4.74
779	31.37	-3.14	-4.72
780	31.41	-3.18	-4.71
781	31.45	-3.22	-4.7
782	31.49	-3.25	-4.71
783	31.53	-3.29	-4.71
784	31.57	-3.33	-4.7
785	31.61	-3.37	-4.71
786	31.65	-3.4	-4.72
787	31.69	-3.43	-4.76
788	31.73	-3.45	-4.8
789	31.77	-3.49	-4.87
790	31.81	-3.54	-4.95
791	31.85	-3.63	-5.05
792	31.89	-3.78	-5.22
793	31.93	-3.95	-5.4
794	31.97	-4.15	-5.62
795	32.01	-4.33	-5.83
796	32.05	-4.46	-6
797	32.09	-4.56	-6.13
798	32.13	-4.64	-6.24
799	32.17	-4.7	-6.4
800	32.21	-4.77	-6.59
801	32.25	-4.84	-6.8
802	32.29	-4.89	-6.96
803	32.33	-4.95	-7.05
804	32.37	-5.03	-7.1
805	32.41	-5.11	-7.11
806	32.45	-5.19	-7.16
807	32.49	-5.26	-7.2
808	32.53	-5.3	-7.26
809	32.57	-5.33	-7.32
810	32.61	-5.37	-7.42
811	32.65	-5.45	-7.58
812	32.69	-5.54	-7.77
813	32.73	-5.63	-7.96
814	32.77	-5.7	-8.1
815	32.81	-5.73	-8.2
816	32.85	-5.75	-8.28
817	32.89	-5.77	-8.4
818	32.93	-5.78	-8.59
819	32.97	-5.77	-8.85
820	33.01	-5.77	-9.13
821	33.05	-5.78	-9.37
822	33.09	-5.84	-9.57
823	33.13	-5.93	-9.67
824	33.17	-6.03	-9.76
825	33.21	-6.1	-9.84
826	33.25	-6.16	-9.99
827	33.29	-6.19	-10.14
828	33.33	-6.19	-10.24
829	33.37	-6.18	-10.32
830	33.41	-6.18	-10.35
831	33.45	-6.18	-10.43
832	33.49	-6.19	-10.59
833	33.53	-6.18	-10.78
834	33.57	-6.15	-10.95
835	33.61	-6.12	-11.05
836	33.65	-6.08	-11.1
837	33.69	-6.06	-11.19
838	33.73	-6.02	-11.31
839	33.77	-5.97	-11.48
840	33.81	-5.92	-11.68
841	33.85	-5.86	-11.82
842	33.89	-5.81	-11.89
843	33.93	-5.77	-11.95
844	33.97	-5.73	-12.03
845	34.01	-5.7	-12.14
846	34.05	-5.66	-12.3
847	34.09	-5.6	-12.45
848	34.13	-5.53	-12.56
849	34.17	-5.48	-12.64
850	34.21	-5.43	-12.7
851	34.25	-5.4	-12.77
852	34.29	-5.38	-12.8
853	34.33	-5.37	-12.85
854	34.37	-5.37	-12.89
855	34.41	-5.36	-12.92
856	34.45	-5.36	-12.95
857	34.49	-5.36	-12.99
858	34.53	-5.35	-13.01
859	34.57	-5.33	-13.03
860	34.61	-5.31	-13.06
861	34.65	-5.28	-13.08
862	34.69	-5.25	-13.11
863	34.73	-5.21	-13.14
864	34.77	-5.19	-13.15
865	34.81	-5.18	-13.15
866	34.85	-5.19	-13.14
867	34.89	-5.21	-13.12
868	34.93	-5.24	-13.11
869	34.97	-5.28	-13.1
870	35.01	-5.31	-13.11
871	35.05	-5.36	-13.12
872	35.09	-5.4	-13.14
873	35.13	-5.44	-13.15
874	35.17	-5.47	-13.16
875	35.21	-5.5	-13.17
876	35.25	-5.53	-13.17
877	35.29	-5.57	-13.17
878	35.33	-5.61	-13.18
879	35.37	-5.66	-13.17
880	35.41	-5.7	-13.18
881	35.45	-5.74	-13.16
882	35.49	-5.78	-13.14
883	35.53	-5.82	-13.11
884	35.57	-5.87	-13.08
885	35.61	-5.91	-13.06
886	35.65	-5.95	-13.03
887	35.69	-5.98	-13.02
888	35.73	-6	-12.99
889	35.77	-6.01	-12.9
890	35.81	-6.02	-12.79
891	35.85	-6.04	-12.7
892	35.89	-6.07	-12.67
893	35.93	-6.13	-12.73
894	35.97	-6.19	-12.82
895	36.01	-6.24	-12.91
896	36.05	-6.27	-12.95
897	36.09	-6.3	-12.97
898	36.13	-6.33	-13.01
899	36.17	-6.38	-13.1
900	36.21	-6.42	-13.23
901	36.25	-6.47	-13.37
902	36.29	-6.51	-13.46
903	36.33	-6.53	-13.48
904	36.37	-6.56	-13.49
905	36.41	-6.58	-13.46
906	36.45	-6.62	-13.45
907	36.49	-6.64	-13.46
908	36.53	-6.64	-13.44
909	36.57	-6.64	-13.46
910	36.61	-6.63	-13.48
911	36.65	-6.63	-13.51
912	36.69	-6.64	-13.54
913	36.73	-6.64	-13.56
914	36.77	-6.63	-13.57
915	36.81	-6.63	-13.57
916	36.85	-6.61	-13.58
917	36.89	-6.61	-13.58
918	36.93	-6.61	-13.57
919	36.97	-6.6	-13.57
920	37.01	-6.58	-13.57
921	37.05	-6.57	-13.57
922	37.09	-6.56	-13.56
923	37.13	-6.55	-13.49
924	37.17	-6.56	-13.44
925	37.21	-6.58	-13.34
926	37.25	-6.64	-13.27
927	37.29	-6.72	-13.2
928	37.33	-6.81	-13.14
929	37.37	-6.89	-13.1
930	37.41	-6.96	-13.08
931	37.45	-7.05	-13.11
932	37.49	-7.18	-13.15
933	37.53	-7.36	-13.21
934	37.57	-7.57	-13.26
935	37.61	-7.77	-13.28
936	37.65	-7.95	-13.31
937	37.69	-8.1	-13.3
938	37.73	-8.24	-13.26
939	37.77	-8.38	-13.2
940	37.81	-8.53	-13.12
941	37.85	-8.69	-13.04
942	37.89	-8.86	-12.98
943	37.93	-9.01	-12.92
944	37.97	-9.15	-12.86
945	38.01	-9.27	-12.81
946	38.05	-9.39	-12.74
947	38.09	-9.54	-12.66
948	38.13	-9.74	-12.55
949	38.17	-10.04	-12.42
950	38.21	-10.39	-12.25
951	38.25	-10.74	-12.08
952	38.29	-11.02	-11.96
953	38.33	-11.2	-11.9
954	38.37	-11.3	-11.87
955	38.41	-11.36	-11.87
956	38.45	-11.39	-11.87
957	38.49	-11.42	-11.88
958	38.53	-11.47	-11.91
959	38.57	-11.54	-11.95
960	38.61	-11.62	-11.98
961	38.65	-11.68	-11.96
962	38.69	-11.7	-11.92
963	38.73	-11.73	-11.85
964	38.77	-11.76	-11.78
965	38.81	-11.81	-11.75
966	38.85	-11.89	-11.75
967	38.89	-12	-11.74
968	38.93	-12.09	-11.76
969	38.97	-12.17	-11.76
970	39.01	-12.23	-11.75
971	39.05	-12.23	-11.77
972	39.09	-12.25	-11.78
973	39.13	-12.28	-11.79
974	39.17	-12.3	-11.79
975	39.21	-12.33	-11.79
976	39.25	-12.39	-11.78
977	39.29	-12.47	-11.74
978	39.33	-12.62	-11.66
979	39.37	-12.8	-11.55
980	39.41	-12.93	-11.43
981	39.45	-13.06	-11.32
982	39.49	-13.09	-11.26
983	39.53	-13.11	-11.18
984	39.57	-13.12	-11.09
985	39.61	-13.12	-11
986	39.65	-13.12	-10.91
987	39.69	-13.08	-10.84
988	39.73	-13.06	-10.79
989	39.77	-13.06	-10.73
990	39.81	-13.11	-10.66
991	39.85	-13.18	-10.61
992	39.89	-13.27	-10.55
993	39.93	-13.33	-10.5
994	39.97	-13.34	-10.44
995	40.01	-13.36	-10.36
996	40.05	-13.37	-10.26
997	40.09	-13.36	-10.18
998	40.13	-13.34	-10.09
999	40.17	-13.32	-9.99
1000	40.21	-13.3	-9.88
1001	40.25	-13.3	-9.74
1002	40.29	-13.32	-9.57
1003	40.33	-13.37	-9.41
1004	40.37	-13.4	-9.25
1005	40.41	-13.42	-9.12
1006	40.45	-13.41	-9.04
1007	40.49	-13.38	-8.97
1008	40.53	-13.32	-8.9
1009	40.57	-13.25	-8.85
1010	40.61	-13.17	-8.8
1011	40.65	-13.08	-8.76
1012	40.69	-13	-8.73
1013	40.73	-12.95	-8.65
1014	40.77	-12.91	-8.51
1015	40.81	-12.89	-8.34
1016	40.85	-12.89	-8.15
1017	40.89	-12.9	-7.99
1018	40.93	-12.91	-7.88
1019	40.97	-12.93	-7.78
1020	41.01	-12.96	-7.7
1021	41.05	-12.99	-7.62
1022	41.09	-13.01	-7.55
1023	41.13	-13	-7.49
1024	41.17	-12.95	-7.38
1025	41.21	-12.85	-7.25
1026	41.25	-12.7	-7.06
1027	41.29	-12.52	-6.84
1028	41.33	-12.34	-6.65
1029	41.37	-12.19	-6.51
1030	41.41	-12.07	-6.44
1031	41.45	-11.95	-6.39
1032	41.49	-11.81	-6.37
1033	41.53	-11.66	-6.35
1034	41.57	-11.48	-6.29
1035	41.61	-11.3	-6.24
1036	41.65	-11.15	-6.16
1037	41.69	-11.05	-6.06
1038	41.73	-11	-5.98
1039	41.77	-11.02	-5.88
1040	41.81	-11.05	-5.81
1041	41.85	-11.07	-5.75
1042	41.89	-11.08	-5.71
1043	41.93	-11.06	-5.7
1044	41.97	-11.03	-5.69
1045	42.01	-11	-5.68
1046	42.05	-10.99	-5.67
1047	42.09	-10.98	-5.67
1048	42.13	-10.97	-5.66
1049	42.17	-10.95	-5.61
1050	42.21	-10.9	-5.52
1051	42.25	-10.8	-5.4
1052	42.29	-10.69	-5.28
1053	42.33	-10.58	-5.17
1054	42.37	-10.48	-5.14
1055	42.41	-10.39	-5.13
1056	42.45	-10.32	-5.16
1057	42.49	-10.24	-5.24
1058	42.53	-10.15	-5.29
1059	42.57	-10.08	-5.36
1060	42.61	-10	-5.41
1061	42.65	-9.93	-5.42
1062	42.69	-9.86	-5.41
1063	42.73	-9.78	-5.37
1064	42.77	-9.7	-5.3
1065	42.81	-9.62	-5.23
1066	42.85	-9.57	-5.16
1067	42.89	-9.51	-5.08
1068	42.93	-9.45	-5.02
1069	42.97	-9.41	-4.95
1070	43.01	-9.38	-4.9
1071	43.05	-9.36	-4.86
1072	43.09	-9.36	-4.83
1073	43.13	-9.36	-4.83
1074	43.17	-9.35	-4.82
1075	43.21	-9.36	-4.82
1076	43.25	-9.36	-4.83
1077	43.29	-9.35	-4.83
1078	43.33	-9.36	-4.82
1079	43.37	-9.39	-4.79
1080	43.41	-9.42	-4.76
1081	43.45	-9.48	-4.73
1082	43.49	-9.53	-4.71
1083	43.53	-9.57	-4.69
1084	43.57	-9.6	-4.69
1085	43.61	-9.62	-4.7
1086	43.65	-9.64	-4.7
1087	43.69	-9.65	-4.72
1088	43.73	-9.67	-4.74
1089	43.77	-9.68	-4.77
1090	43.81	-9.7	-4.79
1091	43.85	-9.71	-4.82
1092	43.89	-9.72	-4.84
1093	43.93	-9.74	-4.86
1094	43.97	-9.78	-4.89
1095	44.01	-9.82	-4.9
1096	44.05	-9.87	-4.92
1097	44.09	-9.91	-4.94
1098	44.13	-9.93	-4.95
1099	44.17	-9.93	-4.97
1100	44.21	-9.92	-4.95
1101	44.25	-9.88	-4.94
1102	44.29	-9.84	-4.93
1103	44.33	-9.8	-4.92
1104	44.37	-9.77	-4.91
1105	44.41	-9.75	-4.9
1106	44.45	-9.73	-4.88
1107	44.49	-9.72	-4.87
1108	44.53	-9.7	-4.87
1109	44.57	-9.68	-4.88
1110	44.61	-9.67	-4.89
1111	44.65	-9.67	-4.89
1112	44.69	-9.67	-4.89
1113	44.73	-9.69	-4.89
1114	44.77	-9.69	-4.86
1115	44.81	-9.68	-4.82
1116	44.85	-9.69	-4.79
1117	44.89	-9.69	-4.75
1118	44.93	-9.7	-4.72
1119	44.97	-9.71	-4.69
1120	45.01	-9.71	-4.66
1121	45.05	-9.71	-4.65
1122	45.09	-9.71	-4.63
1123	45.13	-9.72	-4.63
1124	45.17	-9.72	-4.62
1125	45.21	-9.74	-4.59
1126	45.25	-9.77	-4.59
1127	45.29	-9.79	-4.57
1128	45.33	-9.83	-4.55
1129	45.37	-9.86	-4.54
1130	45.41	-9.91	-4.54
1131	45.45	-9.94	-4.53
1132	45.49	-9.97	-4.54
1133	45.53	-9.99	-4.55
1134	45.57	-10	-4.54
1135	45.61	-10.02	-4.55
1136	45.65	-10.02	-4.55
1137	45.69	-10.04	-4.56
1138	45.73	-10.06	-4.58
1139	45.77	-10.09	-4.6
1140	45.81	-10.12	-4.63
1141	45.85	-10.14	-4.64
1142	45.89	-10.16	-4.65
1143	45.93	-10.17	-4.66
1144	45.97	-10.17	-4.66
1145	46.01	-10.17	-4.65
1146	46.05	-10.17	-4.65
1147	46.09	-10.18	-4.65
1148	46.13	-10.18	-4.62
1149	46.17	-10.18	-4.61
1150	46.21	-10.19	-4.62
1151	46.25	-10.19	-4.61
1152	46.29	-10.19	-4.63
1153	46.33	-10.19	-4.65
1154	46.37	-10.18	-4.65
1155	46.41	-10.18	-4.65
1156	46.45	-10.19	-4.65
1157	46.49	-10.2	-4.66
1158	46.53	-10.2	-4.65
1159	46.57	-10.2	-4.66
1160	46.61	-10.2	-4.65
1161	46.65	-10.2	-4.64
1162	46.69	-10.2	-4.65
1163	46.73	-10.2	-4.65
1164	46.77	-10.2	-4.66
1165	46.81	-10.19	-4.65
1166	46.85	-10.17	-4.64
1167	46.89	-10.17	-4.63
1168	46.93	-10.15	-4.59
1169	46.97	-10.13	-4.54
1170	47.01	-10.11	-4.49
1171	47.05	-10.09	-4.42
1172	47.09	-10.08	-4.39
1173	47.13	-10.07	-4.35
1174	47.17	-10.07	-4.33
1175	47.21	-10.07	-4.31
1176	47.25	-10.07	-4.29
1177	47.29	-10.07	-4.29
1178	47.33	-10.07	-4.28
1179	47.37	-10.08	-4.29
1180	47.41	-10.09	-4.29
1181	47.45	-10.11	-4.29
1182	47.49	-10.14	-4.3
1183	47.53	-10.16	-4.32
1184	47.57	-10.2	-4.37
1185	47.61	-10.23	-4.46
1186	47.65	-10.25	-4.61
1187	47.69	-10.27	-4.77
1188	47.73	-10.28	-4.97
1189	47.77	-10.27	-5.12
1190	47.81	-10.26	-5.25
1191	47.85	-10.24	-5.35
1192	47.89	-10.21	-5.43
1193	47.93	-10.17	-5.49
1194	47.97	-10.14	-5.55
1195	48.01	-10.11	-5.59
1196	48.05	-10.08	-5.62
1197	48.09	-10.07	-5.67
1198	48.13	-10.04	-5.7
1199	48.17	-10.02	-5.72
1200	48.21	-9.98	-5.74
1201	48.25	-9.95	-5.76
1202	48.29	-9.91	-5.79
1203	48.33	-9.86	-5.82
1204	48.37	-9.81	-5.84
1205	48.41	-9.74	-5.85
1206	48.45	-9.69	-5.89
1207	48.49	-9.62	-5.95
1208	48.53	-9.55	-6
1209	48.57	-9.5	-6.07
1210	48.61	-9.45	-6.12
1211	48.65	-9.43	-6.16
1212	48.69	-9.42	-6.16
1213	48.73	-9.41	-6.14
1214	48.77	-9.42	-6.1
1215	48.81	-9.43	-6.07
1216	48.85	-9.47	-6.04
1217	48.89	-9.53	-6.02
1218	48.93	-9.56	-5.99
1219	48.97	-9.62	-5.95
1220	49.01	-9.66	-5.92
1221	49.05	-9.69	-5.9
1222	49.09	-9.72	-5.89
1223	49.13	-9.73	-5.9
1224	49.17	-9.74	-5.9
1225	49.21	-9.74	-5.91
1226	49.25	-9.76	-5.91
1227	49.29	-9.74	-5.88
1228	49.33	-9.73	-5.86
1229	49.37	-9.75	-5.81
1230	49.41	-9.78	-5.77
1231	49.45	-9.85	-5.73
1232	49.49	-9.92	-5.71
1233	49.53	-10	-5.7
1234	49.57	-10.08	-5.69
1235	49.61	-10.18	-5.69
1236	49.65	-10.26	-5.68
1237	49.69	-10.33	-5.65
1238	49.73	-10.38	-5.64
1239	49.77	-10.4	-5.63
1240	49.81	-10.43	-5.61
1241	49.85	-10.46	-5.59
1242	49.89	-10.49	-5.57
1243	49.93	-10.52	-5.57
1244	49.97	-10.55	-5.61
1245	50.01	-10.59	-5.65
1246	50.05	-10.63	-5.69
1247	50.09	-10.68	-5.73
1248	50.13	-10.72	-5.77
1249	50.17	-10.75	-5.78
1250	50.21	-10.78	-5.78
1251	50.25	-10.79	-5.79
1252	50.29	-10.8	-5.79
1253	50.33	-10.81	-5.8
1254	50.37	-10.82	-5.84
1255	50.41	-10.83	-5.88
1256	50.45	-10.84	-5.92
1257	50.49	-10.85	-5.96
1258	50.53	-10.87	-5.98
1259	50.57	-10.89	-5.98
1260	50.61	-10.91	-5.97
1261	50.65	-10.94	-5.95
1262	50.69	-10.96	-5.92
1263	50.73	-11.01	-5.89
1264	50.77	-11.06	-5.85
1265	50.81	-11.1	-5.81
1266	50.85	-11.15	-5.76
1267	50.89	-11.18	-5.73
1268	50.93	-11.22	-5.72
1269	50.97	-11.27	-5.7
1270	51.01	-11.32	-5.67
1271	51.05	-11.39	-5.62
1272	51.09	-11.47	-5.58
1273	51.13	-11.56	-5.5
1274	51.17	-11.66	-5.44
1275	51.21	-11.75	-5.39
1276	51.25	-11.83	-5.31
1277	51.29	-11.92	-5.27
1278	51.33	-12.05	-5.22
1279	51.37	-12.26	-5.13
1280	51.41	-12.52	-5.02
1281	51.45	-12.81	-4.9
1282	51.49	-13.08	-4.79
1283	51.53	-13.29	-4.74
1284	51.57	-13.46	-4.7
1285	51.61	-13.6	-4.68
1286	51.65	-13.72	-4.65
1287	51.69	-13.83	-4.61
1288	51.73	-13.9	-4.61
1289	51.77	-13.98	-4.58
1290	51.81	-14.05	-4.52
1291	51.85	-14.13	-4.49
1292	51.89	-14.26	-4.44
1293	51.93	-14.4	-4.43
1294	51.97	-14.53	-4.48
1295	52.01	-14.65	-4.51
1296	52.05	-14.75	-4.55
1297	52.09	-14.8	-4.58
1298	52.13	-14.84	-4.61
1299	52.17	-14.87	-4.62
1300	52.21	-14.91	-4.62
1301	52.25	-14.97	-4.59
1302	52.29	-15.09	-4.52
1303	52.33	-15.21	-4.48
1304	52.37	-15.33	-4.46
1305	52.41	-15.41	-4.49
1306	52.45	-15.45	-4.57
1307	52.49	-15.5	-4.69
1308	52.53	-15.53	-4.83
1309	52.57	-15.57	-4.96
1310	52.61	-15.64	-5.06
1311	52.65	-15.7	-5.13
1312	52.69	-15.74	-5.17
1313	52.73	-15.76	-5.2
1314	52.77	-15.77	-5.22
1315	52.81	-15.79	-5.26
1316	52.85	-15.82	-5.34
1317	52.89	-15.9	-5.44
1318	52.93	-16	-5.53
1319	52.97	-16.12	-5.59
1320	53.01	-16.26	-5.63
1321	53.05	-16.4	-5.67
1322	53.09	-16.56	-5.76
1323	53.13	-16.72	-5.88
1324	53.17	-16.85	-6
1325	53.21	-16.95	-6.12
1326	53.25	-17.03	-6.22
1327	53.29	-17.06	-6.31
1328	53.33	-17.1	-6.38
1329	53.37	-17.13	-6.45
1330	53.41	-17.13	-6.51
1331	53.45	-17.13	-6.57
1332	53.49	-17.12	-6.61
1333	53.53	-17.12	-6.65
1334	53.57	-17.12	-6.67
1335	53.61	-17.12	-6.68
1336	53.65	-17.13	-6.71
1337	53.69	-17.13	-6.72
1338	53.73	-17.15	-6.74
1339	53.77	-17.16	-6.75
1340	53.81	-17.17	-6.75
1341	53.85	-17.17	-6.75
1342	53.89	-17.16	-6.73
1343	53.93	-17.18	-6.73
1344	53.97	-17.2	-6.73
1345	54.01	-17.24	-6.72
1346	54.05	-17.31	-6.73
1347	54.09	-17.34	-6.73
1348	54.13	-17.38	-6.73
1349	54.17	-17.41	-6.74
1350	54.21	-17.42	-6.75
1351	54.25	-17.43	-6.75
1352	54.29	-17.44	-6.75
1353	54.33	-17.45	-6.75
1354	54.37	-17.45	-6.75
1355	54.41	-17.45	-6.75
1356	54.45	-17.43	-6.75
1357	54.49	-17.4	-6.74
1358	54.53	-17.37	-6.74
1359	54.57	-17.35	-6.73
1360	54.61	-17.31	-6.73
1361	54.65	-17.27	-6.72
1362	54.69	-17.22	-6.71
1363	54.73	-17.19	-6.7
1364	54.77	-17.16	-6.68
1365	54.81	-17.14	-6.67
1366	54.85	-17.12	-6.65
1367	54.89	-17.11	-6.62
1368	54.93	-17.1	-6.58
1369	54.97	-17.07	-6.53
1370	55.01	-17.03	-6.47
1371	55.05	-16.99	-6.42
1372	55.09	-16.94	-6.37
1373	55.13	-16.95	-6.32
1374	55.17	-16.97	-6.27
1375	55.21	-16.98	-6.24
1376	55.25	-17.02	-6.22
1377	55.29	-17.02	-6.21
1378	55.33	-16.98	-6.2
1379	55.37	-16.92	-6.19
1380	55.41	-16.84	-6.18
1381	55.45	-16.75	-6.16
1382	55.49	-16.7	-6.14
1383	55.53	-16.66	-6.13
1384	55.57	-16.67	-6.1
1385	55.61	-16.7	-6.1
1386	55.65	-16.74	-6.1
1387	55.69	-16.81	-6.11
1388	55.73	-16.9	-6.13
1389	55.77	-16.98	-6.12
1390	55.81	-17.06	-6.08
1391	55.85	-17.19	-6.01
1392	55.89	-17.3	-5.96
1393	55.93	-17.44	-5.97
1394	55.97	-17.56	-6.06
1395	56.01	-17.62	-6.17
1396	56.05	-17.65	-6.25
1397	56.09	-17.66	-6.26
1398	56.13	-17.67	-6.21
1399	56.17	-17.71	-6.16
1400	56.21	-17.79	-6.12
1401	56.25	-17.86	-6.08
1402	56.29	-17.94	-6.05
1403	56.33	-18.02	-6.02
1404	56.37	-18.09	-5.98
1405	56.41	-18.16	-5.94
1406	56.45	-18.26	-5.86
1407	56.49	-18.38	-5.74
1408	56.53	-18.5	-5.55
1409	56.57	-18.65	-5.32
1410	56.61	-18.83	-5.06
1411	56.65	-19.01	-4.77
1412	56.69	-19.18	-4.52
1413	56.73	-19.32	-4.3
1414	56.77	-19.39	-4.14
1415	56.81	-19.42	-4.06
1416	56.85	-19.43	-4.02
1417	56.89	-19.43	-3.99
1418	56.93	-19.43	-3.99
1419	56.97	-19.42	-3.99
1420	57.01	-19.44	-3.98
1421	57.05	-19.48	-3.97
1422	57.09	-19.53	-3.96
1423	57.13	-19.59	-3.92
1424	57.17	-19.66	-3.84
1425	57.21	-19.71	-3.78
1426	57.25	-19.77	-3.72
1427	57.29	-19.83	-3.66
1428	57.33	-19.83	-3.64
1429	57.37	-19.82	-3.61
1430	57.41	-19.8	-3.59
1431	57.45	-19.75	-3.59
1432	57.49	-19.72	-3.58
1433	57.53	-19.69	-3.59
1434	57.57	-19.66	-3.61
1435	57.61	-19.65	-3.63
1436	57.64	-19.63	-3.66
1437	57.69	-19.62	-3.69
1438	57.73	-19.61	-3.73
1439	57.77	-19.59	-3.79
1440	57.81	-19.59	-3.86
1441	57.85	-19.59	-3.92
1442	57.88	-19.57	-4
1443	57.92	-19.56	-4.07
1444	57.96	-19.53	-4.18
1445	58	-19.52	-4.31
1446	58.04	-19.52	-4.41
1447	58.08	-19.52	-4.51
1448	58.12	-19.52	-4.57
1449	58.16	-19.5	-4.62
1450	58.21	-19.49	-4.7
1451	58.24	-19.5	-4.81
1452	58.28	-19.54	-4.95
1453	58.32	-19.6	-5.1
1454	58.36	-19.65	-5.19
1455	58.41	-19.67	-5.25
1456	58.44	-19.66	-5.27
1457	58.48	-19.63	-5.26
1458	58.52	-19.59	-5.29
1459	58.56	-19.54	-5.32
1460	58.6	-19.49	-5.35
1461	58.64	-19.45	-5.34
1462	58.69	-19.44	-5.31
1463	58.72	-19.43	-5.25
1464	58.76	-19.42	-5.18
1465	58.8	-19.39	-5.13
1466	58.84	-19.34	-5.03
1467	58.88	-19.29	-4.93
1468	58.92	-19.24	-4.83
1469	58.96	-19.21	-4.75
1470	59	-19.2	-4.73
1471	59.04	-19.2	-4.73
1472	59.08	-19.21	-4.72
1473	59.12	-19.21	-4.71
1474	59.17	-19.2	-4.72
1475	59.2	-19.18	-4.75
1476	59.24	-19.16	-4.79
1477	59.28	-19.13	-4.84
1478	59.32	-19.11	-4.9
1479	59.36	-19.09	-4.94
1480	59.4	-19.06	-4.95
1481	59.44	-19.04	-4.95
1482	59.48	-19.04	-4.95
1483	59.52	-19.03	-4.94
1484	59.56	-19.01	-4.92
1485	59.6	-18.98	-4.87
1486	59.64	-18.91	-4.81
1487	59.68	-18.82	-4.74
1488	59.72	-18.7	-4.65
1489	59.76	-18.53	-4.58
1490	59.8	-18.36	-4.52
1491	59.84	-18.21	-4.5
1492	59.88	-18.07	-4.51
1493	59.92	-17.98	-4.55
1494	59.96	-17.9	-4.58
1495	60	-17.82	-4.62
1496	60.04	-17.75	-4.64
1497	60.08	-17.68	-4.65
1498	60.12	-17.61	-4.67
1499	60.16	-17.56	-4.68
1500	60.2	-17.52	-4.7
1501	60.24	-17.48	-4.71
1502	60.28	-17.46	-4.72
1503	60.32	-17.43	-4.73
1504	60.36	-17.4	-4.72
1505	60.4	-17.36	-4.71
1506	60.44	-17.31	-4.73
1507	60.48	-17.25	-4.78
1508	60.52	-17.2	-4.89
1509	60.56	-17.13	-5.03
1510	60.6	-17.05	-5.17
1511	60.64	-16.98	-5.27
1512	60.68	-16.89	-5.32
1513	60.72	-16.82	-5.35
1514	60.76	-16.73	-5.36
1515	60.8	-16.59	-5.38
1516	60.84	-16.38	-5.4
1517	60.88	-16.11	-5.43
1518	60.92	-15.8	-5.48
1519	60.96	-15.51	-5.52
1520	61	-15.28	-5.55
1521	61.04	-15.13	-5.59
1522	61.08	-15.06	-5.61
1523	61.12	-14.99	-5.64
1524	61.16	-14.95	-5.67
1525	61.2	-14.89	-5.67
1526	61.24	-14.84	-5.67
1527	61.28	-14.78	-5.66
1528	61.32	-14.74	-5.65
1529	61.36	-14.75	-5.65
1530	61.4	-14.76	-5.66
1531	61.44	-14.79	-5.68
1532	61.48	-14.82	-5.7
1533	61.52	-14.78	-5.73
1534	61.56	-14.74	-5.76
1535	61.6	-14.71	-5.78
1536	61.64	-14.67	-5.8
1537	61.68	-14.62	-5.8
1538	61.72	-14.58	-5.8
1539	61.76	-14.53	-5.8
1540	61.8	-14.51	-5.8
1541	61.84	-14.47	-5.8
1542	61.88	-14.42	-5.81
1543	61.92	-14.33	-5.84
1544	61.96	-14.18	-5.91
1545	62	-13.98	-6
1546	62.04	-13.77	-6.11
1547	62.08	-13.61	-6.2
1548	62.12	-13.5	-6.29
1549	62.16	-13.46	-6.38
1550	62.2	-13.43	-6.46
1551	62.24	-13.36	-6.56
1552	62.28	-13.29	-6.64
1553	62.32	-13.18	-6.75
1554	62.36	-13.07	-6.83
1555	62.4	-12.98	-6.9
1556	62.44	-12.92	-6.97
1557	62.48	-12.89	-6.98
1558	62.52	-12.86	-6.99
1559	62.56	-12.81	-6.99
1560	62.6	-12.76	-6.99
1561	62.64	-12.7	-7.01
1562	62.68	-12.65	-7.06
1563	62.72	-12.61	-7.1
1564	62.76	-12.57	-7.15
1565	62.8	-12.55	-7.18
1566	62.84	-12.53	-7.21
1567	62.88	-12.52	-7.23
1568	62.92	-12.51	-7.24
1569	62.96	-12.49	-7.24
1570	63	-12.48	-7.24
1571	63.04	-12.44	-7.24
1572	63.08	-12.42	-7.24
1573	63.12	-12.39	-7.24
1574	63.16	-12.35	-7.23
1575	63.2	-12.3	-7.18
1576	63.24	-12.22	-7.16
1577	63.28	-12.14	-7.13
1578	63.32	-12.09	-7.1
1579	63.36	-12.07	-7.11
1580	63.4	-12.09	-7.1
1581	63.44	-12.13	-7.13
1582	63.48	-12.18	-7.16
1583	63.52	-12.24	-7.2
1584	63.56	-12.29	-7.25
1585	63.6	-12.35	-7.27
1586	63.64	-12.41	-7.31
1587	63.68	-12.45	-7.36
1588	63.72	-12.48	-7.4
1589	63.76	-12.51	-7.43
1590	63.8	-12.52	-7.47
1591	63.84	-12.56	-7.49
1592	63.88	-12.6	-7.52
1593	63.92	-12.63	-7.56
1594	63.96	-12.66	-7.59
1595	64	-12.67	-7.63
1596	64.04	-12.7	-7.65
1597	64.08	-12.72	-7.65
1598	64.12	-12.75	-7.64
1599	64.16	-12.79	-7.62
1600	64.2	-12.83	-7.59
1601	64.24	-12.84	-7.58
1602	64.28	-12.85	-7.56
1603	64.32	-12.86	-7.54
1604	64.36	-12.85	-7.54
1605	64.4	-12.84	-7.52
1606	64.44	-12.83	-7.5
1607	64.48	-12.82	-7.46
1608	64.52	-12.83	-7.42
1609	64.56	-12.84	-7.36
1610	64.6	-12.88	-7.31
1611	64.64	-12.92	-7.27
1612	64.68	-12.99	-7.23
1613	64.72	-13.08	-7.21
1614	64.76	-13.16	-7.19
1615	64.8	-13.23	-7.19
1616	64.84	-13.27	-7.21
1617	64.88	-13.3	-7.24
1618	64.92	-13.35	-7.3
1619	64.96	-13.41	-7.36
1620	65	-13.47	-7.41
1621	65.04	-13.55	-7.47
1622	65.08	-13.63	-7.51
1623	65.12	-13.74	-7.54
1624	65.16	-13.87	-7.57
1625	65.2	-14.01	-7.6
1626	65.24	-14.16	-7.66
1627	65.28	-14.29	-7.77
1628	65.32	-14.39	-7.88
1629	65.36	-14.46	-8
1630	65.4	-14.49	-8.09
1631	65.44	-14.56	-8.16
1632	65.48	-14.63	-8.21
1633	65.52	-14.72	-8.22
1634	65.56	-14.81	-8.25
1635	65.6	-14.9	-8.28
1636	65.64	-15.02	-8.33
1637	65.68	-15.17	-8.39
1638	65.72	-15.35	-8.44
1639	65.76	-15.51	-8.49
1640	65.8	-15.64	-8.52
1641	65.84	-15.74	-8.54
1642	65.88	-15.81	-8.52
1643	65.92	-15.86	-8.46
1644	65.96	-15.88	-8.37
1645	66	-15.9	-8.29
1646	66.04	-15.91	-8.25
1647	66.08	-15.91	-8.22
1648	66.12	-15.9	-8.19
1649	66.16	-15.88	-8.18
1650	66.2	-15.85	-8.17
1651	66.24	-15.81	-8.16
1652	66.28	-15.78	-8.15
1653	66.32	-15.74	-8.13
1654	66.36	-15.71	-8.1
1655	66.4	-15.66	-8.09
1656	66.44	-15.58	-8.08
1657	66.48	-15.45	-8.07
1658	66.52	-15.32	-8.09
1659	66.56	-15.24	-8.14
1660	66.6	-15.23	-8.21
1661	66.64	-15.29	-8.27
1662	66.68	-15.37	-8.29
1663	66.72	-15.43	-8.29
1664	66.76	-15.44	-8.28
1665	66.8	-15.46	-8.25
1666	66.84	-15.49	-8.2
1667	66.88	-15.51	-8.13
1668	66.92	-15.57	-8.05
1669	66.96	-15.61	-7.94
1670	67	-15.63	-7.86
1671	67.04	-15.66	-7.78
1672	67.08	-15.65	-7.7
1673	67.12	-15.62	-7.62
1674	67.16	-15.6	-7.49
1675	67.2	-15.6	-7.31
1676	67.24	-15.63	-7.12
1677	67.28	-15.73	-6.91
1678	67.32	-15.84	-6.74
1679	67.36	-15.92	-6.65
1680	67.4	-15.97	-6.59
1681	67.44	-15.99	-6.57
1682	67.48	-15.99	-6.56
1683	67.52	-16.01	-6.54
1684	67.56	-16.06	-6.49
1685	67.6	-16.11	-6.42
1686	67.64	-16.16	-6.34
1687	67.68	-16.18	-6.25
1688	67.72	-16.16	-6.18
1689	67.76	-16.13	-6.09
1690	67.8	-16.1	-5.98
1691	67.84	-16.1	-5.86
1692	67.88	-16.11	-5.75
1693	67.92	-16.13	-5.69
1694	67.96	-16.16	-5.66
1695	68	-16.2	-5.64
1696	68.04	-16.25	-5.62
1697	68.08	-16.29	-5.6
1698	68.12	-16.32	-5.57
1699	68.16	-16.34	-5.53
1700	68.2	-16.36	-5.5
1701	68.24	-16.36	-5.46
1702	68.28	-16.35	-5.43
1703	68.32	-16.35	-5.38
1704	68.36	-16.35	-5.35
1705	68.4	-16.36	-5.31
1706	68.44	-16.38	-5.29
1707	68.48	-16.4	-5.26
1708	68.52	-16.41	-5.25
1709	68.56	-16.42	-5.24
1710	68.6	-16.43	-5.24
1711	68.64	-16.42	-5.24
1712	68.68	-16.39	-5.25
1713	68.72	-16.36	-5.24
1714	68.76	-16.32	-5.24
1715	68.8	-16.28	-5.25
1716	68.84	-16.26	-5.26
1717	68.88	-16.27	-5.28
1718	68.92	-16.28	-5.29
1719	68.96	-16.3	-5.29
1720	69	-16.32	-5.3
1721	69.04	-16.35	-5.31
1722	69.08	-16.38	-5.34
1723	69.12	-16.41	-5.35
1724	69.16	-16.45	-5.37
1725	69.2	-16.47	-5.4
1726	69.24	-16.49	-5.41
1727	69.28	-16.5	-5.43
1728	69.32	-16.5	-5.43
1729	69.36	-16.49	-5.43
1730	69.4	-16.49	-5.43
1731	69.44	-16.48	-5.44
1732	69.48	-16.47	-5.43
1733	69.52	-16.47	-5.42
1734	69.56	-16.46	-5.42
1735	69.6	-16.47	-5.4
1736	69.64	-16.47	-5.41
1737	69.68	-16.47	-5.41
1738	69.72	-16.48	-5.39
1739	69.76	-16.48	-5.39
1740	69.8	-16.48	-5.37
1741	69.84	-16.47	-5.37
1742	69.88	-16.46	-5.38
1743	69.92	-16.47	-5.38
1744	69.96	-16.47	-5.4
1745	70	-16.47	-5.4
1746	70.04	-16.47	-5.41
1747	70.08	-16.47	-5.42
1748	70.12	-16.47	-5.42
1749	70.16	-16.47	-5.42
1750	70.2	-16.47	-5.42
1751	70.24	-16.46	-5.43
1752	70.28	-16.46	-5.43
1753	70.32	-16.45	-5.46
1754	70.36	-16.44	-5.5
1755	70.4	-16.43	-5.58
1756	70.44	-16.4	-5.73
1757	70.48	-16.37	-5.89
1758	70.52	-16.33	-6.04
1759	70.56	-16.28	-6.16
1760	70.6	-16.23	-6.22
1761	70.64	-16.17	-6.23
1762	70.68	-16.09	-6.18
1763	70.72	-16.01	-6.06
1764	70.76	-15.94	-5.92
1765	70.8	-15.88	-5.77
1766	70.84	-15.83	-5.64
1767	70.88	-15.78	-5.55
1768	70.92	-15.73	-5.47
1769	70.96	-15.67	-5.39
1770	71	-15.62	-5.27
1771	71.04	-15.58	-5.15
1772	71.08	-15.56	-5
1773	71.12	-15.56	-4.87
1774	71.16	-15.55	-4.78
1775	71.2	-15.52	-4.72
1776	71.24	-15.49	-4.68
1777	71.28	-15.44	-4.66
1778	71.32	-15.41	-4.62
1779	71.36	-15.39	-4.57
1780	71.4	-15.4	-4.52
1781	71.44	-15.41	-4.44
1782	71.48	-15.42	-4.39
1783	71.52	-15.45	-4.33
1784	71.56	-15.49	-4.29
1785	71.6	-15.52	-4.24
1786	71.64	-15.54	-4.18
1787	71.68	-15.54	-4.12
1788	71.72	-15.53	-4.05
1789	71.76	-15.52	-3.97
1790	71.8	-15.49	-3.91
1791	71.84	-15.45	-3.86
1792	71.88	-15.41	-3.84
1793	71.92	-15.37	-3.82
1794	71.96	-15.32	-3.81
1795	72	-15.28	-3.82
1796	72.04	-15.24	-3.83
1797	72.08	-15.21	-3.86
1798	72.12	-15.18	-3.92
1799	72.16	-15.14	-4
1800	72.2	-15.09	-4.08
1801	72.24	-15.04	-4.15
1802	72.28	-14.99	-4.21
1803	72.32	-14.95	-4.25
1804	72.36	-14.91	-4.26
1805	72.4	-14.89	-4.28
1806	72.44	-14.87	-4.27
1807	72.48	-14.85	-4.25
1808	72.52	-14.81	-4.26
1809	72.56	-14.75	-4.26
1810	72.6	-14.68	-4.29
1811	72.64	-14.61	-4.33
1812	72.68	-14.54	-4.4
1813	72.72	-14.45	-4.48
1814	72.76	-14.31	-4.59
1815	72.8	-14.17	-4.69
1816	72.84	-14.05	-4.77
1817	72.88	-13.93	-4.81
1818	72.92	-13.83	-4.84
1819	72.96	-13.74	-4.87
1820	73	-13.64	-4.89
1821	73.04	-13.57	-4.93
1822	73.08	-13.5	-4.96
1823	73.12	-13.42	-5
1824	73.16	-13.31	-5.08
1825	73.2	-13.22	-5.17
1826	73.24	-13.14	-5.26
1827	73.28	-13.12	-5.36
1828	73.32	-13.14	-5.44
1829	73.36	-13.16	-5.49
1830	73.4	-13.17	-5.54
1831	73.44	-13.14	-5.56
1832	73.48	-13.08	-5.59
1833	73.52	-13.03	-5.62
1834	73.56	-12.96	-5.66
1835	73.6	-12.9	-5.7
1836	73.64	-12.84	-5.75
1837	73.68	-12.78	-5.81
1838	73.72	-12.72	-5.88
1839	73.76	-12.69	-5.96
1840	73.8	-12.64	-6.02
1841	73.84	-12.6	-6.08
1842	73.88	-12.56	-6.13
1843	73.92	-12.51	-6.17
1844	73.96	-12.45	-6.22
1845	74	-12.34	-6.3
1846	74.04	-12.2	-6.4
1847	74.08	-12.05	-6.52
1848	74.12	-11.91	-6.65
1849	74.16	-11.82	-6.74
1850	74.2	-11.76	-6.82
1851	74.24	-11.73	-6.9
1852	74.28	-11.73	-6.96
1853	74.32	-11.77	-7.02
1854	74.36	-11.8	-7.1
1855	74.4	-11.82	-7.18
1856	74.44	-11.85	-7.27
1857	74.48	-11.86	-7.34
1858	74.52	-11.88	-7.38
1859	74.56	-11.86	-7.44
1860	74.6	-11.81	-7.5
1861	74.64	-11.75	-7.59
1862	74.68	-11.68	-7.7
1863	74.72	-11.65	-7.84
1864	74.76	-11.65	-8
1865	74.8	-11.65	-8.18
1866	74.84	-11.69	-8.37
1867	74.88	-11.72	-8.55
1868	74.92	-11.75	-8.67
1869	74.96	-11.77	-8.78
1870	75	-11.78	-8.88
1871	75.04	-11.77	-8.98
1872	75.08	-11.77	-9.12
1873	75.12	-11.78	-9.25
1874	75.16	-11.78	-9.37
1875	75.2	-11.79	-9.47
1876	75.24	-11.79	-9.53
1877	75.28	-11.8	-9.61
1878	75.32	-11.8	-9.66
1879	75.36	-11.8	-9.72
1880	75.4	-11.78	-9.79
1881	75.44	-11.77	-9.86
1882	75.48	-11.75	-9.92
1883	75.52	-11.74	-9.98
1884	75.56	-11.75	-10.01
1885	75.6	-11.74	-10.05
1886	75.64	-11.74	-10.09
1887	75.68	-11.73	-10.13
1888	75.72	-11.73	-10.19
1889	75.76	-11.73	-10.24
1890	75.8	-11.73	-10.29
1891	75.84	-11.74	-10.31
1892	75.88	-11.74	-10.34
1893	75.92	-11.74	-10.37
1894	75.96	-11.75	-10.39
1895	76	-11.73	-10.44
1896	76.04	-11.73	-10.45
1897	76.08	-11.72	-10.46
1898	76.12	-11.71	-10.47
1899	76.16	-11.7	-10.46
1900	76.2	-11.7	-10.45
1901	76.24	-11.69	-10.44
1902	76.28	-11.68	-10.43
1903	76.32	-11.69	-10.42
1904	76.36	-11.7	-10.42
1905	76.4	-11.71	-10.43
1906	76.44	-11.73	-10.41
1907	76.48	-11.75	-10.39
1908	76.52	-11.78	-10.39
1909	76.56	-11.83	-10.36
1910	76.6	-11.88	-10.34
1911	76.64	-11.94	-10.32
1912	76.68	-12.01	-10.25
1913	76.72	-12.07	-10.2
1914	76.76	-12.13	-10.15
1915	76.8	-12.2	-10.1
1916	76.84	-12.26	-10.05
1917	76.88	-12.3	-9.99
1918	76.92	-12.34	-9.96
1919	76.96	-12.36	-9.92
1920	77	-12.38	-9.92
1921	77.04	-12.39	-9.91
1922	77.08	-12.4	-9.88
1923	77.12	-12.41	-9.88
1924	77.16	-12.42	-9.87
1925	77.2	-12.43	-9.88
1926	77.24	-12.44	-9.89
1927	77.28	-12.45	-9.89
1928	77.32	-12.48	-9.9
1929	77.36	-12.53	-9.9
1930	77.4	-12.58	-9.9
1931	77.44	-12.67	-9.92
1932	77.48	-12.76	-9.96
1933	77.52	-12.85	-10
1934	77.56	-12.93	-10.04
1935	77.6	-12.98	-10.07
1936	77.64	-13	-10.1
1937	77.68	-13.02	-10.14
1938	77.72	-13.06	-10.18
1939	77.76	-13.12	-10.24
1940	77.8	-13.22	-10.3
1941	77.84	-13.33	-10.37
1942	77.88	-13.44	-10.43
1943	77.92	-13.53	-10.48
1944	77.96	-13.61	-10.49
1945	78	-13.67	-10.47
1946	78.04	-13.71	-10.45
1947	78.08	-13.73	-10.43
1948	78.12	-13.74	-10.41
1949	78.16	-13.75	-10.41
1950	78.2	-13.76	-10.4
1951	78.24	-13.77	-10.38
1952	78.28	-13.78	-10.38
1953	78.32	-13.79	-10.38
1954	78.36	-13.8	-10.38
1955	78.4	-13.81	-10.38
1956	78.44	-13.82	-10.38
1957	78.48	-13.83	-10.37
1958	78.52	-13.84	-10.37
1959	78.56	-13.9	-10.42
1960	78.6	-13.97	-10.49
1961	78.64	-14.05	-10.56
1962	78.68	-14.13	-10.64
1963	78.72	-14.17	-10.67
1964	78.76	-14.2	-10.69
1965	78.8	-14.2	-10.69
1966	78.84	-14.18	-10.69
1967	78.88	-14.15	-10.69
1968	78.92	-14.13	-10.7
1969	78.96	-14.1	-10.71
1970	79	-14.09	-10.71
1971	79.04	-14.08	-10.7
1972	79.08	-14.07	-10.7
1973	79.12	-14.06	-10.69
1974	79.16	-14.05	-10.69
1975	79.2	-14.05	-10.69
1976	79.24	-14.03	-10.68
1977	79.28	-14.02	-10.68
1978	79.32	-14.01	-10.68
1979	79.36	-14.01	-10.68
1980	79.4	-14	-10.68
1981	79.44	-14	-10.68
1982	79.48	-13.99	-10.68
1983	79.52	-13.99	-10.69
1984	79.56	-13.98	-10.69
1985	79.6	-13.97	-10.69
1986	79.64	-13.97	-10.7
1987	79.68	-13.96	-10.7
1988	79.72	-13.96	-10.69
1989	79.76	-13.96	-10.68
1990	79.8	-13.95	-10.67
1991	79.84	-13.93	-10.68
1992	79.88	-13.91	-10.68
1993	79.92	-13.9	-10.7
1994	79.96	-13.9	-10.7
1995	80	-13.91	-10.71
1996	80.04	-13.93	-10.72
1997	80.08	-13.94	-10.72
1998	80.12	-13.99	-10.76
1999	80.16	-14.02	-10.84
2000	80.2	-14.03	-10.93
2001	80.24	-14.04	-11.02
2002	80.28	-14.01	-11.06
2003	80.32	-13.99	-11.06
2004	80.36	-13.99	-11.03
2005	80.4	-14.02	-10.99
2006	80.44	-14.07	-10.94
2007	80.48	-14.14	-10.86
2008	80.52	-14.22	-10.8
2009	80.56	-14.28	-10.74
2010	80.6	-14.33	-10.67
2011	80.64	-14.37	-10.59
2012	80.68	-14.4	-10.52
2013	80.72	-14.43	-10.46
2014	80.76	-14.48	-10.44
2015	80.8	-14.53	-10.43
2016	80.84	-14.59	-10.37
2017	80.88	-14.66	-10.3
2018	80.92	-14.74	-10.23
2019	80.96	-14.82	-10.17
2020	81	-14.88	-10.17
2021	81.04	-14.94	-10.19
2022	81.08	-15	-10.22
2023	81.12	-15.02	-10.24
2024	81.16	-15.04	-10.26
2025	81.2	-15.04	-10.26
2026	81.24	-15	-10.27
2027	81.28	-14.98	-10.27
2028	81.32	-14.96	-10.27
2029	81.36	-14.96	-10.27
2030	81.4	-14.98	-10.27
2031	81.44	-14.99	-10.27
2032	81.48	-15	-10.27
2033	81.52	-15.01	-10.26
2034	81.56	-15	-10.25
2035	81.6	-14.99	-10.24
2036	81.64	-14.99	-10.24
2037	81.68	-14.98	-10.24
2038	81.72	-14.99	-10.24
2039	81.76	-14.99	-10.24
2040	81.8	-14.99	-10.22
2041	81.84	-14.97	-10.2
2042	81.88	-14.95	-10.18
2043	81.92	-14.93	-10.13
2044	81.96	-14.9	-10.09
2045	82	-14.89	-10.05
2046	82.04	-14.89	-10.02
2047	82.08	-14.87	-10
2048	82.12	-14.87	-9.98
2049	82.16	-14.85	-9.97
2050	82.2	-14.83	-9.97
2051	82.24	-14.83	-9.97
2052	82.28	-14.82	-9.98
2053	82.32	-14.82	-9.97
2054	82.36	-14.81	-9.93
2055	82.4	-14.82	-9.89
2056	82.44	-14.84	-9.84
2057	82.48	-14.9	-9.8
2058	82.52	-14.96	-9.75
2059	82.56	-15.02	-9.71
2060	82.6	-15.06	-9.69
2061	82.64	-15.09	-9.72
2062	82.68	-15.12	-9.79
2063	82.72	-15.13	-9.85
2064	82.76	-15.14	-9.88
2065	82.8	-15.15	-9.85
2066	82.84	-15.16	-9.8
2067	82.88	-15.19	-9.77
2068	82.92	-15.23	-9.75
2069	82.96	-15.28	-9.77
2070	83	-15.34	-9.77
2071	83.04	-15.41	-9.78
2072	83.08	-15.46	-9.81
2073	83.12	-15.5	-9.82
2074	83.16	-15.52	-9.83
2075	83.2	-15.51	-9.83
2076	83.24	-15.52	-9.82
2077	83.28	-15.52	-9.83
2078	83.32	-15.54	-9.85
2079	83.36	-15.56	-9.88
2080	83.4	-15.58	-9.9
2081	83.44	-15.57	-9.92
2082	83.48	-15.56	-9.94
2083	83.52	-15.54	-9.93
2084	83.56	-15.53	-9.93
2085	83.6	-15.53	-9.92
2086	83.64	-15.51	-9.93
2087	83.68	-15.48	-9.93
2088	83.72	-15.44	-9.94
2089	83.76	-15.42	-9.95
2090	83.8	-15.44	-9.92
2091	83.84	-15.48	-9.9
2092	83.88	-15.56	-9.87
2093	83.92	-15.63	-9.84
2094	83.96	-15.7	-9.83
2095	84	-15.74	-9.83
2096	84.04	-15.73	-9.85
2097	84.08	-15.72	-9.87
2098	84.12	-15.71	-9.89
2099	84.16	-15.72	-9.92
2100	84.2	-15.77	-9.94
2101	84.24	-15.81	-9.95
2102	84.28	-15.85	-9.94
2103	84.32	-15.89	-9.91
2104	84.36	-15.92	-9.87
2105	84.4	-15.93	-9.85
2106	84.44	-15.93	-9.82
2107	84.48	-15.93	-9.81
2108	84.52	-15.93	-9.78
2109	84.56	-15.95	-9.74
2110	84.6	-16	-9.7
2111	84.64	-16.04	-9.68
2112	84.68	-16.07	-9.66
2113	84.72	-16.13	-9.64
2114	84.76	-16.14	-9.65
2115	84.8	-16.16	-9.66
2116	84.84	-16.17	-9.65
2117	84.88	-16.14	-9.64
2118	84.92	-16.15	-9.63
2119	84.96	-16.17	-9.61
2120	85	-16.17	-9.65
2121	85.04	-16.19	-9.69
2122	85.08	-16.2	-9.72
2123	85.12	-16.17	-9.71
2124	85.16	-16.15	-9.65
2125	85.2	-16.11	-9.58
2126	85.24	-16.05	-9.52
2127	85.28	-16.03	-9.49
2128	85.32	-16.02	-9.51
2129	85.36	-16.06	-9.51
2130	85.4	-16.13	-9.49
2131	85.44	-16.19	-9.48
2132	85.48	-16.21	-9.46
2133	85.52	-16.19	-9.46
2134	85.56	-16.15	-9.48
2135	85.6	-16.14	-9.48
2136	85.64	-16.16	-9.45
2137	85.68	-16.2	-9.39
2138	85.72	-16.23	-9.31
2139	85.76	-16.22	-9.21
2140	85.8	-16.21	-9.13
2141	85.84	-16.18	-9.09
2142	85.88	-16.24	-9.11
2143	85.92	-16.32	-9.18
2144	85.96	-16.44	-9.24
2145	86	-16.53	-9.29
2146	86.04	-16.61	-9.3
2147	86.08	-16.67	-9.33
2148	86.12	-16.71	-9.37
2149	86.16	-16.76	-9.41
2150	86.2	-16.76	-9.44
2151	86.24	-16.76	-9.47
2152	86.28	-16.82	-9.47
2153	86.32	-16.89	-9.46
2154	86.36	-16.97	-9.43
2155	86.4	-17.07	-9.39
2156	86.44	-17.12	-9.38
2157	86.48	-17.16	-9.36
2158	86.52	-17.16	-9.36
2159	86.56	-17.16	-9.37
2160	86.6	-17.15	-9.37
2161	86.64	-17.13	-9.38
2162	86.68	-17.13	-9.39
2163	86.72	-17.12	-9.4
2164	86.76	-17.1	-9.42
2165	86.8	-17.09	-9.44
2166	86.84	-17.07	-9.43
2167	86.88	-17.05	-9.4
2168	86.92	-17.04	-9.36
2169	86.96	-17.03	-9.32
2170	87	-17.02	-9.3
2171	87.04	-17.03	-9.27
2172	87.08	-17.03	-9.27
2173	87.12	-17.03	-9.24
2174	87.16	-17.02	-9.21
2175	87.2	-17	-9.19
2176	87.24	-16.99	-9.16
2177	87.28	-16.97	-9.13
2178	87.32	-16.94	-9.14
2179	87.36	-16.91	-9.15
2180	87.4	-16.89	-9.14
2181	87.44	-16.9	-9.14
2182	87.48	-16.93	-9.11
2183	87.52	-16.94	-9.07
2184	87.56	-16.94	-9.02
2185	87.6	-16.93	-8.96
2186	87.64	-16.92	-8.9
2187	87.68	-16.93	-8.85
2188	87.72	-16.94	-8.81
2189	87.76	-16.96	-8.78
2190	87.8	-16.98	-8.76
2191	87.84	-16.98	-8.76
2192	87.88	-16.97	-8.8
2193	87.92	-16.95	-8.86
2194	87.96	-16.93	-8.89
2195	88	-16.92	-8.93
2196	88.04	-16.9	-8.95
2197	88.08	-16.88	-8.95
2198	88.12	-16.84	-8.97
2199	88.16	-16.81	-8.97
2200	88.2	-16.79	-8.98
2201	88.24	-16.78	-9.01
2202	88.28	-16.78	-9.02
2203	88.32	-16.77	-9.04
2204	88.36	-16.75	-9.06
2205	88.4	-16.73	-9.08
2206	88.44	-16.7	-9.12
2207	88.48	-16.65	-9.17
2208	88.52	-16.61	-9.21
2209	88.56	-16.59	-9.23
2210	88.6	-16.59	-9.24
2211	88.64	-16.61	-9.25
2212	88.68	-16.65	-9.25
2213	88.72	-16.69	-9.26
2214	88.76	-16.73	-9.28
2215	88.8	-16.8	-9.29
2216	88.84	-16.85	-9.31
2217	88.88	-16.91	-9.32
2218	88.92	-16.95	-9.33
2219	88.96	-17	-9.34
2220	89	-17.04	-9.35
2221	89.04	-17.08	-9.36
2222	89.08	-17.11	-9.39
2223	89.12	-17.15	-9.42
2224	89.16	-17.19	-9.46
2225	89.2	-17.24	-9.49
2226	89.24	-17.35	-9.53
2227	89.28	-17.47	-9.57
2228	89.32	-17.62	-9.61
2229	89.36	-17.82	-9.66
2230	89.4	-17.98	-9.72
2231	89.44	-18.09	-9.78
2232	89.48	-18.21	-9.82
2233	89.52	-18.29	-9.87
2234	89.56	-18.39	-9.96
2235	89.6	-18.51	-10.05
2236	89.64	-18.56	-10.2
2237	89.68	-18.58	-10.32
2238	89.72	-18.57	-10.4
2239	89.76	-18.53	-10.47
2240	89.8	-18.53	-10.52
2241	89.84	-18.53	-10.56
2242	89.88	-18.54	-10.62
2243	89.92	-18.56	-10.67
2244	89.96	-18.58	-10.72
2245	90	-18.62	-10.75
2246	90.04	-18.64	-10.77
2247	90.08	-18.67	-10.79
2248	90.12	-18.68	-10.79
2249	90.16	-18.67	-10.8
2250	90.2	-18.65	-10.82
2251	90.24	-18.62	-10.83
2252	90.28	-18.59	-10.84
2253	90.32	-18.57	-10.85
2254	90.36	-18.55	-10.85
2255	90.4	-18.54	-10.84
2256	90.44	-18.55	-10.84
2257	90.48	-18.54	-10.85
2258	90.52	-18.53	-10.85
2259	90.56	-18.53	-10.85
2260	90.6	-18.51	-10.85
2261	90.64	-18.51	-10.83
2262	90.68	-18.49	-10.79
2263	90.72	-18.46	-10.78
2264	90.76	-18.44	-10.74
2265	90.8	-18.41	-10.74
2266	90.84	-18.41	-10.73
2267	90.88	-18.41	-10.73
2268	90.92	-18.4	-10.73
2269	90.96	-18.39	-10.7
2270	91	-18.36	-10.66
2271	91.04	-18.35	-10.62
2272	91.08	-18.32	-10.6
2273	91.12	-18.3	-10.6
2274	91.16	-18.3	-10.61
2275	91.2	-18.28	-10.59
2276	91.24	-18.29	-10.59
2277	91.28	-18.29	-10.6
2278	91.32	-18.28	-10.65
2279	91.36	-18.24	-10.74
2280	91.4	-18.17	-10.84
2281	91.44	-18.1	-10.92
2282	91.48	-18.02	-10.95
2283	91.52	-17.97	-10.93
2284	91.56	-17.92	-10.86
2285	91.6	-17.88	-10.8
2286	91.64	-17.85	-10.76
2287	91.68	-17.84	-10.73
2288	91.72	-17.85	-10.72
2289	91.76	-17.86	-10.72
2290	91.8	-17.85	-10.71
2291	91.84	-17.83	-10.7
2292	91.88	-17.8	-10.69
2293	91.92	-17.77	-10.7
2294	91.96	-17.79	-10.71
2295	92	-17.79	-10.74
2296	92.04	-17.8	-10.76
2297	92.08	-17.81	-10.78
2298	92.12	-17.82	-10.8
2299	92.16	-17.81	-10.84
2300	92.2	-17.8	-10.9
2301	92.24	-17.79	-10.96
2302	92.28	-17.76	-11.03
2303	92.32	-17.76	-11.08
2304	92.36	-17.73	-11.17
2305	92.4	-17.69	-11.28
2306	92.44	-17.63	-11.42
2307	92.48	-17.57	-11.54
2308	92.52	-17.52	-11.64
2309	92.56	-17.48	-11.71
2310	92.6	-17.44	-11.75
2311	92.64	-17.42	-11.77
2312	92.68	-17.44	-11.79
2313	92.72	-17.48	-11.77
2314	92.76	-17.52	-11.75
2315	92.8	-17.56	-11.72
2316	92.84	-17.57	-11.68
2317	92.88	-17.56	-11.67
2318	92.92	-17.52	-11.69
2319	92.96	-17.48	-11.7
2320	93	-17.42	-11.71
2321	93.04	-17.37	-11.7
2322	93.08	-17.32	-11.69
2323	93.12	-17.27	-11.7
2324	93.16	-17.23	-11.7
2325	93.2	-17.18	-11.69
2326	93.24	-17.13	-11.7
2327	93.28	-17.06	-11.71
2328	93.32	-16.92	-11.74
2329	93.36	-16.7	-11.75
2330	93.4	-16.43	-11.74
2331	93.44	-16.17	-11.72
2332	93.48	-15.98	-11.68
2333	93.52	-15.85	-11.68
2334	93.56	-15.78	-11.69
2335	93.6	-15.72	-11.66
2336	93.64	-15.65	-11.63
2337	93.68	-15.58	-11.59
2338	93.72	-15.52	-11.52
2339	93.76	-15.46	-11.47
2340	93.8	-15.43	-11.43
2341	93.84	-15.39	-11.38
2342	93.88	-15.33	-11.35
2343	93.92	-15.25	-11.34
2344	93.96	-15.16	-11.33
2345	94	-15.07	-11.33
2346	94.04	-15	-11.31
2347	94.08	-14.96	-11.29
2348	94.12	-14.93	-11.24
2349	94.16	-14.9	-11.18
2350	94.2	-14.87	-11.12
2351	94.24	-14.83	-11.06
2352	94.28	-14.77	-10.99
2353	94.32	-14.69	-10.92
2354	94.36	-14.57	-10.85
2355	94.4	-14.45	-10.78
2356	94.44	-14.31	-10.72
2357	94.48	-14.18	-10.69
2358	94.52	-14.08	-10.67
2359	94.56	-14	-10.65
2360	94.6	-13.97	-10.65
2361	94.64	-13.95	-10.65
2362	94.68	-13.95	-10.66
2363	94.72	-13.94	-10.67
2364	94.76	-13.92	-10.66
2365	94.8	-13.89	-10.65
2366	94.84	-13.85	-10.64
2367	94.88	-13.81	-10.63
2368	94.92	-13.76	-10.63
2369	94.96	-13.71	-10.63
2370	95	-13.67	-10.62
2371	95.04	-13.63	-10.6
2372	95.08	-13.58	-10.56
2373	95.12	-13.54	-10.52
2374	95.16	-13.51	-10.47
2375	95.2	-13.48	-10.41
2376	95.24	-13.49	-10.37
2377	95.28	-13.48	-10.34
2378	95.32	-13.44	-10.29
2379	95.36	-13.4	-10.26
2380	95.4	-13.37	-10.24
2381	95.44	-13.34	-10.25
2382	95.48	-13.33	-10.29
2383	95.52	-13.3	-10.32
2384	95.56	-13.28	-10.32
2385	95.6	-13.28	-10.33
2386	95.64	-13.28	-10.29
2387	95.68	-13.29	-10.27
2388	95.72	-13.28	-10.23
2389	95.76	-13.27	-10.18
2390	95.8	-13.28	-10.17
2391	95.84	-13.32	-10.18
2392	95.88	-13.36	-10.2
2393	95.92	-13.38	-10.22
2394	95.96	-13.41	-10.25
2395	96	-13.41	-10.25
2396	96.04	-13.43	-10.28
2397	96.08	-13.43	-10.3
2398	96.12	-13.41	-10.31
2399	96.16	-13.38	-10.34
2400	96.2	-13.35	-10.37
2401	96.24	-13.34	-10.41
2402	96.28	-13.32	-10.44
2403	96.32	-13.35	-10.52
2404	96.36	-13.4	-10.65
2405	96.4	-13.43	-10.77
2406	96.44	-13.49	-10.88
2407	96.48	-13.52	-10.95
2408	96.52	-13.5	-10.97
2409	96.56	-13.5	-10.99
2410	96.6	-13.48	-11.04
2411	96.64	-13.45	-11.08
2412	96.68	-13.44	-11.13
2413	96.72	-13.44	-11.17
2414	96.76	-13.41	-11.2
2415	96.8	-13.37	-11.26
2416	96.84	-13.31	-11.34
2417	96.88	-13.26	-11.45
2418	96.92	-13.21	-11.57
2419	96.96	-13.17	-11.69
2420	97	-13.12	-11.81
2421	97.04	-13.02	-11.92
2422	97.08	-12.87	-12.04
2423	97.12	-12.68	-12.17
2424	97.16	-12.48	-12.3
2425	97.2	-12.34	-12.43
2426	97.24	-12.28	-12.56
2427	97.28	-12.25	-12.68
2428	97.32	-12.26	-12.8
2429	97.36	-12.26	-12.93
2430	97.39	-12.23	-13.06
2431	97.43	-12.2	-13.19
2432	97.47	-12.15	-13.28
2433	97.51	-12.07	-13.34
2434	97.55	-11.99	-13.37
2435	97.59	-11.9	-13.41
2436	97.63	-11.82	-13.5
2437	97.68	-11.78	-13.6
2438	97.71	-11.76	-13.73
2439	97.75	-11.76	-13.84
2440	97.79	-11.76	-13.9
2441	97.84	-11.74	-13.94
2442	97.87	-11.74	-13.97
2443	97.91	-11.71	-13.99
2444	97.95	-11.68	-14.02
2445	97.99	-11.59	-14.05
2446	98.03	-11.49	-14.1
2447	98.07	-11.35	-14.2
2448	98.11	-11.23	-14.35
2449	98.15	-11.14	-14.5
2450	98.19	-11.06	-14.65
2451	98.23	-11.01	-14.75
2452	98.27	-10.95	-14.81
2453	98.31	-10.88	-14.86
2454	98.35	-10.83	-14.89
2455	98.39	-10.76	-14.93
2456	98.43	-10.73	-14.95
2457	98.47	-10.71	-14.96
2458	98.51	-10.71	-14.98
2459	98.55	-10.7	-14.99
2460	98.59	-10.7	-15
2461	98.63	-10.69	-15.04
2462	98.67	-10.7	-15.06
2463	98.71	-10.75	-15.07
2464	98.75	-10.79	-15.11
2465	98.79	-10.86	-15.13
2466	98.83	-10.92	-15.17
2467	98.87	-10.98	-15.22
2468	98.91	-11.01	-15.26
2469	98.95	-11.05	-15.29
2470	98.99	-11.07	-15.33
2471	99.03	-11.09	-15.36
2472	99.07	-11.11	-15.39
2473	99.11	-11.11	-15.42
2474	99.15	-11.13	-15.45
2475	99.19	-11.15	-15.49
2476	99.23	-11.16	-15.52
2477	99.27	-11.19	-15.55
2478	99.31	-11.21	-15.59
2479	99.35	-11.23	-15.62
2480	99.39	-11.25	-15.67
2481	99.43	-11.26	-15.72
2482	99.47	-11.28	-15.76
2483	99.51	-11.3	-15.79
2484	99.55	-11.31	-15.8
2485	99.59	-11.33	-15.81
2486	99.63	-11.34	-15.81
2487	99.67	-11.32	-15.82
2488	99.71	-11.31	-15.82
2489	99.75	-11.29	-15.82
2490	99.79	-11.28	-15.82
2491	99.83	-11.29	-15.82
2492	99.87	-11.3	-15.83
2493	99.91	-11.32	-15.86
2494	99.95	-11.39	-15.88
2495	99.99	-11.48	-15.88
2496	100.03	-11.59	-15.86
2497	100.07	-11.71	-15.81
2498	100.11	-11.79	-15.78
2499	100.15	-11.86	-15.77
2500	100.19	-11.92	-15.76
2501	100.23	-11.96	-15.79
2502	100.27	-12.01	-15.84
2503	100.31	-12.05	-15.89
2504	100.35	-12.08	-15.99
2505	100.39	-12.13	-16.1
2506	100.43	-12.21	-16.17
2507	100.47	-12.32	-16.22
2508	100.51	-12.46	-16.2
2509	100.55	-12.58	-16.18
2510	100.59	-12.71	-16.16
2511	100.63	-12.81	-16.19
2512	100.67	-12.91	-16.28
2513	100.71	-13.03	-16.4
2514	100.75	-13.14	-16.54
2515	100.79	-13.25	-16.64
2516	100.83	-13.37	-16.72
2517	100.87	-13.5	-16.76
2518	100.91	-13.63	-16.78
2519	100.95	-13.8	-16.81
2520	100.99	-13.97	-16.85
2521	101.03	-14.15	-16.9
2522	101.07	-14.34	-16.96
2523	101.11	-14.5	-17.01
2524	101.15	-14.65	-17.04
2525	101.19	-14.76	-17.04
2526	101.23	-14.84	-17.01
2527	101.27	-14.9	-16.97
2528	101.31	-14.96	-16.94
2529	101.35	-15.02	-16.92
2530	101.39	-15.08	-16.92
2531	101.43	-15.15	-16.93
2532	101.47	-15.23	-16.93
2533	101.51	-15.35	-16.94
2534	101.55	-15.49	-16.98
2535	101.59	-15.62	-17.05
2536	101.63	-15.72	-17.15
2537	101.67	-15.77	-17.23
2538	101.71	-15.81	-17.28
2539	101.75	-15.86	-17.29
2540	101.79	-15.88	-17.28
2541	101.83	-15.92	-17.28
2542	101.87	-15.93	-17.29
2543	101.91	-15.94	-17.33
2544	101.95	-16.01	-17.39
2545	101.99	-16.11	-17.46
2546	102.03	-16.27	-17.57
2547	102.07	-16.44	-17.68
2548	102.11	-16.61	-17.78
2549	102.15	-16.76	-17.87
2550	102.19	-16.88	-17.93
2551	102.23	-16.99	-17.95
2552	102.27	-17.09	-17.98
2553	102.31	-17.17	-17.99
2554	102.35	-17.23	-18
2555	102.39	-17.3	-18.03
2556	102.43	-17.36	-18.06
2557	102.47	-17.41	-18.09
2558	102.51	-17.47	-18.11
2559	102.55	-17.5	-18.1
2560	102.59	-17.52	-18.07
2561	102.63	-17.54	-18.03
2562	102.67	-17.55	-17.98
2563	102.71	-17.58	-17.96
2564	102.75	-17.6	-17.95
2565	102.79	-17.63	-17.96
2566	102.83	-17.65	-17.97
2567	102.87	-17.67	-18
2568	102.91	-17.69	-18.02
2569	102.95	-17.73	-18.05
2570	102.99	-17.76	-18.08
2571	103.03	-17.8	-18.11
2572	103.07	-17.82	-18.12
2573	103.11	-17.83	-18.12
2574	103.15	-17.84	-18.12
2575	103.19	-17.86	-18.11
2576	103.23	-17.88	-18.11
2577	103.27	-17.91	-18.13
2578	103.31	-17.92	-18.12
2579	103.35	-17.91	-18.1
2580	103.39	-17.92	-18.11
2581	103.43	-17.91	-18.07
2582	103.47	-17.92	-18.05
2583	103.51	-17.93	-18.03
2584	103.55	-17.91	-17.99
2585	103.59	-17.86	-17.96
2586	103.63	-17.85	-17.94
2587	103.67	-17.84	-17.93
2588	103.71	-17.85	-17.93
2589	103.75	-17.87	-17.92
2590	103.79	-17.87	-17.88
2591	103.83	-17.86	-17.83
2592	103.87	-17.85	-17.77
2593	103.91	-17.84	-17.72
2594	103.95	-17.84	-17.67
2595	103.99	-17.87	-17.65
2596	104.03	-17.88	-17.62
2597	104.07	-17.91	-17.57
2598	104.11	-17.94	-17.54
2599	104.15	-17.95	-17.49
2600	104.19	-17.98	-17.43
2601	104.23	-17.98	-17.38
2602	104.27	-17.99	-17.31
2603	104.31	-18.01	-17.22
2604	104.35	-18.01	-17.09
2605	104.39	-18.04	-16.93
2606	104.43	-18.07	-16.77
2607	104.47	-18.13	-16.65
2608	104.51	-18.21	-16.61
2609	104.55	-18.29	-16.63
2610	104.59	-18.4	-16.66
2611	104.63	-18.46	-16.68
2612	104.67	-18.51	-16.64
2613	104.71	-18.58	-16.57
2614	104.75	-18.58	-16.49
2615	104.79	-18.59	-16.38
2616	104.83	-18.56	-16.28
2617	104.87	-18.5	-16.18
2618	104.91	-18.47	-16.09
2619	104.95	-18.45	-16.03
2620	104.99	-18.46	-15.99
2621	105.03	-18.48	-15.95
2622	105.07	-18.51	-15.93
2623	105.11	-18.53	-15.9
2624	105.15	-18.56	-15.85
2625	105.19	-18.56	-15.79
2626	105.23	-18.55	-15.7
2627	105.27	-18.54	-15.57
2628	105.31	-18.52	-15.44
2629	105.35	-18.5	-15.29
2630	105.39	-18.47	-15.12
2631	105.43	-18.44	-14.94
2632	105.47	-18.4	-14.77
2633	105.51	-18.39	-14.61
2634	105.55	-18.38	-14.47
2635	105.59	-18.4	-14.33
2636	105.63	-18.45	-14.15
2637	105.67	-18.49	-13.97
2638	105.71	-18.5	-13.8
2639	105.75	-18.49	-13.68
2640	105.79	-18.43	-13.63
2641	105.83	-18.34	-13.63
2642	105.87	-18.22	-13.65
2643	105.91	-18.09	-13.66
2644	105.95	-17.95	-13.65
2645	105.99	-17.83	-13.63
2646	106.03	-17.73	-13.54
2647	106.07	-17.64	-13.41
2648	106.11	-17.56	-13.23
2649	106.15	-17.46	-13.03
2650	106.19	-17.33	-12.87
2651	106.23	-17.22	-12.76
2652	106.27	-17.14	-12.68
2653	106.31	-17.08	-12.56
2654	106.35	-17.01	-12.44
2655	106.39	-16.89	-12.27
2656	106.43	-16.73	-12.1
2657	106.47	-16.56	-11.99
2658	106.51	-16.38	-11.92
2659	106.55	-16.24	-11.91
2660	106.59	-16.11	-11.89
2661	106.63	-16.01	-11.86
2662	106.67	-15.94	-11.78
2663	106.71	-15.88	-11.66
2664	106.75	-15.84	-11.55
2665	106.79	-15.82	-11.46
2666	106.83	-15.81	-11.43
2667	106.87	-15.79	-11.42
2668	106.91	-15.76	-11.4
2669	106.95	-15.69	-11.38
2670	106.99	-15.61	-11.32
2671	107.03	-15.55	-11.22
2672	107.07	-15.54	-11.13
2673	107.11	-15.55	-11.02
2674	107.15	-15.57	-10.9
2675	107.19	-15.54	-10.78
2676	107.23	-15.45	-10.64
2677	107.27	-15.33	-10.52
2678	107.31	-15.22	-10.44
2679	107.35	-15.12	-10.4
2680	107.39	-15.04	-10.38
2681	107.43	-14.95	-10.35
2682	107.47	-14.8	-10.26
2683	107.51	-14.64	-10.15
2684	107.55	-14.49	-10.04
2685	107.59	-14.36	-9.96
2686	107.63	-14.29	-9.93
2687	107.67	-14.23	-9.89
2688	107.71	-14.17	-9.86
2689	107.75	-14.09	-9.82
2690	107.79	-14.01	-9.81
2691	107.83	-13.94	-9.79
2692	107.87	-13.87	-9.72
2693	107.91	-13.82	-9.63
2694	107.95	-13.76	-9.51
2695	107.99	-13.69	-9.4
2696	108.03	-13.65	-9.34
2697	108.07	-13.6	-9.3
2698	108.11	-13.57	-9.27
2699	108.15	-13.51	-9.25
2700	108.19	-13.4	-9.24
2701	108.23	-13.26	-9.22
2702	108.27	-13.13	-9.21
2703	108.31	-13.03	-9.21
2704	108.35	-12.97	-9.19
2705	108.39	-12.94	-9.2
2706	108.43	-12.89	-9.2
2707	108.47	-12.85	-9.2
2708	108.51	-12.81	-9.23
2709	108.55	-12.79	-9.3
2710	108.59	-12.78	-9.39
2711	108.63	-12.77	-9.49
2712	108.67	-12.76	-9.58
2713	108.71	-12.71	-9.65
2714	108.75	-12.68	-9.75
2715	108.79	-12.61	-9.83
2716	108.83	-12.54	-9.9
2717	108.87	-12.49	-9.96
2718	108.91	-12.42	-9.97
2719	108.95	-12.4	-9.98
2720	108.99	-12.36	-9.97
2721	109.03	-12.33	-9.99
2722	109.07	-12.27	-10.02
2723	109.11	-12.16	-10.07
2724	109.15	-12.02	-10.18
2725	109.19	-11.88	-10.27
2726	109.23	-11.76	-10.39
2727	109.27	-11.74	-10.51
2728	109.31	-11.77	-10.63
2729	109.35	-11.8	-10.77
2730	109.39	-11.85	-10.9
2731	109.43	-11.86	-11.02
2732	109.47	-11.85	-11.13
2733	109.51	-11.84	-11.21
2734	109.55	-11.82	-11.3
2735	109.59	-11.83	-11.38
2736	109.63	-11.83	-11.47
2737	109.67	-11.81	-11.57
2738	109.71	-11.79	-11.68
2739	109.75	-11.76	-11.8
2740	109.79	-11.73	-11.91
2741	109.83	-11.72	-12.03
2742	109.87	-11.65	-12.2
2743	109.91	-11.57	-12.46
2744	109.95	-11.46	-12.77
2745	109.99	-11.36	-13.07
2746	110.03	-11.32	-13.31
2747	110.07	-11.28	-13.45
2748	110.11	-11.27	-13.53
2749	110.15	-11.24	-13.6
2750	110.19	-11.21	-13.66
2751	110.23	-11.18	-13.72
2752	110.27	-11.17	-13.79
2753	110.31	-11.19	-13.85
2754	110.35	-11.22	-13.94
2755	110.39	-11.26	-14.03
2756	110.43	-11.31	-14.09
2757	110.47	-11.32	-14.16
2758	110.51	-11.34	-14.23
2759	110.55	-11.36	-14.28
2760	110.59	-11.4	-14.35
2761	110.63	-11.47	-14.41
2762	110.67	-11.55	-14.49
2763	110.71	-11.67	-14.58
2764	110.75	-11.76	-14.71
2765	110.79	-11.83	-14.83
2766	110.83	-11.88	-14.91
2767	110.87	-11.88	-14.96
2768	110.91	-11.87	-14.99
2769	110.95	-11.85	-15.08
2770	110.99	-11.87	-15.24
2771	111.03	-11.91	-15.46
2772	111.07	-11.99	-15.74
2773	111.11	-12.08	-15.96
2774	111.15	-12.16	-16.15
2775	111.19	-12.26	-16.27
2776	111.23	-12.37	-16.3
2777	111.27	-12.5	-16.32
2778	111.31	-12.64	-16.33
2779	111.35	-12.76	-16.33
2780	111.39	-12.87	-16.34
2781	111.43	-12.96	-16.36
2782	111.47	-13.02	-16.37
2783	111.51	-13.07	-16.42
2784	111.55	-13.09	-16.52
2785	111.59	-13.11	-16.62
2786	111.63	-13.14	-16.74
2787	111.67	-13.19	-16.86
2788	111.71	-13.28	-16.97
2789	111.75	-13.43	-17.15
2790	111.79	-13.61	-17.36
2791	111.83	-13.8	-17.55
2792	111.87	-13.97	-17.74
2793	111.91	-14.11	-17.89
2794	111.95	-14.23	-18.06
2795	111.99	-14.33	-18.29
2796	112.03	-14.41	-18.58
2797	112.07	-14.46	-18.92
2798	112.11	-14.47	-19.27
2799	112.15	-14.48	-19.58
2800	112.19	-14.48	-19.77
2801	112.23	-14.47	-19.89
2802	112.27	-14.46	-19.91
2803	112.31	-14.45	-19.9
2804	112.35	-14.44	-19.87
2805	112.39	-14.46	-19.83
2806	112.43	-14.49	-19.78
2807	112.47	-14.54	-19.7
2808	112.51	-14.58	-19.63
2809	112.55	-14.61	-19.55
2810	112.59	-14.63	-19.48
2811	112.63	-14.65	-19.41
2812	112.67	-14.66	-19.34
2813	112.71	-14.68	-19.3
2814	112.75	-14.69	-19.29
2815	112.79	-14.71	-19.28
2816	112.83	-14.73	-19.27
2817	112.87	-14.75	-19.25
2818	112.91	-14.76	-19.23
2819	112.95	-14.75	-19.21
2820	112.99	-14.72	-19.21
2821	113.03	-14.67	-19.19
2822	113.07	-14.64	-19.14
2823	113.11	-14.64	-19.08
2824	113.15	-14.66	-19.01
2825	113.19	-14.68	-18.98
2826	113.23	-14.69	-18.98
2827	113.27	-14.66	-19.01
2828	113.31	-14.62	-19.05
2829	113.35	-14.58	-19.07
2830	113.39	-14.56	-19.08
2831	113.43	-14.53	-19.1
2832	113.47	-14.51	-19.13
2833	113.51	-14.5	-19.18
2834	113.55	-14.49	-19.22
2835	113.59	-14.49	-19.24
2836	113.63	-14.49	-19.26
2837	113.67	-14.49	-19.28
2838	113.71	-14.48	-19.32
2839	113.75	-14.47	-19.35
2840	113.79	-14.45	-19.37
2841	113.83	-14.43	-19.39
2842	113.87	-14.41	-19.39
2843	113.91	-14.4	-19.4
2844	113.95	-14.4	-19.41
2845	113.99	-14.41	-19.43
2846	114.03	-14.42	-19.44
2847	114.07	-14.43	-19.45
2848	114.11	-14.44	-19.45
2849	114.15	-14.44	-19.45
2850	114.19	-14.44	-19.44
2851	114.23	-14.44	-19.43
2852	114.27	-14.43	-19.41
2853	114.31	-14.43	-19.4
2854	114.35	-14.41	-19.39
2855	114.39	-14.4	-19.39
2856	114.43	-14.4	-19.39
2857	114.47	-14.39	-19.39
2858	114.51	-14.37	-19.39
2859	114.55	-14.36	-19.37
2860	114.59	-14.35	-19.35
2861	114.63	-14.34	-19.34
2862	114.67	-14.34	-19.32
2863	114.71	-14.34	-19.31
2864	114.75	-14.34	-19.29
2865	114.79	-14.34	-19.29
2866	114.83	-14.35	-19.28
2867	114.87	-14.36	-19.29
2868	114.91	-14.36	-19.28
2869	114.95	-14.36	-19.26
2870	114.99	-14.36	-19.24
2871	115.03	-14.36	-19.22
2872	115.07	-14.35	-19.2
2873	115.11	-14.33	-19.18
2874	115.15	-14.32	-19.16
2875	115.19	-14.3	-19.12
2876	115.23	-14.28	-19.1
2877	115.27	-14.26	-19.06
2878	115.31	-14.25	-19
2879	115.35	-14.25	-18.96
2880	115.39	-14.24	-18.9
2881	115.43	-14.24	-18.85
2882	115.47	-14.24	-18.83
2883	115.51	-14.24	-18.81
2884	115.55	-14.23	-18.81
2885	115.59	-14.22	-18.8
2886	115.63	-14.2	-18.8
2887	115.67	-14.19	-18.8
2888	115.71	-14.18	-18.78
2889	115.75	-14.17	-18.76
2890	115.79	-14.16	-18.75
2891	115.83	-14.15	-18.73
2892	115.87	-14.13	-18.71
2893	115.91	-14.11	-18.72
2894	115.95	-14.08	-18.7
2895	115.99	-14.05	-18.69
2896	116.03	-14.01	-18.69
2897	116.07	-13.97	-18.69
2898	116.11	-13.93	-18.7
2899	116.15	-13.9	-18.71
2900	116.19	-13.88	-18.72
2901	116.23	-13.85	-18.72
2902	116.27	-13.83	-18.72
2903	116.31	-13.81	-18.71
2904	116.35	-13.79	-18.69
2905	116.39	-13.78	-18.67
2906	116.43	-13.77	-18.65
2907	116.47	-13.75	-18.63
2908	116.51	-13.73	-18.61
2909	116.55	-13.69	-18.57
2910	116.59	-13.64	-18.55
2911	116.63	-13.6	-18.52
2912	116.67	-13.57	-18.5
2913	116.71	-13.55	-18.49
2914	116.75	-13.53	-18.48
2915	116.79	-13.51	-18.46
2916	116.83	-13.49	-18.43
2917	116.87	-13.46	-18.41
2918	116.91	-13.46	-18.39
2919	116.95	-13.46	-18.4
2920	116.99	-13.45	-18.42
2921	117.03	-13.42	-18.43
2922	117.07	-13.31	-18.45
2923	117.11	-13.16	-18.45
2924	117.15	-12.97	-18.46
2925	117.19	-12.77	-18.5
2926	117.23	-12.58	-18.53
2927	117.27	-12.39	-18.55
2928	117.31	-12.22	-18.56
2929	117.35	-12.09	-18.58
2930	117.39	-12	-18.6
2931	117.43	-11.93	-18.66
2932	117.47	-11.87	-18.67
2933	117.51	-11.79	-18.66
2934	117.55	-11.68	-18.63
2935	117.59	-11.55	-18.56
2936	117.63	-11.41	-18.55
2937	117.67	-11.29	-18.55
2938	117.71	-11.2	-18.58
2939	117.75	-11.11	-18.63
2940	117.79	-11.08	-18.65
2941	117.83	-11.05	-18.67
2942	117.87	-11.07	-18.69
2943	117.91	-11.09	-18.72
2944	117.95	-11.09	-18.74
2945	117.99	-11.08	-18.76
2946	118.03	-11.03	-18.77
2947	118.07	-11	-18.75
2948	118.11	-10.97	-18.75
2949	118.15	-10.96	-18.76
2950	118.19	-10.95	-18.76
2951	118.23	-10.95	-18.77
2952	118.27	-10.94	-18.77
2953	118.31	-10.95	-18.76
2954	118.35	-10.96	-18.76
2955	118.39	-10.98	-18.77
2956	118.43	-11	-18.78
2957	118.47	-11	-18.79
2958	118.51	-11.01	-18.79
2959	118.55	-11.01	-18.8
2960	118.59	-11.01	-18.8
2961	118.63	-11.01	-18.8
2962	118.67	-11	-18.81
2963	118.71	-11	-18.81
2964	118.75	-11	-18.81
2965	118.79	-11.01	-18.81
2966	118.83	-11.03	-18.81
2967	118.87	-11.04	-18.8
2968	118.91	-11.05	-18.8
2969	118.95	-11.06	-18.81
2970	118.99	-11.05	-18.81
2971	119.03	-11.05	-18.81
2972	119.07	-11.06	-18.81
2973	119.11	-11.05	-18.81
2974	119.15	-11.04	-18.82
2975	119.19	-11.04	-18.82
2976	119.23	-11.04	-18.81
2977	119.27	-11.05	-18.8
2978	119.31	-11.06	-18.8
2979	119.35	-11.06	-18.8
2980	119.39	-11.06	-18.81
2981	119.43	-11.06	-18.81
2982	119.47	-11.07	-18.8
2983	119.51	-11.07	-18.8
2984	119.55	-11.08	-18.79
2985	119.59	-11.09	-18.79
2986	119.63	-11.09	-18.8
2987	119.67	-11.09	-18.79
2988	119.71	-11.1	-18.79
2989	119.75	-11.11	-18.8
2990	119.79	-11.11	-18.8
2991	119.83	-11.11	-18.79
2992	119.87	-11.11	-18.8
2993	119.91	-11.11	-18.79
