1	0.06	-9.8	-0.82
2	0.1	-9.96	-0.93
3	0.14	-10.1	-1.02
4	0.18	-10.28	-1.13
5	0.22	-10.46	-1.2
6	0.26	-10.68	-1.24
7	0.3	-10.89	-1.25
8	0.34	-11.04	-1.24
9	0.38	-11.16	-1.21
10	0.42	-11.25	-1.21
11	0.5	-11.3	-1.23
12	0.54	-11.4	-1.26
13	0.58	-11.49	-1.32
14	0.62	-11.6	-1.38
15	0.66	-11.77	-1.49
16	0.7	-11.94	-1.62
17	0.74	-12.11	-1.76
18	0.78	-12.27	-1.89
19	0.82	-12.36	-1.96
20	0.86	-12.46	-2.02
21	0.9	-12.58	-2.05
22	0.94	-12.72	-2.07
23	0.98	-12.9	-2.11
24	1.02	-13.07	-2.13
25	1.06	-13.22	-2.13
26	1.1	-13.42	-2.08
27	1.14	-13.65	-2
28	1.18	-13.89	-1.91
29	1.22	-14.11	-1.81
30	1.26	-14.25	-1.75
31	1.3	-14.34	-1.69
32	1.34	-14.41	-1.67
33	1.38	-14.44	-1.7
34	1.42	-14.49	-1.74
35	1.46	-14.64	-1.77
36	1.5	-14.79	-1.79
37	1.54	-14.94	-1.79
38	1.58	-15.08	-1.78
39	1.62	-15.15	-1.8
40	1.66	-15.21	-1.82
41	1.7	-15.33	-1.83
42	1.74	-15.43	-1.83
43	1.78	-15.56	-1.82
44	1.82	-15.76	-1.78
45	1.86	-15.89	-1.75
46	1.9	-16.06	-1.69
47	1.94	-16.26	-1.6
48	1.98	-16.41	-1.49
49	2.02	-16.56	-1.35
50	2.06	-16.71	-1.21
51	2.1	-16.81	-1.12
52	2.14	-16.9	-1.05
53	2.18	-17.03	-1
54	2.22	-17.15	-0.96
55	2.26	-17.29	-0.92
56	2.3	-17.42	-0.9
57	2.34	-17.53	-0.89
58	2.38	-17.63	-0.88
59	2.42	-17.72	-0.9
60	2.46	-17.82	-0.9
61	2.5	-17.91	-0.89
62	2.54	-18.01	-0.88
63	2.58	-18.1	-0.85
64	2.62	-18.21	-0.8
65	2.66	-18.3	-0.75
66	2.7	-18.34	-0.7
67	2.74	-18.43	-0.58
68	2.78	-18.55	-0.41
69	2.82	-18.69	-0.2
70	2.86	-18.86	0.04
71	2.9	-18.96	0.21
72	2.94	-19	0.34
73	2.98	-19.01	0.46
74	3.02	-19.05	0.57
75	3.06	-19.08	0.68
76	3.1	-19.13	0.77
77	3.14	-19.2	0.84
78	3.18	-19.24	0.89
79	3.22	-19.29	0.95
80	3.26	-19.36	1.09
81	3.3	-19.4	1.31
82	3.34	-19.46	1.56
83	3.38	-19.49	1.78
84	3.42	-19.52	1.96
85	3.46	-19.52	2.01
86	3.5	-19.56	2.08
87	3.54	-19.63	2.21
88	3.58	-19.67	2.3
89	3.62	-19.8	2.5
90	3.66	-19.92	2.66
91	3.7	-20.03	2.81
92	3.74	-20.19	2.98
93	3.78	-20.28	3.09
94	3.82	-20.34	3.17
95	3.86	-20.39	3.27
96	3.9	-20.39	3.32
97	3.94	-20.41	3.37
98	3.98	-20.42	3.43
99	4.02	-20.43	3.51
100	4.06	-20.48	3.63
101	4.1	-20.5	3.78
102	4.14	-20.54	3.96
103	4.18	-20.58	4.19
104	4.22	-20.58	4.38
105	4.26	-20.58	4.58
106	4.3	-20.56	4.71
107	4.34	-20.57	4.82
108	4.38	-20.57	4.93
109	4.42	-20.59	5.01
110	4.46	-20.62	5.08
111	4.5	-20.63	5.11
112	4.54	-20.65	5.14
113	4.58	-20.71	5.23
114	4.62	-20.78	5.37
115	4.66	-20.83	5.45
116	4.7	-20.88	5.52
117	4.74	-20.9	5.54
118	4.78	-20.95	5.55
119	4.82	-21.04	5.58
120	4.86	-21.1	5.59
121	4.9	-21.18	5.62
122	4.94	-21.23	5.64
123	4.98	-21.27	5.65
124	5.02	-21.32	5.68
125	5.06	-21.34	5.71
126	5.1	-21.35	5.73
127	5.14	-21.33	5.76
128	5.18	-21.33	5.77
129	5.22	-21.34	5.77
130	5.26	-21.35	5.77
131	5.3	-21.37	5.79
132	5.34	-21.4	5.83
133	5.38	-21.44	5.89
134	5.42	-21.44	5.92
135	5.46	-21.46	5.94
136	5.5	-21.44	5.93
137	5.54	-21.42	5.92
138	5.58	-21.45	5.92
139	5.62	-21.48	5.94
140	5.66	-21.53	5.95
141	5.7	-21.64	5.94
142	5.74	-21.71	5.89
143	5.78	-21.76	5.82
144	5.82	-21.78	5.72
145	5.86	-21.75	5.62
146	5.9	-21.72	5.53
147	5.94	-21.7	5.43
148	5.98	-21.7	5.35
149	6.02	-21.7	5.28
150	6.06	-21.7	5.2
151	6.1	-21.72	5.14
152	6.14	-21.72	5.07
153	6.18	-21.74	5
154	6.22	-21.8	4.93
155	6.26	-21.85	4.81
156	6.3	-21.94	4.66
157	6.34	-22.03	4.5
158	6.38	-22.07	4.32
159	6.42	-22.12	4.15
160	6.46	-22.11	4.02
161	6.5	-22.1	3.9
162	6.54	-22.12	3.79
163	6.58	-22.11	3.73
164	6.62	-22.15	3.66
165	6.66	-22.2	3.58
166	6.7	-22.25	3.46
167	6.74	-22.35	3.28
168	6.78	-22.41	3.08
169	6.82	-22.5	2.88
170	6.86	-22.56	2.71
171	6.9	-22.59	2.59
172	6.94	-22.62	2.48
173	6.98	-22.63	2.39
174	7.02	-22.63	2.32
175	7.06	-22.65	2.24
176	7.1	-22.68	2.16
177	7.14	-22.73	2.09
178	7.18	-22.76	2.03
179	7.22	-22.79	1.99
180	7.26	-22.8	1.98
181	7.3	-22.82	1.94
182	7.34	-22.83	1.92
183	7.38	-22.84	1.95
184	7.42	-22.85	1.96
185	7.46	-22.85	2.01
186	7.5	-22.86	2.02
187	7.54	-22.88	2.01
188	7.58	-22.92	1.99
189	7.62	-22.93	1.97
190	7.66	-22.97	1.92
191	7.7	-22.97	1.9
192	7.74	-22.96	1.88
193	7.78	-22.97	1.84
194	7.82	-22.96	1.81
195	7.86	-22.95	1.81
196	7.9	-22.96	1.78
197	7.94	-22.95	1.77
198	7.98	-22.95	1.75
199	8.02	-22.97	1.71
200	8.06	-22.97	1.71
201	8.1	-23	1.68
202	8.14	-23.02	1.67
203	8.18	-23.04	1.65
204	8.22	-23.06	1.63
205	8.26	-23.06	1.64
206	8.3	-23.06	1.64
207	8.34	-23.06	1.62
208	8.38	-23.06	1.6
209	8.42	-23.06	1.57
210	8.46	-23.05	1.55
211	8.5	-23.05	1.52
212	8.54	-23.03	1.5
213	8.58	-23	1.52
214	8.62	-22.98	1.53
215	8.66	-22.95	1.57
216	8.7	-22.92	1.6
217	8.74	-22.91	1.61
218	8.78	-22.89	1.63
219	8.82	-22.87	1.65
220	8.86	-22.86	1.7
221	8.9	-22.85	1.72
222	8.94	-22.84	1.75
223	8.98	-22.84	1.78
224	9.02	-22.82	1.79
225	9.06	-22.82	1.79
226	9.1	-22.82	1.8
227	9.14	-22.82	1.81
228	9.18	-22.82	1.82
229	9.22	-22.81	1.84
230	9.26	-22.81	1.86
231	9.3	-22.81	1.88
232	9.34	-22.81	1.89
233	9.38	-22.82	1.92
234	9.42	-22.83	1.91
235	9.46	-22.83	1.91
236	9.5	-22.84	1.91
237	9.54	-22.83	1.93
238	9.58	-22.82	1.92
239	9.62	-22.83	1.91
240	9.66	-22.83	1.88
241	9.7	-22.85	1.84
242	9.74	-22.85	1.82
243	9.78	-22.86	1.82
244	9.82	-22.86	1.82
245	9.86	-22.86	1.82
246	9.9	-22.86	1.82
247	9.94	-22.85	1.82
248	9.98	-22.85	1.82
249	10.02	-22.86	1.82
250	10.06	-22.86	1.85
251	10.1	-22.84	1.92
252	10.14	-22.84	1.97
253	10.18	-22.85	2.02
254	10.22	-22.86	2.07
255	10.26	-22.88	2.11
256	10.3	-22.9	2.15
257	10.34	-22.91	2.2
258	10.38	-22.91	2.27
259	10.42	-22.93	2.31
260	10.46	-22.92	2.39
261	10.5	-22.91	2.45
262	10.54	-22.9	2.51
263	10.58	-22.87	2.6
264	10.62	-22.85	2.69
265	10.66	-22.85	2.76
266	10.7	-22.84	2.82
267	10.74	-22.83	2.88
268	10.78	-22.82	2.93
269	10.82	-22.8	2.98
270	10.86	-22.78	3.04
271	10.9	-22.77	3.09
272	10.94	-22.77	3.17
273	10.98	-22.74	3.26
274	11.02	-22.75	3.35
275	11.06	-22.77	3.46
276	11.1	-22.78	3.55
277	11.14	-22.81	3.68
278	11.18	-22.82	3.83
279	11.22	-22.82	4.03
280	11.26	-22.81	4.26
281	11.3	-22.81	4.52
282	11.34	-22.84	4.79
283	11.38	-22.85	5.05
284	11.42	-22.87	5.26
285	11.46	-22.81	5.39
286	11.5	-22.75	5.44
287	11.54	-22.71	5.48
288	11.58	-22.64	5.54
289	11.62	-22.63	5.63
290	11.66	-22.59	5.74
291	11.7	-22.54	5.84
292	11.74	-22.5	5.91
293	11.78	-22.51	5.99
294	11.82	-22.5	6.04
295	11.86	-22.54	6.13
296	11.9	-22.57	6.2
297	11.94	-22.6	6.27
298	11.98	-22.64	6.33
299	12.02	-22.66	6.35
300	12.06	-22.7	6.4
301	12.1	-22.73	6.49
302	12.14	-22.75	6.61
303	12.18	-22.76	6.76
304	12.22	-22.74	6.88
305	12.26	-22.71	6.97
306	12.3	-22.68	7.04
307	12.34	-22.66	7.06
308	12.38	-22.67	7.12
309	12.42	-22.67	7.14
310	12.46	-22.69	7.17
311	12.5	-22.7	7.19
312	12.54	-22.71	7.21
313	12.58	-22.73	7.23
314	12.62	-22.73	7.22
315	12.66	-22.73	7.2
316	12.7	-22.71	7.16
317	12.74	-22.69	7.13
318	12.78	-22.69	7.11
319	12.82	-22.68	7.07
320	12.86	-22.67	7.06
321	12.9	-22.66	7.02
322	12.94	-22.65	6.98
323	12.98	-22.65	6.92
324	13.02	-22.66	6.84
325	13.06	-22.66	6.77
326	13.1	-22.63	6.69
327	13.14	-22.59	6.62
328	13.18	-22.55	6.57
329	13.22	-22.52	6.51
330	13.26	-22.49	6.44
331	13.3	-22.5	6.42
332	13.34	-22.48	6.36
333	13.38	-22.47	6.3
334	13.42	-22.48	6.28
335	13.46	-22.47	6.21
336	13.5	-22.49	6.15
337	13.54	-22.5	6.09
338	13.58	-22.52	6.02
339	13.62	-22.53	5.92
340	13.66	-22.54	5.82
341	13.7	-22.52	5.71
342	13.74	-22.48	5.59
343	13.78	-22.47	5.45
344	13.82	-22.47	5.31
345	13.86	-22.48	5.15
346	13.9	-22.5	5.02
347	13.94	-22.54	4.91
348	13.98	-22.58	4.77
349	14.02	-22.67	4.61
350	14.06	-22.73	4.45
351	14.1	-22.77	4.29
352	14.14	-22.77	4.16
353	14.18	-22.75	4.06
354	14.22	-22.74	3.93
355	14.26	-22.76	3.81
356	14.3	-22.8	3.69
357	14.34	-22.84	3.58
358	14.38	-22.92	3.44
359	14.42	-22.99	3.27
360	14.46	-23.07	3.04
361	14.5	-23.15	2.79
362	14.54	-23.17	2.56
363	14.58	-23.18	2.33
364	14.62	-23.16	2.14
365	14.66	-23.16	1.98
366	14.7	-23.17	1.84
367	14.74	-23.21	1.74
368	14.78	-23.29	1.64
369	14.82	-23.36	1.54
370	14.86	-23.45	1.42
371	14.9	-23.56	1.27
372	14.94	-23.65	1.14
373	14.98	-23.77	1
374	15.02	-23.89	0.85
375	15.06	-23.99	0.71
376	15.1	-24.07	0.58
377	15.14	-24.13	0.44
378	15.18	-24.16	0.3
379	15.22	-24.17	0.1
380	15.26	-24.16	-0.17
381	15.3	-24.13	-0.44
382	15.34	-24.09	-0.7
383	15.38	-24.05	-0.93
384	15.42	-24.04	-1.11
385	15.46	-24.04	-1.32
386	15.5	-24.07	-1.56
387	15.54	-24.12	-1.79
388	15.58	-24.17	-2.02
389	15.62	-24.23	-2.26
390	15.66	-24.32	-2.48
391	15.7	-24.39	-2.65
392	15.74	-24.44	-2.84
393	15.78	-24.47	-3.01
394	15.82	-24.48	-3.17
395	15.86	-24.48	-3.37
396	15.9	-24.47	-3.58
397	15.94	-24.44	-3.79
398	15.98	-24.4	-3.96
399	16.02	-24.34	-4.12
400	16.06	-24.28	-4.2
401	16.1	-24.24	-4.25
402	16.14	-24.2	-4.34
403	16.18	-24.17	-4.41
404	16.22	-24.17	-4.49
405	16.26	-24.18	-4.6
406	16.3	-24.19	-4.66
407	16.34	-24.19	-4.74
408	16.38	-24.19	-4.87
409	16.42	-24.2	-5
410	16.46	-24.22	-5.14
411	16.5	-24.25	-5.3
412	16.54	-24.29	-5.4
413	16.58	-24.33	-5.51
414	16.62	-24.38	-5.61
415	16.66	-24.42	-5.72
416	16.7	-24.45	-5.84
417	16.74	-24.44	-5.91
418	16.78	-24.42	-5.96
419	16.82	-24.41	-5.98
420	16.86	-24.4	-6.02
421	16.9	-24.39	-6.04
422	16.94	-24.39	-6.08
423	16.98	-24.37	-6.09
424	17.02	-24.37	-6.1
425	17.06	-24.35	-6.11
426	17.1	-24.34	-6.13
427	17.14	-24.33	-6.17
428	17.18	-24.31	-6.18
429	17.22	-24.3	-6.18
430	17.26	-24.29	-6.19
431	17.3	-24.29	-6.18
432	17.34	-24.29	-6.17
433	17.38	-24.29	-6.19
434	17.42	-24.28	-6.21
435	17.46	-24.28	-6.22
436	17.5	-24.29	-6.23
437	17.54	-24.29	-6.24
438	17.58	-24.29	-6.26
439	17.62	-24.3	-6.25
440	17.66	-24.29	-6.25
441	17.7	-24.3	-6.25
442	17.74	-24.31	-6.23
443	17.78	-24.32	-6.22
444	17.82	-24.33	-6.22
445	17.86	-24.34	-6.2
446	17.9	-24.34	-6.19
447	17.94	-24.35	-6.19
448	17.98	-24.36	-6.18
449	18.02	-24.37	-6.17
450	18.06	-24.39	-6.17
451	18.1	-24.41	-6.17
452	18.14	-24.41	-6.18
453	18.18	-24.41	-6.2
454	18.22	-24.4	-6.19
455	18.26	-24.4	-6.2
456	18.3	-24.4	-6.2
457	18.34	-24.41	-6.2
458	18.38	-24.41	-6.22
459	18.42	-24.41	-6.21
460	18.46	-24.41	-6.22
461	18.5	-24.4	-6.23
462	18.54	-24.4	-6.23
463	18.58	-24.41	-6.24
464	18.62	-24.41	-6.24
465	18.66	-24.41	-6.25
466	18.7	-24.41	-6.27
467	18.74	-24.41	-6.28
468	18.78	-24.42	-6.28
469	18.82	-24.42	-6.29
470	18.86	-24.41	-6.28
471	18.9	-24.41	-6.27
472	18.94	-24.41	-6.26
473	18.98	-24.41	-6.26
474	19.02	-24.41	-6.27
475	19.06	-24.41	-6.28
476	19.1	-24.4	-6.29
477	19.14	-24.38	-6.28
478	19.18	-24.37	-6.25
479	19.22	-24.36	-6.21
480	19.26	-24.36	-6.18
481	19.3	-24.34	-6.15
482	19.34	-24.33	-6.14
483	19.38	-24.3	-6.13
484	19.42	-24.28	-6.12
485	19.46	-24.27	-6.12
486	19.5	-24.25	-6.12
487	19.54	-24.24	-6.12
488	19.58	-24.24	-6.09
489	19.62	-24.23	-6.07
490	19.66	-24.22	-6.05
491	19.69	-24.22	-6.03
492	19.73	-24.21	-6.05
493	19.77	-24.2	-6.05
494	19.82	-24.19	-6.04
495	19.85	-24.19	-6.03
496	19.89	-24.18	-6.02
497	19.93	-24.18	-6.01
498	19.97	-24.18	-6
499	20.01	-24.18	-5.99
500	20.05	-24.18	-5.99
501	20.09	-24.19	-5.97
502	20.13	-24.19	-5.97
503	20.17	-24.18	-5.94
504	20.21	-24.18	-5.94
505	20.25	-24.17	-5.93
506	20.29	-24.17	-5.93
507	20.33	-24.16	-5.94
508	20.37	-24.16	-5.94
509	20.42	-24.16	-5.95
510	20.45	-24.15	-5.95
511	20.49	-24.14	-5.96
512	20.53	-24.14	-5.97
513	20.57	-24.13	-5.98
514	20.61	-24.14	-5.96
515	20.65	-24.14	-5.96
516	20.69	-24.14	-5.93
517	20.73	-24.14	-5.92
518	20.77	-24.14	-5.92
519	20.81	-24.13	-5.92
520	20.85	-24.14	-5.93
521	20.89	-24.15	-5.93
522	20.93	-24.16	-5.92
523	20.97	-24.17	-5.91
524	21.01	-24.19	-5.9
525	21.05	-24.21	-5.87
526	21.09	-24.23	-5.88
527	21.13	-24.25	-5.87
528	21.17	-24.27	-5.87
529	21.21	-24.3	-5.9
530	21.25	-24.31	-5.91
531	21.29	-24.33	-5.94
532	21.33	-24.34	-5.97
533	21.37	-24.34	-6.01
534	21.42	-24.35	-6.03
535	21.45	-24.37	-6.07
536	21.49	-24.38	-6.09
537	21.53	-24.41	-6.11
538	21.57	-24.44	-6.12
539	21.61	-24.45	-6.13
540	21.65	-24.47	-6.13
541	21.69	-24.48	-6.12
542	21.73	-24.48	-6.15
543	21.77	-24.48	-6.16
544	21.81	-24.48	-6.17
545	21.85	-24.47	-6.2
546	21.89	-24.48	-6.2
547	21.93	-24.48	-6.21
548	21.97	-24.49	-6.24
549	22.01	-24.5	-6.25
550	22.05	-24.5	-6.26
551	22.09	-24.51	-6.28
552	22.13	-24.52	-6.32
553	22.17	-24.52	-6.35
554	22.21	-24.52	-6.36
555	22.25	-24.51	-6.37
556	22.29	-24.5	-6.35
557	22.33	-24.48	-6.33
558	22.37	-24.48	-6.33
559	22.41	-24.47	-6.35
560	22.45	-24.48	-6.38
561	22.49	-24.48	-6.39
562	22.53	-24.48	-6.39
563	22.57	-24.48	-6.4
564	22.61	-24.48	-6.4
565	22.65	-24.48	-6.39
566	22.69	-24.48	-6.39
567	22.73	-24.48	-6.35
568	22.77	-24.49	-6.3
569	22.81	-24.51	-6.24
570	22.85	-24.52	-6.18
571	22.89	-24.54	-6.12
572	22.93	-24.55	-6.07
573	22.97	-24.56	-6.02
574	23.01	-24.56	-5.96
575	23.05	-24.56	-5.9
576	23.09	-24.56	-5.83
577	23.13	-24.54	-5.76
578	23.17	-24.53	-5.7
579	23.21	-24.52	-5.64
580	23.25	-24.51	-5.6
581	23.29	-24.5	-5.56
582	23.33	-24.51	-5.56
583	23.37	-24.5	-5.54
584	23.41	-24.5	-5.51
585	23.45	-24.49	-5.5
586	23.49	-24.47	-5.43
587	23.53	-24.46	-5.36
588	23.57	-24.44	-5.31
589	23.61	-24.44	-5.24
590	23.65	-24.43	-5.22
591	23.69	-24.44	-5.21
592	23.73	-24.45	-5.19
593	23.77	-24.47	-5.18
594	23.81	-24.47	-5.14
595	23.85	-24.47	-5.11
596	23.89	-24.45	-5.08
597	23.93	-24.43	-5.06
598	23.97	-24.4	-5.05
599	24.01	-24.37	-5.04
600	24.05	-24.34	-5.04
601	24.09	-24.31	-5.04
602	24.13	-24.29	-5.06
603	24.17	-24.27	-5.06
604	24.21	-24.25	-5.06
605	24.25	-24.23	-5.03
606	24.29	-24.21	-5.02
607	24.33	-24.17	-5.03
608	24.37	-24.15	-5.02
609	24.41	-24.12	-5.03
610	24.45	-24.1	-5.02
611	24.49	-24.1	-5.02
612	24.53	-24.09	-5.03
613	24.57	-24.08	-5.04
614	24.61	-24.08	-5.05
615	24.65	-24.09	-5.07
616	24.69	-24.1	-5.09
617	24.73	-24.1	-5.09
618	24.77	-24.11	-5.12
619	24.81	-24.11	-5.11
620	24.85	-24.11	-5.1
621	24.89	-24.12	-5.11
622	24.93	-24.13	-5.13
623	24.97	-24.15	-5.18
624	25.01	-24.18	-5.25
625	25.05	-24.22	-5.29
626	25.09	-24.27	-5.33
627	25.13	-24.3	-5.4
628	25.17	-24.32	-5.44
629	25.21	-24.35	-5.52
630	25.25	-24.37	-5.62
631	25.29	-24.39	-5.68
632	25.33	-24.42	-5.77
633	25.37	-24.44	-5.83
634	25.41	-24.46	-5.91
635	25.45	-24.48	-5.98
636	25.49	-24.48	-6.03
637	25.53	-24.5	-6.09
638	25.57	-24.51	-6.12
639	25.61	-24.5	-6.15
640	25.65	-24.51	-6.17
641	25.69	-24.5	-6.18
642	25.73	-24.49	-6.18
643	25.77	-24.49	-6.18
644	25.81	-24.48	-6.18
645	25.85	-24.49	-6.19
646	25.89	-24.48	-6.18
647	25.93	-24.48	-6.18
648	25.97	-24.48	-6.17
649	26.01	-24.48	-6.16
650	26.05	-24.48	-6.15
651	26.09	-24.47	-6.12
652	26.13	-24.45	-6.1
653	26.17	-24.43	-6.04
654	26.21	-24.38	-5.93
655	26.25	-24.34	-5.82
656	26.29	-24.31	-5.7
657	26.33	-24.28	-5.57
658	26.37	-24.25	-5.45
659	26.41	-24.24	-5.32
660	26.45	-24.21	-5.17
661	26.49	-24.19	-5.09
662	26.53	-24.18	-5.02
663	26.57	-24.16	-4.97
664	26.61	-24.15	-4.93
665	26.65	-24.13	-4.87
666	26.69	-24.12	-4.82
667	26.73	-24.09	-4.77
668	26.77	-24.06	-4.73
669	26.81	-24.03	-4.68
670	26.85	-24	-4.65
671	26.89	-23.98	-4.63
672	26.93	-23.98	-4.6
673	26.97	-23.97	-4.56
674	27.01	-23.96	-4.52
675	27.05	-23.94	-4.46
676	27.09	-23.92	-4.43
677	27.13	-23.91	-4.41
678	27.17	-23.91	-4.38
679	27.21	-23.92	-4.35
680	27.25	-23.92	-4.3
681	27.29	-23.92	-4.25
682	27.33	-23.93	-4.2
683	27.37	-23.93	-4.16
684	27.41	-23.94	-4.12
685	27.45	-23.94	-4.1
686	27.49	-23.96	-4.1
687	27.53	-23.97	-4.11
688	27.57	-23.98	-4.12
689	27.61	-24	-4.1
690	27.65	-24	-4.07
691	27.69	-24	-4.02
692	27.73	-23.98	-3.95
693	27.77	-23.96	-3.88
694	27.81	-23.94	-3.81
695	27.85	-23.93	-3.77
696	27.89	-23.92	-3.73
697	27.93	-23.9	-3.69
698	27.97	-23.87	-3.66
699	28.01	-23.82	-3.63
700	28.05	-23.8	-3.61
701	28.09	-23.8	-3.55
702	28.13	-23.8	-3.48
703	28.17	-23.82	-3.38
704	28.21	-23.83	-3.28
705	28.25	-23.8	-3.21
706	28.29	-23.79	-3.16
707	28.33	-23.76	-3.12
708	28.37	-23.74	-3.07
709	28.41	-23.73	-3.03
710	28.45	-23.71	-2.98
711	28.49	-23.7	-2.94
712	28.53	-23.67	-2.92
713	28.57	-23.65	-2.93
714	28.61	-23.62	-2.96
715	28.65	-23.58	-3.01
716	28.69	-23.55	-3.07
717	28.73	-23.52	-3.13
718	28.81	-23.48	-3.22
719	28.85	-23.45	-3.29
720	28.89	-23.39	-3.36
721	28.93	-23.33	-3.39
722	28.97	-23.27	-3.39
723	29.01	-23.22	-3.41
724	29.05	-23.18	-3.42
725	29.09	-23.15	-3.45
726	29.13	-23.15	-3.49
727	29.17	-23.13	-3.52
728	29.21	-23.11	-3.57
729	29.25	-23.1	-3.61
730	29.29	-23.09	-3.67
731	29.33	-23.1	-3.72
732	29.37	-23.14	-3.77
733	29.41	-23.19	-3.84
734	29.45	-23.25	-3.9
735	29.49	-23.31	-3.99
736	29.53	-23.35	-4.08
737	29.57	-23.38	-4.17
738	29.61	-23.39	-4.25
739	29.65	-23.39	-4.34
740	29.69	-23.4	-4.43
741	29.73	-23.4	-4.53
742	29.77	-23.42	-4.62
743	29.81	-23.44	-4.7
744	29.85	-23.46	-4.78
745	29.89	-23.49	-4.84
746	29.93	-23.53	-4.89
747	29.97	-23.57	-4.97
748	30.01	-23.6	-5.06
749	30.05	-23.61	-5.22
750	30.09	-23.6	-5.38
751	30.13	-23.59	-5.55
752	30.17	-23.6	-5.72
753	30.21	-23.62	-5.89
754	30.25	-23.65	-6.08
755	30.29	-23.69	-6.26
756	30.33	-23.74	-6.45
757	30.37	-23.77	-6.63
758	30.41	-23.84	-6.82
759	30.45	-23.89	-7
760	30.49	-23.95	-7.14
761	30.53	-24.03	-7.26
762	30.57	-24.12	-7.35
763	30.61	-24.22	-7.45
764	30.65	-24.32	-7.58
765	30.69	-24.39	-7.7
766	30.73	-24.43	-7.83
767	30.77	-24.46	-7.95
768	30.81	-24.46	-8.09
769	30.85	-24.44	-8.23
770	30.89	-24.39	-8.42
771	30.93	-24.32	-8.6
772	30.97	-24.24	-8.75
773	31.01	-24.16	-8.91
774	31.05	-24.08	-9.08
775	31.09	-24.03	-9.22
776	31.13	-23.98	-9.37
777	31.17	-23.94	-9.47
778	31.21	-23.92	-9.53
779	31.25	-23.9	-9.59
780	31.29	-23.9	-9.68
781	31.33	-23.9	-9.77
782	31.37	-23.91	-9.91
783	31.41	-23.92	-10.04
784	31.45	-23.94	-10.21
785	31.49	-23.98	-10.39
786	31.53	-24.03	-10.5
787	31.57	-24.09	-10.64
788	31.61	-24.15	-10.71
789	31.65	-24.19	-10.75
790	31.69	-24.2	-10.8
791	31.73	-24.2	-10.84
792	31.77	-24.17	-10.88
793	31.81	-24.13	-10.92
794	31.85	-24.12	-10.99
795	31.89	-24.11	-10.99
796	31.93	-24.12	-11
797	31.97	-24.12	-11.02
798	32.01	-24.13	-11.02
799	32.05	-24.13	-11.05
800	32.09	-24.13	-11.1
801	32.13	-24.14	-11.12
802	32.17	-24.14	-11.14
803	32.21	-24.15	-11.17
804	32.25	-24.16	-11.18
805	32.29	-24.15	-11.18
806	32.33	-24.15	-11.18
807	32.37	-24.15	-11.17
808	32.41	-24.14	-11.15
809	32.45	-24.14	-11.13
810	32.49	-24.13	-11.12
811	32.53	-24.12	-11.12
812	32.57	-24.12	-11.11
813	32.61	-24.11	-11.12
814	32.65	-24.11	-11.13
815	32.69	-24.1	-11.12
816	32.73	-24.1	-11.13
817	32.77	-24.09	-11.15
818	32.81	-24.09	-11.16
819	32.85	-24.08	-11.17
820	32.89	-24.08	-11.18
821	32.93	-24.09	-11.16
822	32.97	-24.09	-11.15
823	33.01	-24.09	-11.16
824	33.05	-24.09	-11.17
825	33.09	-24.08	-11.22
826	33.13	-24.08	-11.23
827	33.17	-24.07	-11.26
828	33.21	-24.07	-11.27
829	33.25	-24.07	-11.26
830	33.29	-24.07	-11.26
831	33.33	-24.07	-11.26
832	33.37	-24.07	-11.27
833	33.41	-24.08	-11.24
834	33.45	-24.08	-11.22
835	33.49	-24.08	-11.17
836	33.53	-24.09	-11.13
837	33.57	-24.08	-11.11
838	33.61	-24.08	-11.08
839	33.65	-24.08	-11.03
840	33.69	-24.09	-10.96
841	33.73	-24.11	-10.88
842	33.77	-24.13	-10.82
843	33.81	-24.14	-10.76
844	33.85	-24.13	-10.72
845	33.89	-24.11	-10.68
846	33.93	-24.08	-10.64
847	33.97	-24.06	-10.58
848	34.01	-24.05	-10.52
849	34.05	-24.05	-10.47
850	34.09	-24.06	-10.43
851	34.13	-24.04	-10.41
852	34.17	-24.03	-10.38
853	34.21	-24.01	-10.36
854	34.25	-24	-10.32
855	34.29	-24	-10.26
856	34.33	-23.99	-10.23
857	34.37	-23.98	-10.19
858	34.41	-23.97	-10.17
859	34.45	-23.95	-10.15
860	34.49	-23.92	-10.14
861	34.53	-23.91	-10.12
862	34.57	-23.89	-10.11
863	34.61	-23.87	-10.09
864	34.65	-23.85	-10.08
865	34.69	-23.83	-10.07
866	34.73	-23.82	-10.05
867	34.77	-23.82	-10.04
868	34.81	-23.83	-10.03
869	34.85	-23.83	-10.02
870	34.89	-23.84	-10.02
871	34.93	-23.83	-10.04
872	34.97	-23.83	-10.06
873	35.01	-23.84	-10.05
874	35.05	-23.84	-10.05
875	35.09	-23.83	-10.02
876	35.13	-23.84	-10.01
877	35.22	-23.84	-10
878	35.25	-23.84	-9.99
879	35.29	-23.84	-10
880	35.33	-23.84	-9.99
881	35.37	-23.82	-10
882	35.41	-23.81	-9.98
883	35.45	-23.81	-9.96
884	35.49	-23.8	-9.93
885	35.53	-23.8	-9.93
886	35.57	-23.79	-9.94
887	35.61	-23.78	-9.94
888	35.65	-23.78	-9.96
889	35.69	-23.8	-9.94
890	35.73	-23.82	-9.96
891	35.77	-23.86	-9.96
892	35.81	-23.9	-9.97
893	35.85	-23.94	-9.97
894	35.89	-23.97	-9.97
895	35.93	-23.98	-9.96
896	35.97	-23.99	-9.95
897	36.01	-24.01	-9.96
898	36.05	-24.03	-9.99
899	36.09	-24.08	-10.01
900	36.13	-24.12	-10.08
901	36.17	-24.16	-10.15
902	36.21	-24.2	-10.18
903	36.25	-24.22	-10.24
904	36.29	-24.26	-10.26
905	36.33	-24.3	-10.28
906	36.37	-24.33	-10.33
907	36.41	-24.35	-10.33
908	36.45	-24.37	-10.33
909	36.49	-24.37	-10.36
910	36.53	-24.38	-10.34
911	36.57	-24.39	-10.36
912	36.61	-24.39	-10.38
913	36.65	-24.39	-10.38
914	36.69	-24.4	-10.38
915	36.73	-24.4	-10.38
916	36.77	-24.4	-10.38
917	36.81	-24.4	-10.37
918	36.85	-24.4	-10.38
919	36.89	-24.4	-10.37
920	36.93	-24.4	-10.37
921	36.97	-24.41	-10.35
922	37.01	-24.4	-10.31
923	37.05	-24.4	-10.28
924	37.09	-24.39	-10.24
925	37.13	-24.38	-10.21
926	37.17	-24.37	-10.19
927	37.21	-24.35	-10.1
928	37.25	-24.32	-10
929	37.29	-24.29	-9.9
930	37.33	-24.27	-9.8
931	37.37	-24.24	-9.74
932	37.41	-24.22	-9.71
933	37.45	-24.21	-9.68
934	37.49	-24.19	-9.64
935	37.53	-24.18	-9.61
936	37.57	-24.18	-9.53
937	37.61	-24.18	-9.47
938	37.65	-24.19	-9.4
939	37.69	-24.2	-9.35
940	37.73	-24.19	-9.32
941	37.77	-24.17	-9.28
942	37.81	-24.14	-9.23
943	37.85	-24.12	-9.18
944	37.89	-24.1	-9.13
945	37.93	-24.09	-9.09
946	37.97	-24.06	-9.05
947	38.01	-24.03	-9
948	38.05	-24	-8.9
949	38.09	-23.96	-8.8
950	38.13	-23.94	-8.68
951	38.17	-23.95	-8.57
952	38.21	-23.95	-8.5
953	38.25	-23.95	-8.42
954	38.29	-23.94	-8.36
955	38.33	-23.9	-8.31
956	38.37	-23.87	-8.27
957	38.41	-23.83	-8.25
958	38.45	-23.79	-8.25
959	38.49	-23.76	-8.25
960	38.53	-23.74	-8.25
961	38.57	-23.71	-8.26
962	38.61	-23.69	-8.25
963	38.65	-23.67	-8.25
964	38.69	-23.66	-8.25
965	38.73	-23.65	-8.24
966	38.77	-23.64	-8.21
967	38.81	-23.63	-8.17
968	38.85	-23.62	-8.12
969	38.89	-23.6	-8.07
970	38.93	-23.58	-8.02
971	38.97	-23.54	-7.98
972	39.01	-23.51	-7.94
973	39.05	-23.48	-7.9
974	39.09	-23.48	-7.88
975	39.13	-23.5	-7.86
976	39.17	-23.51	-7.85
977	39.21	-23.53	-7.87
978	39.25	-23.54	-7.87
979	39.29	-23.51	-7.87
980	39.33	-23.51	-7.88
981	39.37	-23.52	-7.87
982	39.41	-23.55	-7.85
983	39.45	-23.58	-7.81
984	39.49	-23.6	-7.75
985	39.53	-23.62	-7.69
986	39.57	-23.62	-7.63
987	39.61	-23.62	-7.57
988	39.65	-23.64	-7.5
989	39.69	-23.64	-7.41
990	39.73	-23.68	-7.3
991	39.77	-23.73	-7.17
992	39.81	-23.77	-7.04
993	39.85	-23.8	-6.95
994	39.89	-23.75	-6.89
995	39.93	-23.72	-6.9
996	39.97	-23.67	-6.92
997	40.01	-23.63	-6.95
998	40.05	-23.64	-6.96
999	40.09	-23.61	-6.95
1000	40.13	-23.6	-6.91
1001	40.17	-23.58	-6.82
1002	40.21	-23.55	-6.7
1003	40.25	-23.52	-6.55
1004	40.29	-23.49	-6.41
1005	40.33	-23.46	-6.28
1006	40.37	-23.42	-6.18
1007	40.41	-23.37	-6.09
1008	40.45	-23.33	-5.99
1009	40.49	-23.29	-5.89
1010	40.53	-23.26	-5.78
1011	40.57	-23.26	-5.68
1012	40.61	-23.28	-5.6
1013	40.65	-23.32	-5.53
1014	40.69	-23.38	-5.47
1015	40.73	-23.42	-5.37
1016	40.77	-23.44	-5.26
1017	40.81	-23.45	-5.15
1018	40.85	-23.45	-5.06
1019	40.89	-23.45	-5
1020	40.93	-23.45	-4.97
1021	40.97	-23.45	-4.96
1022	41.01	-23.44	-4.94
1023	41.05	-23.43	-4.94
1024	41.09	-23.42	-4.94
1025	41.13	-23.4	-4.94
1026	41.17	-23.4	-4.94
1027	41.21	-23.39	-4.94
1028	41.25	-23.36	-4.92
1029	41.29	-23.32	-4.88
1030	41.33	-23.27	-4.85
1031	41.37	-23.2	-4.82
1032	41.41	-23.15	-4.8
1033	41.45	-23.11	-4.83
1034	41.49	-23.07	-4.85
1035	41.53	-23.03	-4.87
1036	41.57	-23.03	-4.89
1037	41.61	-23.04	-4.9
1038	41.65	-23.06	-4.88
1039	41.69	-23.07	-4.87
1040	41.73	-23.07	-4.86
1041	41.77	-23.04	-4.85
1042	41.81	-23.02	-4.85
1043	41.85	-22.99	-4.83
1044	41.89	-22.96	-4.83
1045	41.93	-22.94	-4.82
1046	41.97	-22.92	-4.82
1047	42.01	-22.91	-4.83
1048	42.05	-22.91	-4.83
1049	42.09	-22.92	-4.83
1050	42.13	-22.93	-4.85
1051	42.17	-22.93	-4.86
1052	42.21	-22.94	-4.86
1053	42.25	-22.94	-4.88
1054	42.29	-22.94	-4.87
1055	42.33	-22.95	-4.87
1056	42.37	-22.97	-4.89
1057	42.41	-22.97	-4.89
1058	42.45	-22.98	-4.89
1059	42.49	-22.97	-4.89
1060	42.53	-22.96	-4.89
1061	42.57	-22.96	-4.87
1062	42.61	-22.95	-4.88
1063	42.65	-22.95	-4.87
1064	42.69	-22.95	-4.88
1065	42.73	-22.95	-4.88
1066	42.77	-22.95	-4.89
1067	42.81	-22.95	-4.89
1068	42.85	-22.95	-4.89
1069	42.89	-22.95	-4.88
1070	42.93	-22.96	-4.88
1071	42.97	-22.96	-4.88
1072	43.01	-22.97	-4.88
1073	43.05	-22.99	-4.9
1074	43.09	-22.99	-4.9
1075	43.13	-23	-4.9
1076	43.17	-23	-4.9
1077	43.21	-23.01	-4.87
1078	43.25	-23.04	-4.88
1079	43.29	-23.06	-4.86
1080	43.33	-23.09	-4.85
1081	43.37	-23.11	-4.84
1082	43.41	-23.12	-4.83
1083	43.45	-23.12	-4.83
1084	43.49	-23.12	-4.81
1085	43.53	-23.12	-4.8
1086	43.57	-23.14	-4.79
1087	43.61	-23.15	-4.77
1088	43.65	-23.16	-4.76
1089	43.69	-23.17	-4.75
1090	43.73	-23.17	-4.77
1091	43.77	-23.17	-4.78
1092	43.81	-23.18	-4.82
1093	43.85	-23.21	-4.82
1094	43.89	-23.25	-4.81
1095	43.93	-23.29	-4.79
1096	43.97	-23.33	-4.78
1097	44.01	-23.37	-4.79
1098	44.05	-23.4	-4.83
1099	44.09	-23.44	-4.89
1100	44.13	-23.47	-4.92
1101	44.17	-23.51	-4.95
1102	44.21	-23.54	-4.96
1103	44.25	-23.6	-4.93
1104	44.29	-23.68	-4.91
1105	44.33	-23.76	-4.87
1106	44.37	-23.85	-4.84
1107	44.41	-23.91	-4.82
1108	44.45	-23.96	-4.81
1109	44.49	-24	-4.8
1110	44.53	-24.03	-4.77
1111	44.57	-24.06	-4.75
1112	44.61	-24.07	-4.72
1113	44.65	-24.08	-4.68
1114	44.69	-24.09	-4.65
1115	44.73	-24.11	-4.6
1116	44.77	-24.13	-4.57
1117	44.81	-24.12	-4.53
1118	44.85	-24.12	-4.5
1119	44.89	-24.11	-4.45
1120	44.93	-24.11	-4.4
1121	44.97	-24.11	-4.35
1122	45.01	-24.1	-4.28
1123	45.05	-24.07	-4.21
1124	45.09	-24.04	-4.1
1125	45.13	-24	-4
1126	45.17	-23.96	-3.92
1127	45.21	-23.94	-3.83
1128	45.25	-23.93	-3.76
1129	45.29	-23.93	-3.65
1130	45.33	-23.96	-3.52
1131	45.37	-24	-3.39
1132	45.41	-24.07	-3.25
1133	45.45	-24.15	-3.14
1134	45.49	-24.22	-3.02
1135	45.53	-24.27	-2.89
1136	45.57	-24.31	-2.77
1137	45.61	-24.33	-2.6
1138	45.65	-24.36	-2.42
1139	45.69	-24.37	-2.34
1140	45.73	-24.39	-2.13
1141	45.77	-24.37	-1.97
1142	45.81	-24.35	-1.87
1143	45.85	-24.34	-1.64
1144	45.89	-24.31	-1.51
1145	45.93	-24.3	-1.38
1146	45.97	-24.28	-1.21
1147	46.01	-24.25	-1.07
1148	46.05	-24.22	-0.95
1149	46.09	-24.18	-0.82
1150	46.13	-24.18	-0.69
1151	46.17	-24.19	-0.58
1152	46.21	-24.22	-0.48
1153	46.25	-24.29	-0.38
1154	46.29	-24.36	-0.25
1155	46.33	-24.44	-0.11
1156	46.37	-24.5	0.08
1157	46.41	-24.5	0.23
1158	46.45	-24.47	0.39
1159	46.49	-24.42	0.51
1160	46.53	-24.36	0.6
1161	46.57	-24.34	0.75
1162	46.61	-24.33	0.89
1163	46.65	-24.34	1.1
1164	46.69	-24.37	1.32
1165	46.73	-24.4	1.53
1166	46.77	-24.42	1.77
1167	46.81	-24.43	2
1168	46.85	-24.44	2.15
1169	46.89	-24.47	2.32
1170	46.93	-24.49	2.48
1171	46.97	-24.47	2.65
1172	47.01	-24.44	2.89
1173	47.05	-24.37	3.1
1174	47.09	-24.29	3.26
1175	47.13	-24.24	3.37
1176	47.17	-24.19	3.51
1177	47.21	-24.15	3.64
1178	47.25	-24.15	3.8
1179	47.29	-24.16	3.97
1180	47.33	-24.15	4.06
1181	47.37	-24.12	4.17
1182	47.41	-24.11	4.3
1183	47.45	-24.12	4.4
1184	47.49	-24.19	4.56
1185	47.53	-24.28	4.67
1186	47.57	-24.33	4.76
1187	47.61	-24.34	4.85
1188	47.65	-24.32	4.95
1189	47.69	-24.3	5.08
1190	47.73	-24.28	5.2
1191	47.77	-24.27	5.35
1192	47.81	-24.24	5.5
1193	47.85	-24.2	5.61
1194	47.89	-24.18	5.79
1195	47.93	-24.18	5.95
1196	47.97	-24.2	6.1
1197	48.01	-24.25	6.27
1198	48.05	-24.29	6.35
1199	48.09	-24.3	6.41
1200	48.13	-24.32	6.51
1201	48.17	-24.33	6.6
1202	48.21	-24.36	6.72
1203	48.25	-24.38	6.88
1204	48.29	-24.38	7.03
1205	48.33	-24.36	7.17
1206	48.37	-24.32	7.37
1207	48.41	-24.3	7.52
1208	48.45	-24.27	7.66
1209	48.49	-24.24	7.8
1210	48.53	-24.22	7.92
1211	48.57	-24.19	8.05
1212	48.61	-24.17	8.2
1213	48.65	-24.17	8.35
1214	48.69	-24.12	8.46
1215	48.73	-24.08	8.62
1216	48.77	-24.06	8.73
1217	48.81	-24.07	8.85
1218	48.85	-24.12	8.98
1219	48.89	-24.21	9.11
1220	48.93	-24.27	9.28
1221	48.97	-24.28	9.48
1222	49.01	-24.26	9.7
1223	49.05	-24.21	9.89
1224	49.09	-24.15	10.07
1225	49.13	-24.11	10.21
1226	49.17	-24.09	10.34
1227	49.21	-24.07	10.57
1228	49.25	-24.08	10.77
1229	49.29	-24.11	11
1230	49.33	-24.14	11.23
1231	49.37	-24.18	11.34
1232	49.41	-24.2	11.45
1233	49.45	-24.22	11.51
1234	49.49	-24.25	11.58
1235	49.53	-24.3	11.62
1236	49.57	-24.34	11.74
1237	49.61	-24.35	11.92
1238	49.65	-24.31	12.12
1239	49.69	-24.21	12.41
1240	49.73	-24.1	12.62
1241	49.77	-24	12.78
1242	49.81	-23.93	12.93
1243	49.85	-23.88	13.09
1244	49.89	-23.85	13.22
1245	49.93	-23.81	13.37
1246	49.97	-23.75	13.52
1247	50.01	-23.72	13.65
1248	50.05	-23.71	13.79
1249	50.09	-23.74	13.93
1250	50.13	-23.81	14.05
1251	50.17	-23.87	14.17
1252	50.21	-23.91	14.3
1253	50.25	-23.95	14.4
1254	50.29	-23.98	14.5
1255	50.33	-23.99	14.61
1256	50.37	-23.98	14.73
1257	50.41	-23.92	14.83
1258	50.45	-23.84	14.89
1259	50.49	-23.77	14.91
1260	50.53	-23.71	14.89
1261	50.57	-23.68	14.9
1262	50.61	-23.66	14.91
1263	50.65	-23.64	14.92
1264	50.69	-23.62	14.93
1265	50.73	-23.62	14.92
1266	50.77	-23.61	14.91
1267	50.81	-23.61	14.92
1268	50.85	-23.6	14.95
1269	50.89	-23.6	14.94
1270	50.93	-23.59	14.93
1271	50.97	-23.59	14.95
1272	51.01	-23.61	14.9
1273	51.05	-23.62	14.92
1274	51.09	-23.64	14.96
1275	51.13	-23.67	14.95
1276	51.17	-23.7	14.97
1277	51.21	-23.72	15.02
1278	51.25	-23.74	15.06
1279	51.29	-23.77	15.1
1280	51.33	-23.79	15.13
1281	51.37	-23.8	15.14
1282	51.41	-23.82	15.16
1283	51.45	-23.83	15.19
1284	51.49	-23.84	15.23
1285	51.53	-23.86	15.24
1286	51.57	-23.87	15.28
1287	51.61	-23.9	15.31
1288	51.65	-23.92	15.36
1289	51.69	-23.95	15.43
1290	51.73	-23.96	15.5
1291	51.77	-23.95	15.58
1292	51.81	-23.94	15.67
1293	51.85	-23.89	15.75
1294	51.89	-23.85	15.81
1295	51.93	-23.82	15.89
1296	51.97	-23.8	15.95
1297	52.01	-23.8	16.01
1298	52.05	-23.8	16.08
1299	52.09	-23.79	16.12
1300	52.13	-23.78	16.15
1301	52.17	-23.77	16.19
1302	52.21	-23.77	16.23
1303	52.25	-23.77	16.26
1304	52.29	-23.78	16.3
1305	52.33	-23.8	16.37
1306	52.37	-23.85	16.42
1307	52.41	-23.94	16.53
1308	52.45	-24.04	16.65
1309	52.49	-24.15	16.71
1310	52.53	-24.23	16.74
1311	52.57	-24.28	16.73
1312	52.61	-24.3	16.69
1313	52.65	-24.3	16.66
1314	52.69	-24.3	16.66
1315	52.73	-24.27	16.64
1316	52.77	-24.26	16.62
1317	52.81	-24.25	16.64
1318	52.85	-24.24	16.67
1319	52.89	-24.23	16.72
1320	52.93	-24.21	16.75
1321	52.97	-24.19	16.79
1322	53.01	-24.17	16.81
1323	53.05	-24.16	16.86
1324	53.09	-24.16	16.93
1325	53.13	-24.15	16.96
1326	53.17	-24.16	17.01
1327	53.21	-24.15	17.04
1328	53.25	-24.15	17.04
1329	53.29	-24.15	17.08
1330	53.33	-24.15	17.09
1331	53.37	-24.16	17.11
1332	53.41	-24.16	17.14
1333	53.45	-24.16	17.14
1334	53.49	-24.16	17.17
1335	53.53	-24.16	17.17
1336	53.57	-24.15	17.14
1337	53.61	-24.15	17.12
1338	53.65	-24.15	17.08
1339	53.69	-24.15	17.04
1340	53.73	-24.14	17.01
1341	53.77	-24.14	16.98
1342	53.81	-24.14	16.92
1343	53.85	-24.13	16.87
1344	53.89	-24.13	16.82
1345	53.93	-24.13	16.76
1346	53.97	-24.11	16.69
1347	54.01	-24.1	16.58
1348	54.05	-24.08	16.5
1349	54.09	-24.06	16.41
1350	54.13	-24.05	16.35
1351	54.17	-24.03	16.28
1352	54.21	-24.03	16.22
1353	54.25	-24.02	16.16
1354	54.29	-24.01	16.13
1355	54.33	-23.99	16.09
1356	54.37	-23.96	16.06
1357	54.41	-23.91	16.05
1358	54.45	-23.87	16
1359	54.49	-23.84	15.99
1360	54.53	-23.8	15.93
1361	54.57	-23.78	15.87
1362	54.61	-23.75	15.79
1363	54.65	-23.73	15.67
1364	54.69	-23.74	15.57
1365	54.73	-23.76	15.46
1366	54.77	-23.8	15.39
1367	54.81	-23.8	15.32
1368	54.85	-23.78	15.24
1369	54.89	-23.73	15.16
1370	54.93	-23.67	15.06
1371	54.97	-23.64	14.97
1372	55.01	-23.61	14.87
1373	55.05	-23.58	14.78
1374	55.09	-23.53	14.68
1375	55.13	-23.48	14.6
1376	55.17	-23.43	14.54
1377	55.21	-23.38	14.5
1378	55.25	-23.34	14.46
1379	55.29	-23.33	14.44
1380	55.33	-23.3	14.42
1381	55.37	-23.28	14.37
1382	55.41	-23.28	14.34
1383	55.45	-23.26	14.25
1384	55.49	-23.25	14.15
1385	55.53	-23.24	14.06
1386	55.57	-23.24	13.98
1387	55.61	-23.24	13.9
1388	55.65	-23.26	13.82
1389	55.69	-23.26	13.75
1390	55.73	-23.27	13.68
1391	55.77	-23.27	13.61
1392	55.81	-23.28	13.55
1393	55.85	-23.26	13.49
1394	55.89	-23.27	13.47
1395	55.93	-23.28	13.45
1396	55.97	-23.28	13.44
1397	56.01	-23.28	13.43
1398	56.05	-23.25	13.4
1399	56.09	-23.23	13.38
1400	56.13	-23.19	13.35
1401	56.17	-23.2	13.32
1402	56.21	-23.2	13.3
1403	56.25	-23.19	13.28
1404	56.29	-23.2	13.27
1405	56.33	-23.18	13.26
1406	56.37	-23.15	13.26
1407	56.41	-23.14	13.27
1408	56.45	-23.15	13.27
1409	56.49	-23.18	13.28
1410	56.53	-23.23	13.27
1411	56.57	-23.23	13.26
1412	56.61	-23.24	13.26
1413	56.65	-23.23	13.26
1414	56.69	-23.22	13.29
1415	56.73	-23.24	13.32
1416	56.77	-23.27	13.39
1417	56.81	-23.29	13.44
1418	56.85	-23.3	13.5
1419	56.89	-23.31	13.58
1420	56.93	-23.3	13.65
1421	56.97	-23.29	13.73
1422	57.01	-23.3	13.83
1423	57.05	-23.32	13.94
1424	57.09	-23.33	14.05
1425	57.13	-23.35	14.15
1426	57.17	-23.37	14.22
1427	57.21	-23.4	14.28
1428	57.25	-23.43	14.34
1429	57.29	-23.47	14.41
1430	57.33	-23.51	14.53
1431	57.37	-23.53	14.71
1432	57.41	-23.54	14.89
1433	57.45	-23.52	15.1
1434	57.49	-23.48	15.31
1435	57.53	-23.42	15.47
1436	57.57	-23.38	15.64
1437	57.61	-23.33	15.8
1438	57.65	-23.32	15.93
1439	57.69	-23.35	16.1
1440	57.73	-23.41	16.24
1441	57.77	-23.49	16.37
1442	57.81	-23.57	16.52
1443	57.85	-23.62	16.69
1444	57.89	-23.65	16.86
1445	57.93	-23.67	17.07
1446	57.97	-23.69	17.25
1447	58.01	-23.73	17.41
1448	58.05	-23.78	17.58
1449	58.09	-23.84	17.77
1450	58.13	-23.88	17.96
1451	58.17	-23.9	18.16
1452	58.21	-23.9	18.33
1453	58.25	-23.91	18.48
1454	58.29	-23.95	18.6
1455	58.33	-24	18.72
1456	58.37	-24.07	18.84
1457	58.41	-24.12	18.95
1458	58.45	-24.15	19.04
1459	58.49	-24.18	19.1
1460	58.53	-24.19	19.17
1461	58.57	-24.18	19.23
1462	58.61	-24.19	19.33
1463	58.65	-24.19	19.41
1464	58.69	-24.19	19.48
1465	58.73	-24.2	19.53
1466	58.77	-24.2	19.57
1467	58.81	-24.19	19.65
1468	58.85	-24.17	19.75
1469	58.89	-24.14	19.85
1470	58.93	-24.1	19.94
1471	58.97	-24.06	20
1472	59.01	-24.02	20.03
1473	59.05	-23.99	20.06
1474	59.09	-23.97	20.09
1475	59.13	-23.96	20.09
1476	59.17	-23.98	20.12
1477	59.21	-23.99	20.13
1478	59.25	-24.01	20.17
1479	59.29	-24.03	20.2
1480	59.33	-24.05	20.2
1481	59.37	-24.06	20.21
1482	59.4	-24.08	20.22
1483	59.45	-24.09	20.21
1484	59.49	-24.1	20.23
1485	59.53	-24.11	20.25
1486	59.57	-24.12	20.24
1487	59.6	-24.12	20.23
1488	59.65	-24.12	20.21
1489	59.68	-24.1	20.17
1490	59.72	-24.09	20.16
1491	59.76	-24.09	20.17
1492	59.8	-24.09	20.19
1493	59.84	-24.08	20.18
1494	59.88	-24.06	20.15
1495	59.92	-24.05	20.09
1496	59.96	-24.02	20.01
1497	60	-24.01	19.96
1498	60.04	-24	19.97
1499	60.08	-24	19.98
1500	60.12	-24	20
1501	60.16	-24	20.03
1502	60.2	-24	20.02
1503	60.24	-23.99	20.04
1504	60.29	-23.99	20.05
1505	60.32	-23.99	20.05
1506	60.36	-23.97	20.05
1507	60.4	-23.95	20.03
1508	60.44	-23.92	20.01
1509	60.48	-23.9	20.01
1510	60.52	-23.88	20
1511	60.56	-23.86	20.01
1512	60.6	-23.83	20.04
1513	60.64	-23.8	20.06
1514	60.68	-23.77	20.1
1515	60.72	-23.74	20.11
1516	60.76	-23.71	20.11
1517	60.8	-23.68	20.11
1518	60.84	-23.64	20.1
1519	60.88	-23.61	20.1
1520	60.92	-23.57	20.11
1521	60.96	-23.53	20.12
1522	61	-23.5	20.14
1523	61.04	-23.48	20.17
1524	61.08	-23.48	20.21
1525	61.12	-23.49	20.25
1526	61.16	-23.51	20.29
1527	61.2	-23.51	20.33
1528	61.24	-23.48	20.35
1529	61.28	-23.43	20.37
1530	61.32	-23.35	20.38
1531	61.36	-23.25	20.4
1532	61.4	-23.16	20.39
1533	61.44	-23.08	20.36
1534	61.48	-23.02	20.33
1535	61.52	-22.97	20.29
1536	61.56	-22.92	20.28
1537	61.6	-22.86	20.3
1538	61.64	-22.77	20.34
1539	61.68	-22.71	20.39
1540	61.72	-22.64	20.43
1541	61.76	-22.61	20.44
1542	61.8	-22.62	20.42
1543	61.84	-22.61	20.44
1544	61.88	-22.62	20.45
1545	61.92	-22.59	20.48
1546	61.96	-22.51	20.53
1547	62	-22.44	20.54
1548	62.04	-22.35	20.57
1549	62.08	-22.3	20.55
1550	62.12	-22.27	20.54
1551	62.16	-22.23	20.53
1552	62.2	-22.21	20.5
1553	62.24	-22.19	20.47
1554	62.28	-22.17	20.47
1555	62.32	-22.15	20.46
1556	62.36	-22.14	20.47
1557	62.4	-22.12	20.49
1558	62.44	-22.09	20.5
1559	62.48	-22.08	20.52
1560	62.52	-22.06	20.54
1561	62.56	-22.04	20.56
1562	62.6	-22.04	20.57
1563	62.64	-22.05	20.57
1564	62.68	-22.06	20.56
1565	62.72	-22.07	20.55
1566	62.76	-22.07	20.54
1567	62.8	-22.07	20.54
1568	62.84	-22.06	20.55
1569	62.88	-22.06	20.56
1570	62.92	-22.06	20.55
1571	62.96	-22.06	20.55
1572	63	-22.05	20.55
1573	63.04	-22.04	20.56
1574	63.08	-22.05	20.56
1575	63.12	-22.06	20.56
1576	63.16	-22.08	20.55
1577	63.2	-22.09	20.54
1578	63.24	-22.07	20.55
1579	63.28	-22.07	20.55
1580	63.32	-22.06	20.56
1581	63.36	-22.04	20.59
1582	63.4	-22.04	20.6
1583	63.44	-22.03	20.62
1584	63.48	-22.02	20.63
1585	63.52	-22.02	20.63
1586	63.56	-22.02	20.63
1587	63.6	-22.02	20.63
1588	63.64	-22.03	20.61
1589	63.68	-22.05	20.58
1590	63.72	-22.09	20.54
1591	63.76	-22.14	20.48
1592	63.8	-22.19	20.45
1593	63.84	-22.22	20.42
1594	63.88	-22.25	20.41
1595	63.92	-22.26	20.41
1596	63.96	-22.28	20.41
1597	64	-22.3	20.42
1598	64.04	-22.34	20.44
1599	64.08	-22.4	20.45
1600	64.12	-22.48	20.45
1601	64.16	-22.59	20.44
1602	64.2	-22.69	20.42
1603	64.24	-22.79	20.41
1604	64.28	-22.87	20.4
1605	64.32	-22.95	20.4
1606	64.36	-23.02	20.4
1607	64.4	-23.1	20.39
1608	64.44	-23.2	20.39
1609	64.48	-23.31	20.4
1610	64.52	-23.41	20.42
1611	64.56	-23.5	20.44
1612	64.6	-23.55	20.45
1613	64.64	-23.58	20.45
1614	64.68	-23.62	20.45
1615	64.72	-23.67	20.43
1616	64.76	-23.73	20.44
1617	64.8	-23.8	20.45
1618	64.84	-23.86	20.45
1619	64.88	-23.9	20.48
1620	64.92	-23.93	20.48
1621	64.96	-23.94	20.48
1622	65	-23.95	20.5
1623	65.04	-23.95	20.51
1624	65.08	-23.96	20.52
1625	65.12	-23.96	20.53
1626	65.16	-23.97	20.52
1627	65.2	-23.96	20.5
1628	65.24	-23.94	20.49
1629	65.28	-23.94	20.51
1630	65.32	-23.93	20.54
1631	65.36	-23.96	20.59
1632	65.4	-23.99	20.64
1633	65.44	-24.01	20.66
1634	65.48	-24.03	20.66
1635	65.52	-24.03	20.67
1636	65.56	-24.04	20.68
1637	65.6	-24.05	20.68
1638	65.64	-24.06	20.7
1639	65.68	-24.07	20.71
1640	65.72	-24.07	20.72
1641	65.76	-24.07	20.72
1642	65.8	-24.07	20.71
1643	65.84	-24.06	20.69
1644	65.88	-24.05	20.65
1645	65.92	-24.04	20.62
1646	65.96	-24.03	20.6
1647	66	-24.03	20.57
1648	66.04	-24.04	20.58
1649	66.08	-24.06	20.59
1650	66.12	-24.08	20.59
1651	66.16	-24.08	20.61
1652	66.2	-24.07	20.6
1653	66.24	-24.03	20.6
1654	66.28	-23.99	20.59
1655	66.32	-23.96	20.59
1656	66.36	-23.93	20.6
1657	66.4	-23.9	20.61
1658	66.44	-23.88	20.62
1659	66.48	-23.86	20.64
1660	66.52	-23.84	20.66
1661	66.56	-23.82	20.67
1662	66.6	-23.8	20.68
1663	66.64	-23.78	20.68
1664	66.68	-23.76	20.67
1665	66.72	-23.74	20.67
1666	66.76	-23.71	20.66
1667	66.8	-23.68	20.66
1668	66.84	-23.63	20.68
1669	66.88	-23.58	20.68
1670	66.92	-23.53	20.71
1671	66.96	-23.49	20.73
1672	67	-23.45	20.73
1673	67.04	-23.41	20.74
1674	67.08	-23.38	20.74
1675	67.12	-23.35	20.74
1676	67.16	-23.32	20.75
1677	67.2	-23.29	20.76
1678	67.24	-23.24	20.77
1679	67.28	-23.17	20.79
1680	67.32	-23.09	20.8
1681	67.36	-23	20.82
1682	67.4	-22.92	20.82
1683	67.44	-22.87	20.81
1684	67.48	-22.83	20.8
1685	67.52	-22.82	20.79
1686	67.56	-22.81	20.79
1687	67.6	-22.79	20.78
1688	67.64	-22.8	20.76
1689	67.68	-22.8	20.74
1690	67.72	-22.81	20.71
1691	67.76	-22.82	20.69
1692	67.8	-22.83	20.67
1693	67.84	-22.83	20.63
1694	67.88	-22.83	20.58
1695	67.92	-22.84	20.53
1696	67.96	-22.87	20.49
1697	68	-22.89	20.44
1698	68.04	-22.92	20.39
1699	68.08	-22.91	20.36
1700	68.12	-22.89	20.34
1701	68.16	-22.87	20.32
1702	68.2	-22.85	20.3
1703	68.24	-22.86	20.26
1704	68.28	-22.88	20.22
1705	68.32	-22.89	20.19
1706	68.36	-22.89	20.19
1707	68.4	-22.9	20.18
1708	68.44	-22.93	20.17
1709	68.48	-22.97	20.16
1710	68.52	-23.05	20.14
1711	68.56	-23.13	20.12
1712	68.6	-23.22	20.1
1713	68.64	-23.31	20.08
1714	68.68	-23.39	20.08
1715	68.72	-23.45	20.1
1716	68.76	-23.5	20.14
1717	68.8	-23.56	20.19
1718	68.84	-23.62	20.26
1719	68.88	-23.68	20.32
1720	68.92	-23.75	20.36
1721	68.96	-23.83	20.41
1722	69	-23.88	20.43
1723	69.04	-23.93	20.45
1724	69.08	-23.96	20.48
1725	69.12	-23.97	20.5
1726	69.16	-23.97	20.49
1727	69.2	-23.96	20.49
1728	69.24	-23.95	20.48
1729	69.28	-23.94	20.47
1730	69.32	-23.93	20.46
1731	69.36	-23.91	20.43
1732	69.4	-23.89	20.39
1733	69.44	-23.87	20.36
1734	69.48	-23.86	20.33
1735	69.52	-23.87	20.31
1736	69.56	-23.87	20.28
1737	69.6	-23.88	20.24
1738	69.64	-23.89	20.22
1739	69.68	-23.91	20.21
1740	69.72	-23.95	20.24
1741	69.76	-23.99	20.27
1742	69.8	-24.02	20.31
1743	69.84	-24.04	20.35
1744	69.88	-24.04	20.4
1745	69.92	-24.06	20.45
1746	69.96	-24.06	20.51
1747	70	-24.07	20.57
1748	70.04	-24.08	20.63
1749	70.08	-24.08	20.68
1750	70.12	-24.1	20.73
1751	70.16	-24.11	20.75
1752	70.2	-24.11	20.76
1753	70.24	-24.11	20.76
1754	70.28	-24.1	20.77
1755	70.32	-24.1	20.76
1756	70.36	-24.1	20.75
1757	70.4	-24.11	20.76
1758	70.44	-24.11	20.74
1759	70.48	-24.13	20.75
1760	70.52	-24.13	20.75
1761	70.56	-24.12	20.73
1762	70.6	-24.11	20.71
1763	70.64	-24.1	20.68
1764	70.68	-24.09	20.64
1765	70.72	-24.1	20.63
1766	70.76	-24.09	20.6
1767	70.8	-24.09	20.6
1768	70.84	-24.1	20.6
1769	70.88	-24.1	20.6
1770	70.92	-24.12	20.61
1771	70.96	-24.13	20.62
1772	71	-24.14	20.62
1773	71.04	-24.16	20.62
1774	71.08	-24.16	20.62
1775	71.12	-24.17	20.62
1776	71.16	-24.16	20.62
1777	71.2	-24.16	20.63
1778	71.24	-24.16	20.66
1779	71.28	-24.16	20.68
1780	71.32	-24.16	20.69
1781	71.36	-24.17	20.71
1782	71.4	-24.17	20.71
1783	71.44	-24.15	20.69
1784	71.48	-24.15	20.68
1785	71.52	-24.13	20.67
1786	71.56	-24.12	20.65
1787	71.6	-24.11	20.62
1788	71.64	-24.08	20.58
1789	71.68	-24.05	20.55
1790	71.72	-24.01	20.53
1791	71.76	-23.97	20.51
1792	71.8	-23.92	20.52
1793	71.84	-23.86	20.5
1794	71.88	-23.81	20.5
1795	71.92	-23.75	20.5
1796	71.96	-23.69	20.49
1797	72	-23.64	20.49
1798	72.04	-23.6	20.49
1799	72.08	-23.57	20.5
1800	72.12	-23.53	20.5
1801	72.16	-23.5	20.5
1802	72.2	-23.47	20.5
1803	72.24	-23.43	20.51
1804	72.28	-23.38	20.52
1805	72.32	-23.34	20.52
1806	72.36	-23.31	20.5
1807	72.4	-23.31	20.5
1808	72.44	-23.33	20.49
1809	72.48	-23.36	20.49
1810	72.52	-23.39	20.5
1811	72.56	-23.39	20.51
1812	72.6	-23.37	20.53
1813	72.64	-23.35	20.49
1814	72.68	-23.31	20.47
1815	72.72	-23.28	20.43
1816	72.76	-23.26	20.41
1817	72.8	-23.24	20.39
1818	72.84	-23.22	20.38
1819	72.88	-23.2	20.39
1820	72.92	-23.18	20.38
1821	72.96	-23.17	20.4
1822	73	-23.15	20.41
1823	73.04	-23.14	20.41
1824	73.08	-23.11	20.43
1825	73.12	-23.09	20.45
1826	73.16	-23.07	20.46
1827	73.2	-23.05	20.49
1828	73.24	-23.05	20.5
1829	73.28	-23.05	20.5
1830	73.32	-23.05	20.5
1831	73.36	-23.06	20.5
1832	73.4	-23.06	20.51
1833	73.44	-23.08	20.51
1834	73.48	-23.09	20.52
1835	73.52	-23.09	20.52
1836	73.56	-23.1	20.51
1837	73.6	-23.1	20.51
1838	73.64	-23.11	20.5
1839	73.68	-23.11	20.48
1840	73.72	-23.11	20.47
1841	73.76	-23.12	20.45
1842	73.8	-23.13	20.44
1843	73.84	-23.13	20.44
1844	73.88	-23.14	20.43
1845	73.92	-23.15	20.44
1846	73.96	-23.15	20.44
1847	74	-23.15	20.44
1848	74.04	-23.14	20.45
1849	74.08	-23.14	20.45
1850	74.12	-23.14	20.46
1851	74.16	-23.13	20.46
1852	74.2	-23.13	20.46
1853	74.24	-23.12	20.46
1854	74.28	-23.12	20.46
1855	74.32	-23.12	20.47
1856	74.36	-23.12	20.45
1857	74.4	-23.13	20.45
1858	74.44	-23.13	20.46
1859	74.48	-23.14	20.44
1860	74.52	-23.14	20.45
1861	74.56	-23.14	20.44
1862	74.6	-23.15	20.43
1863	74.64	-23.15	20.43
1864	74.68	-23.14	20.44
1865	74.72	-23.14	20.46
1866	74.76	-23.13	20.46
1867	74.8	-23.13	20.45
1868	74.84	-23.14	20.44
1869	74.88	-23.14	20.43
1870	74.92	-23.13	20.44
1871	74.96	-23.13	20.44
1872	75	-23.12	20.44
1873	75.04	-23.12	20.44
1874	75.08	-23.13	20.44
1875	75.12	-23.12	20.44
1876	75.16	-23.12	20.44
1877	75.2	-23.12	20.43
1878	75.24	-23.12	20.43
1879	75.28	-23.12	20.43
1880	75.32	-23.13	20.42
1881	75.36	-23.13	20.43
1882	75.4	-23.12	20.42
1883	75.44	-23.12	20.43
1884	75.48	-23.12	20.43
1885	75.52	-23.11	20.44
1886	75.56	-23.12	20.43
1887	75.6	-23.12	20.43
1888	75.64	-23.13	20.41
1889	75.68	-23.14	20.39
1890	75.72	-23.13	20.4
1891	75.76	-23.13	20.41
1892	75.8	-23.13	20.42
1893	75.84	-23.13	20.41
1894	75.88	-23.14	20.39
1895	75.92	-23.15	20.38
1896	75.96	-23.16	20.38
1897	76	-23.17	20.38
1898	76.04	-23.16	20.39
1899	76.08	-23.17	20.39
1900	76.12	-23.18	20.39
1901	76.16	-23.19	20.38
1902	76.2	-23.21	20.36
1903	76.24	-23.22	20.36
1904	76.28	-23.24	20.33
1905	76.32	-23.23	20.33
1906	76.36	-23.23	20.33
1907	76.4	-23.24	20.31
1908	76.44	-23.23	20.31
1909	76.48	-23.22	20.31
1910	76.52	-23.22	20.29
1911	76.56	-23.2	20.29
1912	76.6	-23.2	20.28
1913	76.64	-23.19	20.29
1914	76.68	-23.17	20.31
1915	76.72	-23.16	20.32
1916	76.76	-23.13	20.32
1917	76.8	-23.12	20.32
1918	76.84	-23.1	20.31
1919	76.88	-23.07	20.31
1920	76.92	-23.03	20.32
1921	76.96	-22.99	20.34
1922	77	-22.95	20.36
1923	77.04	-22.92	20.36
1924	77.08	-22.9	20.37
1925	77.12	-22.9	20.36
1926	77.16	-22.89	20.37
1927	77.2	-22.88	20.38
1928	77.24	-22.87	20.39
1929	77.28	-22.87	20.4
1930	77.32	-22.88	20.4
1931	77.36	-22.89	20.4
1932	77.4	-22.92	20.4
1933	77.44	-22.96	20.39
1934	77.48	-22.97	20.4
1935	77.52	-22.99	20.4
1936	77.56	-22.99	20.39
1937	77.6	-23	20.4
1938	77.64	-23	20.4
1939	77.68	-23	20.41
1940	77.72	-23.01	20.42
1941	77.76	-23.04	20.43
1942	77.8	-23.05	20.45
1943	77.84	-23.08	20.45
1944	77.88	-23.1	20.45
1945	77.92	-23.11	20.45
1946	77.96	-23.13	20.46
1947	78	-23.14	20.46
1948	78.04	-23.15	20.47
1949	78.08	-23.15	20.49
1950	78.12	-23.16	20.49
1951	78.16	-23.15	20.48
1952	78.2	-23.15	20.49
1953	78.24	-23.15	20.49
1954	78.28	-23.16	20.49
1955	78.32	-23.17	20.5
1956	78.36	-23.2	20.51
1957	78.4	-23.24	20.51
1958	78.44	-23.29	20.5
1959	78.48	-23.37	20.49
1960	78.52	-23.46	20.47
1961	78.56	-23.56	20.44
1962	78.6	-23.65	20.41
1963	78.64	-23.72	20.39
1964	78.68	-23.77	20.37
1965	78.72	-23.81	20.35
1966	78.76	-23.84	20.35
1967	78.8	-23.85	20.34
1968	78.84	-23.86	20.33
1969	78.88	-23.87	20.33
1970	78.92	-23.87	20.33
1971	78.96	-23.87	20.34
1972	79	-23.87	20.34
1973	79.04	-23.87	20.34
1974	79.08	-23.87	20.31
1975	79.12	-23.88	20.29
1976	79.16	-23.9	20.26
1977	79.2	-23.93	20.23
1978	79.24	-23.97	20.21
1979	79.28	-24	20.18
1980	79.32	-24.02	20.13
1981	79.36	-24.02	20.07
1982	79.4	-24.03	20.03
1983	79.44	-24.06	20.03
1984	79.48	-24.07	20.05
1985	79.52	-24.08	20.07
1986	79.56	-24.09	20.09
1987	79.6	-24.07	20.11
1988	79.64	-24.05	20.12
1989	79.68	-24.03	20.16
1990	79.72	-24.01	20.19
1991	79.76	-23.98	20.22
1992	79.8	-23.96	20.25
1993	79.84	-23.94	20.3
1994	79.88	-23.94	20.33
1995	79.92	-23.94	20.37
1996	79.96	-23.96	20.37
1997	80	-23.97	20.38
1998	80.04	-23.97	20.39
1999	80.08	-23.96	20.39
2000	80.12	-23.95	20.41
2001	80.16	-23.94	20.42
2002	80.2	-23.94	20.42
2003	80.24	-23.95	20.42
2004	80.28	-23.95	20.4
2005	80.32	-23.95	20.37
2006	80.36	-23.95	20.33
2007	80.4	-23.94	20.29
2008	80.44	-23.94	20.28
2009	80.48	-23.93	20.26
2010	80.52	-23.94	20.25
2011	80.56	-23.95	20.26
2012	80.6	-23.96	20.26
2013	80.64	-23.96	20.27
2014	80.68	-23.96	20.29
2015	80.72	-23.95	20.28
2016	80.76	-23.91	20.26
2017	80.8	-23.89	20.23
2018	80.84	-23.87	20.2
2019	80.88	-23.88	20.17
2020	80.92	-23.91	20.17
2021	80.96	-23.95	20.18
2022	81	-23.98	20.18
2023	81.04	-23.99	20.18
2024	81.08	-24.01	20.18
2025	81.12	-24.02	20.17
2026	81.16	-24.03	20.18
2027	81.2	-24.04	20.18
2028	81.24	-24.05	20.19
2029	81.28	-24.06	20.19
2030	81.32	-24.07	20.18
2031	81.36	-24.08	20.16
2032	81.4	-24.09	20.14
2033	81.44	-24.09	20.12
2034	81.48	-24.1	20.11
2035	81.52	-24.1	20.1
2036	81.56	-24.11	20.11
2037	81.6	-24.11	20.11
2038	81.64	-24.1	20.1
2039	81.68	-24.1	20.11
2040	81.72	-24.08	20.13
2041	81.76	-24.08	20.14
2042	81.8	-24.07	20.17
2043	81.84	-24.06	20.18
2044	81.88	-24.06	20.17
2045	81.92	-24.06	20.2
2046	81.96	-24.06	20.2
2047	82	-24.06	20.2
2048	82.04	-24.06	20.21
2049	82.08	-24.06	20.21
2050	82.12	-24.06	20.21
2051	82.16	-24.06	20.23
2052	82.2	-24.07	20.24
2053	82.24	-24.07	20.23
2054	82.28	-24.08	20.24
2055	82.32	-24.08	20.23
2056	82.36	-24.08	20.23
2057	82.4	-24.07	20.25
2058	82.44	-24.08	20.23
2059	82.48	-24.07	20.24
2060	82.52	-24.07	20.25
2061	82.56	-24.07	20.25
2062	82.6	-24.07	20.26
2063	82.64	-24.06	20.25
2064	82.68	-24.06	20.24
2065	82.72	-24.06	20.25
2066	82.76	-24.05	20.27
2067	82.8	-24.04	20.27
2068	82.84	-24.04	20.27
2069	82.88	-24.04	20.27
2070	82.92	-24.03	20.27
2071	82.96	-24.03	20.29
2072	83	-24.03	20.32
2073	83.04	-24.03	20.33
2074	83.08	-24.03	20.34
2075	83.12	-24.03	20.34
2076	83.16	-24.03	20.34
2077	83.2	-24.04	20.34
2078	83.24	-24.04	20.33
2079	83.28	-24.04	20.32
2080	83.32	-24.04	20.32
2081	83.36	-24.04	20.3
2082	83.4	-24.04	20.28
2083	83.44	-24.04	20.27
2084	83.48	-24.03	20.27
2085	83.52	-24.03	20.25
2086	83.56	-24.02	20.27
2087	83.6	-24.02	20.28
2088	83.64	-24.02	20.28
2089	83.68	-24.02	20.28
2090	83.72	-24.02	20.27
2091	83.76	-24.02	20.26
2092	83.8	-24.01	20.27
2093	83.84	-24.01	20.27
2094	83.88	-24	20.28
2095	83.92	-24	20.3
2096	83.96	-24	20.29
2097	84	-24	20.29
2098	84.04	-24	20.29
2099	84.08	-24	20.3
2100	84.12	-24	20.29
2101	84.16	-24	20.29
2102	84.2	-24	20.29
2103	84.24	-24	20.27
2104	84.28	-24	20.27
2105	84.32	-24	20.28
2106	84.36	-24	20.28
2107	84.4	-24	20.28
2108	84.44	-24	20.29
2109	84.48	-24	20.3
2110	84.52	-23.99	20.31
2111	84.56	-23.99	20.31
2112	84.6	-23.99	20.3
2113	84.64	-23.99	20.29
2114	84.68	-23.98	20.29
2115	84.72	-23.98	20.28
2116	84.76	-23.98	20.28
2117	84.8	-23.97	20.28
2118	84.84	-23.97	20.26
2119	84.88	-23.97	20.27
2120	84.92	-23.97	20.28
2121	84.96	-23.96	20.28
2122	85	-23.97	20.28
2123	85.04	-23.96	20.28
2124	85.08	-23.97	20.28
2125	85.12	-23.97	20.28
2126	85.16	-23.97	20.29
2127	85.2	-23.97	20.28
2128	85.24	-23.97	20.28
2129	85.28	-23.97	20.26
2130	85.32	-23.96	20.24
2131	85.36	-23.96	20.2
2132	85.4	-23.97	20.15
2133	85.44	-23.99	20.13
2134	85.48	-24.01	20.12
2135	85.52	-24.04	20.13
2136	85.56	-24.06	20.17
2137	85.6	-24.08	20.2
2138	85.64	-24.1	20.24
2139	85.68	-24.11	20.28
2140	85.72	-24.11	20.31
2141	85.76	-24.11	20.33
2142	85.8	-24.11	20.35
2143	85.84	-24.1	20.37
2144	85.88	-24.1	20.37
2145	85.92	-24.09	20.37
2146	85.96	-24.08	20.35
2147	86	-24.07	20.3
2148	86.04	-24.05	20.23
2149	86.08	-24.02	20.17
2150	86.12	-23.99	20.1
2151	86.16	-23.96	20.03
2152	86.2	-23.95	19.97
2153	86.24	-23.93	19.91
2154	86.28	-23.93	19.88
2155	86.32	-23.94	19.86
2156	86.36	-23.95	19.83
2157	86.4	-23.95	19.8
2158	86.44	-23.95	19.77
2159	86.48	-23.97	19.76
2160	86.52	-23.97	19.76
2161	86.56	-23.98	19.75
2162	86.6	-23.99	19.74
2163	86.64	-23.99	19.74
2164	86.68	-23.99	19.71
2165	86.72	-24	19.73
2166	86.76	-24	19.76
2167	86.8	-24	19.8
2168	86.84	-23.99	19.86
2169	86.88	-23.96	19.88
2170	86.92	-23.94	19.9
2171	86.96	-23.91	19.91
2172	87	-23.88	19.91
2173	87.04	-23.85	19.92
2174	87.08	-23.8	19.94
2175	87.12	-23.75	19.97
2176	87.16	-23.7	20.03
2177	87.2	-23.64	20.08
2178	87.24	-23.59	20.15
2179	87.28	-23.55	20.21
2180	87.32	-23.53	20.26
2181	87.36	-23.53	20.31
2182	87.4	-23.54	20.34
2183	87.44	-23.56	20.36
2184	87.48	-23.55	20.35
2185	87.52	-23.53	20.33
2186	87.56	-23.5	20.31
2187	87.6	-23.46	20.27
2188	87.64	-23.42	20.24
2189	87.68	-23.39	20.19
2190	87.72	-23.4	20.15
2191	87.76	-23.39	20.11
2192	87.8	-23.39	20.09
2193	87.84	-23.37	20.07
2194	87.88	-23.35	20.04
2195	87.92	-23.33	20.01
2196	87.96	-23.32	19.98
2197	88	-23.3	19.96
2198	88.04	-23.26	19.96
2199	88.08	-23.24	19.96
2200	88.12	-23.21	19.95
2201	88.16	-23.19	19.95
2202	88.2	-23.19	19.94
2203	88.24	-23.17	19.94
2204	88.28	-23.15	19.97
2205	88.32	-23.13	19.99
2206	88.36	-23.11	20.03
2207	88.4	-23.11	20.04
2208	88.44	-23.12	20.03
2209	88.48	-23.13	20.03
2210	88.52	-23.15	20.02
2211	88.56	-23.16	20.03
2212	88.6	-23.17	20.04
2213	88.64	-23.18	20.05
2214	88.68	-23.18	20.05
2215	88.72	-23.2	20.06
2216	88.76	-23.21	20.06
2217	88.8	-23.23	20.05
2218	88.84	-23.24	20.05
2219	88.88	-23.26	20.05
2220	88.92	-23.27	20.06
2221	88.96	-23.26	20.06
2222	89	-23.27	20.05
2223	89.04	-23.28	20.06
2224	89.08	-23.28	20.07
2225	89.12	-23.29	20.07
2226	89.16	-23.28	20.09
2227	89.2	-23.27	20.09
2228	89.24	-23.28	20.07
2229	89.28	-23.29	20.06
2230	89.32	-23.31	20.02
2231	89.36	-23.33	20
2232	89.4	-23.34	19.99
2233	89.44	-23.34	19.99
2234	89.48	-23.33	20
2235	89.52	-23.33	20
2236	89.56	-23.33	20.01
2237	89.6	-23.35	19.99
2238	89.64	-23.37	19.99
2239	89.68	-23.39	19.98
2240	89.72	-23.42	19.96
2241	89.76	-23.46	19.96
2242	89.8	-23.51	19.96
2243	89.84	-23.57	19.94
2244	89.88	-23.63	19.93
2245	89.92	-23.69	19.92
2246	89.96	-23.75	19.9
2247	90	-23.8	19.92
2248	90.04	-23.83	19.94
2249	90.08	-23.87	19.95
2250	90.12	-23.91	19.97
2251	90.16	-23.94	19.97
2252	90.2	-23.96	19.97
2253	90.24	-23.97	19.96
2254	90.28	-23.96	19.95
2255	90.32	-23.97	19.94
2256	90.36	-23.98	19.91
2257	90.4	-23.99	19.88
2258	90.44	-24.01	19.86
2259	90.48	-24.02	19.81
2260	90.52	-24.02	19.79
2261	90.56	-24.02	19.76
2262	90.6	-24.01	19.73
2263	90.64	-24.01	19.73
2264	90.68	-24.01	19.73
2265	90.72	-24.03	19.75
2266	90.76	-24.05	19.78
2267	90.8	-24.08	19.82
2268	90.84	-24.12	19.83
2269	90.88	-24.14	19.85
2270	90.92	-24.15	19.89
2271	90.96	-24.15	19.9
2272	91	-24.14	19.93
2273	91.04	-24.13	19.97
2274	91.08	-24.12	19.98
2275	91.12	-24.11	20
2276	91.16	-24.11	20.03
2277	91.2	-24.11	20.07
2278	91.24	-24.1	20.13
2279	91.28	-24.07	20.16
2280	91.32	-24.04	20.19
2281	91.36	-24.01	20.21
2282	91.4	-24	20.25
2283	91.44	-23.99	20.3
2284	91.48	-23.99	20.38
2285	91.52	-24.01	20.45
2286	91.56	-24.05	20.51
2287	91.6	-24.09	20.56
2288	91.64	-24.13	20.59
2289	91.68	-24.14	20.61
2290	91.72	-24.14	20.61
2291	91.76	-24.13	20.61
2292	91.8	-24.13	20.61
2293	91.84	-24.14	20.6
2294	91.88	-24.16	20.59
2295	91.92	-24.17	20.58
2296	91.96	-24.18	20.56
2297	92	-24.18	20.57
2298	92.04	-24.2	20.61
2299	92.08	-24.22	20.65
2300	92.12	-24.23	20.7
2301	92.16	-24.25	20.74
2302	92.2	-24.26	20.77
2303	92.24	-24.27	20.79
2304	92.28	-24.27	20.82
2305	92.32	-24.27	20.84
2306	92.36	-24.26	20.86
2307	92.4	-24.24	20.9
2308	92.44	-24.23	20.92
2309	92.48	-24.21	20.94
2310	92.52	-24.19	20.94
2311	92.56	-24.16	20.95
2312	92.6	-24.13	20.93
2313	92.64	-24.09	20.93
2314	92.68	-24.05	20.95
2315	92.72	-23.99	20.98
2316	92.76	-23.91	21.05
2317	92.8	-23.83	21.11
2318	92.84	-23.75	21.17
2319	92.88	-23.68	21.21
2320	92.92	-23.62	21.23
2321	92.96	-23.57	21.23
2322	93	-23.52	21.26
2323	93.04	-23.47	21.27
2324	93.08	-23.44	21.28
2325	93.12	-23.39	21.32
2326	93.16	-23.36	21.34
2327	93.2	-23.29	21.36
2328	93.24	-23.17	21.42
2329	93.28	-23.03	21.43
2330	93.32	-22.86	21.43
2331	93.36	-22.73	21.41
2332	93.4	-22.64	21.38
2333	93.44	-22.57	21.37
2334	93.48	-22.52	21.38
2335	93.52	-22.46	21.38
2336	93.56	-22.41	21.39
2337	93.6	-22.36	21.41
2338	93.64	-22.31	21.43
2339	93.68	-22.27	21.46
2340	93.72	-22.25	21.48
2341	93.76	-22.24	21.5
2342	93.8	-22.24	21.51
2343	93.84	-22.25	21.51
2344	93.88	-22.26	21.51
2345	93.92	-22.28	21.49
2346	93.96	-22.32	21.46
2347	94	-22.37	21.43
2348	94.04	-22.43	21.39
2349	94.08	-22.48	21.36
2350	94.12	-22.53	21.32
2351	94.16	-22.6	21.29
2352	94.2	-22.66	21.27
2353	94.24	-22.72	21.24
2354	94.28	-22.81	21.19
2355	94.32	-22.88	21.16
2356	94.36	-22.94	21.13
2357	94.4	-22.96	21.11
2358	94.44	-22.9	21.13
2359	94.48	-22.85	21.16
2360	94.52	-22.78	21.2
2361	94.56	-22.79	21.24
2362	94.6	-22.82	21.29
2363	94.64	-22.88	21.33
2364	94.68	-22.96	21.35
2365	94.72	-22.98	21.39
2366	94.76	-23.01	21.44
2367	94.8	-23.01	21.52
2368	94.84	-22.99	21.57
2369	94.88	-23.02	21.58
2370	94.92	-23.07	21.53
2371	94.96	-23.09	21.5
2372	95	-23.11	21.47
2373	95.04	-23.1	21.47
2374	95.08	-23.05	21.51
2375	95.12	-23	21.53
2376	95.16	-22.98	21.56
2377	95.2	-22.94	21.6
2378	95.24	-22.91	21.62
2379	95.28	-22.95	21.65
2380	95.32	-22.94	21.68
2381	95.36	-22.94	21.7
2382	95.4	-22.97	21.72
2383	95.44	-23	21.71
2384	95.48	-22.98	21.7
2385	95.52	-22.95	21.7
2386	95.56	-22.9	21.71
2387	95.6	-22.82	21.74
2388	95.64	-22.77	21.77
2389	95.68	-22.73	21.79
2390	95.72	-22.69	21.8
2391	95.76	-22.66	21.79
2392	95.8	-22.64	21.78
2393	95.84	-22.61	21.77
2394	95.88	-22.6	21.77
2395	95.92	-22.57	21.77
2396	95.96	-22.56	21.77
2397	96	-22.56	21.77
2398	96.04	-22.55	21.74
2399	96.08	-22.52	21.72
2400	96.12	-22.5	21.71
2401	96.16	-22.47	21.69
2402	96.2	-22.46	21.68
2403	96.24	-22.47	21.67
2404	96.28	-22.48	21.68
2405	96.32	-22.5	21.71
2406	96.36	-22.49	21.76
2407	96.4	-22.52	21.8
2408	96.44	-22.54	21.82
2409	96.48	-22.54	21.84
2410	96.52	-22.55	21.85
2411	96.56	-22.55	21.87
2412	96.6	-22.56	21.9
2413	96.64	-22.56	21.93
2414	96.68	-22.57	21.97
2415	96.72	-22.54	22.01
2416	96.76	-22.49	22.05
2417	96.8	-22.42	22.09
2418	96.84	-22.38	22.12
2419	96.88	-22.33	22.15
2420	96.92	-22.29	22.17
2421	96.96	-22.26	22.18
2422	97	-22.2	22.21
2423	97.04	-22.13	22.23
2424	97.08	-22.03	22.25
2425	97.12	-21.9	22.25
2426	97.16	-21.8	22.25
2427	97.2	-21.74	22.22
2428	97.24	-21.73	22.17
2429	97.28	-21.77	22.12
2430	97.32	-21.8	22.06
2431	97.36	-21.8	22.03
2432	97.4	-21.77	22.01
2433	97.44	-21.72	22
2434	97.48	-21.68	22
2435	97.52	-21.65	21.99
2436	97.56	-21.62	21.99
2437	97.6	-21.58	22
2438	97.64	-21.54	22.01
2439	97.68	-21.52	22.02
2440	97.72	-21.55	22.02
2441	97.76	-21.6	22
2442	97.8	-21.65	21.98
2443	97.84	-21.7	21.96
2444	97.88	-21.73	21.96
2445	97.92	-21.77	21.96
2446	97.96	-21.77	21.97
2447	98	-21.8	21.97
2448	98.04	-21.83	21.97
2449	98.08	-21.85	21.98
2450	98.12	-21.89	21.99
2451	98.16	-21.98	22.01
2452	98.2	-22.07	22.02
2453	98.24	-22.2	22.02
2454	98.28	-22.32	22.01
2455	98.32	-22.38	21.99
2456	98.36	-22.43	21.97
2457	98.4	-22.46	21.97
2458	98.44	-22.5	21.96
2459	98.48	-22.53	21.97
2460	98.52	-22.54	21.99
2461	98.56	-22.6	22.02
2462	98.6	-22.63	22.05
2463	98.64	-22.72	22.07
2464	98.68	-22.82	22.1
2465	98.72	-22.9	22.15
2466	98.76	-22.99	22.19
2467	98.8	-23.04	22.21
2468	98.84	-23.11	22.2
2469	98.88	-23.19	22.17
2470	98.92	-23.24	22.14
2471	98.96	-23.3	22.11
2472	99	-23.33	22.07
2473	99.04	-23.34	22.03
2474	99.08	-23.35	21.99
2475	99.12	-23.36	21.97
2476	99.16	-23.37	21.95
2477	99.2	-23.4	21.94
2478	99.24	-23.43	21.95
2479	99.28	-23.45	21.95
2480	99.32	-23.48	21.96
2481	99.36	-23.48	21.97
2482	99.4	-23.45	21.97
2483	99.44	-23.45	21.98
2484	99.48	-23.44	22.02
2485	99.51	-23.45	22.08
2486	99.56	-23.48	22.14
2487	99.6	-23.51	22.19
2488	99.63	-23.53	22.2
2489	99.67	-23.55	22.19
2490	99.72	-23.56	22.17
2491	99.75	-23.56	22.15
2492	99.8	-23.56	22.15
2493	99.83	-23.53	22.14
2494	99.87	-23.51	22.15
2495	99.91	-23.51	22.15
2496	99.96	-23.5	22.16
2497	99.99	-23.51	22.17
2498	100.03	-23.52	22.16
2499	100.07	-23.49	22.16
2500	100.11	-23.5	22.15
2501	100.15	-23.48	22.14
2502	100.19	-23.48	22.16
2503	100.23	-23.49	22.16
2504	100.27	-23.5	22.16
2505	100.31	-23.51	22.15
2506	100.35	-23.51	22.12
2507	100.39	-23.51	22.1
2508	100.43	-23.5	22.08
2509	100.47	-23.49	22.08
2510	100.51	-23.48	22.07
2511	100.55	-23.47	22.06
2512	100.59	-23.46	22.06
2513	100.63	-23.46	22.05
2514	100.67	-23.45	22.04
2515	100.72	-23.44	22.03
2516	100.75	-23.42	22.01
2517	100.79	-23.42	21.99
2518	100.83	-23.43	21.97
2519	100.87	-23.45	21.95
2520	100.91	-23.47	21.93
2521	100.95	-23.49	21.9
2522	100.99	-23.51	21.85
2523	101.03	-23.52	21.8
2524	101.07	-23.53	21.73
2525	101.11	-23.54	21.66
2526	101.15	-23.53	21.59
2527	101.19	-23.5	21.51
2528	101.23	-23.49	21.44
2529	101.27	-23.47	21.35
2530	101.31	-23.47	21.28
2531	101.35	-23.47	21.22
2532	101.39	-23.46	21.15
2533	101.43	-23.45	21.05
2534	101.47	-23.43	20.94
2535	101.51	-23.41	20.82
2536	101.55	-23.41	20.73
2537	101.59	-23.41	20.66
2538	101.63	-23.42	20.59
2539	101.67	-23.44	20.55
2540	101.72	-23.44	20.48
2541	101.75	-23.45	20.43
2542	101.79	-23.45	20.38
2543	101.83	-23.42	20.33
2544	101.87	-23.41	20.31
2545	101.91	-23.38	20.3
2546	101.95	-23.35	20.29
2547	101.99	-23.33	20.31
2548	102.03	-23.31	20.32
2549	102.07	-23.29	20.33
2550	102.11	-23.26	20.33
2551	102.15	-23.24	20.34
2552	102.19	-23.21	20.33
2553	102.23	-23.18	20.32
2554	102.27	-23.16	20.33
2555	102.31	-23.15	20.32
2556	102.35	-23.15	20.32
2557	102.39	-23.16	20.35
2558	102.43	-23.17	20.36
2559	102.47	-23.18	20.37
2560	102.51	-23.19	20.4
2561	102.55	-23.19	20.4
2562	102.59	-23.19	20.41
2563	102.63	-23.2	20.42
2564	102.67	-23.21	20.44
2565	102.71	-23.21	20.44
2566	102.75	-23.22	20.45
2567	102.79	-23.22	20.45
2568	102.83	-23.22	20.45
2569	102.87	-23.23	20.47
2570	102.91	-23.24	20.47
2571	102.95	-23.24	20.47
2572	102.99	-23.25	20.47
2573	103.03	-23.28	20.47
2574	103.07	-23.31	20.49
2575	103.11	-23.33	20.49
2576	103.15	-23.37	20.49
2577	103.19	-23.41	20.49
2578	103.23	-23.45	20.5
2579	103.27	-23.49	20.53
2580	103.31	-23.53	20.54
2581	103.35	-23.54	20.55
2582	103.39	-23.54	20.55
2583	103.43	-23.53	20.56
2584	103.47	-23.52	20.58
2585	103.51	-23.46	20.62
2586	103.55	-23.36	20.67
2587	103.59	-23.26	20.74
2588	103.63	-23.16	20.79
2589	103.67	-23.13	20.81
2590	103.71	-23.15	20.81
2591	103.75	-23.18	20.78
2592	103.79	-23.21	20.76
2593	103.83	-23.24	20.75
2594	103.87	-23.26	20.75
2595	103.91	-23.27	20.75
2596	103.95	-23.27	20.77
2597	103.99	-23.28	20.77
2598	104.03	-23.25	20.78
2599	104.07	-23.22	20.81
2600	104.11	-23.21	20.82
2601	104.15	-23.19	20.84
2602	104.19	-23.21	20.85
2603	104.23	-23.23	20.84
2604	104.27	-23.26	20.84
2605	104.31	-23.28	20.86
2606	104.35	-23.31	20.88
2607	104.39	-23.34	20.88
2608	104.43	-23.36	20.86
2609	104.47	-23.38	20.83
2610	104.51	-23.38	20.81
2611	104.55	-23.38	20.79
2612	104.59	-23.37	20.77
2613	104.63	-23.36	20.73
2614	104.67	-23.36	20.69
2615	104.71	-23.36	20.65
2616	104.75	-23.36	20.61
2617	104.79	-23.36	20.58
2618	104.83	-23.36	20.57
2619	104.87	-23.37	20.55
2620	104.91	-23.37	20.53
2621	104.95	-23.37	20.53
2622	104.99	-23.39	20.5
2623	105.03	-23.4	20.46
2624	105.07	-23.41	20.44
2625	105.11	-23.42	20.4
2626	105.15	-23.43	20.36
2627	105.19	-23.45	20.33
2628	105.23	-23.46	20.29
2629	105.27	-23.48	20.26
2630	105.31	-23.48	20.25
2631	105.35	-23.48	20.21
2632	105.39	-23.49	20.18
2633	105.43	-23.5	20.13
2634	105.47	-23.52	20.07
2635	105.51	-23.54	20.04
2636	105.55	-23.55	20
2637	105.59	-23.57	19.97
2638	105.63	-23.57	19.93
2639	105.67	-23.58	19.9
2640	105.71	-23.58	19.85
2641	105.75	-23.59	19.79
2642	105.79	-23.59	19.72
2643	105.83	-23.62	19.65
2644	105.87	-23.65	19.58
2645	105.91	-23.68	19.52
2646	105.95	-23.73	19.48
2647	105.99	-23.77	19.42
2648	106.03	-23.8	19.4
2649	106.07	-23.83	19.39
2650	106.11	-23.85	19.38
2651	106.15	-23.87	19.38
2652	106.19	-23.9	19.38
2653	106.23	-23.93	19.37
2654	106.27	-23.96	19.34
2655	106.31	-23.97	19.3
2656	106.35	-23.95	19.27
2657	106.39	-23.92	19.24
2658	106.43	-23.89	19.23
2659	106.47	-23.86	19.22
2660	106.51	-23.83	19.23
2661	106.55	-23.81	19.24
2662	106.59	-23.79	19.28
2663	106.63	-23.76	19.32
2664	106.67	-23.74	19.36
2665	106.71	-23.69	19.42
2666	106.75	-23.62	19.49
2667	106.79	-23.55	19.56
2668	106.83	-23.47	19.65
2669	106.87	-23.41	19.74
2670	106.91	-23.37	19.83
2671	106.95	-23.34	19.95
2672	106.99	-23.33	20.05
2673	107.03	-23.33	20.13
2674	107.07	-23.32	20.21
2675	107.11	-23.3	20.26
2676	107.15	-23.3	20.3
2677	107.19	-23.28	20.35
2678	107.23	-23.27	20.38
2679	107.27	-23.28	20.4
2680	107.31	-23.26	20.41
2681	107.35	-23.24	20.42
2682	107.39	-23.19	20.39
2683	107.43	-23.13	20.38
2684	107.47	-23.08	20.38
2685	107.51	-23.03	20.4
2686	107.55	-23.01	20.44
2687	107.59	-23	20.48
2688	107.63	-22.98	20.51
2689	107.67	-22.99	20.54
2690	107.71	-23	20.59
2691	107.75	-23.01	20.65
2692	107.79	-23.02	20.71
2693	107.83	-23.02	20.77
2694	107.87	-23.03	20.81
2695	107.91	-23.04	20.86
2696	107.95	-23.04	20.9
2697	107.99	-23.05	20.96
2698	108.03	-23.05	21.03
2699	108.07	-23.07	21.08
2700	108.11	-23.1	21.15
2701	108.15	-23.11	21.19
2702	108.19	-23.13	21.2
2703	108.23	-23.12	21.24
2704	108.27	-23.1	21.27
2705	108.31	-23.09	21.31
2706	108.35	-23.07	21.37
2707	108.39	-23.09	21.41
2708	108.43	-23.1	21.45
2709	108.47	-23.12	21.5
2710	108.51	-23.13	21.53
2711	108.55	-23.13	21.56
2712	108.59	-23.16	21.58
2713	108.63	-23.19	21.55
2714	108.67	-23.21	21.48
2715	108.71	-23.24	21.42
2716	108.75	-23.24	21.36
2717	108.79	-23.24	21.35
2718	108.83	-23.24	21.35
2719	108.87	-23.23	21.35
2720	108.91	-23.21	21.35
2721	108.95	-23.21	21.35
2722	108.99	-23.21	21.4
2723	109.03	-23.22	21.45
2724	109.07	-23.22	21.5
2725	109.11	-23.22	21.54
2726	109.15	-23.22	21.55
2727	109.19	-23.21	21.54
2728	109.23	-23.21	21.54
2729	109.27	-23.2	21.54
2730	109.31	-23.19	21.53
2731	109.35	-23.18	21.52
2732	109.39	-23.15	21.5
2733	109.43	-23.13	21.49
2734	109.47	-23.11	21.49
2735	109.51	-23.09	21.48
2736	109.55	-23.09	21.47
2737	109.59	-23.09	21.46
2738	109.63	-23.07	21.44
2739	109.67	-23.09	21.42
2740	109.71	-23.09	21.4
2741	109.75	-23.1	21.38
2742	109.79	-23.12	21.36
2743	109.83	-23.13	21.34
2744	109.87	-23.13	21.31
2745	109.91	-23.13	21.29
2746	109.95	-23.13	21.24
2747	109.99	-23.13	21.18
2748	110.03	-23.14	21.13
2749	110.07	-23.17	21.06
2750	110.11	-23.2	20.97
2751	110.15	-23.22	20.87
2752	110.19	-23.24	20.79
2753	110.23	-23.26	20.7
2754	110.27	-23.27	20.65
2755	110.31	-23.29	20.6
2756	110.35	-23.31	20.55
2757	110.39	-23.33	20.51
2758	110.43	-23.34	20.46
2759	110.47	-23.33	20.43
2760	110.51	-23.33	20.39
2761	110.55	-23.31	20.37
2762	110.59	-23.3	20.36
2763	110.63	-23.29	20.35
2764	110.67	-23.27	20.38
2765	110.71	-23.24	20.4
2766	110.75	-23.2	20.43
2767	110.79	-23.14	20.46
2768	110.83	-23.06	20.5
2769	110.87	-23	20.53
2770	110.91	-22.92	20.58
2771	110.95	-22.87	20.63
2772	110.99	-22.83	20.67
2773	111.03	-22.82	20.7
2774	111.07	-22.82	20.72
2775	111.11	-22.83	20.76
2776	111.15	-22.84	20.79
2777	111.19	-22.83	20.84
2778	111.23	-22.83	20.89
2779	111.27	-22.84	20.94
2780	111.31	-22.85	20.99
2781	111.35	-22.86	21.06
2782	111.39	-22.85	21.11
2783	111.43	-22.84	21.16
2784	111.47	-22.82	21.21
2785	111.51	-22.81	21.23
2786	111.55	-22.79	21.25
2787	111.59	-22.79	21.26
2788	111.63	-22.78	21.26
2789	111.67	-22.79	21.27
2790	111.71	-22.79	21.27
2791	111.75	-22.8	21.26
2792	111.79	-22.8	21.26
2793	111.83	-22.81	21.26
2794	111.87	-22.81	21.27
2795	111.91	-22.79	21.29
2796	111.95	-22.77	21.31
2797	111.99	-22.75	21.34
2798	112.03	-22.73	21.37
2799	112.07	-22.73	21.41
2800	112.11	-22.7	21.45
2801	112.15	-22.68	21.5
2802	112.19	-22.67	21.52
2803	112.23	-22.65	21.52
2804	112.27	-22.65	21.52
2805	112.31	-22.63	21.52
2806	112.35	-22.59	21.51
2807	112.39	-22.56	21.52
2808	112.43	-22.54	21.51
2809	112.47	-22.53	21.51
2810	112.51	-22.5	21.5
2811	112.55	-22.48	21.5
2812	112.59	-22.45	21.51
2813	112.63	-22.43	21.53
2814	112.67	-22.41	21.56
2815	112.71	-22.4	21.59
2816	112.75	-22.38	21.61
2817	112.79	-22.36	21.63
2818	112.83	-22.35	21.63
2819	112.87	-22.31	21.64
2820	112.91	-22.29	21.64
2821	112.95	-22.28	21.63
2822	112.99	-22.26	21.63
2823	113.03	-22.26	21.63
2824	113.07	-22.26	21.62
2825	113.11	-22.25	21.62
2826	113.15	-22.23	21.63
2827	113.19	-22.21	21.64
2828	113.23	-22.19	21.67
2829	113.27	-22.18	21.7
2830	113.31	-22.18	21.73
2831	113.35	-22.21	21.77
2832	113.39	-22.26	21.81
2833	113.43	-22.3	21.83
2834	113.47	-22.34	21.84
2835	113.51	-22.36	21.83
2836	113.55	-22.36	21.81
2837	113.59	-22.36	21.78
2838	113.63	-22.35	21.75
2839	113.67	-22.38	21.73
2840	113.71	-22.42	21.72
2841	113.75	-22.48	21.71
2842	113.79	-22.57	21.71
2843	113.83	-22.65	21.71
2844	113.87	-22.7	21.71
2845	113.91	-22.72	21.71
2846	113.95	-22.72	21.71
2847	113.99	-22.71	21.72
2848	114.03	-22.7	21.71
2849	114.07	-22.7	21.71
2850	114.11	-22.7	21.71
2851	114.15	-22.72	21.7
2852	114.19	-22.75	21.68
2853	114.23	-22.77	21.66
2854	114.27	-22.77	21.65
2855	114.31	-22.74	21.63
2856	114.35	-22.7	21.63
2857	114.39	-22.66	21.61
2858	114.43	-22.64	21.59
2859	114.47	-22.61	21.56
2860	114.51	-22.6	21.53
2861	114.55	-22.59	21.52
2862	114.59	-22.56	21.53
2863	114.63	-22.52	21.53
2864	114.67	-22.45	21.52
2865	114.71	-22.39	21.52
2866	114.75	-22.35	21.53
2867	114.79	-22.34	21.56
2868	114.83	-22.34	21.59
2869	114.87	-22.35	21.61
2870	114.91	-22.34	21.62
2871	114.95	-22.36	21.64
2872	114.99	-22.38	21.66
2873	115.03	-22.42	21.67
2874	115.07	-22.47	21.69
2875	115.11	-22.52	21.68
2876	115.15	-22.6	21.68
2877	115.19	-22.65	21.68
2878	115.23	-22.7	21.67
2879	115.27	-22.74	21.68
2880	115.31	-22.76	21.68
2881	115.35	-22.78	21.67
2882	115.39	-22.8	21.66
2883	115.43	-22.83	21.67
2884	115.47	-22.85	21.69
2885	115.51	-22.86	21.73
2886	115.55	-22.86	21.78
2887	115.59	-22.84	21.82
2888	115.63	-22.84	21.86
2889	115.67	-22.85	21.89
2890	115.71	-22.86	21.91
2891	115.75	-22.89	21.92
2892	115.79	-22.9	21.93
2893	115.83	-22.94	21.95
2894	115.87	-22.98	21.96
2895	115.91	-23.01	21.96
2896	115.95	-23.04	21.96
2897	115.99	-23.06	21.96
2898	116.03	-23.08	21.96
2899	116.07	-23.09	21.97
2900	116.11	-23.11	21.97
2901	116.15	-23.12	21.97
2902	116.19	-23.12	21.99
2903	116.23	-23.12	22.02
2904	116.27	-23.13	22.08
2905	116.31	-23.12	22.12
2906	116.35	-23.12	22.15
2907	116.39	-23.13	22.16
2908	116.43	-23.13	22.15
2909	116.47	-23.13	22.14
2910	116.51	-23.11	22.13
2911	116.55	-23.11	22.12
2912	116.59	-23.1	22.12
2913	116.63	-23.09	22.12
2914	116.67	-23.08	22.12
2915	116.71	-23.07	22.11
2916	116.75	-23.04	22.09
2917	116.79	-23.03	22.08
2918	116.83	-23.01	22.07
2919	116.87	-22.98	22.06
2920	116.91	-22.94	22.06
2921	116.95	-22.91	22.05
2922	116.99	-22.87	22.04
2923	117.03	-22.85	22.02
2924	117.07	-22.82	22
2925	117.11	-22.8	21.97
2926	117.15	-22.77	21.93
2927	117.19	-22.77	21.91
2928	117.23	-22.77	21.88
2929	117.27	-22.77	21.83
2930	117.31	-22.77	21.77
2931	117.35	-22.74	21.68
2932	117.39	-22.74	21.59
2933	117.43	-22.74	21.49
2934	117.47	-22.74	21.42
2935	117.51	-22.79	21.34
2936	117.55	-22.82	21.22
2937	117.59	-22.86	21.08
2938	117.63	-22.89	20.93
2939	117.67	-22.91	20.79
2940	117.71	-22.9	20.67
2941	117.75	-22.89	20.57
2942	117.79	-22.88	20.49
2943	117.83	-22.86	20.41
2944	117.87	-22.85	20.38
2945	117.91	-22.85	20.36
2946	117.95	-22.87	20.35
2947	117.99	-22.88	20.35
2948	118.03	-22.89	20.35
2949	118.07	-22.89	20.38
2950	118.11	-22.89	20.4
2951	118.15	-22.88	20.42
2952	118.19	-22.87	20.45
2953	118.23	-22.85	20.48
2954	118.27	-22.82	20.52
2955	118.31	-22.78	20.57
2956	118.35	-22.74	20.62
2957	118.39	-22.73	20.65
2958	118.43	-22.72	20.7
2959	118.47	-22.73	20.75
2960	118.51	-22.74	20.81
2961	118.55	-22.75	20.85
2962	118.59	-22.76	20.89
2963	118.63	-22.78	20.92
2964	118.67	-22.78	20.95
2965	118.71	-22.8	20.99
2966	118.75	-22.83	21.03
2967	118.79	-22.87	21.09
2968	118.83	-22.9	21.16
2969	118.87	-22.93	21.22
2970	118.91	-22.95	21.29
2971	118.95	-22.96	21.32
2972	118.99	-22.98	21.35
2973	119.03	-23.01	21.38
2974	119.07	-23.03	21.41
2975	119.11	-23.04	21.43
2976	119.15	-23.04	21.44
2977	119.19	-23.03	21.45
2978	119.23	-23.03	21.43
2979	119.27	-23.04	21.42
2980	119.31	-23.04	21.41
2981	119.35	-23.04	21.4
2982	119.39	-23.04	21.39
2983	119.43	-23.04	21.38
2984	119.47	-23.05	21.38
2985	119.51	-23.06	21.37
2986	119.55	-23.07	21.35
2987	119.59	-23.07	21.33
2988	119.63	-23.05	21.32
2989	119.67	-23.05	21.32
2990	119.71	-23.05	21.33
2991	119.75	-23.05	21.35
2992	119.79	-23.06	21.38
2993	119.83	-23.07	21.43
2994	119.87	-23.07	21.45
2995	119.91	-23.07	21.49
