1	0.06	-6.97	2.76
2	0.1	-6.98	2.74
3	0.14	-6.98	2.74
4	0.18	-6.99	2.73
5	0.22	-6.99	2.72
6	0.26	-6.99	2.71
7	0.3	-6.98	2.7
8	0.34	-6.95	2.69
9	0.38	-6.95	2.68
10	0.42	-6.95	2.65
11	0.51	-6.94	2.62
12	0.54	-6.94	2.58
13	0.58	-6.95	2.55
14	0.62	-6.95	2.52
15	0.66	-6.96	2.51
16	0.7	-6.96	2.52
17	0.74	-6.96	2.52
18	0.78	-6.96	2.53
19	0.82	-6.95	2.54
20	0.86	-6.96	2.56
21	0.9	-6.97	2.6
22	0.94	-6.96	2.64
23	0.98	-6.97	2.68
24	1.02	-6.95	2.7
25	1.06	-6.93	2.72
26	1.1	-6.92	2.75
27	1.14	-6.88	2.77
28	1.18	-6.85	2.79
29	1.22	-6.82	2.79
30	1.26	-6.77	2.8
31	1.3	-6.76	2.82
32	1.34	-6.76	2.85
33	1.38	-6.75	2.89
34	1.42	-6.78	2.91
35	1.46	-6.8	2.94
36	1.5	-6.82	2.96
37	1.54	-6.83	2.98
38	1.58	-6.84	3
39	1.62	-6.83	2.98
40	1.66	-6.82	2.97
41	1.7	-6.8	2.98
42	1.74	-6.78	2.98
43	1.78	-6.77	3
44	1.82	-6.77	3.01
45	1.86	-6.77	2.97
46	1.9	-6.77	2.94
47	1.94	-6.76	2.88
48	1.98	-6.75	2.81
49	2.02	-6.73	2.73
50	2.06	-6.72	2.66
51	2.1	-6.7	2.59
52	2.14	-6.66	2.52
53	2.18	-6.57	2.46
54	2.22	-6.49	2.42
55	2.26	-6.42	2.35
56	2.3	-6.36	2.28
57	2.34	-6.39	2.22
58	2.38	-6.43	2.14
59	2.42	-6.44	2.09
60	2.46	-6.45	2.05
61	2.5	-6.44	1.99
62	2.54	-6.45	1.95
63	2.58	-6.5	1.89
64	2.62	-6.55	1.85
65	2.66	-6.62	1.82
66	2.7	-6.68	1.77
67	2.74	-6.73	1.72
68	2.78	-6.78	1.63
69	2.82	-6.82	1.51
70	2.86	-6.88	1.37
71	2.9	-6.9	1.26
72	2.94	-6.93	1.19
73	2.98	-6.97	1.11
74	3.02	-6.95	1.07
75	3.06	-6.97	1.02
76	3.1	-6.95	1
77	3.14	-6.95	1
78	3.18	-6.96	1
79	3.22	-6.97	1.02
80	3.26	-7	1.03
81	3.3	-7.04	1.02
82	3.34	-7.09	0.99
83	3.38	-7.1	0.97
84	3.42	-7.1	0.94
85	3.46	-7.06	0.92
86	3.5	-6.96	0.82
87	3.7	-6.85	0.71
88	3.74	-6.72	0.61
89	3.78	-6.58	0.49
90	3.82	-6.48	0.45
91	3.86	-6.39	0.41
92	3.9	-6.32	0.38
93	3.94	-6.27	0.35
94	3.98	-6.23	0.32
95	4.02	-6.21	0.29
96	4.06	-6.21	0.23
97	4.1	-6.2	0.18
98	4.14	-6.18	0.08
99	4.18	-6.14	-0.02
100	4.22	-6.09	-0.08
101	4.26	-6.03	-0.13
102	4.3	-5.99	-0.13
103	4.34	-5.91	-0.15
104	4.38	-5.81	-0.18
105	4.42	-5.67	-0.19
106	4.46	-5.5	-0.23
107	4.5	-5.36	-0.18
108	4.54	-5.26	-0.12
109	4.58	-5.16	-0.08
110	4.62	-5.06	-0.03
111	4.66	-4.94	-0.01
112	4.7	-4.8	-0.02
113	4.74	-4.68	0
114	4.78	-4.59	0.02
115	4.82	-4.48	0.05
116	4.86	-4.37	0.1
117	4.9	-4.3	0.16
118	4.94	-4.26	0.24
119	4.98	-4.24	0.32
120	5.02	-4.21	0.4
121	5.06	-4.13	0.46
122	5.1	-4.02	0.54
123	5.14	-3.95	0.63
124	5.18	-3.87	0.76
125	5.22	-3.78	0.94
126	5.26	-3.66	1.1
127	5.3	-3.52	1.27
128	5.34	-3.44	1.41
129	5.38	-3.38	1.51
130	5.42	-3.38	1.58
131	5.46	-3.37	1.66
132	5.5	-3.33	1.74
133	5.54	-3.32	1.81
134	5.58	-3.25	1.87
135	5.62	-3.18	1.96
136	5.66	-3.11	2.09
137	5.7	-2.99	2.23
138	5.74	-2.92	2.37
139	5.78	-2.87	2.48
140	5.82	-2.81	2.56
141	5.86	-2.8	2.64
142	5.9	-2.79	2.69
143	5.94	-2.81	2.72
144	5.98	-2.86	2.72
145	6.02	-2.88	2.72
146	6.06	-2.88	2.72
147	6.1	-2.87	2.72
148	6.14	-2.85	2.74
149	6.18	-2.8	2.75
150	6.22	-2.75	2.79
151	6.26	-2.7	2.82
152	6.3	-2.65	2.88
153	6.34	-2.62	2.94
154	6.38	-2.59	3.02
155	6.42	-2.56	3.12
156	6.46	-2.53	3.22
157	6.5	-2.54	3.28
158	6.54	-2.56	3.34
159	6.58	-2.61	3.39
160	6.62	-2.67	3.42
161	6.66	-2.73	3.46
162	6.7	-2.81	3.45
163	6.74	-2.86	3.44
164	6.78	-2.9	3.44
165	6.82	-2.92	3.44
166	6.86	-2.92	3.48
167	6.9	-2.94	3.48
168	6.94	-2.96	3.47
169	6.98	-2.95	3.49
170	7.02	-2.95	3.48
171	7.06	-2.92	3.49
172	7.1	-2.92	3.48
173	7.14	-2.91	3.48
174	7.18	-2.91	3.46
175	7.22	-2.89	3.47
176	7.26	-2.85	3.49
177	7.3	-2.85	3.48
178	7.34	-2.8	3.51
179	7.38	-2.75	3.54
180	7.42	-2.71	3.57
181	7.46	-2.63	3.62
182	7.5	-2.58	3.65
183	7.54	-2.55	3.67
184	7.58	-2.51	3.7
185	7.62	-2.5	3.72
186	7.66	-2.47	3.75
187	7.7	-2.46	3.75
188	7.74	-2.45	3.75
189	7.78	-2.43	3.75
190	7.82	-2.43	3.74
191	7.86	-2.42	3.74
192	7.9	-2.43	3.73
193	7.94	-2.47	3.7
194	7.98	-2.52	3.64
195	8.02	-2.6	3.57
196	8.06	-2.7	3.46
197	8.1	-2.76	3.38
198	8.14	-2.85	3.28
199	8.18	-2.92	3.21
200	8.22	-2.96	3.18
201	8.26	-3	3.16
202	8.3	-3.02	3.18
203	8.34	-3.03	3.23
204	8.38	-3.04	3.32
205	8.42	-3.07	3.44
206	8.46	-3.11	3.58
207	8.5	-3.16	3.73
208	8.54	-3.19	3.83
209	8.58	-3.23	3.85
210	8.62	-3.27	3.84
211	8.66	-3.31	3.8
212	8.7	-3.36	3.75
213	8.74	-3.42	3.73
214	8.78	-3.46	3.72
215	8.82	-3.48	3.74
216	8.86	-3.48	3.76
217	8.9	-3.47	3.78
218	8.94	-3.44	3.8
219	8.98	-3.44	3.8
220	9.02	-3.46	3.8
221	9.06	-3.48	3.83
222	9.1	-3.5	3.86
223	9.14	-3.52	3.94
224	9.18	-3.53	3.99
225	9.22	-3.55	4.03
226	9.26	-3.6	4.04
227	9.3	-3.69	4.02
228	9.34	-3.8	3.99
229	9.38	-3.95	3.98
230	9.42	-4.1	3.96
231	9.46	-4.21	3.95
232	9.5	-4.29	3.94
233	9.54	-4.37	3.91
234	9.58	-4.48	3.91
235	9.62	-4.58	3.91
236	9.66	-4.71	3.92
237	9.7	-4.82	3.92
238	9.74	-4.95	3.9
239	9.78	-5.09	3.89
240	9.82	-5.25	3.88
241	9.86	-5.4	3.88
242	9.9	-5.49	3.86
243	9.94	-5.57	3.83
244	9.98	-5.62	3.81
245	10.02	-5.69	3.8
246	10.06	-5.75	3.8
247	10.1	-5.81	3.82
248	10.14	-5.85	3.83
249	10.18	-5.88	3.84
250	10.22	-5.9	3.87
251	10.26	-5.93	3.89
252	10.3	-5.96	3.91
253	10.34	-5.96	3.93
254	10.38	-5.97	3.95
255	10.42	-5.97	3.96
256	10.46	-5.95	3.96
257	10.5	-5.93	3.94
258	10.54	-5.9	3.91
259	10.58	-5.84	3.85
260	10.62	-5.8	3.81
261	10.66	-5.78	3.8
262	10.7	-5.73	3.76
263	10.74	-5.69	3.73
264	10.78	-5.67	3.7
265	10.82	-5.61	3.66
266	10.86	-5.56	3.62
267	10.9	-5.52	3.58
268	10.94	-5.47	3.54
269	10.98	-5.43	3.5
270	11.02	-5.41	3.46
271	11.06	-5.4	3.46
272	11.1	-5.39	3.43
273	11.14	-5.43	3.4
274	11.18	-5.49	3.35
275	11.22	-5.56	3.3
276	11.26	-5.62	3.26
277	11.3	-5.63	3.25
278	11.34	-5.6	3.24
279	11.38	-5.57	3.2
280	11.42	-5.56	3.12
281	11.46	-5.55	3.02
282	11.5	-5.56	2.9
283	11.54	-5.57	2.79
284	11.58	-5.56	2.71
285	11.62	-5.56	2.58
286	11.66	-5.57	2.46
287	11.7	-5.57	2.3
288	11.74	-5.57	2.14
289	11.78	-5.58	1.98
290	11.82	-5.59	1.82
291	11.86	-5.6	1.7
292	11.9	-5.63	1.61
293	11.94	-5.63	1.55
294	11.98	-5.64	1.51
295	12.02	-5.65	1.5
296	12.06	-5.65	1.47
297	12.1	-5.67	1.43
298	12.14	-5.67	1.37
299	12.18	-5.69	1.29
300	12.22	-5.73	1.21
301	12.26	-5.77	1.14
302	12.3	-5.83	1.08
303	12.34	-5.87	1.04
304	12.38	-5.88	1.01
305	12.42	-5.89	0.97
306	12.46	-5.9	0.93
307	12.5	-5.89	0.89
308	12.54	-5.89	0.85
309	12.58	-5.87	0.83
310	12.62	-5.85	0.8
311	12.66	-5.85	0.79
312	12.7	-5.85	0.77
313	12.74	-5.85	0.77
314	12.78	-5.85	0.77
315	12.82	-5.85	0.77
316	12.86	-5.84	0.8
317	12.9	-5.84	0.8
318	12.94	-5.83	0.83
319	12.98	-5.83	0.83
320	13.02	-5.83	0.84
321	13.06	-5.83	0.86
322	13.1	-5.81	0.9
323	13.14	-5.79	0.94
324	13.18	-5.78	0.97
325	13.22	-5.75	1.01
326	13.26	-5.72	1.04
327	13.3	-5.7	1.07
328	13.34	-5.67	1.11
329	13.38	-5.65	1.16
330	13.42	-5.62	1.18
331	13.46	-5.59	1.19
332	13.5	-5.57	1.2
333	13.54	-5.56	1.2
334	13.58	-5.56	1.21
335	13.62	-5.56	1.21
336	13.66	-5.57	1.2
337	13.7	-5.57	1.2
338	13.74	-5.58	1.19
339	13.78	-5.58	1.2
340	13.82	-5.59	1.22
341	13.86	-5.61	1.25
342	13.9	-5.61	1.33
343	13.94	-5.61	1.4
344	13.98	-5.61	1.47
345	14.02	-5.56	1.5
346	14.06	-5.48	1.51
347	14.1	-5.39	1.54
348	14.14	-5.3	1.58
349	14.18	-5.25	1.65
350	14.22	-5.26	1.75
351	14.26	-5.29	1.85
352	14.33	-5.3	1.95
353	14.38	-5.28	2
354	14.42	-5.26	2.02
355	14.46	-5.21	1.99
356	14.5	-5.2	1.95
357	14.54	-5.24	1.94
358	14.58	-5.28	1.9
359	14.62	-5.35	1.89
360	14.66	-5.39	1.89
361	14.7	-5.41	1.85
362	14.74	-5.41	1.88
363	14.78	-5.38	1.87
364	14.82	-5.33	1.89
365	14.86	-5.25	1.93
366	14.9	-5.17	2.01
367	14.94	-5.12	2.13
368	14.98	-5.07	2.27
369	15.02	-5.03	2.44
370	15.06	-4.97	2.57
371	15.1	-4.91	2.67
372	15.14	-4.84	2.74
373	15.18	-4.83	2.79
374	15.22	-4.8	2.79
375	15.26	-4.78	2.79
376	15.3	-4.76	2.79
377	15.34	-4.69	2.8
378	15.38	-4.61	2.86
379	15.42	-4.55	2.93
380	15.46	-4.49	3
381	15.5	-4.44	3.06
382	15.54	-4.41	3.11
383	15.58	-4.36	3.15
384	15.62	-4.29	3.17
385	15.66	-4.24	3.16
386	15.7	-4.18	3.17
387	15.74	-4.12	3.18
388	15.78	-4.07	3.2
389	15.82	-4.02	3.23
390	15.86	-3.99	3.25
391	15.9	-3.97	3.26
392	15.94	-3.95	3.27
393	15.98	-3.94	3.26
394	16.02	-3.93	3.24
395	16.06	-3.92	3.22
396	16.1	-3.92	3.21
397	16.14	-3.89	3.22
398	16.18	-3.86	3.23
399	16.22	-3.85	3.25
400	16.26	-3.83	3.26
401	16.3	-3.84	3.26
402	16.34	-3.86	3.27
403	16.38	-3.88	3.27
404	16.42	-3.91	3.27
405	16.46	-3.93	3.27
406	16.5	-3.96	3.27
407	16.54	-4	3.28
408	16.58	-4.04	3.31
409	16.62	-4.09	3.34
410	16.66	-4.13	3.39
411	16.7	-4.16	3.45
412	16.74	-4.18	3.5
413	16.78	-4.19	3.56
414	16.82	-4.22	3.57
415	16.86	-4.24	3.62
416	16.9	-4.32	3.65
417	16.94	-4.42	3.72
418	16.98	-4.52	3.8
419	17.02	-4.65	3.88
420	17.06	-4.74	4
421	17.1	-4.83	4.1
422	17.14	-4.91	4.22
423	17.18	-4.99	4.32
424	17.22	-5.06	4.4
425	17.26	-5.11	4.44
426	17.3	-5.15	4.49
427	17.34	-5.18	4.53
428	17.38	-5.2	4.56
429	17.42	-5.21	4.61
430	17.46	-5.21	4.65
431	17.5	-5.2	4.69
432	17.54	-5.2	4.73
433	17.58	-5.2	4.79
434	17.62	-5.22	4.83
435	17.66	-5.23	4.88
436	17.7	-5.25	4.95
437	17.74	-5.26	4.99
438	17.78	-5.27	5.04
439	17.89	-5.26	5.06
440	17.94	-5.25	5.09
441	17.98	-5.23	5.13
442	18.02	-5.2	5.14
443	18.06	-5.17	5.16
444	18.1	-5.15	5.14
445	18.14	-5.14	5.13
446	18.18	-5.12	5.13
447	18.22	-5.1	5.13
448	18.26	-5.08	5.13
449	18.3	-5.07	5.12
450	18.34	-5.05	5.1
451	18.38	-5.04	5.08
452	18.42	-5.03	5.08
453	18.46	-5.02	5.07
454	18.5	-5.02	5.03
455	18.54	-5.01	4.97
456	18.58	-5.01	4.86
457	18.62	-5.01	4.69
458	18.66	-5.01	4.49
459	18.7	-5.01	4.32
460	18.74	-5.03	4.15
461	18.78	-5.05	4.03
462	18.82	-5.08	3.96
463	18.86	-5.12	3.88
464	18.9	-5.15	3.84
465	18.94	-5.19	3.81
466	18.98	-5.22	3.79
467	19.02	-5.25	3.76
468	19.06	-5.29	3.74
469	19.1	-5.33	3.7
470	19.14	-5.39	3.71
471	19.18	-5.45	3.76
472	19.22	-5.5	3.8
473	19.26	-5.55	3.87
474	19.3	-5.58	3.92
475	19.34	-5.62	3.93
476	19.38	-5.65	3.98
477	19.42	-5.66	4.03
478	19.46	-5.66	4.09
479	19.5	-5.65	4.12
480	19.54	-5.65	4.13
481	19.58	-5.64	4.12
482	19.62	-5.65	4.12
483	19.66	-5.66	4.1
484	19.7	-5.66	4.08
485	19.74	-5.68	4.05
486	19.78	-5.69	3.99
487	19.82	-5.69	3.96
488	19.86	-5.68	3.94
489	19.9	-5.67	3.92
490	19.94	-5.66	3.9
491	19.97	-5.64	3.87
492	20.02	-5.66	3.86
493	20.05	-5.67	3.83
494	20.1	-5.71	3.81
495	20.14	-5.76	3.79
496	20.17	-5.8	3.76
497	20.21	-5.84	3.75
498	20.25	-5.87	3.74
499	20.29	-5.89	3.73
500	20.33	-5.91	3.73
501	20.37	-5.92	3.72
502	20.41	-5.94	3.71
503	20.45	-5.96	3.69
504	20.49	-5.97	3.67
505	20.53	-5.99	3.66
506	20.57	-6	3.66
507	20.61	-6	3.67
508	20.65	-6.03	3.7
509	20.69	-6.04	3.72
510	20.73	-6.06	3.76
511	20.77	-6.08	3.8
512	20.82	-6.08	3.86
513	20.85	-6.07	3.91
514	20.89	-6.05	3.96
515	20.93	-6.02	3.99
516	20.97	-5.98	4.01
517	21.01	-5.96	4.03
518	21.05	-5.93	4.05
519	21.09	-5.91	4.08
520	21.13	-5.89	4.11
521	21.17	-5.85	4.15
522	21.21	-5.81	4.18
523	21.25	-5.77	4.18
524	21.29	-5.74	4.18
525	21.33	-5.7	4.19
526	21.37	-5.67	4.17
527	21.41	-5.65	4.15
528	21.45	-5.62	4.14
529	21.49	-5.61	4.12
530	21.53	-5.6	4.12
531	21.57	-5.59	4.13
532	21.61	-5.59	4.13
533	21.65	-5.57	4.14
534	21.69	-5.55	4.14
535	21.73	-5.51	4.15
536	21.77	-5.47	4.16
537	21.81	-5.43	4.14
538	21.85	-5.4	4.12
539	21.89	-5.37	4.07
540	21.93	-5.37	4.02
541	21.97	-5.37	3.99
542	22.01	-5.38	3.96
543	22.05	-5.37	3.96
544	22.09	-5.37	3.95
545	22.13	-5.36	3.95
546	22.17	-5.34	3.98
547	22.21	-5.31	4
548	22.25	-5.27	4.03
549	22.29	-5.25	4.04
550	22.33	-5.23	4.03
551	22.37	-5.23	3.99
552	22.41	-5.23	3.97
553	22.45	-5.24	3.95
554	22.49	-5.22	3.94
555	22.53	-5.2	3.93
556	22.57	-5.18	3.91
557	22.61	-5.15	3.89
558	22.65	-5.13	3.89
559	22.69	-5.1	3.87
560	22.73	-5.07	3.82
561	22.77	-5	3.84
562	22.81	-4.9	3.84
563	22.85	-4.81	3.88
564	22.89	-4.73	3.92
565	22.93	-4.69	3.89
566	22.97	-4.67	3.88
567	23.01	-4.64	3.86
568	23.05	-4.63	3.87
569	23.09	-4.61	3.87
570	23.13	-4.58	3.86
571	23.18	-4.57	3.86
572	23.25	-4.55	3.86
573	23.29	-4.55	3.86
574	23.33	-4.56	3.85
575	23.37	-4.55	3.87
576	23.41	-4.57	3.84
577	23.46	-4.59	3.83
578	23.49	-4.6	3.82
579	23.53	-4.61	3.8
580	23.57	-4.63	3.81
581	23.61	-4.64	3.78
582	23.65	-4.66	3.77
583	23.69	-4.67	3.77
584	23.73	-4.69	3.74
585	23.77	-4.72	3.73
586	23.81	-4.74	3.72
587	23.85	-4.77	3.7
588	23.89	-4.78	3.7
589	23.93	-4.8	3.69
590	23.97	-4.82	3.69
591	24.01	-4.83	3.68
592	24.05	-4.86	3.67
593	24.09	-4.88	3.67
594	24.13	-4.9	3.64
595	24.17	-4.94	3.63
596	24.21	-4.96	3.62
597	24.25	-4.98	3.62
598	24.29	-5	3.64
599	24.33	-5.01	3.63
600	24.37	-5.05	3.61
601	24.41	-5.06	3.61
602	24.45	-5.1	3.6
603	24.49	-5.11	3.58
604	24.53	-5.12	3.57
605	24.57	-5.15	3.52
606	24.61	-5.17	3.5
607	24.65	-5.19	3.48
608	24.69	-5.2	3.45
609	24.73	-5.22	3.44
610	24.77	-5.23	3.42
611	24.81	-5.23	3.4
612	24.85	-5.25	3.38
613	24.89	-5.24	3.38
614	24.93	-5.25	3.36
615	24.97	-5.26	3.35
616	25.01	-5.25	3.35
617	25.05	-5.25	3.34
618	25.09	-5.22	3.32
619	25.13	-5.2	3.29
620	25.17	-5.18	3.26
621	25.21	-5.18	3.23
622	25.25	-5.19	3.21
623	25.29	-5.19	3.2
624	25.33	-5.19	3.18
625	25.37	-5.19	3.19
626	25.41	-5.18	3.2
627	25.45	-5.17	3.2
628	25.49	-5.16	3.21
629	25.53	-5.17	3.21
630	25.57	-5.19	3.2
631	25.61	-5.19	3.21
632	25.65	-5.21	3.21
633	25.69	-5.22	3.23
634	25.73	-5.25	3.24
635	25.77	-5.28	3.24
636	25.81	-5.33	3.25
637	25.85	-5.38	3.25
638	25.89	-5.43	3.26
639	25.93	-5.49	3.26
640	25.97	-5.52	3.26
641	26.01	-5.55	3.26
642	26.05	-5.56	3.25
643	26.09	-5.56	3.22
644	26.13	-5.56	3.19
645	26.17	-5.56	3.17
646	26.21	-5.57	3.12
647	26.25	-5.59	3.12
648	26.29	-5.63	3.11
649	26.33	-5.67	3.12
650	26.37	-5.71	3.15
651	26.41	-5.72	3.17
652	26.45	-5.72	3.21
653	26.49	-5.73	3.25
654	26.53	-5.69	3.27
655	26.57	-5.7	3.29
656	26.61	-5.69	3.28
657	26.65	-5.68	3.28
658	26.69	-5.68	3.27
659	26.73	-5.65	3.25
660	26.77	-5.64	3.22
661	26.81	-5.62	3.17
662	26.85	-5.61	3.12
663	26.89	-5.63	3.06
664	26.93	-5.67	2.99
665	27.06	-5.77	2.87
666	27.09	-5.88	2.78
667	27.13	-5.99	2.71
668	27.17	-6.07	2.69
669	27.21	-6.12	2.75
670	27.25	-6.17	2.77
671	27.29	-6.21	2.79
672	27.33	-6.26	2.8
673	27.37	-6.31	2.77
674	27.41	-6.39	2.72
675	27.45	-6.48	2.67
676	27.49	-6.59	2.59
677	27.53	-6.69	2.53
678	27.57	-6.78	2.53
679	27.61	-6.86	2.54
680	27.65	-6.94	2.55
681	27.69	-6.99	2.54
682	27.73	-7.05	2.48
683	27.77	-7.09	2.41
684	27.81	-7.13	2.35
685	27.85	-7.15	2.31
686	27.89	-7.15	2.28
687	27.93	-7.16	2.28
688	27.97	-7.18	2.27
689	28.01	-7.23	2.24
690	28.05	-7.28	2.22
691	28.09	-7.34	2.17
692	28.13	-7.39	2.17
693	28.17	-7.46	2.16
694	28.21	-7.54	2.17
695	28.25	-7.62	2.17
696	28.29	-7.76	2.19
697	28.33	-7.92	2.21
698	28.37	-8.07	2.24
699	28.41	-8.22	2.27
700	28.45	-8.35	2.29
701	28.49	-8.46	2.3
702	28.53	-8.56	2.32
703	28.57	-8.63	2.34
704	28.61	-8.68	2.37
705	28.65	-8.77	2.4
706	28.69	-8.89	2.47
707	28.73	-9.05	2.54
708	28.77	-9.19	2.63
709	28.81	-9.28	2.74
710	28.85	-9.35	2.81
711	28.89	-9.37	2.87
712	28.93	-9.4	2.89
713	28.97	-9.39	2.89
714	29.01	-9.38	2.88
715	29.05	-9.4	2.86
716	29.09	-9.39	2.83
717	29.13	-9.41	2.8
718	29.17	-9.4	2.78
719	29.21	-9.39	2.78
720	29.25	-9.37	2.78
721	29.29	-9.35	2.8
722	29.33	-9.32	2.81
723	29.37	-9.28	2.83
724	29.41	-9.27	2.84
725	29.45	-9.26	2.85
726	29.49	-9.26	2.86
727	29.53	-9.25	2.87
728	29.57	-9.2	2.91
729	29.61	-9.16	2.94
730	29.65	-9.14	2.97
731	29.69	-9.12	3
732	29.73	-9.15	3.03
733	29.77	-9.18	3.11
734	29.81	-9.19	3.19
735	29.85	-9.21	3.26
736	29.89	-9.21	3.33
737	29.93	-9.2	3.35
738	29.97	-9.21	3.4
739	30.01	-9.18	3.43
740	30.05	-9.16	3.44
741	30.09	-9.16	3.46
742	30.13	-9.12	3.48
743	30.17	-9.13	3.53
744	30.21	-9.12	3.58
745	30.25	-9.14	3.64
746	30.29	-9.19	3.69
747	30.33	-9.22	3.74
748	30.37	-9.26	3.8
749	30.41	-9.26	3.9
750	30.45	-9.24	4.04
751	30.49	-9.21	4.21
752	30.53	-9.18	4.42
753	30.57	-9.12	4.56
754	30.61	-9.05	4.63
755	30.65	-8.95	4.64
756	30.69	-8.81	4.58
757	30.73	-8.71	4.55
758	30.77	-8.62	4.51
759	30.81	-8.59	4.51
760	30.85	-8.57	4.51
761	30.89	-8.56	4.51
762	30.93	-8.55	4.53
763	30.97	-8.54	4.53
764	31.01	-8.54	4.55
765	31.05	-8.53	4.54
766	31.09	-8.52	4.54
767	31.13	-8.52	4.55
768	31.17	-8.52	4.56
769	31.21	-8.52	4.56
770	31.25	-8.51	4.56
771	31.29	-8.51	4.55
772	31.33	-8.5	4.53
773	31.37	-8.48	4.51
774	31.41	-8.48	4.52
775	31.45	-8.45	4.49
776	31.49	-8.42	4.43
777	31.53	-8.4	4.39
778	31.57	-8.38	4.33
779	31.61	-8.35	4.27
780	31.65	-8.35	4.24
781	31.69	-8.35	4.21
782	31.73	-8.33	4.17
783	31.77	-8.31	4.13
784	31.81	-8.31	4.1
785	31.85	-8.3	4.07
786	31.89	-8.3	4.07
787	31.93	-8.3	4.09
788	31.97	-8.25	4.09
789	32.01	-8.21	4.12
790	32.05	-8.17	4.14
791	32.09	-8.13	4.15
792	32.13	-8.11	4.15
793	32.17	-8.08	4.15
794	32.21	-8.06	4.15
795	32.25	-8.03	4.18
796	32.29	-8.01	4.25
797	32.33	-7.99	4.26
798	32.37	-7.98	4.29
799	32.41	-7.98	4.25
800	32.45	-7.98	4.2
801	32.49	-7.98	4.15
802	32.53	-7.97	4.11
803	32.57	-7.97	4.09
804	32.61	-7.98	4.08
805	32.65	-8	4.07
806	32.69	-8.03	4.07
807	32.73	-8.04	4.07
808	32.77	-8.07	4.09
809	32.81	-8.09	4.11
810	32.85	-8.1	4.1
811	32.89	-8.11	4.11
812	32.93	-8.11	4.09
813	32.97	-8.09	4.05
814	33.01	-8.08	4.04
815	33.05	-8.06	4.01
816	33.09	-8.03	3.97
817	33.13	-8.02	3.95
818	33.17	-8	3.93
819	33.21	-8.01	3.93
820	33.25	-8	3.92
821	33.29	-8	3.89
822	33.33	-7.97	3.84
823	33.37	-7.94	3.77
824	33.41	-7.94	3.74
825	33.45	-7.91	3.75
826	33.49	-7.89	3.76
827	33.53	-7.88	3.8
828	33.57	-7.86	3.81
829	33.61	-7.84	3.79
830	33.65	-7.81	3.77
831	33.69	-7.78	3.75
832	33.73	-7.76	3.76
833	33.77	-7.74	3.77
834	33.85	-7.71	3.78
835	33.89	-7.68	3.75
836	33.93	-7.64	3.74
837	33.97	-7.62	3.7
838	34.01	-7.61	3.69
839	34.05	-7.6	3.68
840	34.09	-7.59	3.67
841	34.13	-7.58	3.66
842	34.17	-7.57	3.64
843	34.21	-7.57	3.64
844	34.25	-7.55	3.64
845	34.29	-7.53	3.64
846	34.33	-7.53	3.65
847	34.37	-7.52	3.66
848	34.41	-7.53	3.65
849	34.45	-7.53	3.66
850	34.49	-7.53	3.66
851	34.53	-7.51	3.66
852	34.57	-7.49	3.67
853	34.61	-7.48	3.67
854	34.65	-7.47	3.65
855	34.69	-7.45	3.65
856	34.73	-7.42	3.63
857	34.77	-7.4	3.61
858	34.81	-7.37	3.61
859	34.85	-7.35	3.6
860	34.89	-7.35	3.6
861	34.93	-7.34	3.59
862	34.97	-7.36	3.59
863	35.01	-7.38	3.58
864	35.05	-7.38	3.57
865	35.09	-7.38	3.56
866	35.13	-7.36	3.54
867	35.17	-7.35	3.53
868	35.21	-7.35	3.52
869	35.25	-7.36	3.53
870	35.29	-7.36	3.51
871	35.33	-7.38	3.51
872	35.37	-7.4	3.49
873	35.41	-7.44	3.45
874	35.45	-7.48	3.44
875	35.49	-7.5	3.37
876	35.53	-7.52	3.33
877	35.57	-7.57	3.28
878	35.61	-7.64	3.22
879	35.65	-7.73	3.19
880	35.69	-7.81	3.16
881	35.73	-7.89	3.15
882	35.77	-7.97	3.16
883	35.81	-8.05	3.17
884	35.85	-8.14	3.17
885	35.89	-8.23	3.17
886	35.93	-8.31	3.13
887	35.97	-8.42	3.09
888	36.01	-8.48	3.05
889	36.05	-8.54	3
890	36.09	-8.6	2.97
891	36.13	-8.6	2.93
892	36.17	-8.62	2.9
893	36.21	-8.59	2.88
894	36.25	-8.58	2.85
895	36.29	-8.59	2.83
896	36.33	-8.6	2.82
897	36.37	-8.61	2.82
898	36.41	-8.59	2.82
899	36.45	-8.56	2.81
900	36.49	-8.49	2.8
901	36.53	-8.46	2.78
902	36.57	-8.42	2.75
903	36.61	-8.38	2.72
904	36.65	-8.37	2.67
905	36.69	-8.34	2.61
906	36.73	-8.29	2.57
907	36.77	-8.24	2.55
908	36.81	-8.18	2.56
909	36.85	-8.14	2.58
910	36.89	-8.13	2.59
911	36.93	-8.13	2.59
912	36.97	-8.16	2.59
913	37.01	-8.19	2.58
914	37.05	-8.23	2.6
915	37.09	-8.29	2.62
916	37.13	-8.34	2.64
917	37.17	-8.39	2.68
918	37.21	-8.43	2.72
919	37.25	-8.46	2.74
920	37.29	-8.49	2.75
921	37.33	-8.54	2.73
922	37.37	-8.57	2.7
923	37.41	-8.58	2.67
924	37.45	-8.59	2.64
925	37.49	-8.61	2.62
926	37.53	-8.62	2.57
927	37.57	-8.63	2.5
928	37.68	-8.64	2.35
929	37.73	-8.61	2.2
930	37.77	-8.58	2.07
931	37.81	-8.55	1.95
932	37.85	-8.53	1.91
933	37.89	-8.51	1.87
934	37.93	-8.52	1.82
935	37.97	-8.52	1.79
936	38.01	-8.53	1.77
937	38.05	-8.54	1.74
938	38.09	-8.54	1.75
939	38.13	-8.54	1.75
940	38.17	-8.54	1.75
941	38.21	-8.53	1.76
942	38.25	-8.53	1.76
943	38.29	-8.53	1.76
944	38.33	-8.52	1.77
945	38.37	-8.5	1.79
946	38.41	-8.48	1.82
947	38.45	-8.46	1.83
948	38.49	-8.45	1.86
949	38.53	-8.43	1.87
950	38.57	-8.42	1.88
951	38.61	-8.4	1.89
952	38.65	-8.38	1.91
953	38.69	-8.35	1.94
954	38.73	-8.31	1.99
955	38.77	-8.28	2.06
956	38.81	-8.24	2.12
957	38.85	-8.19	2.21
958	38.89	-8.15	2.28
959	38.93	-8.09	2.34
960	38.97	-8.06	2.38
961	39.01	-8.04	2.38
962	39.05	-8.04	2.39
963	39.09	-8.04	2.36
964	39.13	-8.03	2.34
965	39.17	-7.99	2.28
966	39.21	-7.93	2.21
967	39.25	-7.85	2.15
968	39.29	-7.76	2.11
969	39.33	-7.69	2.1
970	39.37	-7.63	2.09
971	39.41	-7.58	2.09
972	39.45	-7.53	2.08
973	39.49	-7.49	2.1
974	39.53	-7.46	2.12
975	39.57	-7.43	2.13
976	39.61	-7.41	2.14
977	39.65	-7.4	2.13
978	39.69	-7.36	2.09
979	39.73	-7.31	2.03
980	39.77	-7.26	1.97
981	39.81	-7.18	1.87
982	39.85	-7.11	1.82
983	39.89	-7.05	1.79
984	39.93	-7.01	1.77
985	39.97	-7	1.81
986	40.01	-6.98	1.83
987	40.05	-6.96	1.84
988	40.09	-6.92	1.83
989	40.13	-6.89	1.82
990	40.17	-6.85	1.79
991	40.21	-6.8	1.75
992	40.25	-6.77	1.71
993	40.29	-6.72	1.67
994	40.33	-6.7	1.64
995	40.37	-6.7	1.63
996	40.41	-6.69	1.63
997	40.45	-6.64	1.6
998	40.49	-6.56	1.56
999	40.53	-6.46	1.54
1000	40.57	-6.35	1.53
1001	40.61	-6.3	1.54
1002	40.65	-6.26	1.54
1003	40.69	-6.23	1.54
1004	40.73	-6.23	1.53
1005	40.77	-6.21	1.55
1006	40.81	-6.21	1.58
1007	40.85	-6.21	1.6
1008	40.89	-6.22	1.62
1009	40.93	-6.25	1.65
1010	40.97	-6.27	1.68
1011	41.01	-6.28	1.71
1012	41.05	-6.29	1.75
1013	41.09	-6.29	1.76
1014	41.13	-6.31	1.81
1015	41.17	-6.36	1.88
1016	41.21	-6.4	1.93
1017	41.25	-6.45	2.01
1018	41.29	-6.47	2.06
1019	41.33	-6.48	2.09
1020	41.37	-6.5	2.14
1021	41.41	-6.5	2.15
1022	41.45	-6.53	2.18
1023	41.49	-6.57	2.18
1024	41.53	-6.55	2.18
1025	41.57	-6.52	2.18
1026	41.61	-6.44	2.15
1027	41.65	-6.37	2.14
1028	41.69	-6.34	2.15
1029	41.73	-6.33	2.16
1030	41.77	-6.37	2.2
1031	41.81	-6.38	2.23
1032	41.85	-6.39	2.26
1033	41.89	-6.41	2.27
1034	41.93	-6.4	2.25
1035	41.97	-6.42	2.24
1036	42.01	-6.42	2.21
1037	42.05	-6.42	2.18
1038	42.09	-6.43	2.19
1039	42.13	-6.42	2.2
1040	42.17	-6.45	2.25
1041	42.21	-6.47	2.3
1042	42.25	-6.49	2.34
1043	42.29	-6.5	2.34
1044	42.33	-6.47	2.35
1045	42.37	-6.45	2.36
1046	42.41	-6.43	2.37
1047	42.45	-6.44	2.44
1048	42.49	-6.49	2.5
1049	42.53	-6.53	2.57
1050	42.57	-6.54	2.64
1051	42.61	-6.52	2.69
1052	42.65	-6.46	2.74
1053	42.69	-6.42	2.78
1054	42.73	-6.41	2.82
1055	42.77	-6.39	2.87
1056	42.81	-6.39	2.91
1057	42.85	-6.39	2.94
1058	42.89	-6.37	2.98
1059	42.93	-6.37	3.01
1060	42.97	-6.37	3.04
1061	43.01	-6.36	3.07
1062	43.05	-6.36	3.09
1063	43.09	-6.34	3.11
1064	43.13	-6.34	3.12
1065	43.17	-6.34	3.14
1066	43.21	-6.32	3.16
1067	43.25	-6.32	3.18
1068	43.33	-6.31	3.2
1069	43.37	-6.31	3.22
1070	43.41	-6.3	3.24
1071	43.45	-6.32	3.25
1072	43.49	-6.34	3.27
1073	43.53	-6.36	3.27
1074	43.57	-6.38	3.28
1075	43.61	-6.38	3.28
1076	43.65	-6.4	3.28
1077	43.69	-6.42	3.29
1078	43.73	-6.43	3.3
1079	43.77	-6.46	3.31
1080	43.81	-6.47	3.32
1081	43.85	-6.46	3.32
1082	43.89	-6.51	3.29
1083	43.93	-6.53	3.26
1084	43.97	-6.61	3.22
1085	44.01	-6.69	3.19
1086	44.05	-6.75	3.17
1087	44.09	-6.8	3.17
1088	44.13	-6.81	3.15
1089	44.17	-6.81	3.13
1090	44.21	-6.78	3.12
1091	44.25	-6.8	3.09
1092	44.29	-6.81	3.07
1093	44.33	-6.81	3.05
1094	44.37	-6.83	3.03
1095	44.41	-6.82	3
1096	44.45	-6.8	2.96
1097	44.49	-6.79	2.92
1098	44.53	-6.76	2.89
1099	44.57	-6.76	2.89
1100	44.61	-6.79	2.9
1101	44.65	-6.83	2.93
1102	44.69	-6.89	2.94
1103	44.73	-6.96	2.95
1104	44.77	-7.01	2.95
1105	44.81	-7.05	2.95
1106	44.85	-7.1	2.95
1107	44.89	-7.13	2.95
1108	44.93	-7.18	2.94
1109	44.97	-7.23	2.93
1110	45.01	-7.26	2.9
1111	45.05	-7.29	2.86
1112	45.09	-7.3	2.81
1113	45.13	-7.32	2.74
1114	45.17	-7.34	2.67
1115	45.21	-7.35	2.59
1116	45.25	-7.38	2.51
1117	45.29	-7.39	2.43
1118	45.33	-7.42	2.37
1119	45.37	-7.45	2.31
1120	45.41	-7.5	2.27
1121	45.45	-7.56	2.25
1122	45.49	-7.63	2.23
1123	45.53	-7.7	2.22
1124	45.57	-7.77	2.23
1125	45.61	-7.83	2.24
1126	45.65	-7.86	2.24
1127	45.69	-7.89	2.24
1128	45.73	-7.9	2.21
1129	45.77	-7.92	2.2
1130	45.81	-7.93	2.19
1131	45.85	-7.94	2.19
1132	45.89	-7.95	2.2
1133	45.93	-7.95	2.2
1134	45.97	-7.95	2.21
1135	46.01	-7.95	2.22
1136	46.05	-7.95	2.22
1137	46.09	-7.95	2.23
1138	46.13	-7.96	2.26
1139	46.17	-7.97	2.28
1140	46.21	-7.98	2.3
1141	46.25	-8	2.32
1142	46.29	-8.02	2.32
1143	46.33	-8.05	2.36
1144	46.37	-8.07	2.41
1145	46.41	-8.05	2.48
1146	46.45	-8.02	2.55
1147	46.49	-7.96	2.57
1148	46.53	-7.92	2.59
1149	46.57	-7.88	2.61
1150	46.61	-7.85	2.61
1151	46.65	-7.86	2.63
1152	46.69	-7.85	2.63
1153	46.73	-7.85	2.63
1154	46.77	-7.84	2.65
1155	46.81	-7.81	2.68
1156	46.85	-7.75	2.74
1157	46.89	-7.71	2.78
1158	46.93	-7.66	2.83
1159	46.97	-7.63	2.85
1160	47.01	-7.6	2.88
1161	47.05	-7.57	2.93
1162	47.09	-7.54	3
1163	47.13	-7.51	3.09
1164	47.17	-7.47	3.19
1165	47.21	-7.44	3.29
1166	47.25	-7.39	3.35
1167	47.29	-7.36	3.39
1168	47.33	-7.35	3.42
1169	47.37	-7.34	3.41
1170	47.41	-7.32	3.41
1171	47.45	-7.28	3.43
1172	47.49	-7.26	3.43
1173	47.53	-7.22	3.46
1174	47.57	-7.19	3.51
1175	47.61	-7.16	3.58
1176	47.65	-7.09	3.66
1177	47.69	-7.05	3.75
1178	47.73	-7.04	3.8
1179	47.77	-7.03	3.83
1180	47.81	-7.03	3.87
1181	47.85	-7.01	3.9
1182	47.89	-6.95	3.96
1183	47.93	-6.95	3.97
1184	47.97	-6.93	3.98
1185	48.01	-6.91	4
1186	48.05	-6.89	4.01
1187	48.09	-6.85	4.08
1188	48.13	-6.8	4.14
1189	48.17	-6.77	4.2
1190	48.21	-6.74	4.26
1191	48.25	-6.69	4.31
1192	48.29	-6.64	4.36
1193	48.33	-6.59	4.39
1194	48.37	-6.56	4.41
1195	48.41	-6.54	4.42
1196	48.45	-6.53	4.44
1197	48.49	-6.53	4.44
1198	48.53	-6.54	4.44
1199	48.64	-6.56	4.4
1200	48.69	-6.59	4.37
1201	48.73	-6.62	4.38
1202	48.77	-6.65	4.37
1203	48.81	-6.68	4.38
1204	48.85	-6.72	4.36
1205	48.89	-6.76	4.32
1206	48.93	-6.8	4.29
1207	48.97	-6.83	4.25
1208	49.01	-6.85	4.22
1209	49.05	-6.87	4.19
1210	49.09	-6.89	4.17
1211	49.13	-6.91	4.15
1212	49.17	-6.94	4.14
1213	49.21	-6.96	4.12
1214	49.25	-6.98	4.1
1215	49.29	-7.01	4.08
1216	49.33	-7.04	4.06
1217	49.37	-7.05	4.05
1218	49.41	-7.08	4.05
1219	49.45	-7.1	4.07
1220	49.49	-7.14	4.1
1221	49.53	-7.17	4.13
1222	49.57	-7.19	4.17
1223	49.61	-7.2	4.19
1224	49.65	-7.22	4.21
1225	49.69	-7.26	4.22
1226	49.73	-7.31	4.23
1227	49.77	-7.36	4.25
1228	49.81	-7.39	4.27
1229	49.85	-7.39	4.3
1230	49.89	-7.39	4.3
1231	49.93	-7.38	4.31
1232	49.97	-7.38	4.3
1233	50.01	-7.38	4.28
1234	50.05	-7.36	4.27
1235	50.09	-7.34	4.25
1236	50.13	-7.32	4.24
1237	50.17	-7.31	4.23
1238	50.21	-7.29	4.21
1239	50.25	-7.26	4.19
1240	50.29	-7.23	4.18
1241	50.33	-7.2	4.15
1242	50.37	-7.18	4.13
1243	50.41	-7.16	4.1
1244	50.45	-7.15	4.07
1245	50.49	-7.14	4.06
1246	50.53	-7.14	4.05
1247	50.57	-7.14	4.04
1248	50.61	-7.14	4.03
1249	50.65	-7.13	4.02
1250	50.69	-7.13	4.02
1251	50.73	-7.12	4.01
1252	50.77	-7.12	4
1253	50.81	-7.12	3.98
1254	50.85	-7.1	3.97
1255	50.89	-7.09	3.95
1256	50.93	-7.07	3.95
1257	50.97	-7.06	3.95
1258	51.01	-7.05	3.96
1259	51.05	-7.05	3.96
1260	51.09	-7.06	3.95
1261	51.13	-7.06	3.94
1262	51.17	-7.06	3.93
1263	51.21	-7.05	3.93
1264	51.25	-7.04	3.94
1265	51.29	-7.03	3.94
1266	51.33	-7.02	3.94
1267	51.37	-7.02	3.94
1268	51.41	-7.01	3.94
1269	51.45	-7.01	3.95
1270	51.49	-7.01	3.96
1271	51.53	-7	3.98
1272	51.57	-7	3.98
1273	51.61	-7	3.98
1274	51.65	-7	3.99
1275	51.69	-6.99	4
1276	51.73	-6.97	4.03
1277	51.77	-6.95	4.06
1278	51.81	-6.94	4.07
1279	51.85	-6.94	4.07
1280	51.89	-6.94	4.07
1281	51.93	-6.94	4.07
1282	51.97	-6.93	4.08
1283	52.01	-6.93	4.09
1284	52.05	-6.94	4.1
1285	52.09	-6.95	4.1
1286	52.13	-6.97	4.08
1287	52.17	-6.98	4.08
1288	52.21	-6.99	4.08
1289	52.25	-7	4.08
1290	52.29	-7.02	4.07
1291	52.33	-7.05	4.05
1292	52.37	-7.07	4.03
1293	52.41	-7.1	4.01
1294	52.45	-7.12	4
1295	52.49	-7.14	3.98
1296	52.53	-7.17	3.97
1297	52.57	-7.19	3.94
1298	52.61	-7.21	3.91
1299	52.65	-7.22	3.9
1300	52.69	-7.24	3.89
1301	52.73	-7.24	3.89
1302	52.77	-7.26	3.88
1303	52.81	-7.25	3.89
1304	52.85	-7.23	3.91
1305	52.89	-7.22	3.92
1306	52.93	-7.17	3.94
1307	52.97	-7.15	3.93
1308	53.01	-7.12	3.91
1309	53.05	-7.09	3.88
1310	53.09	-7.07	3.85
1311	53.13	-7.04	3.83
1312	53.17	-7.02	3.84
1313	53.21	-7	3.86
1314	53.25	-7	3.87
1315	53.29	-7.01	3.88
1316	53.33	-7.01	3.88
1317	53.37	-7.01	3.87
1318	53.41	-7.01	3.88
1319	53.45	-7.02	3.88
1320	53.49	-7.03	3.87
1321	53.53	-7.04	3.88
1322	53.57	-7.06	3.86
1323	53.61	-7.07	3.85
1324	53.65	-7.06	3.85
1325	53.69	-7.06	3.85
1326	53.73	-7.05	3.86
1327	53.77	-7.05	3.87
1328	53.81	-7.05	3.86
1329	53.85	-7.05	3.87
1330	53.89	-7.06	3.87
1331	53.93	-7.06	3.88
1332	54.01	-7.06	3.89
1333	54.05	-7.07	3.87
1334	54.09	-7.08	3.88
1335	54.13	-7.09	3.85
1336	54.17	-7.09	3.85
1337	54.21	-7.08	3.86
1338	54.25	-7.08	3.86
1339	54.29	-7.08	3.87
1340	54.33	-7.08	3.87
1341	54.37	-7.07	3.87
1342	54.41	-7.08	3.86
1343	54.45	-7.07	3.87
1344	54.49	-7.07	3.88
1345	54.53	-7.07	3.88
1346	54.57	-7.06	3.89
1347	54.61	-7.06	3.89
1348	54.65	-7.06	3.89
1349	54.69	-7.06	3.89
1350	54.73	-7.06	3.9
1351	54.77	-7.06	3.9
1352	54.81	-7.05	3.9
1353	54.85	-7.05	3.9
1354	54.89	-7.05	3.91
1355	54.93	-7.04	3.92
1356	54.97	-7.04	3.94
1357	55.01	-7.04	3.96
1358	55.05	-7.04	3.96
1359	55.09	-7.05	3.98
1360	55.13	-7.05	3.99
1361	55.17	-7.06	3.98
1362	55.22	-7.06	3.97
1363	55.25	-7.07	3.94
1364	55.29	-7.07	3.93
1365	55.33	-7.07	3.94
1366	55.37	-7.07	3.96
1367	55.41	-7.06	3.96
1368	55.45	-7.07	3.96
1369	55.49	-7.07	3.96
1370	55.53	-7.08	3.96
1371	55.57	-7.09	3.94
1372	55.61	-7.11	3.93
1373	55.65	-7.14	3.92
1374	55.69	-7.17	3.89
1375	55.73	-7.21	3.87
1376	55.77	-7.26	3.83
1377	55.81	-7.31	3.8
1378	55.85	-7.34	3.79
1379	55.89	-7.36	3.76
1380	55.93	-7.38	3.74
1381	55.97	-7.41	3.74
1382	56.01	-7.43	3.72
1383	56.05	-7.46	3.73
1384	56.09	-7.48	3.74
1385	56.13	-7.5	3.76
1386	56.17	-7.53	3.77
1387	56.21	-7.56	3.8
1388	56.25	-7.58	3.82
1389	56.29	-7.59	3.85
1390	56.33	-7.6	3.88
1391	56.37	-7.6	3.89
1392	56.41	-7.6	3.91
1393	56.45	-7.58	3.92
1394	56.49	-7.57	3.94
1395	56.53	-7.55	3.96
1396	56.57	-7.54	3.95
1397	56.61	-7.53	3.94
1398	56.65	-7.53	3.91
1399	56.69	-7.52	3.87
1400	56.73	-7.5	3.84
1401	56.77	-7.48	3.83
1402	56.81	-7.43	3.81
1403	56.85	-7.38	3.82
1404	56.89	-7.34	3.81
1405	56.93	-7.31	3.8
1406	56.97	-7.29	3.79
1407	57.01	-7.3	3.77
1408	57.05	-7.3	3.76
1409	57.09	-7.3	3.75
1410	57.13	-7.28	3.74
1411	57.17	-7.29	3.73
1412	57.21	-7.25	3.72
1413	57.25	-7.2	3.72
1414	57.29	-7.16	3.72
1415	57.33	-7.08	3.73
1416	57.37	-7.04	3.72
1417	57.41	-7.01	3.71
1418	57.45	-6.99	3.67
1419	57.49	-6.98	3.63
1420	57.53	-6.97	3.59
1421	57.57	-6.95	3.55
1422	57.61	-6.93	3.52
1423	57.65	-6.9	3.49
1424	57.69	-6.88	3.46
1425	57.73	-6.87	3.43
1426	57.77	-6.85	3.41
1427	57.81	-6.84	3.4
1428	57.85	-6.82	3.4
1429	57.89	-6.8	3.4
1430	57.93	-6.8	3.4
1431	57.97	-6.79	3.41
1432	58.01	-6.79	3.41
1433	58.05	-6.79	3.42
1434	58.16	-6.8	3.41
1435	58.21	-6.83	3.41
1436	58.25	-6.9	3.41
1437	58.29	-6.95	3.41
1438	58.33	-6.97	3.42
1439	58.37	-6.95	3.4
1440	58.41	-6.91	3.35
1441	58.45	-6.85	3.3
1442	58.49	-6.8	3.24
1443	58.53	-6.79	3.18
1444	58.57	-6.77	3.15
1445	58.61	-6.77	3.11
1446	58.65	-6.78	3.07
1447	58.69	-6.77	3.05
1448	58.73	-6.76	3.01
1449	58.77	-6.77	2.99
1450	58.81	-6.77	2.92
1451	58.85	-6.75	2.88
1452	58.89	-6.74	2.83
1453	58.93	-6.72	2.77
1454	58.97	-6.7	2.74
1455	59.01	-6.68	2.71
1456	59.05	-6.67	2.66
1457	59.09	-6.67	2.58
1458	59.13	-6.68	2.48
1459	59.17	-6.7	2.4
1460	59.21	-6.74	2.35
1461	59.25	-6.77	2.33
1462	59.29	-6.82	2.35
1463	59.33	-6.87	2.38
1464	59.37	-6.91	2.42
1465	59.41	-6.96	2.47
1466	59.45	-6.99	2.51
1467	59.49	-7.02	2.56
1468	59.53	-7.04	2.62
1469	59.57	-7.06	2.67
1470	59.61	-7.08	2.71
1471	59.65	-7.09	2.74
1472	59.69	-7.11	2.77
1473	59.73	-7.1	2.81
1474	59.77	-7.12	2.84
1475	59.81	-7.14	2.87
1476	59.85	-7.17	2.89
1477	59.89	-7.21	2.92
1478	59.93	-7.26	2.96
1479	59.97	-7.32	2.99
1480	60.01	-7.36	3.02
1481	60.05	-7.41	3.05
1482	60.09	-7.43	3.07
1483	60.13	-7.46	3.13
1484	60.17	-7.48	3.17
1485	60.2	-7.52	3.2
1486	60.24	-7.57	3.25
1487	60.29	-7.61	3.26
1488	60.32	-7.66	3.3
1489	60.36	-7.69	3.32
1490	60.41	-7.71	3.37
1491	60.44	-7.73	3.43
1492	60.48	-7.72	3.47
1493	60.52	-7.72	3.5
1494	60.56	-7.71	3.52
1495	60.6	-7.7	3.53
1496	60.64	-7.7	3.54
1497	60.69	-7.71	3.58
1498	60.72	-7.72	3.59
1499	60.76	-7.74	3.61
1500	60.8	-7.75	3.66
1501	60.84	-7.76	3.7
1502	60.88	-7.76	3.73
1503	60.92	-7.75	3.77
1504	60.96	-7.76	3.8
1505	61	-7.78	3.83
1506	61.04	-7.81	3.86
1507	61.08	-7.86	3.88
1508	61.12	-7.92	3.9
1509	61.16	-7.99	3.94
1510	61.2	-8.06	4.02
1511	61.24	-8.12	4.11
1512	61.28	-8.14	4.19
1513	61.32	-8.15	4.24
1514	61.36	-8.15	4.27
1515	61.4	-8.12	4.24
1516	61.44	-8.1	4.23
1517	61.48	-8.09	4.23
1518	61.52	-8.09	4.24
1519	61.56	-8.12	4.27
1520	61.6	-8.18	4.33
1521	61.65	-8.26	4.36
1522	61.68	-8.32	4.38
1523	61.72	-8.38	4.42
1524	61.76	-8.41	4.44
1525	61.8	-8.42	4.5
1526	61.84	-8.44	4.58
1527	61.88	-8.45	4.65
1528	61.92	-8.49	4.71
1529	61.96	-8.5	4.74
1530	62	-8.53	4.75
1531	62.04	-8.55	4.76
1532	62.08	-8.58	4.78
1533	62.12	-8.62	4.81
1534	62.16	-8.66	4.85
1535	62.2	-8.69	4.88
1536	62.24	-8.71	4.91
1537	62.28	-8.74	4.95
1538	62.32	-8.78	4.98
1539	62.36	-8.81	5.03
1540	62.4	-8.82	5.07
1541	62.44	-8.84	5.12
1542	62.48	-8.83	5.17
1543	62.52	-8.84	5.2
1544	62.56	-8.87	5.24
1545	62.6	-8.93	5.25
1546	62.64	-9	5.31
1547	62.69	-9.05	5.38
1548	62.72	-9.11	5.47
1549	62.76	-9.15	5.53
1550	62.8	-9.18	5.58
1551	62.84	-9.2	5.61
1552	62.88	-9.22	5.65
1553	62.92	-9.23	5.69
1554	62.97	-9.26	5.71
1555	63	-9.27	5.75
1556	63.04	-9.29	5.77
1557	63.08	-9.29	5.77
1558	63.12	-9.29	5.79
1559	63.16	-9.31	5.79
1560	63.2	-9.31	5.77
1561	63.24	-9.32	5.77
1562	63.28	-9.33	5.76
1563	63.32	-9.33	5.77
1564	63.36	-9.36	5.76
1565	63.4	-9.38	5.75
1566	63.44	-9.4	5.75
1567	63.48	-9.44	5.73
1568	63.52	-9.47	5.72
1569	63.56	-9.51	5.7
1570	63.6	-9.55	5.69
1571	63.64	-9.6	5.65
1572	63.68	-9.64	5.63
1573	63.72	-9.67	5.61
1574	63.76	-9.71	5.59
1575	63.8	-9.72	5.57
1576	63.84	-9.74	5.55
1577	63.88	-9.74	5.53
1578	63.92	-9.73	5.52
1579	63.96	-9.71	5.53
1580	64	-9.7	5.55
1581	64.04	-9.69	5.56
1582	64.08	-9.69	5.56
1583	64.12	-9.68	5.55
1584	64.16	-9.69	5.53
1585	64.2	-9.7	5.5
1586	64.24	-9.71	5.47
1587	64.28	-9.74	5.44
1588	64.32	-9.78	5.4
1589	64.36	-9.81	5.37
1590	64.4	-9.85	5.34
1591	64.44	-9.89	5.32
1592	64.48	-9.93	5.29
1593	64.52	-10	5.25
1594	64.56	-10.07	5.2
1595	64.6	-10.12	5.17
1596	64.64	-10.18	5.16
1597	64.68	-10.22	5.15
1598	64.72	-10.25	5.16
1599	64.76	-10.29	5.18
1600	64.8	-10.31	5.2
1601	64.84	-10.34	5.22
1602	64.88	-10.37	5.24
1603	64.92	-10.39	5.26
1604	65	-10.42	5.28
1605	65.04	-10.44	5.3
1606	65.08	-10.44	5.31
1607	65.12	-10.46	5.33
1608	65.16	-10.46	5.33
1609	65.2	-10.46	5.33
1610	65.24	-10.47	5.33
1611	65.29	-10.48	5.32
1612	65.32	-10.49	5.3
1613	65.36	-10.49	5.3
1614	65.4	-10.5	5.28
1615	65.44	-10.51	5.25
1616	65.48	-10.52	5.23
1617	65.52	-10.54	5.2
1618	65.56	-10.56	5.16
1619	65.6	-10.57	5.14
1620	65.64	-10.59	5.11
1621	65.68	-10.59	5.1
1622	65.72	-10.59	5.1
1623	65.76	-10.58	5.12
1624	65.8	-10.57	5.15
1625	65.84	-10.57	5.16
1626	65.88	-10.57	5.16
1627	65.92	-10.59	5.14
1628	65.96	-10.59	5.11
1629	66	-10.59	5.08
1630	66.04	-10.57	5.06
1631	66.08	-10.55	5.03
1632	66.12	-10.51	5.02
1633	66.16	-10.49	5.01
1634	66.2	-10.49	5
1635	66.24	-10.49	4.98
1636	66.28	-10.49	4.95
1637	66.32	-10.48	4.92
1638	66.36	-10.48	4.89
1639	66.4	-10.45	4.87
1640	66.44	-10.45	4.86
1641	66.48	-10.45	4.83
1642	66.52	-10.46	4.81
1643	66.56	-10.47	4.79
1644	66.6	-10.49	4.76
1645	66.64	-10.49	4.75
1646	66.68	-10.5	4.73
1647	66.72	-10.51	4.7
1648	66.76	-10.51	4.67
1649	66.8	-10.5	4.62
1650	66.84	-10.48	4.59
1651	66.88	-10.45	4.56
1652	66.92	-10.43	4.53
1653	66.96	-10.42	4.52
1654	67	-10.39	4.53
1655	67.04	-10.38	4.53
1656	67.08	-10.37	4.53
1657	67.12	-10.32	4.52
1658	67.16	-10.28	4.5
1659	67.2	-10.21	4.49
1660	67.24	-10.15	4.46
1661	67.28	-10.1	4.45
1662	67.32	-10.08	4.43
1663	67.36	-10.05	4.39
1664	67.4	-10.03	4.34
1665	67.44	-10.02	4.29
1666	67.48	-10	4.23
1667	67.52	-9.99	4.21
1668	67.56	-9.96	4.2
1669	67.6	-9.91	4.19
1670	67.64	-9.86	4.16
1671	67.68	-9.8	4.1
1672	67.72	-9.76	4.03
1673	67.76	-9.72	3.95
1674	67.8	-9.71	3.89
1675	67.84	-9.7	3.83
1676	67.88	-9.68	3.77
1677	67.92	-9.65	3.71
1678	67.96	-9.6	3.66
1679	68	-9.55	3.64
1680	68.04	-9.5	3.62
1681	68.08	-9.48	3.6
1682	68.12	-9.44	3.57
1683	68.16	-9.38	3.51
1684	68.2	-9.33	3.44
1685	68.24	-9.25	3.34
1686	68.28	-9.22	3.26
1687	68.32	-9.18	3.19
1688	68.36	-9.09	3.14
1689	68.4	-9.04	3.13
1690	68.44	-8.94	3.13
1691	68.48	-8.87	3.14
1692	68.61	-8.81	3.13
1693	68.64	-8.74	3.11
1694	68.68	-8.69	3.08
1695	68.72	-8.65	3.06
1696	68.76	-8.63	3.04
1697	68.8	-8.63	3.02
1698	68.84	-8.62	3.01
1699	68.88	-8.6	2.99
1700	68.92	-8.6	3
1701	68.96	-8.61	3.02
1702	69	-8.58	3.03
1703	69.04	-8.58	3.04
1704	69.08	-8.53	3.04
1705	69.12	-8.49	3.04
1706	69.16	-8.46	3.04
1707	69.2	-8.42	3.02
1708	69.24	-8.39	3.01
1709	69.28	-8.37	3.01
1710	69.32	-8.36	3
1711	69.36	-8.36	3
1712	69.4	-8.35	2.98
1713	69.44	-8.36	2.96
1714	69.48	-8.36	2.93
1715	69.52	-8.38	2.91
1716	69.56	-8.41	2.89
1717	69.6	-8.47	2.86
1718	69.64	-8.56	2.88
1719	69.68	-8.62	2.86
1720	69.72	-8.71	2.87
1721	69.76	-8.76	2.87
1722	69.8	-8.81	2.87
1723	69.84	-8.87	2.87
1724	69.88	-8.92	2.85
1725	69.92	-8.98	2.86
1726	69.96	-9.04	2.83
1727	70	-9.1	2.79
1728	70.04	-9.16	2.76
1729	70.08	-9.23	2.73
1730	70.12	-9.25	2.7
1731	70.16	-9.24	2.66
1732	70.2	-9.24	2.62
1733	70.24	-9.22	2.59
1734	70.28	-9.21	2.56
1735	70.32	-9.21	2.53
1736	70.36	-9.22	2.48
1737	70.4	-9.23	2.39
1738	70.44	-9.26	2.28
1739	70.48	-9.31	2.18
1740	70.52	-9.35	2.09
1741	70.56	-9.39	2.02
1742	70.6	-9.42	1.99
1743	70.64	-9.45	1.98
1744	70.68	-9.46	1.96
1745	70.72	-9.47	1.95
1746	70.76	-9.49	1.95
1747	70.8	-9.52	1.97
1748	70.84	-9.56	2.03
1749	70.88	-9.6	2.1
1750	70.92	-9.63	2.17
1751	70.96	-9.7	2.29
1752	71	-9.74	2.37
1753	71.04	-9.78	2.43
1754	71.08	-9.81	2.5
1755	71.12	-9.82	2.54
1756	71.16	-9.84	2.57
1757	71.2	-9.87	2.56
1758	71.24	-9.9	2.52
1759	71.28	-9.92	2.46
1760	71.32	-9.94	2.4
1761	71.36	-9.96	2.39
1762	71.4	-9.99	2.42
1763	71.44	-10.02	2.46
1764	71.48	-10.07	2.53
1765	71.52	-10.12	2.56
1766	71.56	-10.13	2.55
1767	71.6	-10.11	2.53
1768	71.64	-10.06	2.49
1769	71.68	-10.01	2.47
1770	71.72	-9.97	2.45
1771	71.76	-9.96	2.46
1772	71.8	-9.97	2.5
1773	71.84	-9.98	2.55
1774	71.88	-10.01	2.57
1775	71.92	-10.02	2.59
1776	71.96	-10.03	2.57
1777	72	-10.01	2.56
1778	72.04	-9.98	2.56
1779	72.08	-9.95	2.58
1780	72.12	-9.92	2.63
1781	72.16	-9.92	2.66
1782	72.2	-9.95	2.71
1783	72.24	-10	2.73
1784	72.28	-10.04	2.76
1785	72.32	-10.08	2.79
1786	72.36	-10.09	2.83
1787	72.4	-10.11	2.89
1788	72.44	-10.11	2.95
1789	72.48	-10.12	3.01
1790	72.52	-10.15	3.04
1791	72.56	-10.19	3.05
1792	72.6	-10.25	3.06
1793	72.64	-10.29	3.06
1794	72.68	-10.32	3.07
1795	72.72	-10.35	3.09
1796	72.76	-10.35	3.1
1797	72.8	-10.35	3.11
1798	72.84	-10.36	3.12
1799	72.88	-10.37	3.12
1800	72.92	-10.36	3.14
1801	72.96	-10.36	3.14
1802	73	-10.35	3.17
1803	73.04	-10.33	3.21
1804	73.08	-10.34	3.24
1805	73.12	-10.35	3.28
1806	73.16	-10.37	3.33
1807	73.2	-10.37	3.35
1808	73.24	-10.39	3.38
1809	73.28	-10.41	3.41
1810	73.32	-10.43	3.42
1811	73.36	-10.44	3.45
1812	73.4	-10.43	3.46
1813	73.44	-10.41	3.45
1814	73.48	-10.38	3.44
1815	73.52	-10.37	3.43
1816	73.56	-10.36	3.42
1817	73.6	-10.35	3.41
1818	73.64	-10.34	3.41
1819	73.68	-10.33	3.42
1820	73.72	-10.31	3.42
1821	73.76	-10.29	3.45
1822	73.81	-10.27	3.5
1823	73.87	-10.26	3.54
1824	73.9	-10.24	3.56
1825	73.93	-10.22	3.57
1826	73.96	-10.2	3.56
1827	74	-10.19	3.54
1828	74.04	-10.17	3.54
1829	74.08	-10.16	3.54
1830	74.12	-10.16	3.55
1831	74.16	-10.16	3.55
1832	74.2	-10.15	3.58
1833	74.24	-10.15	3.61
1834	74.28	-10.15	3.63
1835	74.32	-10.14	3.66
1836	74.36	-10.15	3.65
1837	74.4	-10.16	3.65
1838	74.44	-10.16	3.64
1839	74.48	-10.17	3.64
1840	74.52	-10.19	3.63
1841	74.56	-10.2	3.63
1842	74.6	-10.22	3.64
1843	74.64	-10.23	3.66
1844	74.68	-10.24	3.68
1845	74.72	-10.24	3.69
1846	74.76	-10.23	3.7
1847	74.8	-10.23	3.7
1848	74.84	-10.22	3.71
1849	74.88	-10.22	3.71
1850	74.92	-10.22	3.69
1851	74.96	-10.21	3.69
1852	75	-10.21	3.69
1853	75.04	-10.2	3.68
1854	75.08	-10.2	3.69
1855	75.12	-10.21	3.7
1856	75.16	-10.2	3.7
1857	75.2	-10.21	3.7
1858	75.24	-10.21	3.7
1859	75.28	-10.21	3.69
1860	75.32	-10.21	3.69
1861	75.36	-10.21	3.69
1862	75.4	-10.21	3.69
1863	75.44	-10.2	3.7
1864	75.48	-10.2	3.69
1865	75.52	-10.2	3.7
1866	75.56	-10.2	3.69
1867	75.6	-10.2	3.69
1868	75.64	-10.21	3.69
1869	75.68	-10.21	3.7
1870	75.72	-10.21	3.71
1871	75.76	-10.21	3.7
1872	75.8	-10.21	3.71
1873	75.84	-10.2	3.7
1874	75.88	-10.2	3.7
1875	75.92	-10.19	3.7
1876	75.96	-10.19	3.7
1877	76	-10.19	3.7
1878	76.04	-10.18	3.71
1879	76.08	-10.18	3.71
1880	76.12	-10.17	3.72
1881	76.16	-10.16	3.72
1882	76.2	-10.16	3.71
1883	76.24	-10.16	3.7
1884	76.28	-10.16	3.68
1885	76.32	-10.16	3.68
1886	76.36	-10.16	3.68
1887	76.4	-10.16	3.68
1888	76.44	-10.16	3.69
1889	76.48	-10.15	3.69
1890	76.52	-10.15	3.7
1891	76.56	-10.16	3.72
1892	76.6	-10.15	3.73
1893	76.64	-10.15	3.73
1894	76.68	-10.15	3.73
1895	76.72	-10.15	3.73
1896	76.76	-10.16	3.73
1897	76.8	-10.16	3.72
1898	76.84	-10.15	3.72
1899	76.88	-10.15	3.72
1900	76.92	-10.15	3.73
1901	76.96	-10.14	3.73
1902	77	-10.15	3.73
1903	77.04	-10.15	3.73
1904	77.08	-10.15	3.74
1905	77.12	-10.15	3.75
1906	77.16	-10.17	3.77
1907	77.2	-10.17	3.8
1908	77.24	-10.19	3.82
1909	77.28	-10.19	3.83
1910	77.32	-10.18	3.83
1911	77.36	-10.17	3.83
1912	77.4	-10.15	3.83
1913	77.44	-10.13	3.84
1914	77.56	-10.12	3.84
1915	77.6	-10.11	3.85
1916	77.64	-10.11	3.85
1917	77.68	-10.11	3.87
1918	77.72	-10.12	3.88
1919	77.76	-10.13	3.89
1920	77.8	-10.14	3.91
1921	77.84	-10.12	3.92
1922	77.88	-10.1	3.93
1923	77.92	-10.08	3.94
1924	77.96	-10.06	3.95
1925	78	-10.07	3.95
1926	78.04	-10.07	3.97
1927	78.08	-10.07	3.98
1928	78.12	-10.08	4.02
1929	78.16	-10.08	4.03
1930	78.2	-10.09	4.04
1931	78.24	-10.09	4.05
1932	78.28	-10.08	4.05
1933	78.32	-10.05	4.07
1934	78.36	-10.01	4.08
1935	78.4	-9.97	4.08
1936	78.44	-9.96	4.08
1937	78.48	-9.96	4.08
1938	78.52	-9.97	4.08
1939	78.56	-9.98	4.1
1940	78.6	-9.96	4.14
1941	78.64	-9.94	4.17
1942	78.68	-9.93	4.19
1943	78.72	-9.91	4.21
1944	78.76	-9.91	4.22
1945	78.8	-9.9	4.23
1946	78.84	-9.89	4.25
1947	78.88	-9.88	4.26
1948	78.92	-9.87	4.27
1949	78.96	-9.86	4.29
1950	79	-9.85	4.3
1951	79.04	-9.85	4.32
1952	79.08	-9.86	4.33
1953	79.12	-9.86	4.32
1954	79.16	-9.87	4.32
1955	79.2	-9.87	4.33
1956	79.24	-9.87	4.33
1957	79.28	-9.88	4.34
1958	79.32	-9.89	4.33
1959	79.36	-9.91	4.34
1960	79.4	-9.91	4.36
1961	79.44	-9.91	4.37
1962	79.48	-9.9	4.39
1963	79.52	-9.9	4.4
1964	79.56	-9.9	4.39
1965	79.6	-9.91	4.37
1966	79.64	-9.92	4.38
1967	79.68	-9.92	4.39
1968	79.72	-9.92	4.41
1969	79.76	-9.91	4.44
1970	79.8	-9.9	4.45
1971	79.84	-9.9	4.45
1972	79.88	-9.89	4.44
1973	79.92	-9.88	4.43
1974	79.96	-9.87	4.42
1975	80	-9.88	4.4
1976	80.04	-9.88	4.39
1977	80.08	-9.88	4.37
1978	80.12	-9.89	4.34
1979	80.16	-9.89	4.33
1980	80.2	-9.9	4.34
1981	80.24	-9.91	4.34
1982	80.28	-9.93	4.37
1983	80.32	-9.94	4.37
1984	80.36	-9.94	4.37
1985	80.4	-9.94	4.39
1986	80.44	-9.94	4.38
1987	80.48	-9.96	4.39
1988	80.52	-9.98	4.4
1989	80.56	-9.99	4.4
1990	80.6	-10.01	4.42
1991	80.64	-10.03	4.43
1992	80.68	-10.03	4.45
1993	80.72	-10.05	4.46
1994	80.76	-10.08	4.47
1995	80.8	-10.07	4.47
1996	80.84	-10.1	4.47
1997	80.88	-10.12	4.47
1998	80.92	-10.12	4.48
1999	80.96	-10.14	4.5
2000	81	-10.14	4.51
2001	81.04	-10.15	4.53
2002	81.08	-10.15	4.54
2003	81.12	-10.17	4.55
2004	81.16	-10.2	4.56
2005	81.2	-10.23	4.59
2006	81.24	-10.25	4.63
2007	81.28	-10.24	4.68
2008	81.32	-10.22	4.74
2009	81.36	-10.18	4.78
2010	81.4	-10.14	4.83
2011	81.44	-10.12	4.86
2012	81.48	-10.11	4.9
2013	81.52	-10.1	4.91
2014	81.56	-10.09	4.91
2015	81.6	-10.09	4.9
2016	81.64	-10.09	4.88
2017	81.68	-10.09	4.89
2018	81.72	-10.08	4.9
2019	81.76	-10.03	4.9
2020	81.8	-10	4.92
2021	81.84	-9.97	4.94
2022	81.88	-9.96	4.95
2023	81.92	-9.98	4.98
2024	81.96	-9.97	4.97
2025	82	-9.98	4.98
2026	82.04	-9.98	4.99
2027	82.08	-9.99	4.99
2028	82.12	-9.99	5
2029	82.16	-10	5.01
2030	82.2	-10.01	5.03
2031	82.24	-10.02	5.04
2032	82.28	-10.03	5.07
2033	82.32	-10.04	5.07
2034	82.36	-10.04	5.07
2035	82.4	-10.04	5.08
2036	82.44	-10.04	5.08
2037	82.48	-10.03	5.07
2038	82.52	-10.03	5.08
2039	82.56	-10.03	5.07
2040	82.6	-10.02	5.06
2041	82.64	-10.02	5.06
2042	82.68	-10.02	5.07
2043	82.72	-10.05	5.12
2044	82.76	-10.06	5.15
2045	82.8	-10.06	5.2
2046	82.87	-10.06	5.25
2047	82.89	-10.02	5.24
2048	82.92	-10	5.24
2049	82.96	-9.97	5.23
2050	83	-9.94	5.22
2051	83.04	-9.92	5.23
2052	83.08	-9.92	5.24
2053	83.12	-9.95	5.26
2054	83.16	-9.98	5.26
2055	83.2	-10.01	5.25
2056	83.24	-10.03	5.21
2057	83.28	-10.04	5.16
2058	83.32	-10.07	5.15
2059	83.36	-10.09	5.15
2060	83.4	-10.13	5.17
2061	83.44	-10.17	5.19
2062	83.48	-10.19	5.18
2063	83.52	-10.2	5.14
2064	83.56	-10.2	5.09
2065	83.6	-10.19	5.05
2066	83.64	-10.2	5.04
2067	83.68	-10.21	5.04
2068	83.72	-10.24	5.06
2069	83.76	-10.27	5.09
2070	83.8	-10.3	5.09
2071	83.84	-10.32	5.08
2072	83.88	-10.33	5.05
2073	83.92	-10.34	5.02
2074	83.96	-10.34	5.02
2075	84	-10.35	5.02
2076	84.04	-10.36	5.04
2077	84.08	-10.37	5.05
2078	84.12	-10.37	5.07
2079	84.16	-10.38	5.07
2080	84.2	-10.38	5.06
2081	84.24	-10.38	5.04
2082	84.28	-10.38	5.02
2083	84.32	-10.37	5.01
2084	84.36	-10.38	5.03
2085	84.4	-10.38	5.04
2086	84.44	-10.39	5.07
2087	84.48	-10.4	5.09
2088	84.52	-10.4	5.11
2089	84.56	-10.41	5.13
2090	84.6	-10.42	5.14
2091	84.64	-10.42	5.16
2092	84.68	-10.42	5.17
2093	84.72	-10.42	5.19
2094	84.76	-10.42	5.2
2095	84.8	-10.44	5.21
2096	84.84	-10.48	5.23
2097	84.88	-10.52	5.23
2098	84.92	-10.56	5.25
2099	84.96	-10.58	5.26
2100	85	-10.57	5.26
2101	85.04	-10.56	5.27
2102	85.08	-10.56	5.27
2103	85.12	-10.57	5.3
2104	85.16	-10.59	5.33
2105	85.2	-10.6	5.34
2106	85.24	-10.61	5.34
2107	85.28	-10.6	5.36
2108	85.32	-10.6	5.38
2109	85.36	-10.6	5.42
2110	85.4	-10.6	5.45
2111	85.44	-10.6	5.45
2112	85.48	-10.6	5.44
2113	85.52	-10.59	5.45
2114	85.56	-10.59	5.49
2115	85.6	-10.58	5.54
2116	85.64	-10.59	5.56
2117	85.68	-10.6	5.58
2118	85.72	-10.6	5.59
2119	85.76	-10.6	5.58
2120	85.8	-10.59	5.59
2121	85.84	-10.59	5.58
2122	85.88	-10.58	5.56
2123	85.92	-10.58	5.55
2124	85.96	-10.58	5.54
2125	86	-10.58	5.56
2126	86.04	-10.59	5.59
2127	86.08	-10.59	5.61
2128	86.12	-10.59	5.6
2129	86.16	-10.58	5.56
2130	86.2	-10.58	5.51
2131	86.24	-10.58	5.47
2132	86.28	-10.59	5.46
2133	86.32	-10.62	5.48
2134	86.36	-10.65	5.53
2135	86.4	-10.66	5.58
2136	86.44	-10.67	5.63
2137	86.48	-10.67	5.67
2138	86.52	-10.66	5.67
2139	86.56	-10.67	5.64
2140	86.6	-10.68	5.6
2141	86.64	-10.68	5.54
2142	86.68	-10.68	5.48
2143	86.72	-10.66	5.43
2144	86.76	-10.65	5.41
2145	86.8	-10.64	5.38
2146	86.84	-10.62	5.36
2147	86.88	-10.59	5.33
2148	86.92	-10.55	5.29
2149	86.96	-10.51	5.27
2150	87	-10.49	5.24
2151	87.04	-10.48	5.2
2152	87.08	-10.48	5.14
2153	87.12	-10.48	5.06
2154	87.16	-10.49	4.99
2155	87.2	-10.49	4.93
2156	87.24	-10.5	4.88
2157	87.28	-10.51	4.84
2158	87.32	-10.53	4.81
2159	87.36	-10.54	4.78
2160	87.4	-10.53	4.74
2161	87.44	-10.52	4.7
2162	87.48	-10.51	4.68
2163	87.52	-10.5	4.67
2164	87.56	-10.49	4.64
2165	87.6	-10.48	4.64
2166	87.64	-10.46	4.63
2167	87.68	-10.44	4.61
2168	87.72	-10.44	4.62
2169	87.76	-10.44	4.59
2170	87.8	-10.43	4.57
2171	87.84	-10.43	4.56
2172	87.88	-10.43	4.54
2173	87.92	-10.43	4.54
2174	87.96	-10.43	4.55
2175	88.09	-10.43	4.56
2176	88.12	-10.43	4.58
2177	88.16	-10.42	4.6
2178	88.2	-10.42	4.61
2179	88.24	-10.43	4.64
2180	88.28	-10.43	4.66
2181	88.32	-10.44	4.68
2182	88.36	-10.44	4.69
2183	88.4	-10.44	4.71
2184	88.44	-10.43	4.71
2185	88.48	-10.44	4.7
2186	88.52	-10.44	4.7
2187	88.56	-10.45	4.68
2188	88.6	-10.45	4.66
2189	88.64	-10.45	4.65
2190	88.68	-10.45	4.64
2191	88.72	-10.45	4.63
2192	88.76	-10.45	4.63
2193	88.8	-10.45	4.63
2194	88.84	-10.45	4.62
2195	88.88	-10.45	4.63
2196	88.92	-10.45	4.63
2197	88.96	-10.44	4.65
2198	89	-10.44	4.67
2199	89.04	-10.44	4.69
2200	89.08	-10.44	4.69
2201	89.12	-10.44	4.69
2202	89.16	-10.45	4.68
2203	89.2	-10.45	4.68
2204	89.24	-10.46	4.68
2205	89.28	-10.46	4.68
2206	89.32	-10.46	4.69
2207	89.36	-10.45	4.7
2208	89.4	-10.45	4.71
2209	89.44	-10.46	4.72
2210	89.48	-10.46	4.73
2211	89.52	-10.46	4.72
2212	89.56	-10.46	4.73
2213	89.6	-10.46	4.73
2214	89.64	-10.46	4.73
2215	89.68	-10.46	4.73
2216	89.72	-10.46	4.73
2217	89.76	-10.46	4.74
2218	89.8	-10.46	4.73
2219	89.84	-10.46	4.74
2220	89.88	-10.46	4.74
2221	89.92	-10.46	4.73
2222	89.96	-10.46	4.74
2223	90	-10.46	4.74
2224	90.04	-10.46	4.75
2225	90.08	-10.47	4.76
2226	90.12	-10.47	4.76
2227	90.16	-10.46	4.76
2228	90.2	-10.46	4.76
2229	90.24	-10.46	4.75
2230	90.28	-10.47	4.75
2231	90.32	-10.46	4.76
2232	90.36	-10.45	4.76
2233	90.4	-10.45	4.76
2234	90.44	-10.45	4.78
2235	90.48	-10.46	4.78
2236	90.52	-10.45	4.78
2237	90.56	-10.45	4.79
2238	90.6	-10.45	4.78
2239	90.64	-10.45	4.78
2240	90.68	-10.45	4.78
2241	90.72	-10.45	4.77
2242	90.76	-10.45	4.78
2243	90.8	-10.45	4.77
2244	90.84	-10.45	4.78
2245	90.88	-10.45	4.78
2246	90.92	-10.45	4.78
2247	90.96	-10.46	4.77
2248	91	-10.46	4.77
2249	91.04	-10.46	4.76
2250	91.08	-10.46	4.77
2251	91.12	-10.46	4.79
2252	91.16	-10.46	4.79
2253	91.2	-10.46	4.78
2254	91.24	-10.46	4.78
2255	91.28	-10.46	4.76
2256	91.32	-10.46	4.76
2257	91.36	-10.46	4.76
2258	91.4	-10.46	4.76
2259	91.44	-10.46	4.77
2260	91.48	-10.46	4.77
2261	91.52	-10.46	4.78
2262	91.56	-10.45	4.79
2263	91.6	-10.45	4.79
2264	91.64	-10.45	4.79
2265	91.68	-10.46	4.79
2266	91.72	-10.46	4.78
2267	91.76	-10.46	4.79
2268	91.8	-10.46	4.8
2269	91.84	-10.46	4.8
2270	91.88	-10.46	4.79
2271	91.92	-10.46	4.78
2272	91.96	-10.46	4.77
2273	92	-10.46	4.78
2274	92.04	-10.46	4.79
2275	92.08	-10.45	4.79
2276	92.12	-10.45	4.79
2277	92.16	-10.45	4.78
2278	92.2	-10.45	4.78
2279	92.24	-10.45	4.78
2280	92.28	-10.45	4.77
2281	92.32	-10.45	4.77
2282	92.36	-10.45	4.77
2283	92.4	-10.45	4.76
2284	92.44	-10.45	4.77
2285	92.48	-10.44	4.78
2286	92.52	-10.44	4.79
2287	92.56	-10.45	4.79
2288	92.6	-10.45	4.78
2289	92.64	-10.44	4.77
2290	92.68	-10.43	4.77
2291	92.72	-10.43	4.77
2292	92.76	-10.42	4.78
2293	92.8	-10.43	4.78
2294	92.84	-10.44	4.78
2295	92.88	-10.45	4.77
2296	92.92	-10.45	4.78
2297	92.96	-10.45	4.78
2298	93	-10.45	4.79
2299	93.04	-10.44	4.79
2300	93.08	-10.44	4.79
2301	93.12	-10.45	4.79
2302	93.16	-10.44	4.79
2303	93.2	-10.45	4.79
2304	93.24	-10.45	4.79
2305	93.28	-10.45	4.79
2306	93.32	-10.45	4.79
2307	93.36	-10.44	4.8
2308	93.4	-10.44	4.81
2309	93.44	-10.43	4.81
2310	93.48	-10.43	4.81
2311	93.52	-10.43	4.8
2312	93.56	-10.44	4.8
2313	93.6	-10.44	4.81
2314	93.64	-10.44	4.81
2315	93.68	-10.45	4.81
2316	93.72	-10.44	4.81
2317	93.76	-10.44	4.81
2318	93.8	-10.43	4.8
2319	93.84	-10.44	4.8
2320	93.88	-10.43	4.79
2321	93.95	-10.44	4.79
2322	93.98	-10.44	4.81
2323	94.01	-10.44	4.81
2324	94.04	-10.44	4.83
2325	94.08	-10.45	4.86
2326	94.12	-10.46	4.88
2327	94.16	-10.46	4.91
2328	94.2	-10.47	4.93
2329	94.24	-10.46	4.93
2330	94.28	-10.44	4.93
2331	94.32	-10.44	4.91
2332	94.36	-10.44	4.89
2333	94.4	-10.45	4.89
2334	94.44	-10.45	4.88
2335	94.48	-10.45	4.88
2336	94.52	-10.45	4.88
2337	94.56	-10.45	4.89
2338	94.6	-10.45	4.89
2339	94.64	-10.45	4.91
2340	94.68	-10.45	4.91
2341	94.72	-10.44	4.91
2342	94.76	-10.44	4.91
2343	94.8	-10.44	4.91
2344	94.84	-10.45	4.91
2345	94.88	-10.45	4.92
2346	94.92	-10.45	4.93
2347	94.96	-10.45	4.92
2348	95	-10.45	4.93
2349	95.04	-10.44	4.94
2350	95.08	-10.44	4.96
2351	95.12	-10.44	4.99
2352	95.16	-10.44	5
2353	95.2	-10.45	5.01
2354	95.24	-10.46	5.02
2355	95.28	-10.46	5.02
2356	95.32	-10.46	5.01
2357	95.36	-10.46	4.99
2358	95.4	-10.45	4.96
2359	95.44	-10.45	4.95
2360	95.48	-10.46	4.94
2361	95.52	-10.46	4.93
2362	95.56	-10.46	4.94
2363	95.6	-10.46	4.92
2364	95.64	-10.46	4.9
2365	95.68	-10.45	4.9
2366	95.72	-10.45	4.87
2367	95.76	-10.46	4.86
2368	95.8	-10.45	4.85
2369	95.84	-10.46	4.83
2370	95.88	-10.45	4.82
2371	95.92	-10.45	4.81
2372	95.96	-10.44	4.81
2373	96	-10.43	4.82
2374	96.04	-10.43	4.82
2375	96.08	-10.42	4.83
2376	96.12	-10.43	4.83
2377	96.16	-10.43	4.83
2378	96.2	-10.43	4.83
2379	96.24	-10.44	4.83
2380	96.28	-10.44	4.84
2381	96.32	-10.46	4.84
2382	96.36	-10.46	4.85
2383	96.4	-10.46	4.85
2384	96.44	-10.46	4.85
2385	96.48	-10.46	4.86
2386	96.52	-10.46	4.87
2387	96.56	-10.47	4.89
2388	96.6	-10.46	4.89
2389	96.64	-10.46	4.9
2390	96.68	-10.47	4.9
2391	96.72	-10.47	4.89
2392	96.76	-10.47	4.88
2393	96.8	-10.47	4.87
2394	96.84	-10.47	4.86
2395	96.88	-10.47	4.86
2396	96.92	-10.47	4.86
2397	96.96	-10.46	4.85
2398	97	-10.46	4.85
2399	97.04	-10.46	4.84
2400	97.08	-10.46	4.83
2401	97.12	-10.46	4.84
2402	97.16	-10.46	4.83
2403	97.2	-10.46	4.83
2404	97.24	-10.46	4.84
2405	97.28	-10.46	4.84
2406	97.32	-10.46	4.85
2407	97.36	-10.46	4.84
2408	97.4	-10.45	4.84
2409	97.44	-10.46	4.83
2410	97.48	-10.47	4.83
2411	97.52	-10.47	4.84
2412	97.56	-10.47	4.83
2413	97.6	-10.47	4.83
2414	97.64	-10.47	4.83
2415	97.68	-10.47	4.83
2416	97.72	-10.46	4.83
2417	97.76	-10.46	4.86
2418	97.8	-10.45	4.88
2419	97.84	-10.45	4.89
2420	97.88	-10.44	4.91
2421	97.92	-10.45	4.89
2422	97.96	-10.45	4.88
2423	98	-10.45	4.86
2424	98.04	-10.45	4.84
2425	98.08	-10.44	4.83
2426	98.12	-10.43	4.84
2427	98.16	-10.43	4.85
2428	98.2	-10.43	4.86
2429	98.24	-10.44	4.87
2430	98.28	-10.45	4.87
2431	98.32	-10.45	4.86
2432	98.36	-10.45	4.87
2433	98.4	-10.45	4.88
2434	98.44	-10.45	4.91
2435	98.48	-10.45	4.95
2436	98.52	-10.44	4.97
2437	98.56	-10.4	5.01
2438	98.6	-10.36	5.03
2439	98.64	-10.32	5.06
2440	98.68	-10.28	5.08
2441	98.72	-10.27	5.1
2442	98.76	-10.25	5.11
2443	98.8	-10.24	5.11
2444	98.84	-10.23	5.12
2445	98.88	-10.21	5.11
2446	98.92	-10.22	5.11
2447	98.96	-10.2	5.12
2448	99	-10.19	5.14
2449	99.04	-10.19	5.16
2450	99.08	-10.17	5.18
2451	99.12	-10.16	5.17
2452	99.16	-10.12	5.16
2453	99.2	-10.06	5.15
2454	99.24	-10.01	5.14
2455	99.28	-9.97	5.14
2456	99.32	-9.94	5.14
2457	99.36	-9.93	5.14
2458	99.4	-9.93	5.16
2459	99.44	-9.92	5.17
2460	99.48	-9.93	5.19
2461	99.52	-9.95	5.21
2462	99.56	-9.94	5.21
2463	99.6	-9.93	5.21
2464	99.64	-9.91	5.2
2465	99.68	-9.88	5.19
2466	99.72	-9.87	5.18
2467	99.76	-9.86	5.18
2468	99.8	-9.86	5.18
2469	99.84	-9.85	5.18
2470	99.88	-9.84	5.18
2471	99.98	-9.85	5.19
2472	100.03	-9.86	5.21
2473	100.07	-9.87	5.22
2474	100.11	-9.89	5.25
2475	100.15	-9.9	5.26
2476	100.19	-9.91	5.27
2477	100.24	-9.91	5.27
2478	100.28	-9.91	5.28
2479	100.31	-9.9	5.28
2480	100.35	-9.91	5.29
2481	100.39	-9.91	5.29
2482	100.43	-9.9	5.29
2483	100.47	-9.9	5.3
2484	100.51	-9.89	5.3
2485	100.55	-9.89	5.3
2486	100.59	-9.88	5.29
2487	100.63	-9.88	5.29
2488	100.67	-9.88	5.29
2489	100.71	-9.88	5.29
2490	100.75	-9.89	5.3
2491	100.8	-9.9	5.3
2492	100.83	-9.9	5.27
2493	100.87	-9.91	5.25
2494	100.91	-9.92	5.23
2495	100.95	-9.94	5.19
2496	100.99	-9.97	5.16
2497	101.03	-9.98	5.13
2498	101.07	-9.99	5.09
2499	101.11	-10.01	5.09
2500	101.15	-10.02	5.08
2501	101.19	-10.02	5.07
2502	101.23	-10.03	5.07
2503	101.27	-10.03	5.03
2504	101.31	-10.07	5
2505	101.35	-10.11	4.97
2506	101.39	-10.17	4.96
2507	101.43	-10.22	4.98
2508	101.47	-10.27	5
2509	101.51	-10.32	5
2510	101.55	-10.35	4.98
2511	101.59	-10.38	4.95
2512	101.63	-10.42	4.91
2513	101.67	-10.45	4.9
2514	101.71	-10.46	4.89
2515	101.75	-10.48	4.9
2516	101.79	-10.47	4.91
2517	101.83	-10.48	4.92
2518	101.87	-10.51	4.92
2519	101.91	-10.53	4.95
2520	101.95	-10.58	4.97
2521	101.99	-10.62	5.01
2522	102.03	-10.65	5.05
2523	102.07	-10.68	5.08
2524	102.11	-10.7	5.09
2525	102.15	-10.72	5.11
2526	102.19	-10.72	5.11
2527	102.23	-10.75	5.12
2528	102.76	-10.76	5.15
2529	102.79	-10.78	5.16
2530	102.83	-10.78	5.18
2531	102.87	-10.78	5.17
2532	102.91	-10.78	5.16
2533	102.95	-10.78	5.15
2534	102.99	-10.79	5.13
2535	103.03	-10.79	5.14
2536	103.07	-10.79	5.15
2537	103.11	-10.79	5.16
2538	103.15	-10.77	5.16
2539	103.19	-10.75	5.16
2540	103.23	-10.73	5.14
2541	103.27	-10.7	5.12
2542	103.31	-10.67	5.12
2543	103.35	-10.66	5.1
2544	103.39	-10.63	5.11
2545	103.43	-10.6	5.13
2546	103.47	-10.58	5.13
2547	103.51	-10.56	5.13
2548	103.55	-10.53	5.13
2549	103.59	-10.5	5.12
2550	103.63	-10.46	5.12
2551	103.67	-10.42	5.15
2552	103.71	-10.4	5.18
2553	103.75	-10.38	5.21
2554	103.79	-10.36	5.23
2555	103.83	-10.36	5.25
2556	103.87	-10.36	5.25
2557	103.91	-10.37	5.25
2558	103.95	-10.37	5.27
2559	103.99	-10.37	5.28
2560	104.03	-10.37	5.28
2561	104.07	-10.36	5.3
2562	104.11	-10.35	5.3
2563	104.15	-10.35	5.31
2564	104.19	-10.35	5.33
2565	104.23	-10.36	5.35
2566	104.27	-10.36	5.4
2567	104.31	-10.35	5.44
2568	104.35	-10.35	5.47
2569	104.39	-10.34	5.53
2570	104.43	-10.34	5.56
2571	104.47	-10.34	5.61
2572	104.51	-10.33	5.67
2573	104.55	-10.32	5.72
2574	104.59	-10.31	5.73
2575	104.63	-10.3	5.74
2576	104.67	-10.3	5.73
2577	104.71	-10.32	5.71
2578	104.75	-10.34	5.72
2579	104.79	-10.36	5.73
2580	104.83	-10.38	5.74
2581	104.87	-10.39	5.73
2582	104.91	-10.4	5.73
2583	104.95	-10.42	5.73
2584	104.99	-10.43	5.72
2585	105.03	-10.44	5.74
2586	105.07	-10.44	5.74
2587	105.11	-10.44	5.77
2588	105.15	-10.44	5.79
2589	105.19	-10.46	5.82
2590	105.25	-10.47	5.84
2591	105.31	-10.5	5.82
2592	105.35	-10.51	5.85
2593	105.39	-10.52	5.86
2594	105.43	-10.53	5.88
2595	105.47	-10.55	5.91
2596	105.51	-10.57	5.92
2597	105.55	-10.55	5.94
2598	105.59	-10.53	5.97
2599	105.63	-10.51	5.99
2600	105.67	-10.49	6.02
2601	105.71	-10.48	6.03
2602	105.75	-10.47	6.05
2603	105.79	-10.49	6.07
2604	105.83	-10.51	6.09
2605	105.87	-10.54	6.12
2606	105.91	-10.59	6.14
2607	105.95	-10.62	6.17
2608	105.99	-10.65	6.19
2609	106.03	-10.67	6.2
2610	106.07	-10.69	6.24
2611	106.11	-10.71	6.3
2612	106.15	-10.75	6.38
2613	106.19	-10.78	6.45
2614	106.23	-10.8	6.51
2615	106.27	-10.81	6.54
2616	106.31	-10.78	6.57
2617	106.35	-10.79	6.58
2618	106.39	-10.81	6.57
2619	106.43	-10.81	6.56
2620	106.47	-10.84	6.55
2621	106.51	-10.86	6.55
2622	106.55	-10.85	6.56
2623	106.59	-10.84	6.57
2624	106.63	-10.82	6.57
2625	106.67	-10.81	6.59
2626	106.71	-10.81	6.61
2627	106.75	-10.82	6.62
2628	106.79	-10.81	6.63
2629	106.83	-10.78	6.63
2630	106.87	-10.74	6.62
2631	106.91	-10.71	6.62
2632	106.95	-10.7	6.63
2633	106.99	-10.69	6.63
2634	107.03	-10.66	6.64
2635	107.07	-10.63	6.64
2636	107.11	-10.58	6.65
2637	107.15	-10.54	6.65
2638	107.19	-10.51	6.65
2639	107.23	-10.5	6.65
2640	107.27	-10.5	6.66
2641	107.31	-10.48	6.66
2642	107.35	-10.46	6.66
2643	107.39	-10.39	6.65
2644	107.43	-10.32	6.65
2645	107.47	-10.29	6.64
2646	107.51	-10.25	6.62
2647	107.55	-10.24	6.57
2648	107.59	-10.23	6.53
2649	107.63	-10.21	6.49
2650	107.67	-10.2	6.46
2651	107.71	-10.16	6.45
2652	107.75	-10.12	6.44
2653	107.79	-10.08	6.43
2654	107.83	-10.05	6.4
2655	107.87	-10.05	6.37
2656	107.91	-10.05	6.34
2657	107.95	-10.05	6.33
2658	107.99	-10.05	6.32
2659	108.03	-10.03	6.32
2660	108.07	-10.02	6.31
2661	108.11	-10	6.31
2662	108.15	-9.99	6.31
2663	108.19	-9.97	6.31
2664	108.23	-9.93	6.29
2665	108.27	-9.9	6.28
2666	108.31	-9.87	6.27
2667	108.35	-9.85	6.28
2668	108.39	-9.87	6.28
2669	108.43	-9.86	6.28
2670	108.47	-9.84	6.28
2671	108.51	-9.82	6.25
2672	108.55	-9.75	6.23
2673	108.59	-9.72	6.18
2674	108.63	-9.7	6.13
2675	108.67	-9.69	6.11
2676	108.71	-9.7	6.07
2677	108.75	-9.69	6.05
2678	108.79	-9.68	6.03
2679	108.83	-9.68	5.98
2680	108.87	-9.7	5.94
2681	108.91	-9.71	5.91
2682	108.95	-9.73	5.88
2683	108.99	-9.76	5.86
2684	109.03	-9.76	5.86
2685	109.07	-9.76	5.85
2686	109.11	-9.76	5.85
2687	109.15	-9.74	5.85
2688	109.19	-9.75	5.86
2689	109.23	-9.73	5.87
2690	109.27	-9.73	5.87
2691	109.31	-9.71	5.89
2692	109.35	-9.69	5.9
2693	109.39	-9.68	5.9
2694	109.43	-9.67	5.91
2695	109.47	-9.66	5.92
2696	109.51	-9.65	5.93
2697	109.55	-9.64	5.93
2698	109.59	-9.63	5.94
2699	109.63	-9.64	5.94
2700	109.67	-9.64	5.94
2701	109.71	-9.63	5.94
2702	109.75	-9.61	5.95
2703	109.79	-9.6	5.94
2704	109.83	-9.58	5.94
2705	109.87	-9.57	5.94
2706	109.91	-9.57	5.95
2707	109.95	-9.56	5.96
2708	109.99	-9.57	5.98
2709	110.03	-9.57	5.99
2710	110.07	-9.56	6.02
2711	110.11	-9.56	6.03
2712	110.15	-9.55	6.04
2713	110.26	-9.53	6.06
2714	110.29	-9.53	6.07
2715	110.31	-9.55	6.09
2716	110.35	-9.54	6.11
2717	110.39	-9.56	6.14
2718	110.43	-9.56	6.18
2719	110.47	-9.54	6.22
2720	110.51	-9.51	6.26
2721	110.55	-9.46	6.31
2722	110.59	-9.43	6.33
2723	110.63	-9.41	6.35
2724	110.67	-9.42	6.36
2725	110.71	-9.46	6.37
2726	110.75	-9.49	6.39
2727	110.79	-9.52	6.4
2728	110.83	-9.54	6.43
2729	110.87	-9.56	6.45
2730	110.91	-9.6	6.47
2731	110.95	-9.63	6.5
2732	110.99	-9.66	6.53
2733	111.03	-9.67	6.55
2734	111.07	-9.66	6.57
2735	111.11	-9.64	6.6
2736	111.15	-9.64	6.64
2737	111.19	-9.64	6.68
2738	111.23	-9.66	6.71
2739	111.27	-9.71	6.75
2740	111.31	-9.73	6.8
2741	111.35	-9.75	6.86
2742	111.39	-9.77	6.93
2743	111.43	-9.78	6.99
2744	111.47	-9.78	7.04
2745	111.51	-9.81	7.08
2746	111.55	-9.85	7.09
2747	111.59	-9.89	7.11
2748	111.63	-9.92	7.11
2749	111.67	-9.94	7.12
2750	111.71	-9.96	7.15
2751	111.75	-9.99	7.17
2752	111.79	-10.02	7.2
2753	111.83	-10.07	7.25
2754	111.87	-10.12	7.32
2755	111.91	-10.21	7.4
2756	111.95	-10.31	7.48
2757	111.99	-10.42	7.54
2758	112.03	-10.51	7.58
2759	112.07	-10.58	7.59
2760	112.11	-10.62	7.61
2761	112.15	-10.63	7.61
2762	112.19	-10.65	7.61
2763	112.23	-10.68	7.63
2764	112.27	-10.72	7.64
2765	112.31	-10.75	7.63
2766	112.35	-10.77	7.61
2767	112.39	-10.78	7.58
2768	112.43	-10.76	7.55
2769	112.47	-10.77	7.52
2770	112.51	-10.78	7.49
2771	112.55	-10.79	7.46
2772	112.59	-10.82	7.45
2773	112.63	-10.83	7.41
2774	112.67	-10.83	7.37
2775	112.71	-10.85	7.35
2776	112.75	-10.85	7.3
2777	112.79	-10.86	7.27
2778	112.83	-10.89	7.27
2779	112.87	-10.9	7.24
2780	112.91	-10.92	7.24
2781	112.95	-10.95	7.26
2782	112.99	-11	7.31
2783	113.03	-11.08	7.37
2784	113.07	-11.16	7.45
2785	113.11	-11.24	7.54
2786	113.15	-11.29	7.61
2787	113.19	-11.33	7.67
2788	113.23	-11.36	7.71
2789	113.27	-11.39	7.72
2790	113.31	-11.41	7.71
2791	113.35	-11.42	7.68
2792	113.39	-11.45	7.67
2793	113.43	-11.46	7.65
2794	113.47	-11.48	7.61
2795	113.51	-11.49	7.61
2796	113.55	-11.5	7.58
2797	113.59	-11.5	7.56
2798	113.63	-11.51	7.58
2799	113.67	-11.54	7.57
2800	113.71	-11.6	7.58
2801	113.75	-11.67	7.58
2802	113.79	-11.73	7.59
2803	113.83	-11.77	7.6
2804	113.87	-11.79	7.59
2805	113.91	-11.81	7.58
2806	113.95	-11.83	7.58
2807	113.99	-11.83	7.58
2808	114.03	-11.84	7.59
2809	114.07	-11.84	7.63
2810	114.11	-11.83	7.65
2811	114.15	-11.83	7.69
2812	114.19	-11.83	7.72
2813	114.23	-11.83	7.74
2814	114.27	-11.84	7.76
2815	114.31	-11.86	7.77
2816	114.35	-11.87	7.77
2817	114.39	-11.89	7.75
2818	114.43	-11.91	7.72
2819	114.47	-11.93	7.7
2820	114.51	-11.94	7.69
2821	114.55	-11.95	7.69
2822	114.59	-11.96	7.7
2823	114.63	-11.96	7.72
2824	114.67	-11.96	7.73
2825	114.71	-11.97	7.75
2826	114.75	-11.99	7.78
2827	114.79	-11.98	7.79
2828	114.83	-11.99	7.81
2829	114.87	-12	7.83
2830	114.91	-12	7.84
2831	114.95	-12.01	7.86
2832	114.99	-12.03	7.88
2833	115.03	-12.03	7.88
2834	115.07	-12.03	7.86
2835	115.11	-12.02	7.85
2836	115.15	-12.01	7.81
2837	115.19	-12	7.78
2838	115.23	-12	7.75
2839	115.27	-11.99	7.73
2840	115.31	-11.98	7.72
2841	115.35	-11.98	7.72
2842	115.39	-11.98	7.72
2843	115.43	-11.97	7.72
2844	115.47	-11.96	7.72
2845	115.51	-11.96	7.73
2846	115.55	-11.96	7.72
2847	115.59	-11.96	7.71
2848	115.63	-11.96	7.69
2849	115.67	-11.95	7.66
2850	115.71	-11.94	7.63
2851	115.75	-11.93	7.57
2852	115.79	-11.92	7.53
2853	115.84	-11.89	7.49
2854	115.9	-11.85	7.47
2855	115.94	-11.81	7.47
2856	115.97	-11.76	7.46
2857	116	-11.75	7.44
2858	116.03	-11.74	7.43
2859	116.07	-11.73	7.41
2860	116.11	-11.73	7.4
2861	116.15	-11.72	7.38
2862	116.19	-11.72	7.37
2863	116.23	-11.73	7.35
2864	116.27	-11.72	7.33
2865	116.31	-11.73	7.31
2866	116.35	-11.75	7.26
2867	116.39	-11.75	7.2
2868	116.43	-11.75	7.12
2869	116.47	-11.7	7.09
2870	116.51	-11.65	7.06
2871	116.55	-11.59	7.06
2872	116.59	-11.54	7.08
2873	116.63	-11.53	7.07
2874	116.67	-11.52	7.06
2875	116.71	-11.52	7.06
2876	116.75	-11.51	7.04
2877	116.79	-11.5	7.04
2878	116.83	-11.5	7.05
2879	116.87	-11.49	7.05
2880	116.91	-11.49	7.06
2881	116.95	-11.51	7.05
2882	116.99	-11.51	7.03
2883	117.03	-11.53	6.98
2884	117.07	-11.53	6.96
2885	117.11	-11.52	6.9
2886	117.15	-11.51	6.85
2887	117.19	-11.49	6.82
2888	117.23	-11.48	6.77
2889	117.27	-11.46	6.75
2890	117.31	-11.41	6.73
2891	117.35	-11.35	6.71
2892	117.39	-11.29	6.68
2893	117.43	-11.26	6.67
2894	117.47	-11.25	6.65
2895	117.51	-11.26	6.62
2896	117.55	-11.24	6.6
2897	117.59	-11.24	6.57
2898	117.63	-11.25	6.56
2899	117.67	-11.27	6.54
2900	117.71	-11.28	6.53
2901	117.75	-11.29	6.54
2902	117.79	-11.31	6.54
2903	117.83	-11.33	6.54
2904	117.87	-11.36	6.54
2905	117.91	-11.4	6.54
2906	117.95	-11.42	6.54
2907	117.99	-11.45	6.54
2908	118.03	-11.48	6.54
2909	118.07	-11.5	6.55
2910	118.11	-11.51	6.55
2911	118.15	-11.51	6.56
2912	118.19	-11.51	6.55
2913	118.23	-11.5	6.56
2914	118.27	-11.51	6.56
2915	118.31	-11.51	6.54
2916	118.35	-11.51	6.51
2917	118.39	-11.49	6.48
2918	118.43	-11.48	6.45
2919	118.47	-11.46	6.43
2920	118.51	-11.45	6.41
2921	118.55	-11.45	6.38
2922	118.59	-11.46	6.35
2923	118.63	-11.47	6.31
2924	118.67	-11.47	6.29
2925	118.71	-11.46	6.26
2926	118.75	-11.45	6.24
2927	118.79	-11.44	6.23
2928	118.83	-11.44	6.2
2929	118.87	-11.44	6.18
2930	118.91	-11.44	6.14
2931	118.95	-11.42	6.08
2932	118.99	-11.4	6.05
2933	119.03	-11.38	6.01
2934	119.07	-11.37	5.99
2935	119.11	-11.35	5.98
2936	119.15	-11.33	5.93
2937	119.19	-11.31	5.86
2938	119.23	-11.28	5.76
2939	119.27	-11.27	5.66
2940	119.31	-11.25	5.58
2941	119.35	-11.27	5.51
2942	119.39	-11.28	5.46
2943	119.43	-11.28	5.43
2944	119.47	-11.29	5.4
2945	119.51	-11.28	5.39
2946	119.55	-11.29	5.38
2947	119.59	-11.3	5.37
2948	119.7	-11.32	5.36
2949	119.75	-11.36	5.35
2950	119.79	-11.39	5.33
2951	119.83	-11.41	5.31
2952	119.87	-11.42	5.31
2953	119.91	-11.42	5.29
