1	0.06	-4.6	3
2	0.1	-4.57	3.03
3	0.14	-4.52	3.06
4	0.18	-4.48	3.07
5	0.22	-4.43	3.07
6	0.26	-4.39	3.07
7	0.3	-4.35	3.07
8	0.34	-4.32	3.08
9	0.38	-4.27	3.09
10	0.42	-4.21	3.1
11	0.51	-4.13	3.11
12	0.54	-4.03	3.11
13	0.58	-3.93	3.13
14	0.62	-3.83	3.14
15	0.66	-3.74	3.13
16	0.7	-3.69	3.12
17	0.74	-3.64	3.1
18	0.78	-3.6	3.07
19	0.82	-3.57	3.05
20	0.86	-3.54	3.04
21	0.9	-3.5	3.03
22	0.94	-3.47	3.03
23	0.98	-3.45	3.03
24	1.02	-3.44	3.05
25	1.06	-3.44	3.04
26	1.1	-3.43	3.07
27	1.14	-3.41	3.09
28	1.18	-3.4	3.1
29	1.22	-3.38	3.13
30	1.26	-3.38	3.12
31	1.3	-3.38	3.11
32	1.34	-3.38	3.1
33	1.38	-3.39	3.08
34	1.42	-3.4	3.07
35	1.46	-3.41	3.04
36	1.5	-3.43	3.03
37	1.54	-3.44	3.01
38	1.58	-3.45	2.99
39	1.62	-3.45	2.99
40	1.66	-3.46	2.98
41	1.7	-3.47	2.98
42	1.74	-3.48	2.98
43	1.78	-3.49	2.97
44	1.82	-3.49	2.96
45	1.86	-3.5	2.95
46	1.9	-3.5	2.93
47	1.94	-3.5	2.93
48	1.98	-3.51	2.92
49	2.02	-3.52	2.91
50	2.06	-3.51	2.91
51	2.1	-3.51	2.91
52	2.14	-3.51	2.91
53	2.18	-3.51	2.92
54	2.22	-3.51	2.92
55	2.26	-3.53	2.93
56	2.3	-3.52	2.95
57	2.34	-3.53	2.95
58	2.38	-3.52	2.96
59	2.42	-3.51	2.97
60	2.46	-3.51	2.97
61	2.5	-3.51	2.97
62	2.54	-3.52	2.98
63	2.58	-3.54	2.95
64	2.62	-3.56	2.92
65	2.66	-3.59	2.87
66	2.7	-3.61	2.83
67	2.74	-3.63	2.8
68	2.78	-3.67	2.77
69	2.82	-3.69	2.73
70	2.86	-3.74	2.69
71	2.9	-3.79	2.67
72	2.94	-3.82	2.64
73	2.98	-3.86	2.62
74	3.02	-3.89	2.6
75	3.06	-3.92	2.58
76	3.1	-3.98	2.58
77	3.14	-4.04	2.59
78	3.18	-4.1	2.6
79	3.22	-4.16	2.6
80	3.26	-4.19	2.62
81	3.3	-4.23	2.65
82	3.34	-4.27	2.69
83	3.38	-4.31	2.72
84	3.42	-4.35	2.72
85	3.62	-4.39	2.7
86	3.66	-4.4	2.63
87	3.7	-4.38	2.54
88	3.74	-4.36	2.45
89	3.78	-4.35	2.36
90	3.82	-4.36	2.33
91	3.86	-4.38	2.32
92	3.9	-4.43	2.31
93	3.94	-4.46	2.31
94	3.98	-4.5	2.3
95	4.02	-4.55	2.27
96	4.06	-4.58	2.23
97	4.1	-4.63	2.2
98	4.14	-4.68	2.16
99	4.18	-4.73	2.15
100	4.22	-4.78	2.14
101	4.26	-4.8	2.1
102	4.3	-4.82	2.07
103	4.34	-4.85	2.06
104	4.38	-4.88	2.05
105	4.42	-4.92	2.09
106	4.46	-4.96	2.12
107	4.5	-4.98	2.14
108	4.54	-5	2.17
109	4.58	-5	2.18
110	4.62	-5	2.19
111	4.66	-4.99	2.2
112	4.7	-4.97	2.21
113	4.74	-4.95	2.24
114	4.78	-4.92	2.26
115	4.82	-4.88	2.26
116	4.86	-4.85	2.29
117	4.9	-4.82	2.3
118	4.94	-4.79	2.32
119	4.98	-4.77	2.35
120	5.02	-4.74	2.34
121	5.06	-4.7	2.33
122	5.1	-4.65	2.33
123	5.14	-4.59	2.32
124	5.18	-4.55	2.28
125	5.22	-4.5	2.25
126	5.26	-4.44	2.22
127	5.3	-4.39	2.22
128	5.34	-4.31	2.22
129	5.38	-4.24	2.24
130	5.42	-4.16	2.27
131	5.46	-4.07	2.29
132	5.5	-3.98	2.32
133	5.54	-3.86	2.36
134	5.58	-3.75	2.37
135	5.62	-3.66	2.31
136	5.66	-3.57	2.25
137	5.7	-3.53	2.16
138	5.74	-3.48	2.09
139	5.78	-3.43	2.04
140	5.82	-3.39	2.02
141	5.86	-3.31	2.01
142	5.9	-3.24	1.98
143	5.94	-3.16	1.97
144	5.98	-3.06	1.95
145	6.02	-2.97	1.93
146	6.06	-2.84	1.92
147	6.1	-2.74	1.89
148	6.14	-2.64	1.82
149	6.18	-2.56	1.74
150	6.22	-2.51	1.62
151	6.26	-2.45	1.54
152	6.3	-2.44	1.44
153	6.34	-2.46	1.36
154	6.38	-2.48	1.32
155	6.42	-2.51	1.27
156	6.46	-2.52	1.25
157	6.5	-2.53	1.23
158	6.54	-2.53	1.22
159	6.58	-2.53	1.22
160	6.62	-2.54	1.23
161	6.66	-2.53	1.25
162	6.7	-2.52	1.26
163	6.74	-2.54	1.26
164	6.78	-2.53	1.26
165	6.82	-2.55	1.26
166	6.86	-2.57	1.26
167	6.9	-2.6	1.26
168	6.94	-2.6	1.24
169	6.98	-2.6	1.24
170	7.02	-2.6	1.22
171	7.06	-2.62	1.19
172	7.1	-2.64	1.17
173	7.14	-2.65	1.13
174	7.18	-2.66	1.09
175	7.22	-2.62	1.06
176	7.26	-2.58	1.02
177	7.3	-2.54	0.98
178	7.34	-2.49	0.93
179	7.38	-2.44	0.87
180	7.42	-2.37	0.78
181	7.46	-2.32	0.65
182	7.5	-2.22	0.52
183	7.54	-2.17	0.36
184	7.58	-2.13	0.21
185	7.62	-2.1	0.08
186	7.66	-2.11	-0.03
187	7.7	-2.09	-0.11
188	7.74	-2.08	-0.16
189	7.78	-2.06	-0.19
190	7.82	-2.04	-0.2
191	7.86	-2.02	-0.2
192	7.9	-2.01	-0.19
193	7.94	-1.99	-0.18
194	7.98	-1.97	-0.17
195	8.02	-1.97	-0.15
196	8.06	-1.95	-0.15
197	8.1	-1.92	-0.14
198	8.14	-1.9	-0.13
199	8.18	-1.87	-0.12
200	8.22	-1.85	-0.11
201	8.26	-1.84	-0.09
202	8.3	-1.83	-0.06
203	8.34	-1.83	-0.03
204	8.38	-1.81	0.01
205	8.42	-1.8	0.04
206	8.46	-1.8	0.07
207	8.5	-1.83	0.12
208	8.54	-1.87	0.16
209	8.58	-1.94	0.21
210	8.62	-1.99	0.24
211	8.66	-2.01	0.26
212	8.7	-2.05	0.29
213	8.74	-2.09	0.3
214	8.78	-2.1	0.31
215	8.82	-2.14	0.32
216	8.86	-2.15	0.34
217	8.9	-2.19	0.36
218	8.94	-2.26	0.37
219	8.98	-2.31	0.39
220	9.02	-2.36	0.4
221	9.06	-2.41	0.41
222	9.1	-2.42	0.43
223	9.14	-2.38	0.46
224	9.18	-2.37	0.5
225	9.22	-2.35	0.55
226	9.26	-2.36	0.58
227	9.3	-2.43	0.59
228	9.34	-2.49	0.6
229	9.38	-2.55	0.59
230	9.42	-2.63	0.59
231	9.46	-2.74	0.59
232	9.5	-2.83	0.62
233	9.54	-2.92	0.67
234	9.58	-2.98	0.72
235	9.62	-2.94	0.77
236	9.66	-2.87	0.82
237	9.7	-2.8	0.87
238	9.74	-2.74	0.94
239	9.78	-2.78	1.03
240	9.82	-2.84	1.12
241	9.86	-2.93	1.21
242	9.9	-3.04	1.28
243	9.94	-3.13	1.33
244	9.98	-3.24	1.37
245	10.02	-3.33	1.43
246	10.06	-3.37	1.49
247	10.1	-3.39	1.58
248	10.14	-3.43	1.67
249	10.18	-3.45	1.76
250	10.22	-3.47	1.85
251	10.26	-3.51	1.92
252	10.3	-3.53	1.99
253	10.34	-3.58	2.08
254	10.38	-3.65	2.17
255	10.42	-3.72	2.27
256	10.46	-3.81	2.34
257	10.5	-3.9	2.38
258	10.54	-3.97	2.43
259	10.58	-4.05	2.45
260	10.62	-4.11	2.48
261	10.66	-4.16	2.49
262	10.7	-4.21	2.48
263	10.74	-4.24	2.48
264	10.78	-4.28	2.47
265	10.82	-4.32	2.44
266	10.86	-4.33	2.39
267	10.9	-4.36	2.32
268	10.94	-4.38	2.24
269	10.98	-4.41	2.18
270	11.02	-4.44	2.14
271	11.06	-4.47	2.15
272	11.1	-4.51	2.17
273	11.14	-4.54	2.18
274	11.18	-4.6	2.21
275	11.22	-4.7	2.21
276	11.26	-4.82	2.2
277	11.3	-4.98	2.2
278	11.34	-5.13	2.17
279	11.38	-5.24	2.1
280	11.42	-5.36	2.05
281	11.46	-5.47	2.02
282	11.54	-5.56	1.98
283	11.58	-5.65	2.01
284	11.62	-5.73	2.05
285	11.66	-5.78	2.11
286	11.7	-5.81	2.18
287	11.74	-5.82	2.22
288	11.78	-5.83	2.22
289	11.82	-5.81	2.16
290	11.86	-5.81	2.11
291	11.9	-5.82	2.06
292	11.94	-5.82	2
293	11.98	-5.83	2
294	12.02	-5.87	1.99
295	12.06	-5.91	1.99
296	12.1	-5.94	1.98
297	12.14	-5.98	1.96
298	12.18	-5.97	1.93
299	12.22	-5.98	1.92
300	12.26	-6	1.89
301	12.3	-6.06	1.84
302	12.34	-6.14	1.77
303	12.38	-6.2	1.68
304	12.42	-6.26	1.6
305	12.46	-6.28	1.51
306	12.5	-6.31	1.43
307	12.54	-6.32	1.36
308	12.58	-6.34	1.3
309	12.62	-6.32	1.26
310	12.66	-6.32	1.21
311	12.7	-6.3	1.17
312	12.74	-6.3	1.12
313	12.78	-6.31	1.08
314	12.82	-6.32	1.01
315	12.86	-6.33	0.94
316	12.9	-6.34	0.86
317	12.94	-6.34	0.77
318	12.98	-6.37	0.65
319	13.02	-6.38	0.51
320	13.06	-6.39	0.35
321	13.1	-6.39	0.19
322	13.14	-6.33	0.08
323	13.18	-6.26	-0.01
324	13.22	-6.19	-0.09
325	13.26	-6.11	-0.15
326	13.3	-6.08	-0.24
327	13.34	-6.05	-0.29
328	13.38	-6.06	-0.36
329	13.42	-6.05	-0.41
330	13.46	-6.06	-0.45
331	13.5	-6.08	-0.51
332	13.54	-6.05	-0.53
333	13.58	-6.03	-0.59
334	13.62	-5.96	-0.62
335	13.66	-5.9	-0.65
336	13.7	-5.87	-0.73
337	13.74	-5.81	-0.83
338	13.78	-5.77	-0.96
339	13.82	-5.7	-1.09
340	13.86	-5.62	-1.18
341	13.9	-5.53	-1.24
342	13.94	-5.45	-1.24
343	13.98	-5.39	-1.26
344	14.02	-5.35	-1.3
345	14.06	-5.32	-1.33
346	14.1	-5.3	-1.39
347	14.14	-5.27	-1.42
348	14.18	-5.23	-1.41
349	14.22	-5.19	-1.38
350	14.26	-5.14	-1.36
351	14.3	-5.09	-1.31
352	14.34	-5.05	-1.27
353	14.38	-5	-1.26
354	14.42	-4.96	-1.22
355	14.46	-4.89	-1.21
356	14.5	-4.78	-1.22
357	14.54	-4.64	-1.21
358	14.58	-4.47	-1.21
359	14.62	-4.31	-1.19
360	14.66	-4.19	-1.13
361	14.7	-4.1	-1.06
362	14.74	-4.01	-1.02
363	14.78	-3.92	-0.98
364	14.82	-3.82	-0.96
365	14.86	-3.73	-0.96
366	14.9	-3.59	-0.96
367	14.94	-3.47	-0.95
368	14.98	-3.35	-0.92
369	15.02	-3.21	-0.93
370	15.06	-3.09	-0.91
371	15.1	-2.92	-0.89
372	15.14	-2.75	-0.83
373	15.18	-2.59	-0.74
374	15.22	-2.48	-0.64
375	15.26	-2.38	-0.55
376	15.3	-2.28	-0.47
377	15.34	-2.18	-0.35
378	15.38	-2.11	-0.21
379	15.42	-2.07	-0.09
380	15.46	-2.03	0.01
381	15.5	-2.01	0.07
382	15.54	-1.95	0.09
383	15.58	-1.83	0.12
384	15.62	-1.72	0.13
385	15.66	-1.58	0.14
386	15.7	-1.44	0.16
387	15.74	-1.42	0.2
388	15.78	-1.38	0.24
389	15.82	-1.39	0.27
390	15.86	-1.42	0.3
391	15.9	-1.4	0.32
392	15.94	-1.39	0.36
393	15.98	-1.39	0.4
394	16.02	-1.37	0.44
395	16.06	-1.37	0.48
396	16.1	-1.36	0.51
397	16.14	-1.33	0.54
398	16.18	-1.3	0.58
399	16.22	-1.24	0.61
400	16.26	-1.18	0.66
401	16.3	-1.11	0.73
402	16.34	-1.09	0.77
403	16.38	-1.05	0.84
404	16.42	-0.99	0.93
405	16.46	-0.94	1.06
406	16.5	-0.87	1.22
407	16.54	-0.85	1.39
408	16.58	-0.87	1.54
409	16.62	-0.89	1.68
410	16.66	-0.9	1.83
411	16.7	-0.89	1.97
412	16.74	-0.83	2.11
413	16.78	-0.79	2.23
414	16.82	-0.77	2.31
415	16.86	-0.76	2.4
416	16.9	-0.77	2.51
417	16.94	-0.79	2.68
418	16.98	-0.78	2.9
419	17.02	-0.79	3.1
420	17.06	-0.81	3.3
421	17.1	-0.86	3.44
422	17.14	-0.92	3.53
423	17.18	-0.96	3.65
424	17.22	-0.96	3.75
425	17.26	-0.94	3.85
426	17.3	-0.91	3.93
427	17.34	-0.88	3.98
428	17.41	-0.89	4.04
429	17.44	-0.9	4.11
430	17.48	-0.91	4.18
431	17.51	-0.91	4.27
432	17.54	-0.92	4.35
433	17.58	-0.93	4.39
434	17.62	-0.94	4.46
435	17.66	-1	4.53
436	17.7	-1.08	4.58
437	17.74	-1.21	4.67
438	17.78	-1.35	4.73
439	17.82	-1.51	4.78
440	17.86	-1.65	4.84
441	17.9	-1.76	4.92
442	17.94	-1.88	4.99
443	17.98	-1.96	5.07
444	18.02	-2.02	5.12
445	18.06	-2.09	5.15
446	18.1	-2.15	5.2
447	18.14	-2.23	5.27
448	18.18	-2.35	5.34
449	18.22	-2.47	5.45
450	18.26	-2.6	5.55
451	18.3	-2.73	5.64
452	18.34	-2.84	5.71
453	18.38	-2.93	5.78
454	18.42	-3.02	5.85
455	18.46	-3.09	5.88
456	18.5	-3.14	5.92
457	18.54	-3.18	5.96
458	18.58	-3.22	5.97
459	18.62	-3.23	6.03
460	18.66	-3.25	6.08
461	18.7	-3.26	6.11
462	18.74	-3.27	6.15
463	18.78	-3.28	6.19
464	18.82	-3.29	6.2
465	18.86	-3.28	6.2
466	18.9	-3.27	6.2
467	18.94	-3.27	6.18
468	18.98	-3.28	6.18
469	19.02	-3.29	6.16
470	19.06	-3.29	6.13
471	19.1	-3.29	6.1
472	19.14	-3.29	6.05
473	19.17	-3.28	5.99
474	19.21	-3.28	5.94
475	19.25	-3.28	5.88
476	19.29	-3.28	5.85
477	19.33	-3.28	5.82
478	19.38	-3.29	5.8
479	19.42	-3.28	5.77
480	19.45	-3.28	5.74
481	19.49	-3.29	5.7
482	19.53	-3.28	5.65
483	19.57	-3.3	5.61
484	19.62	-3.3	5.59
485	19.66	-3.29	5.55
486	19.69	-3.28	5.52
487	19.73	-3.27	5.49
488	19.78	-3.25	5.43
489	19.81	-3.26	5.4
490	19.85	-3.26	5.39
491	19.89	-3.24	5.36
492	19.93	-3.23	5.33
493	19.98	-3.23	5.28
494	20.01	-3.22	5.23
495	20.05	-3.27	5.19
496	20.09	-3.33	5.14
497	20.13	-3.44	5.08
498	20.17	-3.56	5
499	20.21	-3.65	4.91
500	20.25	-3.72	4.84
501	20.29	-3.75	4.74
502	20.33	-3.76	4.65
503	20.37	-3.79	4.57
504	20.41	-3.82	4.49
505	20.45	-3.85	4.41
506	20.49	-3.9	4.35
507	20.53	-3.94	4.26
508	20.57	-3.96	4.18
509	20.61	-4.02	4.11
510	20.65	-4.07	4.04
511	20.69	-4.11	3.99
512	20.73	-4.19	3.93
513	20.77	-4.26	3.86
514	20.81	-4.39	3.72
515	20.85	-4.54	3.51
516	20.89	-4.67	3.27
517	20.93	-4.82	3.04
518	20.97	-4.89	2.85
519	21.01	-4.97	2.7
520	21.05	-5.04	2.61
521	21.09	-5.08	2.52
522	21.13	-5.12	2.46
523	21.17	-5.13	2.45
524	21.21	-5.18	2.39
525	21.25	-5.21	2.34
526	21.29	-5.28	2.25
527	21.33	-5.34	2.15
528	21.37	-5.41	2.04
529	21.41	-5.49	1.93
530	21.45	-5.55	1.85
531	21.49	-5.62	1.75
532	21.53	-5.68	1.68
533	21.57	-5.75	1.6
534	21.61	-5.81	1.52
535	21.65	-5.86	1.45
536	21.69	-5.88	1.39
537	21.81	-5.89	1.31
538	21.85	-5.91	1.23
539	21.89	-5.92	1.12
540	21.93	-5.94	0.98
541	21.97	-5.95	0.81
542	22.01	-5.93	0.67
543	22.05	-5.91	0.51
544	22.09	-5.9	0.39
545	22.13	-5.88	0.29
546	22.17	-5.89	0.18
547	22.21	-5.88	0.14
548	22.25	-5.88	0.11
549	22.29	-5.85	0.11
550	22.33	-5.82	0.12
551	22.37	-5.8	0.11
552	22.41	-5.79	0.11
553	22.45	-5.78	0.11
554	22.49	-5.78	0.11
555	22.53	-5.76	0.12
556	22.57	-5.75	0.12
557	22.61	-5.74	0.12
558	22.65	-5.72	0.12
559	22.69	-5.7	0.13
560	22.73	-5.69	0.14
561	22.77	-5.68	0.16
562	22.81	-5.66	0.16
563	22.85	-5.66	0.18
564	22.89	-5.66	0.18
565	22.93	-5.65	0.17
566	22.97	-5.65	0.18
567	23.01	-5.63	0.16
568	23.05	-5.62	0.15
569	23.09	-5.61	0.14
570	23.13	-5.61	0.13
571	23.17	-5.61	0.12
572	23.21	-5.61	0.14
573	23.25	-5.6	0.15
574	23.29	-5.59	0.14
575	23.33	-5.57	0.17
576	23.37	-5.56	0.17
577	23.41	-5.54	0.18
578	23.45	-5.52	0.22
579	23.49	-5.5	0.25
580	23.53	-5.46	0.32
581	23.57	-5.44	0.37
582	23.61	-5.41	0.43
583	23.65	-5.36	0.44
584	23.69	-5.31	0.41
585	23.73	-5.25	0.41
586	23.77	-5.2	0.4
587	23.81	-5.15	0.43
588	23.85	-5.1	0.46
589	23.89	-5.04	0.5
590	23.93	-4.98	0.53
591	23.97	-4.92	0.54
592	24.01	-4.86	0.55
593	24.05	-4.8	0.55
594	24.09	-4.73	0.56
595	24.13	-4.66	0.53
596	24.17	-4.55	0.52
597	24.21	-4.42	0.51
598	24.25	-4.29	0.52
599	24.29	-4.14	0.54
600	24.33	-4.06	0.62
601	24.37	-3.96	0.66
602	24.41	-3.86	0.68
603	24.45	-3.78	0.69
604	24.49	-3.66	0.65
605	24.53	-3.57	0.62
606	24.57	-3.48	0.58
607	24.61	-3.37	0.53
608	24.65	-3.27	0.45
609	24.69	-3.21	0.39
610	24.73	-3.13	0.34
611	24.77	-3.07	0.3
612	24.81	-2.95	0.3
613	24.85	-2.8	0.32
614	24.89	-2.65	0.33
615	24.93	-2.51	0.38
616	24.97	-2.39	0.42
617	25.01	-2.31	0.47
618	25.05	-2.26	0.53
619	25.09	-2.22	0.58
620	25.13	-2.2	0.62
621	25.17	-2.13	0.65
622	25.21	-2.08	0.67
623	25.25	-2.03	0.67
624	25.29	-1.98	0.67
625	25.33	-1.94	0.68
626	25.37	-1.87	0.68
627	25.41	-1.8	0.71
628	25.45	-1.69	0.76
629	25.49	-1.57	0.82
630	25.53	-1.49	0.88
631	25.57	-1.42	0.94
632	25.61	-1.39	1
633	25.65	-1.36	1.06
634	25.69	-1.27	1.13
635	25.73	-1.18	1.2
636	25.77	-1.1	1.26
637	25.81	-1.03	1.28
638	25.85	-1.02	1.31
639	25.89	-0.97	1.36
640	25.93	-0.95	1.43
641	25.97	-0.91	1.58
642	26.01	-0.85	1.75
643	26.05	-0.82	1.92
644	26.09	-0.79	2.09
645	26.13	-0.78	2.21
646	26.17	-0.79	2.31
647	26.21	-0.78	2.39
648	26.25	-0.75	2.46
649	26.29	-0.72	2.54
650	26.33	-0.69	2.59
651	26.37	-0.63	2.66
652	26.41	-0.57	2.71
653	26.45	-0.53	2.71
654	26.49	-0.48	2.7
655	26.53	-0.44	2.69
656	26.57	-0.4	2.68
657	26.61	-0.33	2.7
658	26.65	-0.28	2.71
659	26.69	-0.24	2.72
660	26.73	-0.23	2.7
661	26.77	-0.24	2.67
662	26.81	-0.24	2.66
663	26.85	-0.24	2.65
664	26.89	-0.26	2.62
665	26.93	-0.29	2.6
666	26.97	-0.32	2.58
667	27.01	-0.38	2.54
668	27.05	-0.43	2.51
669	27.09	-0.47	2.5
670	27.13	-0.52	2.48
671	27.17	-0.57	2.45
672	27.21	-0.64	2.41
673	27.25	-0.72	2.37
674	27.29	-0.78	2.33
675	27.33	-0.84	2.31
676	27.37	-0.87	2.32
677	27.41	-0.89	2.31
678	27.45	-0.91	2.3
679	27.49	-0.92	2.3
680	27.53	-0.94	2.25
681	27.57	-0.96	2.2
682	27.61	-0.98	2.16
683	27.65	-1.02	2.13
684	27.69	-1.05	2.12
685	27.73	-1.1	2.12
686	27.77	-1.14	2.1
687	27.81	-1.18	2.09
688	27.85	-1.22	2.05
689	27.89	-1.25	2
690	27.93	-1.27	1.95
691	27.97	-1.28	1.92
692	28.01	-1.28	1.91
693	28.05	-1.28	1.89
694	28.09	-1.3	1.91
695	28.13	-1.32	1.9
696	28.17	-1.36	1.91
697	28.21	-1.41	1.89
698	28.25	-1.47	1.82
699	28.29	-1.56	1.78
700	28.33	-1.65	1.71
701	28.37	-1.74	1.69
702	28.41	-1.82	1.67
703	28.45	-1.87	1.65
704	28.49	-1.94	1.66
705	28.53	-2	1.63
706	28.57	-2.06	1.62
707	28.61	-2.15	1.61
708	28.65	-2.25	1.58
709	28.69	-2.38	1.56
710	28.73	-2.54	1.51
711	28.77	-2.69	1.45
712	28.81	-2.83	1.37
713	28.85	-2.95	1.3
714	28.89	-3.04	1.23
715	28.93	-3.13	1.13
716	28.97	-3.23	1.05
717	29.01	-3.31	0.98
718	29.05	-3.39	0.9
719	29.09	-3.46	0.84
720	29.13	-3.51	0.78
721	29.17	-3.58	0.75
722	29.21	-3.69	0.76
723	29.25	-3.78	0.79
724	29.29	-3.88	0.79
725	29.33	-4	0.75
726	29.37	-4.05	0.67
727	29.41	-4.14	0.56
728	29.45	-4.24	0.44
729	29.49	-4.31	0.36
730	29.53	-4.41	0.25
731	29.57	-4.47	0.18
732	29.61	-4.53	0.1
733	29.65	-4.62	0.01
734	29.69	-4.72	-0.08
735	29.73	-4.87	-0.24
736	29.77	-4.97	-0.39
737	29.81	-5.09	-0.54
738	29.85	-5.16	-0.69
739	29.89	-5.2	-0.81
740	29.93	-5.21	-0.89
741	29.97	-5.22	-0.97
742	30.01	-5.21	-1
743	30.05	-5.2	-1.03
744	30.09	-5.21	-1.05
745	30.13	-5.19	-1.04
746	30.17	-5.17	-1.04
747	30.21	-5.17	-1.03
748	30.25	-5.17	-1.03
749	30.29	-5.15	-1.03
750	30.33	-5.18	-1.06
751	30.37	-5.17	-1.08
752	30.41	-5.17	-1.11
753	30.45	-5.19	-1.14
754	30.49	-5.18	-1.15
755	30.53	-5.17	-1.16
756	30.57	-5.16	-1.17
757	30.61	-5.14	-1.17
758	30.65	-5.12	-1.17
759	30.69	-5.11	-1.17
760	30.73	-5.1	-1.18
761	30.77	-5.11	-1.19
762	30.81	-5.11	-1.19
763	30.85	-5.11	-1.22
764	30.89	-5.11	-1.23
765	30.93	-5.11	-1.25
766	30.97	-5.11	-1.26
767	31.01	-5.11	-1.27
768	31.05	-5.12	-1.29
769	31.09	-5.11	-1.3
770	31.13	-5.11	-1.31
771	31.17	-5.09	-1.3
772	31.21	-5.08	-1.31
773	31.25	-5.08	-1.31
774	31.29	-5.08	-1.32
775	31.33	-5.08	-1.32
776	31.37	-5.08	-1.33
777	31.41	-5.07	-1.33
778	31.45	-5.07	-1.32
779	31.49	-5.06	-1.32
780	31.53	-5.06	-1.32
781	31.57	-5.07	-1.33
782	31.61	-5.06	-1.33
783	31.65	-5.07	-1.33
784	31.69	-5.07	-1.33
785	31.73	-5.07	-1.33
786	31.77	-5.08	-1.34
787	31.81	-5.08	-1.34
788	31.85	-5.09	-1.33
789	31.89	-5.09	-1.33
790	31.93	-5.08	-1.32
791	31.97	-5.08	-1.32
792	32.01	-5.07	-1.31
793	32.05	-5.08	-1.31
794	32.09	-5.09	-1.31
795	32.13	-5.1	-1.31
796	32.17	-5.12	-1.31
797	32.21	-5.13	-1.32
798	32.25	-5.12	-1.31
799	32.33	-5.11	-1.3
800	32.37	-5.11	-1.31
801	32.41	-5.1	-1.29
802	32.45	-5.11	-1.29
803	32.49	-5.13	-1.29
804	32.53	-5.14	-1.28
805	32.57	-5.14	-1.26
806	32.62	-5.14	-1.24
807	32.65	-5.12	-1.21
808	32.69	-5.11	-1.18
809	32.73	-5.11	-1.14
810	32.77	-5.1	-1.09
811	32.81	-5.11	-1.04
812	32.85	-5.11	-1
813	32.89	-5.11	-0.96
814	32.93	-5.11	-0.93
815	32.97	-5.09	-0.91
816	33.01	-5.08	-0.88
817	33.05	-5.09	-0.85
818	33.09	-5.09	-0.82
819	33.13	-5.1	-0.78
820	33.17	-5.13	-0.75
821	33.21	-5.14	-0.72
822	33.25	-5.16	-0.68
823	33.29	-5.16	-0.66
824	33.33	-5.15	-0.63
825	33.37	-5.16	-0.61
826	33.41	-5.18	-0.59
827	33.45	-5.19	-0.57
828	33.49	-5.21	-0.56
829	33.53	-5.22	-0.56
830	33.57	-5.21	-0.56
831	33.61	-5.21	-0.55
832	33.65	-5.21	-0.55
833	33.69	-5.21	-0.55
834	33.73	-5.21	-0.55
835	33.77	-5.2	-0.55
836	33.81	-5.2	-0.55
837	33.85	-5.21	-0.55
838	33.89	-5.22	-0.55
839	33.93	-5.22	-0.55
840	33.97	-5.24	-0.55
841	34.01	-5.24	-0.55
842	34.05	-5.24	-0.55
843	34.09	-5.25	-0.55
844	34.13	-5.25	-0.55
845	34.17	-5.26	-0.55
846	34.21	-5.26	-0.55
847	34.25	-5.27	-0.55
848	34.29	-5.27	-0.55
849	34.33	-5.27	-0.55
850	34.37	-5.28	-0.55
851	34.41	-5.27	-0.55
852	34.45	-5.25	-0.55
853	34.49	-5.24	-0.54
854	34.53	-5.25	-0.53
855	34.57	-5.27	-0.52
856	34.61	-5.29	-0.51
857	34.65	-5.31	-0.51
858	34.69	-5.31	-0.51
859	34.73	-5.3	-0.51
860	34.77	-5.29	-0.51
861	34.81	-5.26	-0.51
862	34.85	-5.24	-0.51
863	34.89	-5.23	-0.51
864	34.93	-5.22	-0.52
865	34.97	-5.22	-0.52
866	35.01	-5.21	-0.51
867	35.05	-5.21	-0.51
868	35.09	-5.21	-0.5
869	35.13	-5.22	-0.49
870	35.17	-5.22	-0.49
871	35.21	-5.23	-0.48
872	35.25	-5.24	-0.47
873	35.29	-5.26	-0.45
874	35.33	-5.27	-0.44
875	35.37	-5.29	-0.41
876	35.41	-5.28	-0.39
877	35.45	-5.3	-0.36
878	35.49	-5.31	-0.34
879	35.53	-5.33	-0.32
880	35.57	-5.34	-0.29
881	35.61	-5.35	-0.27
882	35.65	-5.36	-0.25
883	35.69	-5.36	-0.23
884	35.73	-5.37	-0.22
885	35.77	-5.37	-0.21
886	35.81	-5.38	-0.21
887	35.85	-5.38	-0.22
888	35.89	-5.39	-0.22
889	35.93	-5.37	-0.23
890	35.97	-5.36	-0.24
891	36.09	-5.38	-0.26
892	36.13	-5.39	-0.28
893	36.17	-5.42	-0.3
894	36.21	-5.44	-0.33
895	36.25	-5.43	-0.34
896	36.29	-5.43	-0.37
897	36.33	-5.44	-0.38
898	36.37	-5.46	-0.41
899	36.41	-5.48	-0.47
900	36.45	-5.5	-0.51
901	36.49	-5.5	-0.57
902	36.53	-5.47	-0.62
903	36.57	-5.46	-0.69
904	36.61	-5.42	-0.75
905	36.65	-5.39	-0.82
906	36.69	-5.36	-0.87
907	36.73	-5.31	-0.95
908	36.77	-5.28	-1.01
909	36.81	-5.24	-1.07
910	36.85	-5.2	-1.14
911	36.89	-5.17	-1.18
912	36.93	-5.14	-1.25
913	36.97	-5.11	-1.3
914	37.01	-5.08	-1.35
915	37.05	-5.06	-1.41
916	37.09	-5.04	-1.48
917	37.13	-5.02	-1.59
918	37.17	-4.99	-1.7
919	37.21	-4.95	-1.81
920	37.25	-4.9	-1.91
921	37.29	-4.86	-1.98
922	37.33	-4.83	-2.05
923	37.37	-4.8	-2.1
924	37.41	-4.78	-2.14
925	37.45	-4.76	-2.16
926	37.49	-4.75	-2.19
927	37.53	-4.74	-2.21
928	37.57	-4.74	-2.25
929	37.61	-4.74	-2.27
930	37.65	-4.73	-2.29
931	37.69	-4.72	-2.3
932	37.73	-4.72	-2.3
933	37.77	-4.72	-2.31
934	37.81	-4.72	-2.32
935	37.85	-4.73	-2.33
936	37.89	-4.72	-2.33
937	37.93	-4.72	-2.32
938	37.97	-4.71	-2.31
939	38.01	-4.68	-2.28
940	38.05	-4.67	-2.27
941	38.09	-4.66	-2.26
942	38.13	-4.65	-2.24
943	38.17	-4.65	-2.26
944	38.21	-4.63	-2.25
945	38.25	-4.62	-2.25
946	38.29	-4.6	-2.26
947	38.33	-4.58	-2.25
948	38.37	-4.57	-2.27
949	38.41	-4.55	-2.26
950	38.45	-4.55	-2.28
951	38.49	-4.55	-2.3
952	38.53	-4.53	-2.3
953	38.57	-4.54	-2.35
954	38.61	-4.53	-2.35
955	38.65	-4.53	-2.38
956	38.69	-4.53	-2.38
957	38.73	-4.53	-2.38
958	38.77	-4.53	-2.38
959	38.81	-4.54	-2.38
960	38.85	-4.54	-2.38
961	38.89	-4.54	-2.39
962	38.93	-4.55	-2.4
963	38.97	-4.56	-2.4
964	39.01	-4.56	-2.4
965	39.05	-4.55	-2.4
966	39.09	-4.55	-2.39
967	39.13	-4.55	-2.38
968	39.17	-4.54	-2.37
969	39.21	-4.55	-2.37
970	39.25	-4.54	-2.35
971	39.29	-4.54	-2.35
972	39.33	-4.55	-2.33
973	39.37	-4.54	-2.31
974	39.41	-4.55	-2.3
975	39.45	-4.54	-2.28
976	39.49	-4.55	-2.27
977	39.53	-4.54	-2.26
978	39.57	-4.54	-2.26
979	39.61	-4.54	-2.26
980	39.65	-4.51	-2.26
981	39.69	-4.49	-2.25
982	39.73	-4.46	-2.24
983	39.77	-4.43	-2.21
984	39.81	-4.42	-2.2
985	39.85	-4.41	-2.2
986	39.89	-4.39	-2.19
987	39.93	-4.37	-2.19
988	39.97	-4.35	-2.19
989	40.01	-4.32	-2.18
990	40.05	-4.29	-2.19
991	40.09	-4.24	-2.2
992	40.13	-4.2	-2.22
993	40.17	-4.17	-2.22
994	40.21	-4.16	-2.24
995	40.25	-4.16	-2.28
996	40.29	-4.13	-2.3
997	40.33	-4.09	-2.34
998	40.37	-4.05	-2.35
999	40.41	-4.01	-2.33
1000	40.45	-3.98	-2.3
1001	40.49	-3.95	-2.26
1002	40.53	-3.92	-2.23
1003	40.57	-3.9	-2.22
1004	40.61	-3.87	-2.21
1005	40.65	-3.85	-2.19
1006	40.69	-3.82	-2.17
1007	40.73	-3.79	-2.17
1008	40.77	-3.77	-2.18
1009	40.81	-3.73	-2.2
1010	40.85	-3.69	-2.22
1011	40.89	-3.63	-2.27
1012	40.93	-3.56	-2.31
1013	40.97	-3.49	-2.36
1014	41.01	-3.43	-2.41
1015	41.05	-3.39	-2.44
1016	41.09	-3.37	-2.43
1017	41.13	-3.35	-2.41
1018	41.17	-3.36	-2.38
1019	41.21	-3.38	-2.36
1020	41.25	-3.39	-2.37
1021	41.29	-3.4	-2.38
1022	41.33	-3.38	-2.41
1023	41.37	-3.36	-2.41
1024	41.41	-3.35	-2.38
1025	41.45	-3.35	-2.35
1026	41.49	-3.35	-2.32
1027	41.53	-3.35	-2.28
1028	41.57	-3.35	-2.25
1029	41.61	-3.33	-2.24
1030	41.65	-3.33	-2.22
1031	41.69	-3.32	-2.21
1032	41.73	-3.32	-2.19
1033	41.77	-3.32	-2.18
1034	41.81	-3.32	-2.17
1035	41.85	-3.32	-2.16
1036	41.89	-3.31	-2.15
1037	41.93	-3.31	-2.13
1038	41.97	-3.33	-2.1
1039	42.01	-3.33	-2.08
1040	42.05	-3.33	-2.06
1041	42.09	-3.32	-2.04
1042	42.13	-3.28	-2.01
1043	42.17	-3.26	-1.99
1044	42.21	-3.25	-1.98
1045	42.25	-3.24	-1.98
1046	42.29	-3.25	-2.01
1047	42.33	-3.27	-2.02
1048	42.37	-3.28	-2.04
1049	42.41	-3.3	-2.05
1050	42.45	-3.34	-2.05
1051	42.49	-3.37	-2.06
1052	42.53	-3.41	-2.07
1053	42.57	-3.44	-2.09
1054	42.61	-3.46	-2.11
1055	42.65	-3.48	-2.13
1056	42.69	-3.5	-2.15
1057	42.73	-3.53	-2.16
1058	42.77	-3.56	-2.18
1059	42.81	-3.61	-2.19
1060	42.85	-3.65	-2.2
1061	42.89	-3.71	-2.22
1062	42.93	-3.76	-2.22
1063	42.97	-3.82	-2.21
1064	43.01	-3.87	-2.2
1065	43.05	-3.91	-2.18
1066	43.09	-3.96	-2.17
1067	43.13	-3.99	-2.15
1068	43.17	-4.02	-2.14
1069	43.21	-4.05	-2.12
1070	43.25	-4.08	-2.11
1071	43.29	-4.1	-2.11
1072	43.33	-4.13	-2.12
1073	43.37	-4.15	-2.12
1074	43.41	-4.16	-2.13
1075	43.45	-4.18	-2.13
1076	43.49	-4.18	-2.12
1077	43.53	-4.2	-2.11
1078	43.57	-4.21	-2.09
1079	43.61	-4.22	-2.06
1080	43.65	-4.24	-2.03
1081	43.69	-4.25	-1.99
1082	43.73	-4.27	-1.97
1083	43.77	-4.28	-1.95
1084	43.81	-4.28	-1.93
1085	43.85	-4.3	-1.9
1086	43.89	-4.32	-1.89
1087	43.93	-4.35	-1.85
1088	43.97	-4.38	-1.85
1089	44.01	-4.39	-1.83
1090	44.05	-4.4	-1.82
1091	44.09	-4.42	-1.8
1092	44.13	-4.44	-1.78
1093	44.17	-4.46	-1.79
1094	44.21	-4.48	-1.8
1095	44.25	-4.48	-1.81
1096	44.29	-4.48	-1.79
1097	44.33	-4.51	-1.77
1098	44.37	-4.55	-1.72
1099	44.41	-4.6	-1.67
1100	44.45	-4.62	-1.62
1101	44.49	-4.62	-1.56
1102	44.53	-4.61	-1.52
1103	44.57	-4.6	-1.48
1104	44.61	-4.6	-1.46
1105	44.65	-4.61	-1.45
1106	44.69	-4.61	-1.42
1107	44.73	-4.57	-1.39
1108	44.77	-4.54	-1.37
1109	44.81	-4.51	-1.34
1110	44.85	-4.48	-1.35
1111	44.89	-4.47	-1.37
1112	44.93	-4.42	-1.39
1113	44.97	-4.36	-1.4
1114	45.01	-4.33	-1.38
1115	45.05	-4.31	-1.37
1116	45.09	-4.34	-1.34
1117	45.13	-4.34	-1.33
1118	45.17	-4.33	-1.33
1119	45.21	-4.35	-1.33
1120	45.25	-4.35	-1.35
1121	45.29	-4.35	-1.35
1122	45.33	-4.32	-1.35
1123	45.37	-4.28	-1.33
1124	45.41	-4.22	-1.31
1125	45.45	-4.2	-1.3
1126	45.49	-4.21	-1.27
1127	45.53	-4.21	-1.24
1128	45.57	-4.23	-1.19
1129	45.61	-4.23	-1.14
1130	45.65	-4.23	-1.11
1131	45.69	-4.23	-1.06
1132	45.73	-4.23	-0.99
1133	45.77	-4.24	-0.87
1134	45.81	-4.23	-0.75
1135	45.85	-4.21	-0.61
1136	45.89	-4.16	-0.51
1137	45.93	-4.1	-0.42
1138	45.97	-4.06	-0.34
1139	46.01	-4.01	-0.27
1140	46.05	-3.98	-0.22
1141	46.09	-3.98	-0.16
1142	46.13	-3.97	-0.1
1143	46.17	-3.99	-0.04
1144	46.21	-4.02	0.04
1145	46.25	-4.01	0.09
1146	46.29	-4	0.13
1147	46.33	-3.99	0.23
1148	46.37	-3.97	0.37
1149	46.41	-3.94	0.55
1150	46.45	-3.9	0.73
1151	46.49	-3.84	0.86
1152	46.53	-3.76	0.93
1153	46.57	-3.69	0.98
1154	46.61	-3.61	1.02
1155	46.65	-3.54	1.04
1156	46.69	-3.48	1.06
1157	46.73	-3.42	1.08
1158	46.77	-3.38	1.11
1159	46.81	-3.34	1.14
1160	46.85	-3.32	1.2
1161	46.89	-3.31	1.25
1162	46.93	-3.3	1.29
1163	46.97	-3.31	1.33
1164	47.01	-3.31	1.35
1165	47.05	-3.33	1.38
1166	47.09	-3.36	1.39
1167	47.13	-3.4	1.43
1168	47.17	-3.44	1.47
1169	47.21	-3.48	1.5
1170	47.25	-3.5	1.54
1171	47.29	-3.5	1.56
1172	47.33	-3.5	1.58
1173	47.37	-3.48	1.56
1174	47.41	-3.45	1.55
1175	47.45	-3.42	1.53
1176	47.49	-3.4	1.49
1177	47.53	-3.38	1.48
1178	47.57	-3.38	1.47
1179	47.61	-3.37	1.45
1180	47.65	-3.36	1.44
1181	47.69	-3.35	1.41
1182	47.73	-3.34	1.39
1183	47.77	-3.33	1.38
1184	47.81	-3.31	1.38
1185	47.85	-3.28	1.38
1186	47.89	-3.25	1.38
1187	47.93	-3.21	1.37
1188	47.97	-3.16	1.37
1189	48.01	-3.09	1.4
1190	48.05	-3	1.45
1191	48.09	-2.91	1.49
1192	48.13	-2.81	1.55
1193	48.17	-2.71	1.59
1194	48.21	-2.64	1.59
1195	48.25	-2.57	1.59
1196	48.29	-2.51	1.58
1197	48.33	-2.48	1.55
1198	48.37	-2.45	1.54
1199	48.41	-2.44	1.53
1200	48.45	-2.43	1.53
1201	48.49	-2.41	1.53
1202	48.53	-2.39	1.55
1203	48.57	-2.36	1.55
1204	48.61	-2.34	1.54
1205	48.65	-2.31	1.54
1206	48.69	-2.31	1.51
1207	48.73	-2.3	1.5
1208	48.77	-2.29	1.49
1209	48.81	-2.29	1.48
1210	48.85	-2.28	1.47
1211	48.89	-2.29	1.46
1212	48.93	-2.28	1.47
1213	48.97	-2.28	1.46
1214	49.01	-2.28	1.46
1215	49.05	-2.28	1.47
1216	49.09	-2.29	1.45
1217	49.13	-2.29	1.45
1218	49.17	-2.29	1.45
1219	49.21	-2.29	1.45
1220	49.25	-2.28	1.43
1221	49.29	-2.29	1.42
1222	49.33	-2.3	1.4
1223	49.37	-2.3	1.39
1224	49.41	-2.3	1.39
1225	49.45	-2.29	1.39
1226	49.49	-2.28	1.4
1227	49.53	-2.28	1.39
1228	49.57	-2.29	1.39
1229	49.61	-2.31	1.39
1230	49.65	-2.33	1.39
1231	49.69	-2.36	1.39
1232	49.73	-2.38	1.42
1233	49.77	-2.4	1.44
1234	49.81	-2.43	1.46
1235	49.85	-2.45	1.47
1236	49.89	-2.48	1.46
1237	49.93	-2.51	1.44
1238	49.97	-2.56	1.43
1239	50.01	-2.6	1.43
1240	50.05	-2.65	1.43
1241	50.09	-2.69	1.47
1242	50.13	-2.72	1.49
1243	50.17	-2.75	1.49
1244	50.21	-2.78	1.48
1245	50.25	-2.82	1.45
1246	50.29	-2.86	1.41
1247	50.33	-2.89	1.4
1248	50.37	-2.94	1.39
1249	50.41	-2.99	1.37
1250	50.45	-3.03	1.36
1251	50.49	-3.09	1.37
1252	50.53	-3.12	1.35
1253	50.57	-3.15	1.35
1254	50.61	-3.19	1.34
1255	50.65	-3.22	1.33
1256	50.69	-3.26	1.33
1257	50.73	-3.29	1.31
1258	50.77	-3.33	1.31
1259	50.81	-3.36	1.28
1260	50.85	-3.39	1.26
1261	50.89	-3.43	1.25
1262	50.93	-3.47	1.24
1263	50.97	-3.5	1.24
1264	51.01	-3.52	1.24
1265	51.05	-3.54	1.24
1266	51.09	-3.55	1.22
1267	51.13	-3.56	1.21
1268	51.17	-3.56	1.2
1269	51.21	-3.57	1.19
1270	51.25	-3.59	1.19
1271	51.29	-3.59	1.18
1272	51.33	-3.6	1.18
1273	51.37	-3.6	1.16
1274	51.41	-3.6	1.15
1275	51.45	-3.61	1.14
1276	51.49	-3.61	1.13
1277	51.53	-3.62	1.13
1278	51.57	-3.63	1.12
1279	51.61	-3.64	1.11
1280	51.65	-3.65	1.1
1281	51.69	-3.66	1.07
1282	51.73	-3.65	1.05
1283	51.77	-3.65	1.03
1284	51.81	-3.64	0.99
1285	51.85	-3.63	0.96
1286	51.89	-3.64	0.94
1287	51.93	-3.65	0.93
1288	51.97	-3.68	0.92
1289	52.01	-3.72	0.94
1290	52.05	-3.75	0.95
1291	52.09	-3.76	0.96
1292	52.13	-3.76	0.95
1293	52.17	-3.77	0.93
1294	52.21	-3.79	0.89
1295	52.25	-3.82	0.83
1296	52.29	-3.86	0.8
1297	52.33	-3.87	0.74
1298	52.37	-3.89	0.69
1299	52.41	-3.92	0.64
1300	52.45	-3.94	0.59
1301	52.49	-3.97	0.54
1302	52.53	-3.98	0.5
1303	52.57	-3.98	0.45
1304	52.61	-3.97	0.41
1305	52.65	-3.98	0.38
1306	52.69	-4.01	0.34
1307	52.73	-4.06	0.3
1308	52.77	-4.08	0.26
1309	52.81	-4.11	0.21
1310	52.85	-4.14	0.17
1311	52.89	-4.16	0.1
1312	52.93	-4.2	0.04
1313	52.97	-4.21	-0.04
1314	53.01	-4.22	-0.11
1315	53.05	-4.24	-0.15
1316	53.09	-4.28	-0.2
1317	53.13	-4.35	-0.23
1318	53.17	-4.41	-0.26
1319	53.21	-4.48	-0.29
1320	53.25	-4.5	-0.32
1321	53.29	-4.51	-0.34
1322	53.33	-4.53	-0.35
1323	53.37	-4.57	-0.37
1324	53.41	-4.62	-0.4
1325	53.45	-4.65	-0.46
1326	53.49	-4.66	-0.5
1327	53.53	-4.64	-0.53
1328	53.57	-4.61	-0.56
1329	53.61	-4.59	-0.58
1330	53.65	-4.57	-0.63
1331	53.69	-4.55	-0.67
1332	53.73	-4.53	-0.7
1333	53.77	-4.52	-0.73
1334	53.81	-4.5	-0.74
1335	53.85	-4.48	-0.75
1336	53.89	-4.48	-0.78
1337	53.93	-4.46	-0.79
1338	53.97	-4.45	-0.8
1339	54.01	-4.43	-0.81
1340	54.05	-4.42	-0.8
1341	54.09	-4.43	-0.8
1342	54.13	-4.4	-0.8
1343	54.17	-4.39	-0.81
1344	54.21	-4.34	-0.81
1345	54.25	-4.29	-0.81
1346	54.29	-4.25	-0.82
1347	54.33	-4.23	-0.82
1348	54.37	-4.21	-0.82
1349	54.41	-4.21	-0.82
1350	54.45	-4.2	-0.83
1351	54.49	-4.17	-0.82
1352	54.53	-4.13	-0.81
1353	54.57	-4.09	-0.8
1354	54.61	-4.06	-0.79
1355	54.65	-4.01	-0.77
1356	54.69	-3.98	-0.75
1357	54.73	-3.94	-0.71
1358	54.77	-3.88	-0.67
1359	54.81	-3.86	-0.64
1360	54.85	-3.86	-0.6
1361	54.89	-3.87	-0.57
1362	54.93	-3.89	-0.54
1363	54.97	-3.91	-0.51
1364	55.01	-3.94	-0.48
1365	55.05	-3.97	-0.44
1366	55.09	-3.98	-0.4
1367	55.13	-4	-0.38
1368	55.17	-3.97	-0.36
1369	55.21	-3.95	-0.33
1370	55.25	-3.95	-0.31
1371	55.29	-3.92	-0.27
1372	55.33	-3.91	-0.23
1373	55.37	-3.88	-0.19
1374	55.41	-3.87	-0.16
1375	55.45	-3.87	-0.1
1376	55.49	-3.87	-0.05
1377	55.53	-3.88	0.01
1378	55.57	-3.9	0.06
1379	55.61	-3.91	0.11
1380	55.65	-3.91	0.16
1381	55.69	-3.92	0.19
1382	55.73	-3.93	0.25
1383	55.77	-3.95	0.3
1384	55.81	-3.98	0.37
1385	55.85	-3.98	0.43
1386	55.89	-3.99	0.47
1387	55.93	-3.98	0.52
1388	55.97	-3.96	0.57
1389	56.01	-3.95	0.65
1390	56.05	-3.92	0.72
1391	56.09	-3.87	0.78
1392	56.13	-3.84	0.83
1393	56.17	-3.79	0.85
1394	56.21	-3.74	0.88
1395	56.25	-3.71	0.91
1396	56.29	-3.68	0.93
1397	56.33	-3.67	0.95
1398	56.37	-3.65	0.96
1399	56.41	-3.64	0.98
1400	56.45	-3.61	0.99
1401	56.49	-3.61	1.01
1402	56.53	-3.59	1.02
1403	56.57	-3.58	1.03
1404	56.61	-3.57	1.04
1405	56.65	-3.56	1.05
1406	56.69	-3.55	1.06
1407	56.73	-3.53	1.06
1408	56.77	-3.53	1.06
1409	56.81	-3.52	1.07
1410	56.85	-3.53	1.08
1411	56.89	-3.53	1.07
1412	56.93	-3.52	1.07
1413	56.97	-3.52	1.06
1414	57.01	-3.51	1.05
1415	57.05	-3.51	1.06
1416	57.09	-3.52	1.06
1417	57.13	-3.51	1.04
1418	57.17	-3.51	1.04
1419	57.21	-3.51	1.03
1420	57.25	-3.51	1.04
1421	57.29	-3.52	1.05
1422	57.33	-3.52	1.05
1423	57.37	-3.51	1.05
1424	57.41	-3.5	1.04
1425	57.45	-3.5	1.04
1426	57.49	-3.5	1.06
1427	57.53	-3.5	1.06
1428	57.57	-3.5	1.05
1429	57.61	-3.5	1.04
1430	57.65	-3.51	1.03
1431	57.69	-3.5	1.02
1432	57.73	-3.5	1
1433	57.77	-3.48	0.97
1434	57.81	-3.46	0.94
1435	57.85	-3.43	0.92
1436	57.89	-3.39	0.9
1437	57.93	-3.36	0.89
1438	57.97	-3.32	0.86
1439	58.01	-3.3	0.84
1440	58.05	-3.28	0.81
1441	58.09	-3.27	0.8
1442	58.13	-3.26	0.79
1443	58.17	-3.25	0.78
1444	58.21	-3.24	0.78
1445	58.25	-3.23	0.77
1446	58.29	-3.24	0.79
1447	58.33	-3.24	0.79
1448	58.37	-3.26	0.81
1449	58.41	-3.28	0.83
1450	58.45	-3.28	0.83
1451	58.49	-3.29	0.82
1452	58.53	-3.29	0.81
1453	58.57	-3.28	0.8
1454	58.61	-3.29	0.8
1455	58.65	-3.3	0.8
1456	58.69	-3.31	0.79
1457	58.73	-3.32	0.79
1458	58.77	-3.31	0.78
1459	58.81	-3.3	0.77
1460	58.85	-3.28	0.76
1461	58.89	-3.27	0.75
1462	58.93	-3.27	0.76
1463	58.97	-3.27	0.76
1464	59.01	-3.28	0.75
1465	59.05	-3.28	0.73
1466	59.09	-3.28	0.71
1467	59.13	-3.27	0.69
1468	59.17	-3.25	0.67
1469	59.21	-3.23	0.66
1470	59.25	-3.21	0.67
1471	59.28	-3.2	0.67
1472	59.33	-3.2	0.68
1473	59.37	-3.2	0.67
1474	59.41	-3.19	0.67
1475	59.44	-3.19	0.66
1476	59.48	-3.19	0.65
1477	59.52	-3.19	0.65
1478	59.57	-3.19	0.64
1479	59.6	-3.17	0.64
1480	59.64	-3.17	0.64
1481	59.68	-3.16	0.64
1482	59.72	-3.17	0.63
1483	59.76	-3.19	0.64
1484	59.8	-3.22	0.64
1485	59.84	-3.23	0.65
1486	59.88	-3.23	0.66
1487	59.92	-3.2	0.66
1488	59.96	-3.17	0.65
1489	60	-3.15	0.65
1490	60.04	-3.14	0.64
1491	60.08	-3.15	0.64
1492	60.13	-3.16	0.63
1493	60.16	-3.18	0.63
1494	60.2	-3.2	0.65
1495	60.24	-3.22	0.64
1496	60.28	-3.23	0.66
1497	60.32	-3.22	0.65
1498	60.36	-3.22	0.63
1499	60.41	-3.21	0.63
1500	60.44	-3.2	0.61
1501	60.48	-3.21	0.6
1502	60.52	-3.21	0.61
1503	60.56	-3.22	0.61
1504	60.6	-3.25	0.62
1505	60.64	-3.25	0.61
1506	60.68	-3.26	0.6
1507	60.72	-3.25	0.59
1508	60.76	-3.23	0.57
1509	60.8	-3.23	0.57
1510	60.84	-3.23	0.55
1511	60.88	-3.21	0.53
1512	60.92	-3.2	0.51
1513	60.96	-3.18	0.49
1514	61	-3.17	0.48
1515	61.04	-3.18	0.49
1516	61.08	-3.17	0.49
1517	61.12	-3.16	0.48
1518	61.16	-3.16	0.49
1519	61.2	-3.14	0.47
1520	61.24	-3.13	0.47
1521	61.28	-3.13	0.46
1522	61.32	-3.13	0.46
1523	61.36	-3.15	0.47
1524	61.4	-3.17	0.48
1525	61.44	-3.2	0.5
1526	61.48	-3.2	0.5
1527	61.52	-3.19	0.49
1528	61.56	-3.17	0.49
1529	61.6	-3.15	0.49
1530	61.64	-3.15	0.51
1531	61.68	-3.15	0.53
1532	61.72	-3.17	0.55
1533	61.76	-3.18	0.55
1534	61.8	-3.17	0.54
1535	61.84	-3.17	0.55
1536	61.88	-3.16	0.54
1537	61.92	-3.15	0.55
1538	61.96	-3.15	0.58
1539	62	-3.13	0.6
1540	62.04	-3.12	0.61
1541	62.08	-3.1	0.62
1542	62.12	-3.08	0.61
1543	62.16	-3.05	0.6
1544	62.2	-3.02	0.59
1545	62.24	-3.01	0.58
1546	62.28	-2.99	0.57
1547	62.32	-2.99	0.58
1548	62.36	-2.99	0.61
1549	62.4	-3	0.63
1550	62.44	-3	0.66
1551	62.48	-3.01	0.7
1552	62.52	-3.01	0.73
1553	62.56	-3	0.78
1554	62.6	-3.01	0.82
1555	62.64	-3.01	0.88
1556	62.68	-3.02	0.94
1557	62.72	-3.04	1
1558	62.76	-3.06	1.05
1559	62.8	-3.08	1.08
1560	62.84	-3.1	1.12
1561	62.88	-3.12	1.14
1562	62.92	-3.13	1.17
1563	62.96	-3.16	1.21
1564	63	-3.18	1.23
1565	63.04	-3.2	1.26
1566	63.08	-3.21	1.28
1567	63.12	-3.21	1.28
1568	63.16	-3.21	1.28
1569	63.2	-3.21	1.28
1570	63.24	-3.21	1.26
1571	63.28	-3.21	1.24
1572	63.32	-3.21	1.25
1573	63.36	-3.21	1.24
1574	63.4	-3.21	1.23
1575	63.44	-3.21	1.23
1576	63.48	-3.21	1.22
1577	63.52	-3.21	1.21
1578	63.56	-3.22	1.22
1579	63.6	-3.23	1.21
1580	63.64	-3.24	1.21
1581	63.68	-3.24	1.21
1582	63.72	-3.24	1.21
1583	63.76	-3.24	1.22
1584	63.8	-3.23	1.21
1585	63.84	-3.23	1.2
1586	63.88	-3.23	1.21
1587	63.92	-3.22	1.2
1588	63.96	-3.22	1.19
1589	64	-3.21	1.19
1590	64.04	-3.19	1.16
1591	64.08	-3.19	1.16
1592	64.12	-3.19	1.16
1593	64.16	-3.19	1.16
1594	64.2	-3.19	1.17
1595	64.24	-3.19	1.16
1596	64.28	-3.2	1.16
1597	64.32	-3.2	1.16
1598	64.36	-3.19	1.15
1599	64.4	-3.17	1.15
1600	64.44	-3.15	1.13
1601	64.48	-3.12	1.11
1602	64.52	-3.1	1.11
1603	64.56	-3.06	1.1
1604	64.6	-3.03	1.1
1605	64.64	-3.01	1.11
1606	64.68	-2.98	1.1
1607	64.72	-2.96	1.1
1608	64.76	-2.94	1.08
1609	64.8	-2.93	1.07
1610	64.84	-2.93	1.07
1611	64.88	-2.93	1.07
1612	64.92	-2.91	1.08
1613	64.96	-2.9	1.08
1614	65	-2.9	1.07
1615	65.04	-2.9	1.07
1616	65.08	-2.91	1.07
1617	65.12	-2.91	1.08
1618	65.16	-2.91	1.09
1619	65.2	-2.91	1.1
1620	65.24	-2.92	1.1
1621	65.28	-2.94	1.12
1622	65.32	-2.94	1.12
1623	65.36	-2.94	1.14
1624	65.4	-2.95	1.15
1625	65.44	-2.94	1.15
1626	65.48	-2.94	1.15
1627	65.52	-2.95	1.14
1628	65.56	-2.94	1.12
1629	65.6	-2.94	1.1
1630	65.64	-2.94	1.1
1631	65.68	-2.93	1.09
1632	65.72	-2.94	1.1
1633	65.76	-2.94	1.1
1634	65.8	-2.94	1.1
1635	65.84	-2.94	1.09
1636	65.88	-2.93	1.09
1637	65.92	-2.93	1.07
1638	65.96	-2.94	1.08
1639	66	-2.94	1.08
1640	66.04	-2.95	1.07
1641	66.08	-2.96	1.08
1642	66.12	-2.95	1.06
1643	66.16	-2.95	1.06
1644	66.2	-2.95	1.06
1645	66.24	-2.95	1.06
1646	66.28	-2.96	1.07
1647	66.32	-2.97	1.07
1648	66.36	-2.97	1.08
1649	66.4	-2.98	1.08
1650	66.44	-2.98	1.07
1651	66.48	-2.97	1.08
1652	66.52	-2.98	1.09
1653	66.56	-2.98	1.09
1654	66.6	-2.97	1.09
1655	66.64	-2.97	1.08
1656	66.68	-2.96	1.07
1657	66.72	-2.96	1.06
1658	66.76	-2.96	1.05
1659	66.8	-2.96	1.05
1660	66.84	-2.97	1.05
1661	66.88	-2.98	1.07
1662	66.92	-2.99	1.07
1663	66.96	-2.99	1.06
1664	67	-2.98	1.05
1665	67.04	-2.97	1.03
1666	67.12	-2.97	1.05
1667	67.16	-2.98	1.05
1668	67.2	-2.99	1.07
1669	67.24	-2.99	1.07
1670	67.28	-2.99	1.07
1671	67.32	-2.99	1.07
1672	67.36	-2.99	1.06
1673	67.41	-2.99	1.05
1674	67.44	-2.99	1.05
1675	67.48	-2.98	1.03
1676	67.52	-2.97	1.01
1677	67.56	-2.98	1.02
1678	67.6	-2.99	1.02
1679	67.64	-3	1.03
1680	67.68	-3.02	1.04
1681	67.72	-3.02	1.05
1682	67.76	-3.01	1.04
1683	67.8	-3	1.04
1684	67.84	-2.99	1.02
1685	67.88	-2.99	1.01
1686	67.92	-2.98	1.01
1687	67.96	-2.98	1.02
1688	68	-2.99	1.04
1689	68.04	-2.98	1.04
1690	68.08	-2.98	1.04
1691	68.12	-2.98	1.04
1692	68.16	-2.99	1.02
1693	68.2	-3	1.02
1694	68.24	-3	1.01
1695	68.28	-3.02	1.02
1696	68.32	-3.03	1.03
1697	68.36	-3.03	1.03
1698	68.4	-3.05	1.03
1699	68.44	-3.03	1.01
1700	68.48	-3	0.99
1701	68.52	-2.98	0.96
1702	68.56	-2.96	0.93
1703	68.6	-2.96	0.89
1704	68.64	-2.96	0.86
1705	68.68	-2.97	0.85
1706	68.72	-2.97	0.84
1707	68.76	-2.96	0.81
1708	68.8	-2.96	0.79
1709	68.84	-2.97	0.78
1710	68.88	-2.98	0.77
1711	68.92	-3	0.77
1712	68.96	-3.01	0.75
1713	69	-3.01	0.71
1714	69.04	-3.02	0.68
1715	69.08	-3.03	0.64
1716	69.12	-3.03	0.6
1717	69.16	-3.01	0.55
1718	69.2	-3.01	0.5
1719	69.24	-3.01	0.48
1720	69.28	-3.01	0.45
1721	69.32	-3.02	0.44
1722	69.36	-3.03	0.45
1723	69.4	-3.02	0.43
1724	69.44	-3.02	0.41
1725	69.48	-3.02	0.39
1726	69.52	-3.01	0.39
1727	69.56	-3.02	0.38
1728	69.6	-3.02	0.39
1729	69.64	-3.02	0.38
1730	69.68	-3.02	0.36
1731	69.72	-3.02	0.37
1732	69.76	-3.02	0.36
1733	69.8	-3.03	0.36
1734	69.84	-3.02	0.35
1735	69.88	-3.02	0.35
1736	69.92	-3.03	0.35
1737	69.96	-3.05	0.35
1738	70	-3.06	0.35
1739	70.04	-3.07	0.35
1740	70.08	-3.08	0.34
1741	70.12	-3.08	0.33
1742	70.16	-3.08	0.33
1743	70.2	-3.08	0.31
1744	70.24	-3.07	0.29
1745	70.28	-3.05	0.27
1746	70.32	-3.02	0.24
1747	70.36	-3.02	0.23
1748	70.4	-3.02	0.22
1749	70.44	-3.02	0.21
1750	70.48	-3.02	0.2
1751	70.52	-2.99	0.18
1752	70.56	-2.97	0.17
1753	70.6	-2.95	0.15
1754	70.64	-2.96	0.14
1755	70.68	-2.97	0.12
1756	70.72	-2.96	0.09
1757	70.76	-2.95	0.05
1758	70.8	-2.93	0.03
1759	70.84	-2.9	0.01
1760	70.88	-2.89	0.01
1761	70.92	-2.89	0.04
1762	70.96	-2.88	0.09
1763	71	-2.88	0.15
1764	71.04	-2.88	0.21
1765	71.08	-2.88	0.27
1766	71.12	-2.89	0.31
1767	71.16	-2.89	0.33
1768	71.2	-2.89	0.38
1769	71.24	-2.88	0.38
1770	71.28	-2.87	0.41
1771	71.32	-2.87	0.44
1772	71.36	-2.87	0.46
1773	71.4	-2.86	0.48
1774	71.44	-2.85	0.49
1775	71.48	-2.82	0.51
1776	71.52	-2.78	0.53
1777	71.56	-2.76	0.54
1778	71.6	-2.74	0.55
1779	71.64	-2.73	0.57
1780	71.68	-2.71	0.59
1781	71.72	-2.69	0.64
1782	71.76	-2.67	0.67
1783	71.8	-2.66	0.71
1784	71.84	-2.65	0.73
1785	71.88	-2.64	0.75
1786	71.92	-2.61	0.8
1787	72.04	-2.56	0.85
1788	72.08	-2.51	0.91
1789	72.12	-2.47	0.97
1790	72.16	-2.44	1.01
1791	72.2	-2.41	1
1792	72.24	-2.39	1.01
1793	72.28	-2.36	1.02
1794	72.32	-2.34	1.04
1795	72.36	-2.32	1.1
1796	72.4	-2.31	1.16
1797	72.44	-2.29	1.22
1798	72.48	-2.28	1.27
1799	72.52	-2.27	1.3
1800	72.56	-2.27	1.31
1801	72.6	-2.26	1.32
1802	72.64	-2.25	1.32
1803	72.68	-2.25	1.34
1804	72.72	-2.24	1.33
1805	72.76	-2.24	1.35
1806	72.8	-2.24	1.35
1807	72.84	-2.24	1.34
1808	72.88	-2.23	1.36
1809	72.92	-2.23	1.35
1810	72.96	-2.23	1.35
1811	73	-2.23	1.34
1812	73.04	-2.23	1.33
1813	73.08	-2.24	1.31
1814	73.12	-2.24	1.3
1815	73.16	-2.24	1.3
1816	73.2	-2.25	1.29
1817	73.24	-2.25	1.26
1818	73.28	-2.26	1.23
1819	73.32	-2.25	1.19
1820	73.36	-2.24	1.15
1821	73.4	-2.23	1.12
1822	73.44	-2.23	1.1
1823	73.48	-2.22	1.1
1824	73.52	-2.22	1.11
1825	73.56	-2.22	1.1
1826	73.6	-2.21	1.11
1827	73.64	-2.21	1.09
1828	73.68	-2.19	1.07
1829	73.72	-2.17	1.08
1830	73.76	-2.12	1.1
1831	73.8	-2.08	1.11
1832	73.84	-2.04	1.12
1833	73.88	-2.01	1.14
1834	73.92	-2	1.13
1835	73.96	-1.97	1.15
1836	74	-1.96	1.14
1837	74.04	-1.92	1.12
1838	74.08	-1.88	1.13
1839	74.12	-1.83	1.13
1840	74.16	-1.79	1.14
1841	74.2	-1.76	1.17
1842	74.24	-1.74	1.17
1843	74.28	-1.72	1.19
1844	74.32	-1.71	1.2
1845	74.36	-1.7	1.19
1846	74.4	-1.68	1.2
1847	74.44	-1.68	1.19
1848	74.48	-1.66	1.2
1849	74.52	-1.65	1.21
1850	74.56	-1.64	1.2
1851	74.6	-1.6	1.22
1852	74.64	-1.59	1.22
1853	74.68	-1.58	1.22
1854	74.72	-1.57	1.24
1855	74.76	-1.56	1.23
1856	74.8	-1.57	1.22
1857	74.84	-1.57	1.22
1858	74.88	-1.58	1.22
1859	74.92	-1.59	1.21
1860	74.96	-1.61	1.21
1861	75	-1.63	1.19
1862	75.04	-1.64	1.19
1863	75.08	-1.66	1.18
1864	75.12	-1.67	1.18
1865	75.16	-1.67	1.17
1866	75.2	-1.68	1.16
1867	75.24	-1.69	1.16
1868	75.28	-1.68	1.17
1869	75.32	-1.66	1.2
1870	75.36	-1.65	1.23
1871	75.4	-1.63	1.25
1872	75.44	-1.62	1.27
1873	75.48	-1.63	1.27
1874	75.52	-1.63	1.3
1875	75.56	-1.64	1.31
1876	75.6	-1.64	1.31
1877	75.64	-1.64	1.29
1878	75.68	-1.65	1.27
1879	75.72	-1.66	1.27
1880	75.76	-1.67	1.29
1881	75.8	-1.69	1.31
1882	75.84	-1.72	1.33
1883	75.88	-1.74	1.33
1884	75.92	-1.76	1.31
1885	75.96	-1.79	1.27
1886	76	-1.82	1.21
1887	76.04	-1.84	1.17
1888	76.08	-1.89	1.15
1889	76.12	-1.94	1.13
1890	76.16	-1.98	1.13
1891	76.2	-2.04	1.13
1892	76.24	-2.08	1.13
1893	76.28	-2.11	1.12
1894	76.32	-2.15	1.11
1895	76.36	-2.19	1.08
1896	76.4	-2.22	1.05
1897	76.44	-2.26	1.04
1898	76.48	-2.31	1.04
1899	76.52	-2.36	1.04
1900	76.56	-2.44	1.09
1901	76.6	-2.5	1.12
1902	76.64	-2.58	1.16
1903	76.68	-2.67	1.2
1904	76.72	-2.73	1.2
1905	76.76	-2.8	1.18
1906	76.8	-2.84	1.12
1907	76.84	-2.87	1.06
1908	76.88	-2.9	1.02
1909	76.92	-2.92	0.99
1910	76.96	-2.95	0.97
1911	77	-2.96	0.93
1912	77.04	-2.98	0.92
1913	77.08	-3.01	0.91
1914	77.12	-3.04	0.9
1915	77.16	-3.07	0.91
1916	77.2	-3.09	0.9
1917	77.24	-3.1	0.89
1918	77.28	-3.11	0.88
1919	77.32	-3.14	0.87
1920	77.36	-3.14	0.87
1921	77.4	-3.17	0.86
1922	77.44	-3.18	0.84
1923	77.48	-3.21	0.82
1924	77.52	-3.22	0.79
1925	77.56	-3.23	0.77
1926	77.6	-3.27	0.75
1927	77.64	-3.28	0.71
1928	77.68	-3.29	0.66
1929	77.72	-3.31	0.6
1930	77.76	-3.3	0.53
1931	77.8	-3.28	0.46
1932	77.84	-3.26	0.4
1933	77.88	-3.24	0.34
1934	77.92	-3.22	0.29
1935	77.96	-3.22	0.25
1936	78	-3.24	0.21
1937	78.04	-3.26	0.18
1938	78.08	-3.29	0.14
1939	78.12	-3.33	0.09
1940	78.16	-3.34	0.06
1941	78.2	-3.35	0.02
1942	78.24	-3.35	-0.02
1943	78.28	-3.33	-0.07
1944	78.32	-3.31	-0.11
1945	78.36	-3.31	-0.16
1946	78.4	-3.31	-0.18
1947	78.44	-3.34	-0.21
1948	78.48	-3.38	-0.22
1949	78.52	-3.41	-0.2
1950	78.56	-3.48	-0.17
1951	78.6	-3.53	-0.11
1952	78.64	-3.6	-0.08
1953	78.68	-3.65	-0.07
1954	78.72	-3.69	-0.08
1955	78.76	-3.74	-0.15
1956	78.8	-3.78	-0.2
1957	78.84	-3.8	-0.26
1958	78.88	-3.8	-0.3
1959	78.92	-3.8	-0.35
1960	78.96	-3.76	-0.42
1961	79	-3.72	-0.5
1962	79.04	-3.65	-0.59
1963	79.08	-3.58	-0.68
1964	79.12	-3.51	-0.75
1965	79.16	-3.45	-0.8
1966	79.2	-3.39	-0.82
1967	79.24	-3.34	-0.83
1968	79.28	-3.31	-0.82
1969	79.32	-3.28	-0.82
1970	79.36	-3.27	-0.84
1971	79.4	-3.3	-0.85
1972	79.44	-3.36	-0.86
1973	79.48	-3.44	-0.87
1974	79.52	-3.51	-0.88
1975	79.56	-3.56	-0.88
1976	79.6	-3.57	-0.89
1977	79.64	-3.59	-0.88
1978	79.68	-3.62	-0.86
1979	79.72	-3.64	-0.83
1980	79.76	-3.65	-0.79
1981	79.8	-3.64	-0.73
1982	79.84	-3.62	-0.65
1983	79.88	-3.6	-0.58
1984	79.92	-3.58	-0.49
1985	79.96	-3.57	-0.43
1986	80	-3.56	-0.39
1987	80.04	-3.55	-0.34
1988	80.08	-3.54	-0.31
1989	80.12	-3.52	-0.29
1990	80.16	-3.5	-0.29
1991	80.2	-3.48	-0.33
1992	80.24	-3.47	-0.36
1993	80.28	-3.46	-0.4
1994	80.32	-3.44	-0.39
1995	80.36	-3.42	-0.36
1996	80.4	-3.38	-0.3
1997	80.44	-3.33	-0.23
1998	80.48	-3.27	-0.21
1999	80.52	-3.22	-0.17
2000	80.56	-3.14	-0.17
2001	80.6	-3.06	-0.18
2002	80.64	-2.97	-0.17
2003	80.68	-2.85	-0.17
2004	80.72	-2.74	-0.14
2005	80.76	-2.62	-0.11
2006	80.8	-2.52	-0.07
2007	80.84	-2.43	-0.04
2008	80.88	-2.34	-0.05
2009	80.92	-2.25	-0.03
2010	80.96	-2.13	-0.05
2011	81	-2.05	-0.06
2012	81.04	-1.98	-0.07
2013	81.08	-1.89	-0.09
2014	81.12	-1.8	-0.1
2015	81.16	-1.65	-0.13
2016	81.2	-1.5	-0.15
2017	81.24	-1.36	-0.17
2018	81.28	-1.28	-0.16
2019	81.32	-1.22	-0.13
2020	81.36	-1.16	-0.1
2021	81.4	-1.1	-0.08
2022	81.44	-1	-0.06
2023	81.48	-0.91	-0.05
2024	81.52	-0.84	-0.05
2025	81.56	-0.77	-0.06
2026	81.6	-0.75	-0.06
2027	81.64	-0.73	-0.09
2028	81.68	-0.72	-0.13
2029	81.72	-0.69	-0.18
2030	81.76	-0.6	-0.23
2031	81.8	-0.49	-0.26
2032	81.84	-0.41	-0.29
2033	81.88	-0.35	-0.29
2034	81.92	-0.28	-0.31
2035	81.96	-0.29	-0.33
2036	82	-0.24	-0.34
2037	82.04	-0.23	-0.34
2038	82.08	-0.25	-0.34
2039	82.12	-0.24	-0.32
2040	82.16	-0.25	-0.3
2041	82.2	-0.25	-0.29
2042	82.24	-0.21	-0.26
2043	82.28	-0.14	-0.2
2044	82.32	-0.01	-0.1
2045	82.36	0.09	-0.01
2046	82.4	0.18	0.11
2047	82.44	0.23	0.22
2048	82.48	0.24	0.31
2049	82.52	0.3	0.42
2050	82.56	0.37	0.52
2051	82.6	0.41	0.59
2052	82.64	0.47	0.68
2053	82.68	0.51	0.75
2054	82.72	0.52	0.79
2055	82.76	0.57	0.83
2056	82.8	0.59	0.85
2057	82.84	0.59	0.85
2058	82.88	0.59	0.86
2059	82.92	0.59	0.88
2060	82.96	0.58	0.88
2061	83	0.59	0.89
2062	83.04	0.59	0.91
2063	83.08	0.59	0.92
2064	83.12	0.58	0.92
2065	83.16	0.56	0.93
2066	83.2	0.53	0.93
2067	83.24	0.48	0.92
2068	83.28	0.46	0.92
2069	83.32	0.44	0.93
2070	83.36	0.41	0.93
2071	83.4	0.39	0.92
2072	83.44	0.36	0.91
2073	83.48	0.31	0.89
2074	83.52	0.27	0.87
2075	83.56	0.25	0.86
2076	83.6	0.25	0.85
2077	83.64	0.23	0.83
2078	83.68	0.24	0.81
2079	83.72	0.23	0.77
2080	83.76	0.2	0.75
2081	83.8	0.2	0.72
2082	83.84	0.18	0.69
2083	83.88	0.15	0.67
2084	83.92	0.14	0.64
2085	83.96	0.14	0.63
2086	84	0.14	0.61
2087	84.04	0.15	0.59
2088	84.08	0.19	0.58
2089	84.12	0.2	0.57
2090	84.16	0.24	0.56
2091	84.2	0.29	0.55
2092	84.24	0.31	0.54
2093	84.28	0.35	0.51
2094	84.32	0.38	0.49
2095	84.36	0.4	0.47
2096	84.4	0.42	0.45
2097	84.44	0.43	0.44
2098	84.48	0.43	0.43
2099	84.52	0.42	0.41
2100	84.56	0.43	0.4
2101	84.6	0.43	0.39
2102	84.64	0.43	0.39
2103	84.68	0.44	0.39
2104	84.72	0.43	0.39
2105	84.76	0.44	0.38
2106	84.8	0.44	0.38
2107	84.84	0.44	0.38
2108	84.88	0.44	0.38
2109	84.92	0.44	0.38
2110	84.96	0.44	0.38
2111	85	0.41	0.38
2112	85.04	0.39	0.38
2113	85.08	0.38	0.38
2114	85.12	0.39	0.38
2115	85.16	0.37	0.38
2116	85.2	0.37	0.38
2117	85.24	0.36	0.38
2118	85.28	0.33	0.4
2119	85.32	0.34	0.41
2120	85.36	0.33	0.43
2121	85.4	0.31	0.45
2122	85.44	0.3	0.47
2123	85.48	0.3	0.49
2124	85.52	0.26	0.5
2125	85.56	0.26	0.53
2126	85.6	0.27	0.55
2127	85.64	0.27	0.56
2128	85.68	0.3	0.59
2129	85.72	0.31	0.59
2130	85.76	0.29	0.59
2131	85.8	0.27	0.61
2132	85.84	0.26	0.65
2133	85.88	0.26	0.72
2134	85.92	0.25	0.79
2135	85.96	0.26	0.86
2136	86	0.24	0.91
2137	86.04	0.22	0.95
2138	86.08	0.2	0.99
2139	86.12	0.17	1.03
2140	86.16	0.15	1.06
2141	86.2	0.14	1.09
2142	86.24	0.12	1.11
2143	86.28	0.13	1.12
2144	86.32	0.14	1.14
2145	86.36	0.16	1.17
2146	86.4	0.18	1.2
2147	86.44	0.17	1.24
2148	86.48	0.17	1.27
2149	86.52	0.15	1.3
2150	86.56	0.14	1.34
2151	86.6	0.13	1.37
2152	86.64	0.16	1.43
2153	86.68	0.17	1.5
2154	86.72	0.2	1.54
2155	86.76	0.2	1.58
2156	86.8	0.17	1.61
2157	86.84	0.13	1.63
2158	86.88	0.06	1.68
2159	86.92	-0.01	1.74
2160	86.96	-0.09	1.8
2161	87	-0.18	1.83
2162	87.04	-0.25	1.87
2163	87.08	-0.31	1.87
2164	87.12	-0.38	1.89
2165	87.16	-0.42	1.93
2166	87.2	-0.46	1.92
2167	87.24	-0.49	1.94
2168	87.28	-0.52	1.93
2169	87.32	-0.54	1.93
2170	87.36	-0.57	1.94
2171	87.4	-0.59	1.95
2172	87.44	-0.6	1.98
2173	87.48	-0.61	1.98
2174	87.52	-0.6	1.99
2175	87.56	-0.61	1.99
2176	87.6	-0.62	1.98
2177	87.64	-0.64	1.96
2178	87.68	-0.65	1.95
2179	87.72	-0.66	1.94
2180	87.76	-0.67	1.93
2181	87.8	-0.68	1.92
2182	87.84	-0.7	1.9
2183	87.88	-0.72	1.9
2184	87.92	-0.75	1.89
2185	87.96	-0.77	1.9
2186	88	-0.79	1.91
2187	88.04	-0.79	1.9
2188	88.08	-0.8	1.89
2189	88.15	-0.8	1.9
2190	88.18	-0.81	1.91
2191	88.22	-0.81	1.91
2192	88.25	-0.82	1.93
2193	88.28	-0.85	1.94
2194	88.32	-0.91	1.96
2195	88.36	-0.99	2
2196	88.4	-1.06	2.04
2197	88.44	-1.12	2.07
2198	88.48	-1.15	2.06
2199	88.52	-1.17	2.04
2200	88.56	-1.19	2.02
2201	88.6	-1.22	1.98
2202	88.64	-1.24	1.96
2203	88.68	-1.28	1.93
2204	88.72	-1.31	1.9
2205	88.76	-1.35	1.89
2206	88.8	-1.38	1.88
2207	88.84	-1.4	1.88
2208	88.88	-1.41	1.88
2209	88.92	-1.42	1.87
2210	88.96	-1.42	1.86
2211	89	-1.43	1.87
2212	89.04	-1.43	1.87
2213	89.08	-1.42	1.87
2214	89.12	-1.42	1.87
2215	89.16	-1.43	1.87
2216	89.2	-1.42	1.86
2217	89.24	-1.43	1.87
2218	89.28	-1.43	1.88
2219	89.32	-1.43	1.89
2220	89.36	-1.43	1.89
2221	89.4	-1.44	1.91
2222	89.44	-1.45	1.93
2223	89.48	-1.45	1.95
2224	89.52	-1.45	2.01
2225	89.56	-1.45	2.05
2226	89.6	-1.45	2.1
2227	89.64	-1.45	2.14
2228	89.68	-1.44	2.16
2229	89.72	-1.44	2.19
2230	89.76	-1.42	2.19
2231	89.8	-1.4	2.18
2232	89.84	-1.36	2.18
2233	89.88	-1.32	2.17
2234	89.92	-1.28	2.19
2235	89.96	-1.25	2.19
2236	90	-1.23	2.21
2237	90.04	-1.21	2.21
2238	90.08	-1.2	2.19
2239	90.12	-1.19	2.18
2240	90.16	-1.18	2.15
2241	90.2	-1.19	2.14
2242	90.24	-1.19	2.13
2243	90.28	-1.19	2.1
2244	90.32	-1.17	2.09
2245	90.36	-1.15	2.06
2246	90.4	-1.11	2.04
2247	90.44	-1.08	2.02
2248	90.48	-1.05	2.02
2249	90.52	-1.03	2.02
2250	90.56	-1.02	2.02
2251	90.6	-1.01	2.02
2252	90.64	-1.01	1.99
2253	90.68	-1	1.99
2254	90.72	-1	1.99
2255	90.76	-1	1.97
2256	90.8	-0.99	1.99
2257	90.84	-0.99	1.99
2258	90.88	-0.97	2
2259	90.92	-0.96	2
2260	90.96	-0.96	2
2261	91	-0.95	2
2262	91.04	-0.95	1.98
2263	91.08	-0.95	1.99
2264	91.12	-0.95	1.98
2265	91.16	-0.95	1.96
2266	91.2	-0.94	1.96
2267	91.24	-0.95	1.96
2268	91.28	-0.95	1.96
2269	91.32	-0.94	1.96
2270	91.36	-0.95	1.96
2271	91.4	-0.95	1.95
2272	91.44	-0.95	1.96
2273	91.48	-0.94	1.96
2274	91.52	-0.94	1.97
2275	91.56	-0.94	1.98
2276	91.6	-0.94	1.98
2277	91.64	-0.95	1.97
2278	91.68	-0.95	1.97
2279	91.72	-0.95	1.97
2280	91.76	-0.95	1.98
2281	91.8	-0.94	1.98
2282	91.84	-0.94	1.97
2283	91.88	-0.93	1.96
2284	91.92	-0.93	1.96
2285	91.96	-0.93	1.96
2286	92	-0.94	1.96
2287	92.04	-0.94	1.97
2288	92.08	-0.94	1.97
2289	92.12	-0.93	1.98
2290	92.16	-0.93	1.99
2291	92.2	-0.93	1.98
2292	92.24	-0.93	1.98
2293	92.28	-0.94	1.97
2294	92.32	-0.94	1.97
2295	92.36	-0.94	1.99
2296	92.4	-0.94	1.99
2297	92.44	-0.94	2
2298	92.48	-0.94	1.99
2299	92.52	-0.95	1.98
2300	92.56	-0.95	1.98
2301	92.6	-0.95	1.97
2302	92.64	-0.95	1.96
2303	92.68	-0.95	1.98
2304	92.84	-0.94	1.98
2305	92.88	-0.94	2
2306	92.92	-0.94	2
2307	92.96	-0.95	1.99
2308	93	-0.95	1.99
2309	93.04	-0.95	1.98
2310	93.08	-0.94	1.98
2311	93.12	-0.94	1.98
2312	93.16	-0.94	1.98
2313	93.2	-0.94	1.98
2314	93.24	-0.94	1.98
2315	93.28	-0.94	1.96
2316	93.32	-0.94	1.94
2317	93.36	-0.93	1.92
2318	93.4	-0.9	1.9
2319	93.44	-0.88	1.9
2320	93.48	-0.86	1.89
2321	93.52	-0.84	1.88
2322	93.56	-0.83	1.87
2323	93.6	-0.82	1.85
2324	93.64	-0.83	1.82
2325	93.68	-0.83	1.8
2326	93.72	-0.84	1.75
2327	93.76	-0.82	1.7
2328	93.8	-0.79	1.68
2329	93.84	-0.76	1.64
2330	93.88	-0.74	1.63
2331	93.92	-0.75	1.59
2332	93.96	-0.74	1.56
2333	94	-0.75	1.52
2334	94.04	-0.75	1.49
2335	94.08	-0.75	1.46
2336	94.12	-0.74	1.46
2337	94.16	-0.73	1.49
2338	94.2	-0.73	1.53
2339	94.24	-0.73	1.57
2340	94.28	-0.72	1.6
2341	94.32	-0.72	1.58
2342	94.36	-0.7	1.57
2343	94.4	-0.67	1.57
2344	94.44	-0.63	1.55
2345	94.48	-0.56	1.54
2346	94.52	-0.49	1.51
2347	94.56	-0.44	1.5
2348	94.6	-0.39	1.48
2349	94.64	-0.36	1.45
2350	94.68	-0.3	1.4
2351	94.72	-0.22	1.34
2352	94.76	-0.15	1.27
2353	94.8	-0.07	1.21
2354	94.84	-0.03	1.17
2355	94.88	0.01	1.14
2356	94.92	0.03	1.09
2357	94.96	0.05	1.05
2358	95	0.07	1
2359	95.04	0.08	0.96
2360	95.08	0.12	0.93
2361	95.12	0.13	0.89
2362	95.16	0.15	0.88
2363	95.2	0.19	0.85
2364	95.24	0.22	0.82
2365	95.28	0.26	0.79
2366	95.32	0.31	0.75
2367	95.36	0.38	0.7
2368	95.4	0.45	0.62
2369	95.44	0.55	0.54
2370	95.48	0.62	0.47
2371	95.52	0.65	0.41
2372	95.56	0.68	0.38
2373	95.6	0.68	0.34
2374	95.64	0.7	0.31
2375	95.68	0.7	0.29
2376	95.72	0.71	0.26
2377	95.76	0.71	0.24
2378	95.8	0.71	0.23
2379	95.84	0.73	0.22
2380	95.88	0.72	0.23
2381	95.92	0.71	0.23
2382	95.96	0.7	0.24
2383	96	0.7	0.24
2384	96.04	0.69	0.25
2385	96.08	0.68	0.25
2386	96.12	0.68	0.25
2387	96.16	0.67	0.26
2388	96.2	0.65	0.28
2389	96.24	0.65	0.28
2390	96.28	0.66	0.29
2391	96.32	0.65	0.29
2392	96.36	0.68	0.28
2393	96.4	0.68	0.28
2394	96.44	0.68	0.29
2395	96.48	0.7	0.29
2396	96.52	0.7	0.29
2397	96.56	0.7	0.3
2398	96.6	0.7	0.31
2399	96.64	0.67	0.34
2400	96.68	0.64	0.38
2401	96.72	0.64	0.41
2402	96.76	0.61	0.45
2403	96.8	0.58	0.5
2404	96.84	0.55	0.54
2405	96.88	0.53	0.6
2406	96.92	0.5	0.64
2407	96.96	0.49	0.68
2408	97	0.48	0.71
2409	97.04	0.43	0.74
2410	97.08	0.43	0.76
2411	97.12	0.39	0.76
2412	97.16	0.37	0.77
2413	97.2	0.35	0.79
2414	97.24	0.31	0.82
2415	97.28	0.3	0.85
2416	97.32	0.27	0.89
2417	97.36	0.25	0.93
2418	97.4	0.22	0.97
2419	97.44	0.18	1.01
2420	97.48	0.12	1.04
2421	97.52	0.06	1.08
2422	97.56	0.02	1.14
2423	97.6	-0.01	1.19
2424	97.64	-0.02	1.27
2425	97.68	-0.05	1.31
2426	97.72	-0.1	1.36
2427	97.76	-0.13	1.4
2428	97.8	-0.18	1.42
2429	97.84	-0.2	1.43
2430	97.88	-0.21	1.43
2431	97.92	-0.22	1.42
2432	97.96	-0.21	1.42
2433	98	-0.21	1.42
2434	98.04	-0.23	1.41
2435	98.08	-0.24	1.41
2436	98.12	-0.25	1.41
2437	98.16	-0.25	1.43
2438	98.2	-0.24	1.44
2439	98.24	-0.25	1.45
2440	98.28	-0.23	1.46
2441	98.32	-0.23	1.47
2442	98.36	-0.23	1.46
2443	98.4	-0.22	1.48
2444	98.44	-0.23	1.47
2445	98.48	-0.25	1.45
2446	98.52	-0.26	1.44
2447	98.56	-0.26	1.43
2448	98.6	-0.27	1.43
2449	98.64	-0.28	1.43
2450	98.68	-0.27	1.44
2451	98.72	-0.29	1.43
2452	98.76	-0.3	1.42
2453	98.8	-0.31	1.42
2454	98.84	-0.32	1.41
2455	98.88	-0.33	1.41
2456	98.92	-0.34	1.41
2457	98.96	-0.36	1.41
2458	99	-0.38	1.4
2459	99.04	-0.39	1.39
2460	99.08	-0.4	1.39
2461	99.12	-0.4	1.38
2462	99.16	-0.4	1.38
2463	99.2	-0.43	1.36
2464	99.24	-0.45	1.34
2465	99.28	-0.47	1.32
2466	99.32	-0.47	1.31
2467	99.35	-0.49	1.29
2468	99.4	-0.49	1.27
2469	99.43	-0.5	1.27
2470	99.48	-0.51	1.26
2471	99.51	-0.51	1.25
2472	99.56	-0.52	1.25
2473	99.59	-0.53	1.24
2474	99.63	-0.53	1.23
2475	99.67	-0.52	1.22
2476	99.72	-0.53	1.21
2477	99.75	-0.53	1.19
2478	99.79	-0.54	1.18
2479	99.83	-0.54	1.18
2480	99.87	-0.56	1.15
2481	99.91	-0.59	1.13
2482	99.95	-0.63	1.1
2483	99.99	-0.68	1.08
2484	100.03	-0.71	1.06
2485	100.07	-0.75	1.05
2486	100.11	-0.8	1.02
2487	100.15	-0.83	1
2488	100.19	-0.86	0.98
2489	100.23	-0.88	0.95
2490	100.27	-0.87	0.94
2491	100.31	-0.86	0.93
2492	100.35	-0.86	0.93
2493	100.39	-0.87	0.91
2494	100.43	-0.88	0.9
2495	100.47	-0.88	0.88
2496	100.51	-0.88	0.88
2497	100.55	-0.89	0.87
2498	100.59	-0.89	0.87
2499	100.63	-0.91	0.87
2500	100.67	-0.93	0.86
2501	100.71	-0.95	0.86
2502	100.75	-0.97	0.84
2503	100.79	-0.99	0.82
2504	100.83	-1.02	0.81
2505	100.87	-1.04	0.79
2506	100.91	-1.07	0.79
2507	100.95	-1.09	0.8
2508	100.99	-1.08	0.8
2509	101.03	-1.1	0.8
2510	101.07	-1.12	0.8
2511	101.11	-1.16	0.77
2512	101.15	-1.19	0.74
2513	101.19	-1.22	0.71
2514	101.23	-1.25	0.7
2515	101.27	-1.27	0.7
2516	101.31	-1.29	0.71
2517	101.35	-1.29	0.73
2518	101.39	-1.26	0.75
2519	101.43	-1.22	0.77
2520	101.47	-1.19	0.79
2521	101.51	-1.16	0.79
2522	101.55	-1.16	0.78
2523	101.59	-1.19	0.74
2524	101.63	-1.2	0.72
2525	101.67	-1.22	0.69
2526	101.71	-1.24	0.69
2527	101.75	-1.25	0.71
2528	101.79	-1.25	0.74
2529	101.83	-1.23	0.78
2530	101.87	-1.21	0.82
2531	101.91	-1.18	0.85
2532	101.95	-1.17	0.86
2533	101.99	-1.17	0.88
2534	102.03	-1.16	0.88
2535	102.07	-1.15	0.9
2536	102.11	-1.14	0.94
2537	102.15	-1.11	0.97
2538	102.19	-1.1	0.99
2539	102.23	-1.11	1.04
2540	102.27	-1.13	1.07
2541	102.31	-1.14	1.09
2542	102.35	-1.12	1.13
2543	102.39	-1.06	1.16
2544	102.43	-0.99	1.18
2545	102.47	-0.92	1.22
2546	102.51	-0.87	1.24
2547	102.55	-0.81	1.26
2548	102.59	-0.74	1.28
2549	102.63	-0.68	1.29
2550	102.67	-0.61	1.31
2551	102.71	-0.59	1.31
2552	102.75	-0.56	1.33
2553	102.79	-0.54	1.34
2554	102.83	-0.53	1.35
2555	102.87	-0.51	1.37
2556	102.91	-0.52	1.36
2557	102.95	-0.53	1.36
2558	102.99	-0.54	1.36
2559	103.03	-0.55	1.36
2560	103.07	-0.56	1.35
2561	103.11	-0.56	1.35
2562	103.15	-0.56	1.35
2563	103.19	-0.56	1.36
2564	103.23	-0.58	1.36
2565	103.27	-0.61	1.35
2566	103.31	-0.63	1.35
2567	103.35	-0.65	1.36
2568	103.39	-0.66	1.37
2569	103.43	-0.65	1.39
2570	103.47	-0.65	1.4
2571	103.51	-0.64	1.42
2572	103.55	-0.64	1.44
2573	103.59	-0.65	1.45
2574	103.63	-0.66	1.47
2575	103.67	-0.68	1.47
2576	103.71	-0.7	1.49
2577	103.75	-0.72	1.5
2578	103.79	-0.73	1.51
2579	103.83	-0.75	1.52
2580	103.87	-0.76	1.52
2581	103.91	-0.76	1.52
2582	103.95	-0.77	1.52
2583	103.99	-0.76	1.52
2584	104.03	-0.76	1.53
2585	104.07	-0.77	1.53
2586	104.11	-0.76	1.54
2587	104.15	-0.76	1.54
2588	104.19	-0.76	1.54
2589	104.23	-0.76	1.54
2590	104.27	-0.77	1.54
2591	104.31	-0.77	1.54
2592	104.35	-0.78	1.54
2593	104.39	-0.78	1.53
2594	104.43	-0.78	1.52
2595	104.47	-0.78	1.53
2596	104.51	-0.77	1.53
2597	104.55	-0.77	1.54
2598	104.59	-0.76	1.54
2599	104.63	-0.76	1.54
2600	104.67	-0.77	1.53
2601	104.71	-0.77	1.53
2602	104.75	-0.78	1.53
2603	104.79	-0.79	1.52
2604	104.83	-0.79	1.53
2605	104.87	-0.79	1.53
2606	104.91	-0.79	1.53
2607	104.95	-0.79	1.53
2608	104.99	-0.79	1.52
2609	105.03	-0.79	1.52
2610	105.07	-0.8	1.52
2611	105.11	-0.81	1.52
2612	105.15	-0.82	1.52
2613	105.19	-0.82	1.51
2614	105.23	-0.82	1.51
2615	105.27	-0.81	1.51
2616	105.31	-0.8	1.52
2617	105.35	-0.8	1.51
2618	105.39	-0.81	1.51
2619	105.43	-0.82	1.5
2620	105.47	-0.83	1.51
2621	105.51	-0.82	1.51
2622	105.55	-0.81	1.52
2623	105.59	-0.81	1.51
2624	105.63	-0.81	1.51
2625	105.67	-0.82	1.5
2626	105.71	-0.83	1.5
2627	105.75	-0.84	1.5
2628	105.79	-0.84	1.49
2629	105.83	-0.83	1.49
2630	105.87	-0.83	1.48
2631	105.91	-0.83	1.48
2632	105.95	-0.84	1.48
2633	105.99	-0.84	1.48
2634	106.03	-0.84	1.48
2635	106.07	-0.85	1.48
2636	106.11	-0.84	1.49
2637	106.15	-0.84	1.5
2638	106.19	-0.84	1.5
2639	106.23	-0.83	1.51
2640	106.27	-0.84	1.51
2641	106.31	-0.84	1.51
2642	106.35	-0.86	1.51
2643	106.39	-0.84	1.51
2644	106.43	-0.82	1.53
2645	106.47	-0.8	1.54
2646	106.51	-0.79	1.55
2647	106.55	-0.79	1.56
2648	106.59	-0.79	1.57
2649	106.63	-0.79	1.57
2650	106.67	-0.79	1.58
2651	106.71	-0.8	1.58
2652	106.75	-0.8	1.58
2653	106.79	-0.81	1.58
2654	106.83	-0.8	1.58
2655	106.87	-0.79	1.58
2656	106.91	-0.79	1.58
2657	106.95	-0.79	1.58
2658	106.99	-0.8	1.58
2659	107.03	-0.8	1.58
2660	107.07	-0.8	1.59
2661	107.11	-0.8	1.59
2662	107.15	-0.79	1.58
2663	107.19	-0.79	1.58
2664	107.23	-0.79	1.57
2665	107.27	-0.8	1.56
2666	107.31	-0.8	1.56
2667	107.35	-0.8	1.55
2668	107.39	-0.8	1.56
2669	107.43	-0.79	1.57
2670	107.47	-0.79	1.58
2671	107.51	-0.78	1.58
2672	107.55	-0.78	1.58
2673	107.59	-0.79	1.58
2674	107.63	-0.79	1.58
2675	107.67	-0.79	1.58
2676	107.71	-0.79	1.58
2677	107.75	-0.79	1.58
2678	107.79	-0.79	1.58
2679	107.83	-0.79	1.58
2680	107.87	-0.79	1.57
2681	107.91	-0.79	1.57
2682	107.95	-0.79	1.58
2683	107.99	-0.79	1.58
2684	108.03	-0.79	1.58
2685	108.07	-0.79	1.58
2686	108.11	-0.78	1.58
2687	108.15	-0.78	1.58
2688	108.19	-0.78	1.58
2689	108.23	-0.78	1.58
2690	108.27	-0.78	1.58
2691	108.31	-0.78	1.58
2692	108.35	-0.78	1.59
2693	108.39	-0.78	1.59
2694	108.43	-0.78	1.59
2695	108.47	-0.79	1.59
2696	108.51	-0.78	1.58
2697	108.55	-0.78	1.58
2698	108.59	-0.79	1.58
2699	108.63	-0.78	1.58
2700	108.67	-0.79	1.58
2701	108.71	-0.78	1.58
2702	108.75	-0.78	1.58
2703	108.79	-0.78	1.58
2704	108.83	-0.79	1.58
2705	108.87	-0.79	1.58
2706	108.91	-0.79	1.58
2707	108.95	-0.79	1.58
2708	108.99	-0.79	1.58
2709	109.03	-0.78	1.58
2710	109.07	-0.78	1.58
2711	109.11	-0.78	1.58
2712	109.15	-0.78	1.58
2713	109.19	-0.78	1.58
2714	109.23	-0.78	1.58
2715	109.27	-0.78	1.59
2716	109.31	-0.78	1.59
2717	109.35	-0.77	1.59
2718	109.39	-0.78	1.59
2719	109.43	-0.78	1.6
2720	109.47	-0.78	1.6
2721	109.51	-0.78	1.6
2722	109.55	-0.77	1.6
2723	109.59	-0.77	1.6
2724	109.63	-0.77	1.6
2725	109.67	-0.77	1.6
2726	109.71	-0.77	1.6
2727	109.75	-0.77	1.6
2728	109.79	-0.77	1.59
2729	109.83	-0.77	1.59
2730	109.87	-0.77	1.59
2731	109.91	-0.77	1.58
2732	109.95	-0.77	1.59
2733	109.99	-0.77	1.59
2734	110.03	-0.77	1.59
2735	110.07	-0.77	1.59
2736	110.11	-0.78	1.58
2737	110.15	-0.78	1.58
2738	110.19	-0.76	1.59
2739	110.23	-0.77	1.59
2740	110.27	-0.77	1.6
2741	110.31	-0.77	1.6
2742	110.35	-0.77	1.6
2743	110.39	-0.77	1.61
2744	110.43	-0.77	1.61
2745	110.47	-0.77	1.61
2746	110.51	-0.78	1.6
2747	110.55	-0.78	1.6
2748	110.59	-0.79	1.59
2749	110.63	-0.78	1.59
2750	110.67	-0.78	1.6
2751	110.71	-0.77	1.62
2752	110.75	-0.76	1.63
2753	110.79	-0.75	1.64
2754	110.83	-0.74	1.64
2755	110.87	-0.74	1.64
2756	110.91	-0.74	1.64
2757	110.95	-0.75	1.64
2758	110.99	-0.75	1.64
2759	111.03	-0.75	1.64
2760	111.07	-0.75	1.65
2761	111.11	-0.74	1.65
2762	111.15	-0.74	1.66
2763	111.19	-0.75	1.66
2764	111.23	-0.75	1.66
2765	111.27	-0.75	1.66
2766	111.31	-0.76	1.66
2767	111.35	-0.75	1.66
2768	111.39	-0.75	1.66
2769	111.43	-0.74	1.66
2770	111.47	-0.74	1.65
2771	111.51	-0.75	1.65
2772	111.55	-0.75	1.65
2773	111.59	-0.76	1.65
2774	111.63	-0.76	1.65
2775	111.67	-0.76	1.65
2776	111.71	-0.75	1.65
2777	111.75	-0.75	1.65
2778	111.79	-0.74	1.65
2779	111.83	-0.73	1.66
2780	111.87	-0.72	1.66
2781	111.91	-0.73	1.66
2782	111.95	-0.73	1.66
2783	111.99	-0.74	1.64
2784	112.03	-0.73	1.64
2785	112.07	-0.72	1.65
2786	112.11	-0.71	1.66
2787	112.15	-0.71	1.67
2788	112.19	-0.71	1.67
2789	112.23	-0.71	1.67
2790	112.27	-0.73	1.66
2791	112.31	-0.73	1.67
2792	112.35	-0.73	1.68
2793	112.39	-0.73	1.68
2794	112.43	-0.73	1.68
2795	112.47	-0.72	1.69
2796	112.51	-0.73	1.69
2797	112.55	-0.74	1.69
2798	112.59	-0.75	1.7
2799	112.63	-0.78	1.7
2800	112.67	-0.81	1.72
2801	112.71	-0.85	1.74
2802	112.75	-0.88	1.75
2803	112.79	-0.9	1.76
2804	112.83	-0.91	1.76
2805	112.87	-0.92	1.77
2806	112.91	-0.92	1.78
2807	112.95	-0.93	1.79
2808	112.99	-0.94	1.8
2809	113.03	-0.94	1.8
2810	113.07	-0.95	1.8
2811	113.11	-0.95	1.8
2812	113.15	-0.96	1.79
2813	113.19	-0.96	1.79
2814	113.23	-0.97	1.79
2815	113.27	-0.97	1.79
2816	113.31	-0.96	1.8
2817	113.35	-0.96	1.8
2818	113.39	-0.96	1.81
2819	113.43	-0.97	1.81
2820	113.47	-0.97	1.81
2821	113.51	-0.97	1.82
2822	113.55	-0.96	1.82
2823	113.59	-0.96	1.82
2824	113.63	-0.97	1.83
2825	113.67	-0.97	1.84
2826	113.71	-0.97	1.85
2827	113.75	-0.97	1.85
2828	113.79	-0.96	1.86
2829	113.83	-0.96	1.85
2830	113.87	-0.96	1.86
2831	113.91	-0.95	1.86
2832	113.95	-0.95	1.87
2833	113.99	-0.95	1.87
2834	114.03	-0.95	1.88
2835	114.07	-0.96	1.87
2836	114.11	-0.96	1.88
2837	114.15	-0.98	1.88
2838	114.19	-0.99	1.88
2839	114.23	-1	1.91
2840	114.27	-1	1.92
2841	114.31	-1.02	1.94
2842	114.35	-1.02	1.95
2843	114.39	-1.02	1.94
2844	114.43	-1.02	1.95
2845	114.47	-1.02	1.96
2846	114.51	-1.02	1.95
2847	114.55	-1.03	1.96
2848	114.59	-1.03	1.97
2849	114.63	-1.04	2
2850	114.67	-1.04	2.02
2851	114.71	-1.05	2.03
2852	114.75	-1.06	2.05
2853	114.79	-1.07	2.05
2854	114.83	-1.1	2.06
2855	114.87	-1.11	2.09
2856	114.91	-1.13	2.09
2857	114.95	-1.16	2.11
2858	114.99	-1.18	2.13
2859	115.03	-1.2	2.12
2860	115.07	-1.23	2.13
2861	115.11	-1.24	2.13
2862	115.15	-1.27	2.13
2863	115.19	-1.28	2.15
2864	115.23	-1.31	2.15
2865	115.27	-1.34	2.15
2866	115.31	-1.36	2.15
2867	115.35	-1.38	2.16
2868	115.39	-1.4	2.16
2869	115.43	-1.43	2.18
2870	115.47	-1.45	2.21
2871	115.51	-1.46	2.23
2872	115.55	-1.48	2.31
2873	115.59	-1.48	2.33
2874	115.63	-1.49	2.35
2875	115.67	-1.5	2.4
2876	115.71	-1.51	2.43
2877	115.75	-1.53	2.46
2878	115.79	-1.56	2.54
2879	115.83	-1.59	2.57
2880	115.87	-1.63	2.61
2881	115.91	-1.66	2.65
2882	115.95	-1.7	2.68
2883	115.99	-1.73	2.71
2884	116.03	-1.77	2.74
2885	116.07	-1.82	2.78
2886	116.11	-1.86	2.82
2887	116.15	-1.92	2.86
2888	116.19	-1.96	2.89
2889	116.23	-1.97	2.93
2890	116.27	-1.97	2.98
2891	116.31	-1.95	3.05
2892	116.35	-1.95	3.12
2893	116.39	-1.95	3.17
2894	116.43	-1.96	3.19
2895	116.47	-1.97	3.19
2896	116.51	-1.95	3.19
2897	116.55	-1.95	3.21
2898	116.59	-1.95	3.24
2899	116.63	-1.95	3.26
2900	116.67	-1.95	3.3
2901	116.71	-1.95	3.31
2902	116.75	-1.96	3.36
2903	116.79	-1.96	3.39
2904	116.83	-1.95	3.41
2905	116.87	-1.96	3.46
2906	116.91	-1.94	3.48
2907	116.95	-1.93	3.51
2908	116.99	-1.92	3.55
2909	117.03	-1.89	3.56
2910	117.07	-1.88	3.6
2911	117.11	-1.86	3.62
2912	117.15	-1.84	3.62
2913	117.19	-1.81	3.63
2914	117.23	-1.8	3.64
2915	117.27	-1.78	3.63
2916	117.31	-1.77	3.64
2917	117.35	-1.76	3.63
2918	117.4	-1.74	3.64
2919	117.45	-1.71	3.67
2920	117.51	-1.69	3.7
2921	117.55	-1.67	3.74
2922	117.59	-1.66	3.8
2923	117.63	-1.67	3.82
2924	117.67	-1.67	3.85
2925	117.71	-1.68	3.87
2926	117.75	-1.68	3.87
2927	117.79	-1.68	3.9
2928	117.83	-1.69	3.91
2929	117.87	-1.7	3.91
2930	117.91	-1.71	3.92
2931	117.95	-1.72	3.91
2932	117.99	-1.73	3.91
2933	118.03	-1.73	3.92
2934	118.07	-1.75	3.92
2935	118.11	-1.76	3.92
2936	118.15	-1.77	3.91
2937	118.19	-1.79	3.9
2938	118.23	-1.8	3.88
2939	118.27	-1.8	3.89
2940	118.31	-1.8	3.9
2941	118.35	-1.8	3.92
2942	118.39	-1.8	3.93
2943	118.43	-1.79	3.94
2944	118.47	-1.79	3.97
2945	118.51	-1.8	3.98
2946	118.55	-1.8	4.01
2947	118.59	-1.8	4.02
2948	118.63	-1.8	4
2949	118.67	-1.79	4
2950	118.71	-1.78	3.97
2951	118.75	-1.78	3.97
2952	118.79	-1.78	3.95
2953	118.83	-1.78	3.92
2954	118.87	-1.79	3.88
2955	118.91	-1.78	3.83
2956	118.95	-1.77	3.78
2957	118.99	-1.77	3.72
2958	119.03	-1.77	3.68
2959	119.07	-1.76	3.63
2960	119.11	-1.75	3.59
2961	119.15	-1.75	3.55
2962	119.19	-1.74	3.53
2963	119.23	-1.74	3.53
2964	119.27	-1.75	3.51
2965	119.31	-1.76	3.52
2966	119.35	-1.77	3.51
2967	119.39	-1.77	3.51
2968	119.43	-1.77	3.52
2969	119.47	-1.74	3.52
2970	119.51	-1.7	3.53
2971	119.55	-1.65	3.53
2972	119.59	-1.6	3.53
2973	119.63	-1.57	3.54
2974	119.67	-1.56	3.54
2975	119.71	-1.55	3.55
2976	119.75	-1.55	3.53
2977	119.83	-1.57	3.5
2978	119.87	-1.56	3.48
2979	119.91	-1.57	3.44
