1	0.06	0.56	0.91
2	0.1	0.56	0.92
3	0.14	0.56	0.95
4	0.18	0.55	0.98
5	0.22	0.55	1.01
6	0.26	0.54	1.03
7	0.3	0.53	1.03
8	0.34	0.53	1.03
9	0.38	0.55	1.04
10	0.42	0.55	1.03
11	0.5	0.59	1.04
12	0.54	0.6	1
13	0.58	0.62	0.97
14	0.62	0.64	0.94
15	0.66	0.65	0.91
16	0.7	0.67	0.89
17	0.74	0.68	0.88
18	0.78	0.69	0.86
19	0.82	0.7	0.82
20	0.86	0.71	0.78
21	0.9	0.71	0.74
22	0.94	0.7	0.68
23	0.98	0.67	0.62
24	1.02	0.65	0.56
25	1.06	0.65	0.51
26	1.1	0.63	0.44
27	1.14	0.64	0.39
28	1.18	0.62	0.33
29	1.22	0.6	0.28
30	1.26	0.59	0.23
31	1.3	0.58	0.17
32	1.34	0.58	0.13
33	1.38	0.58	0.08
34	1.42	0.58	0.04
35	1.46	0.57	0.01
36	1.5	0.57	-0.02
37	1.54	0.57	-0.06
38	1.58	0.58	-0.1
39	1.62	0.59	-0.14
40	1.66	0.59	-0.18
41	1.7	0.59	-0.21
42	1.74	0.58	-0.24
43	1.78	0.57	-0.27
44	1.82	0.55	-0.3
45	1.86	0.53	-0.33
46	1.9	0.52	-0.35
47	1.96	0.51	-0.37
48	1.98	0.51	-0.39
49	2.02	0.51	-0.4
50	2.06	0.52	-0.41
51	2.1	0.53	-0.41
52	2.14	0.53	-0.42
53	2.18	0.54	-0.43
54	2.22	0.54	-0.44
55	2.26	0.55	-0.44
56	2.3	0.55	-0.45
57	2.34	0.54	-0.44
58	2.38	0.52	-0.44
59	2.42	0.51	-0.44
60	2.46	0.48	-0.43
61	2.5	0.45	-0.42
62	2.54	0.42	-0.39
63	2.58	0.37	-0.37
64	2.62	0.34	-0.35
65	2.66	0.31	-0.33
66	2.7	0.3	-0.3
67	2.74	0.27	-0.28
68	2.78	0.25	-0.25
69	2.82	0.25	-0.22
70	2.86	0.25	-0.2
71	2.9	0.25	-0.17
72	2.94	0.23	-0.15
73	2.98	0.22	-0.12
74	3.02	0.18	-0.1
75	3.06	0.16	-0.08
76	3.1	0.13	-0.04
77	3.14	0.08	-0.02
78	3.18	0.06	0.01
79	3.22	0.05	0.04
80	3.26	0.01	0.12
81	3.46	-0.01	0.2
82	3.5	-0.02	0.27
83	3.54	-0.04	0.34
84	3.58	-0.03	0.35
85	3.62	-0.03	0.37
86	3.66	-0.02	0.39
87	3.7	-0.01	0.42
88	3.74	-0.01	0.45
89	3.78	-0.03	0.48
90	3.82	-0.05	0.5
91	3.86	-0.09	0.51
92	3.9	-0.12	0.53
93	3.94	-0.16	0.55
94	3.98	-0.2	0.58
95	4.02	-0.24	0.61
96	4.06	-0.29	0.63
97	4.1	-0.34	0.65
98	4.14	-0.38	0.66
99	4.18	-0.42	0.65
100	4.22	-0.46	0.64
101	4.26	-0.49	0.64
102	4.3	-0.52	0.62
103	4.34	-0.53	0.61
104	4.38	-0.54	0.61
105	4.42	-0.56	0.6
106	4.46	-0.57	0.6
107	4.5	-0.58	0.6
108	4.54	-0.61	0.6
109	4.58	-0.61	0.6
110	4.62	-0.62	0.61
111	4.66	-0.62	0.64
112	4.7	-0.62	0.68
113	4.74	-0.62	0.71
114	4.78	-0.63	0.74
115	4.82	-0.67	0.75
116	4.86	-0.71	0.77
117	4.9	-0.8	0.78
118	4.94	-0.87	0.8
119	4.98	-0.96	0.83
120	5.02	-1.03	0.84
121	5.06	-1.06	0.86
122	5.1	-1.08	0.87
123	5.14	-1.08	0.86
124	5.18	-1.1	0.84
125	5.22	-1.12	0.81
126	5.26	-1.15	0.77
127	5.3	-1.17	0.74
128	5.34	-1.2	0.7
129	5.38	-1.22	0.67
130	5.42	-1.24	0.63
131	5.46	-1.27	0.6
132	5.5	-1.26	0.56
133	5.54	-1.25	0.52
134	5.58	-1.23	0.5
135	5.62	-1.21	0.48
136	5.66	-1.2	0.46
137	5.7	-1.18	0.46
138	5.74	-1.17	0.44
139	5.78	-1.15	0.41
140	5.82	-1.12	0.4
141	5.86	-1.09	0.38
142	5.9	-1.06	0.36
143	5.94	-1.05	0.36
144	5.98	-1.02	0.36
145	6.02	-1	0.36
146	6.06	-0.98	0.36
147	6.1	-0.98	0.36
148	6.14	-0.99	0.36
149	6.18	-0.99	0.35
150	6.22	-0.98	0.32
151	6.26	-0.97	0.29
152	6.3	-0.95	0.25
153	6.34	-0.96	0.22
154	6.38	-0.97	0.21
155	6.42	-0.96	0.2
156	6.46	-0.98	0.19
157	6.5	-1	0.19
158	6.54	-1.03	0.18
159	6.58	-1.06	0.18
160	6.62	-1.08	0.19
161	6.66	-1.08	0.21
162	6.7	-1.11	0.24
163	6.74	-1.13	0.25
164	6.78	-1.17	0.28
165	6.82	-1.19	0.31
166	6.86	-1.2	0.35
167	6.9	-1.21	0.39
168	6.94	-1.2	0.43
169	6.98	-1.22	0.47
170	7.02	-1.23	0.51
171	7.06	-1.25	0.55
172	7.1	-1.26	0.59
173	7.14	-1.26	0.63
174	7.18	-1.27	0.66
175	7.22	-1.27	0.7
176	7.26	-1.27	0.73
177	7.3	-1.27	0.77
178	7.34	-1.27	0.81
179	7.38	-1.27	0.85
180	7.42	-1.28	0.89
181	7.46	-1.3	0.93
182	7.5	-1.32	0.97
183	7.54	-1.32	0.99
184	7.58	-1.35	1.02
185	7.62	-1.35	1.06
186	7.66	-1.36	1.1
187	7.7	-1.37	1.14
188	7.74	-1.38	1.17
189	7.78	-1.4	1.2
190	7.82	-1.41	1.22
191	7.86	-1.45	1.24
192	7.9	-1.48	1.27
193	7.94	-1.53	1.27
194	7.98	-1.59	1.28
195	8.02	-1.65	1.28
196	8.06	-1.73	1.26
197	8.1	-1.78	1.24
198	8.14	-1.82	1.23
199	8.18	-1.84	1.21
200	8.22	-1.86	1.2
201	8.26	-1.87	1.19
202	8.3	-1.88	1.18
203	8.34	-1.89	1.18
204	8.38	-1.89	1.18
205	8.42	-1.89	1.19
206	8.46	-1.9	1.19
207	8.5	-1.91	1.19
208	8.54	-1.93	1.2
209	8.58	-1.95	1.21
210	8.62	-1.97	1.22
211	8.66	-1.99	1.23
212	8.7	-2.01	1.22
213	8.74	-2.06	1.21
214	8.78	-2.14	1.2
215	8.82	-2.27	1.2
216	8.86	-2.41	1.24
217	8.9	-2.55	1.28
218	8.94	-2.63	1.32
219	8.98	-2.66	1.35
220	9.02	-2.66	1.34
221	9.06	-2.66	1.33
222	9.1	-2.69	1.33
223	9.14	-2.76	1.33
224	9.18	-2.84	1.35
225	9.22	-2.94	1.39
226	9.26	-3.03	1.43
227	9.3	-3.11	1.47
228	9.34	-3.16	1.5
229	9.38	-3.18	1.53
230	9.42	-3.18	1.54
231	9.46	-3.2	1.55
232	9.5	-3.25	1.56
233	9.54	-3.33	1.59
234	9.58	-3.45	1.63
235	9.62	-3.56	1.69
236	9.66	-3.69	1.78
237	9.7	-3.77	1.85
238	9.74	-3.83	1.92
239	9.78	-3.88	1.96
240	9.82	-3.89	2
241	9.86	-3.92	2.05
242	9.9	-3.95	2.11
243	9.94	-3.98	2.16
244	9.98	-4.02	2.23
245	10.02	-4.07	2.29
246	10.06	-4.11	2.34
247	10.1	-4.16	2.38
248	10.14	-4.21	2.39
249	10.18	-4.27	2.41
250	10.22	-4.32	2.44
251	10.26	-4.36	2.46
252	10.3	-4.4	2.5
253	10.34	-4.43	2.53
254	10.38	-4.45	2.56
255	10.42	-4.49	2.59
256	10.46	-4.51	2.63
257	10.5	-4.54	2.65
258	10.54	-4.55	2.67
259	10.58	-4.55	2.67
260	10.62	-4.54	2.69
261	10.66	-4.52	2.71
262	10.7	-4.5	2.75
263	10.74	-4.47	2.8
264	10.78	-4.44	2.83
265	10.82	-4.42	2.85
266	10.86	-4.39	2.87
267	10.9	-4.39	2.87
268	10.94	-4.39	2.86
269	10.98	-4.39	2.84
270	11.02	-4.41	2.81
271	11.06	-4.41	2.79
272	11.1	-4.41	2.76
273	11.14	-4.37	2.72
274	11.18	-4.34	2.67
275	11.22	-4.3	2.59
276	11.26	-4.27	2.52
277	11.3	-4.27	2.48
278	11.34	-4.25	2.44
279	11.38	-4.24	2.42
280	11.42	-4.23	2.43
281	11.46	-4.22	2.45
282	11.5	-4.23	2.47
283	11.54	-4.24	2.51
284	11.58	-4.25	2.51
285	11.62	-4.27	2.5
286	11.66	-4.27	2.49
287	11.7	-4.27	2.48
288	11.74	-4.27	2.48
289	11.78	-4.26	2.49
290	11.82	-4.25	2.51
291	11.86	-4.24	2.53
292	11.9	-4.24	2.54
293	11.94	-4.23	2.56
294	11.98	-4.23	2.56
295	12.02	-4.24	2.55
296	12.06	-4.24	2.57
297	12.1	-4.24	2.58
298	12.14	-4.25	2.58
299	12.18	-4.27	2.56
300	12.22	-4.29	2.53
301	12.26	-4.31	2.48
302	12.3	-4.34	2.41
303	12.34	-4.37	2.31
304	12.38	-4.4	2.19
305	12.42	-4.44	2.04
306	12.46	-4.48	1.9
307	12.5	-4.51	1.78
308	12.54	-4.54	1.7
309	12.58	-4.55	1.63
310	12.62	-4.55	1.54
311	12.66	-4.55	1.44
312	12.7	-4.55	1.34
313	12.74	-4.56	1.27
314	12.78	-4.58	1.23
315	12.82	-4.62	1.21
316	12.86	-4.67	1.22
317	12.9	-4.72	1.23
318	12.94	-4.77	1.27
319	12.98	-4.82	1.33
320	13.02	-4.86	1.37
321	13.06	-4.87	1.43
322	13.1	-4.9	1.47
323	13.14	-4.94	1.5
324	13.18	-5.05	1.56
325	13.22	-5.19	1.56
326	13.26	-5.29	1.55
327	13.3	-5.36	1.55
328	13.34	-5.37	1.54
329	13.38	-5.35	1.53
330	13.42	-5.37	1.54
331	13.46	-5.43	1.53
332	13.5	-5.51	1.54
333	13.54	-5.62	1.56
334	13.58	-5.75	1.61
335	13.62	-5.88	1.65
336	13.66	-6.01	1.67
337	13.7	-6.11	1.7
338	13.74	-6.19	1.71
339	13.78	-6.24	1.73
340	13.82	-6.28	1.78
341	13.86	-6.32	1.81
342	13.9	-6.35	1.85
343	13.94	-6.39	1.88
344	13.98	-6.43	1.89
345	14.02	-6.47	1.89
346	14.06	-6.5	1.87
347	14.1	-6.53	1.84
348	14.14	-6.56	1.79
349	14.18	-6.59	1.75
350	14.22	-6.61	1.69
351	14.26	-6.63	1.63
352	14.3	-6.67	1.57
353	14.34	-6.68	1.49
354	14.38	-6.69	1.43
355	14.42	-6.69	1.35
356	14.46	-6.68	1.28
357	14.5	-6.67	1.2
358	14.54	-6.66	1.14
359	14.58	-6.64	1.05
360	14.62	-6.61	0.98
361	14.66	-6.58	0.92
362	14.7	-6.54	0.85
363	14.74	-6.52	0.82
364	14.78	-6.52	0.78
365	14.82	-6.52	0.76
366	14.86	-6.52	0.74
367	14.9	-6.55	0.74
368	14.94	-6.58	0.72
369	14.98	-6.64	0.71
370	15.02	-6.71	0.69
371	15.06	-6.77	0.64
372	15.1	-6.84	0.61
373	15.14	-6.9	0.59
374	15.18	-6.94	0.61
375	15.22	-6.97	0.64
376	15.26	-7	0.66
377	15.3	-7.04	0.67
378	15.34	-7.07	0.64
379	15.38	-7.11	0.58
380	15.42	-7.13	0.5
381	15.46	-7.15	0.4
382	15.5	-7.18	0.29
383	15.54	-7.22	0.16
384	15.58	-7.26	0.04
385	15.62	-7.3	-0.05
386	15.66	-7.34	-0.09
387	15.7	-7.36	-0.08
388	15.74	-7.37	-0.03
389	15.78	-7.38	0.02
390	15.82	-7.4	0.04
391	15.86	-7.44	0.05
392	15.9	-7.49	0.04
393	15.94	-7.54	0.03
394	15.98	-7.58	0.02
395	16.02	-7.61	0.01
396	16.06	-7.63	0.01
397	16.1	-7.64	-0.02
398	16.14	-7.63	-0.05
399	16.18	-7.6	-0.07
400	16.22	-7.55	-0.09
401	16.26	-7.49	-0.12
402	16.3	-7.44	-0.14
403	16.34	-7.43	-0.17
404	16.38	-7.42	-0.21
405	16.42	-7.41	-0.23
406	16.46	-7.42	-0.24
407	16.5	-7.42	-0.24
408	16.54	-7.43	-0.26
409	16.58	-7.44	-0.26
410	16.62	-7.45	-0.29
411	16.66	-7.45	-0.31
412	16.7	-7.45	-0.32
413	16.74	-7.45	-0.35
414	16.78	-7.43	-0.36
415	16.82	-7.43	-0.36
416	16.86	-7.4	-0.38
417	16.9	-7.38	-0.38
418	16.94	-7.37	-0.39
419	16.98	-7.36	-0.4
420	17.02	-7.35	-0.41
421	17.06	-7.34	-0.42
422	17.1	-7.33	-0.43
423	17.14	-7.31	-0.44
424	17.18	-7.29	-0.44
425	17.22	-7.27	-0.43
426	17.26	-7.24	-0.41
427	17.3	-7.22	-0.4
428	17.34	-7.2	-0.38
429	17.38	-7.18	-0.37
430	17.42	-7.16	-0.36
431	17.46	-7.14	-0.34
432	17.5	-7.12	-0.32
433	17.54	-7.11	-0.31
434	17.58	-7.08	-0.3
435	17.62	-7.07	-0.29
436	17.66	-7.05	-0.29
437	17.7	-7.03	-0.28
438	17.74	-7.02	-0.27
439	17.78	-7.01	-0.26
440	17.82	-7	-0.25
441	17.86	-7	-0.25
442	17.9	-7	-0.25
443	17.94	-6.99	-0.25
444	17.98	-7	-0.24
445	18.02	-7	-0.23
446	18.06	-7	-0.21
447	18.09	-7.01	-0.19
448	18.14	-7	-0.18
449	18.18	-7	-0.18
450	18.22	-6.99	-0.18
451	18.26	-7	-0.18
452	18.29	-7	-0.18
453	18.33	-6.99	-0.18
454	18.37	-6.97	-0.16
455	18.41	-6.93	-0.16
456	18.46	-6.9	-0.14
457	18.49	-6.86	-0.13
458	18.53	-6.84	-0.12
459	18.58	-6.83	-0.12
460	18.61	-6.79	-0.13
461	18.65	-6.77	-0.13
462	18.69	-6.73	-0.13
463	18.73	-6.68	-0.14
464	18.77	-6.65	-0.15
465	18.82	-6.62	-0.18
466	18.85	-6.61	-0.21
467	18.89	-6.61	-0.21
468	18.93	-6.6	-0.23
469	18.97	-6.6	-0.23
470	19.01	-6.59	-0.22
471	19.05	-6.58	-0.22
472	19.09	-6.56	-0.21
473	19.13	-6.54	-0.19
474	19.17	-6.54	-0.18
475	19.21	-6.52	-0.19
476	19.25	-6.52	-0.18
477	19.29	-6.5	-0.18
478	19.33	-6.49	-0.18
479	19.37	-6.47	-0.17
480	19.41	-6.45	-0.17
481	19.45	-6.43	-0.18
482	19.49	-6.41	-0.18
483	19.53	-6.4	-0.18
484	19.57	-6.38	-0.18
485	19.61	-6.39	-0.18
486	19.65	-6.39	-0.18
487	19.69	-6.4	-0.18
488	19.73	-6.42	-0.17
489	19.77	-6.44	-0.18
490	19.81	-6.48	-0.19
491	19.85	-6.5	-0.22
492	19.89	-6.53	-0.23
493	19.93	-6.53	-0.23
494	19.97	-6.52	-0.2
495	20.01	-6.52	-0.16
496	20.05	-6.51	-0.13
497	20.09	-6.52	-0.11
498	20.13	-6.52	-0.1
499	20.17	-6.52	-0.09
500	20.21	-6.53	-0.09
501	20.25	-6.54	-0.09
502	20.29	-6.54	-0.09
503	20.33	-6.56	-0.09
504	20.37	-6.58	-0.08
505	20.41	-6.6	-0.07
506	20.45	-6.63	-0.07
507	20.49	-6.64	-0.06
508	20.53	-6.64	-0.06
509	20.57	-6.65	-0.06
510	20.61	-6.66	-0.03
511	20.65	-6.67	-0.01
512	20.69	-6.69	0.04
513	20.73	-6.71	0.08
514	20.77	-6.71	0.1
515	20.81	-6.72	0.11
516	20.85	-6.73	0.1
517	20.89	-6.72	0.08
518	20.93	-6.73	0.05
519	20.97	-6.74	0.02
520	21.01	-6.75	0
521	21.05	-6.76	-0.01
522	21.09	-6.74	-0.02
523	21.13	-6.73	-0.03
524	21.17	-6.73	-0.04
525	21.21	-6.72	-0.05
526	21.25	-6.7	-0.09
527	21.29	-6.68	-0.12
528	21.33	-6.63	-0.13
529	21.37	-6.6	-0.13
530	21.41	-6.56	-0.12
531	21.45	-6.54	-0.1
532	21.49	-6.54	-0.09
533	21.53	-6.55	-0.06
534	21.57	-6.56	-0.03
535	21.61	-6.58	0.01
536	21.65	-6.59	0.06
537	21.69	-6.6	0.09
538	21.73	-6.6	0.15
539	21.77	-6.58	0.24
540	21.81	-6.54	0.34
541	21.85	-6.51	0.44
542	21.89	-6.47	0.52
543	21.93	-6.45	0.58
544	21.97	-6.43	0.63
545	22.01	-6.42	0.67
546	22.05	-6.42	0.72
547	22.09	-6.41	0.77
548	22.13	-6.4	0.81
549	22.17	-6.39	0.85
550	22.21	-6.38	0.91
551	22.25	-6.36	0.96
552	22.29	-6.34	0.99
553	22.33	-6.33	1.03
554	22.37	-6.31	1.05
555	22.41	-6.3	1.09
556	22.45	-6.29	1.14
557	22.49	-6.27	1.21
558	22.53	-6.25	1.31
559	22.57	-6.23	1.43
560	22.61	-6.21	1.56
561	22.65	-6.18	1.7
562	22.69	-6.15	1.81
563	22.73	-6.12	1.88
564	22.77	-6.07	1.93
565	22.81	-6.02	1.94
566	22.85	-5.96	1.95
567	22.89	-5.89	1.96
568	22.93	-5.83	1.97
569	22.97	-5.79	2
570	23.01	-5.74	2.04
571	23.05	-5.72	2.09
572	23.09	-5.7	2.14
573	23.13	-5.68	2.17
574	23.17	-5.67	2.19
575	23.21	-5.65	2.19
576	23.25	-5.65	2.19
577	23.29	-5.63	2.17
578	23.33	-5.61	2.14
579	23.37	-5.59	2.1
580	23.41	-5.56	2.06
581	23.45	-5.55	2.02
582	23.49	-5.54	1.99
583	23.53	-5.51	1.98
584	23.57	-5.5	1.96
585	23.61	-5.49	1.96
586	23.65	-5.48	1.94
587	23.69	-5.47	1.93
588	23.73	-5.45	1.91
589	23.77	-5.43	1.88
590	23.81	-5.4	1.85
591	23.85	-5.36	1.83
592	23.89	-5.33	1.79
593	23.93	-5.29	1.78
594	23.97	-5.27	1.75
595	24.01	-5.26	1.73
596	24.05	-5.24	1.72
597	24.09	-5.23	1.71
598	24.13	-5.21	1.71
599	24.17	-5.18	1.72
600	24.21	-5.17	1.72
601	24.25	-5.15	1.73
602	24.29	-5.15	1.74
603	24.33	-5.16	1.75
604	24.37	-5.18	1.76
605	24.41	-5.21	1.76
606	24.45	-5.26	1.74
607	24.49	-5.3	1.71
608	24.53	-5.35	1.69
609	24.57	-5.4	1.65
610	24.61	-5.44	1.63
611	24.65	-5.47	1.6
612	24.69	-5.5	1.56
613	24.73	-5.52	1.56
614	24.77	-5.55	1.56
615	24.81	-5.58	1.56
616	24.85	-5.61	1.6
617	24.89	-5.64	1.61
618	24.93	-5.66	1.62
619	24.97	-5.68	1.63
620	25.01	-5.7	1.63
621	25.05	-5.72	1.62
622	25.09	-5.74	1.62
623	25.13	-5.76	1.61
624	25.17	-5.77	1.61
625	25.21	-5.79	1.6
626	25.25	-5.8	1.57
627	25.29	-5.82	1.55
628	25.33	-5.84	1.54
629	25.37	-5.85	1.51
630	25.41	-5.87	1.5
631	25.45	-5.89	1.47
632	25.49	-5.91	1.43
633	25.53	-5.95	1.39
634	25.57	-6	1.32
635	25.61	-6.05	1.25
636	25.65	-6.1	1.18
637	25.69	-6.15	1.12
638	25.73	-6.18	1.11
639	25.77	-6.2	1.13
640	25.81	-6.21	1.14
641	25.85	-6.21	1.14
642	25.89	-6.2	1.12
643	25.93	-6.18	1.09
644	25.97	-6.16	1.07
645	26.01	-6.16	1.05
646	26.05	-6.14	1.06
647	26.09	-6.13	1.05
648	26.13	-6.13	1.04
649	26.17	-6.12	1.02
650	26.21	-6.12	1
651	26.25	-6.12	0.99
652	26.29	-6.12	0.97
653	26.33	-6.11	0.95
654	26.37	-6.11	0.93
655	26.41	-6.1	0.92
656	26.45	-6.09	0.91
657	26.49	-6.08	0.9
658	26.53	-6.07	0.89
659	26.57	-6.06	0.87
660	26.61	-6.05	0.85
661	26.65	-6.03	0.81
662	26.69	-6.03	0.77
663	26.73	-6.02	0.72
664	26.77	-6.02	0.68
665	26.81	-6.02	0.64
666	26.85	-6.01	0.6
667	26.89	-6.01	0.58
668	26.93	-6	0.56
669	26.97	-6	0.55
670	27.01	-5.99	0.55
671	27.05	-5.98	0.54
672	27.09	-5.97	0.54
673	27.13	-5.96	0.52
674	27.17	-5.95	0.51
675	27.21	-5.93	0.51
676	27.25	-5.91	0.5
677	27.29	-5.9	0.49
678	27.33	-5.88	0.46
679	27.37	-5.87	0.46
680	27.41	-5.86	0.47
681	27.45	-5.86	0.49
682	27.49	-5.86	0.53
683	27.53	-5.87	0.54
684	27.57	-5.87	0.56
685	27.61	-5.88	0.58
686	27.65	-5.87	0.6
687	27.69	-5.86	0.6
688	27.73	-5.83	0.54
689	27.77	-5.79	0.44
690	27.81	-5.76	0.33
691	27.85	-5.72	0.23
692	27.89	-5.7	0.2
693	27.93	-5.69	0.22
694	27.97	-5.69	0.25
695	28.01	-5.69	0.29
696	28.05	-5.68	0.32
697	28.09	-5.67	0.35
698	28.13	-5.65	0.39
699	28.17	-5.62	0.42
700	28.21	-5.59	0.43
701	28.25	-5.57	0.43
702	28.29	-5.53	0.44
703	28.33	-5.51	0.44
704	28.37	-5.48	0.46
705	28.41	-5.46	0.46
706	28.45	-5.44	0.44
707	28.49	-5.42	0.41
708	28.53	-5.4	0.39
709	28.57	-5.37	0.38
710	28.61	-5.35	0.4
711	28.65	-5.33	0.42
712	28.69	-5.32	0.45
713	28.73	-5.3	0.47
714	28.77	-5.28	0.5
715	28.81	-5.27	0.5
716	28.85	-5.25	0.5
717	28.89	-5.23	0.51
718	28.93	-5.22	0.49
719	28.97	-5.19	0.49
720	29.01	-5.17	0.48
721	29.05	-5.16	0.47
722	29.09	-5.14	0.46
723	29.13	-5.12	0.45
724	29.17	-5.1	0.43
725	29.21	-5.07	0.43
726	29.25	-5.04	0.43
727	29.29	-5	0.41
728	29.33	-4.97	0.4
729	29.37	-4.94	0.39
730	29.41	-4.91	0.37
731	29.45	-4.86	0.35
732	29.49	-4.8	0.33
733	29.53	-4.71	0.32
734	29.57	-4.59	0.3
735	29.61	-4.47	0.29
736	29.65	-4.35	0.3
737	29.69	-4.22	0.3
738	29.73	-4.1	0.32
739	29.77	-4	0.37
740	29.81	-3.93	0.45
741	29.85	-3.91	0.57
742	29.89	-3.89	0.69
743	29.93	-3.86	0.81
744	29.97	-3.81	0.88
745	30.01	-3.74	0.9
746	30.05	-3.67	0.9
747	30.09	-3.62	0.88
748	30.13	-3.56	0.88
749	30.17	-3.5	0.9
750	30.21	-3.44	0.88
751	30.25	-3.38	0.88
752	30.29	-3.33	0.85
753	30.33	-3.27	0.83
754	30.37	-3.19	0.84
755	30.41	-3.12	0.84
756	30.45	-3.05	0.81
757	30.49	-3	0.79
758	30.53	-2.97	0.78
759	30.57	-2.95	0.76
760	30.61	-2.94	0.79
761	30.65	-2.93	0.79
762	30.69	-2.92	0.82
763	30.73	-2.92	0.83
764	30.77	-2.91	0.83
765	30.81	-2.88	0.84
766	30.85	-2.85	0.85
767	30.89	-2.82	0.89
768	30.93	-2.8	0.93
769	30.97	-2.81	0.97
770	31.01	-2.83	1
771	31.05	-2.85	1.02
772	31.09	-2.85	1.02
773	31.13	-2.85	1.02
774	31.17	-2.84	1.02
775	31.21	-2.85	1.03
776	31.25	-2.84	1.03
777	31.29	-2.82	1.04
778	31.33	-2.82	1.05
779	31.37	-2.82	1.05
780	31.41	-2.81	1.06
781	31.45	-2.82	1.04
782	31.49	-2.82	1.03
783	31.53	-2.81	1.02
784	31.57	-2.81	1
785	31.61	-2.82	0.99
786	31.65	-2.81	0.99
787	31.69	-2.8	0.99
788	31.73	-2.8	0.99
789	31.77	-2.8	1.01
790	31.81	-2.79	1.02
791	31.85	-2.8	1.02
792	31.89	-2.8	1.02
793	31.93	-2.81	1.02
794	31.97	-2.84	0.99
795	32.01	-2.87	0.96
796	32.05	-2.91	0.92
797	32.09	-2.94	0.88
798	32.13	-2.97	0.86
799	32.17	-3	0.84
800	32.21	-3.01	0.82
801	32.25	-3.01	0.81
802	32.29	-3	0.8
803	32.33	-2.97	0.8
804	32.37	-2.94	0.8
805	32.41	-2.92	0.81
806	32.45	-2.91	0.81
807	32.49	-2.91	0.82
808	32.53	-2.93	0.81
809	32.57	-2.94	0.8
810	32.61	-2.94	0.8
811	32.65	-2.94	0.81
812	32.69	-2.95	0.82
813	32.73	-2.95	0.84
814	32.77	-2.95	0.86
815	32.81	-2.96	0.88
816	32.85	-2.96	0.9
817	32.89	-2.98	0.9
818	32.93	-3.01	0.91
819	32.97	-3.03	0.92
820	33.01	-3.06	0.92
821	33.05	-3.07	0.94
822	33.09	-3.08	0.95
823	33.13	-3.09	0.95
824	33.17	-3.1	0.94
825	33.21	-3.12	0.93
826	33.25	-3.14	0.93
827	33.29	-3.17	0.92
828	33.33	-3.21	0.93
829	33.37	-3.26	0.94
830	33.41	-3.31	0.95
831	33.45	-3.35	0.97
832	33.49	-3.37	1.01
833	33.53	-3.39	1.03
834	33.57	-3.41	1.05
835	33.61	-3.41	1.07
836	33.65	-3.41	1.09
837	33.69	-3.41	1.12
838	33.73	-3.4	1.13
839	33.77	-3.4	1.14
840	33.81	-3.41	1.14
841	33.85	-3.42	1.13
842	33.89	-3.42	1.14
843	33.93	-3.41	1.14
844	33.97	-3.41	1.15
845	34.01	-3.41	1.16
846	34.05	-3.42	1.14
847	34.09	-3.42	1.14
848	34.13	-3.43	1.12
849	34.17	-3.44	1.12
850	34.21	-3.44	1.11
851	34.25	-3.46	1.08
852	34.29	-3.46	1.04
853	34.33	-3.49	0.96
854	34.37	-3.5	0.88
855	34.41	-3.52	0.79
856	34.45	-3.53	0.73
857	34.49	-3.54	0.68
858	34.53	-3.53	0.67
859	34.57	-3.51	0.68
860	34.61	-3.5	0.67
861	34.65	-3.48	0.67
862	34.69	-3.47	0.66
863	34.73	-3.47	0.62
864	34.77	-3.46	0.6
865	34.81	-3.45	0.59
866	34.85	-3.42	0.59
867	34.89	-3.4	0.58
868	34.93	-3.37	0.57
869	34.97	-3.33	0.55
870	35.01	-3.31	0.54
871	35.05	-3.3	0.54
872	35.09	-3.27	0.56
873	35.13	-3.24	0.58
874	35.17	-3.18	0.61
875	35.21	-3.11	0.61
876	35.25	-3.05	0.6
877	35.29	-3.02	0.59
878	35.33	-3	0.56
879	35.37	-3	0.56
880	35.41	-2.99	0.55
881	35.45	-2.98	0.54
882	35.49	-2.96	0.53
883	35.53	-2.95	0.49
884	35.57	-2.96	0.45
885	35.61	-2.95	0.39
886	35.65	-2.95	0.31
887	35.69	-2.91	0.24
888	35.73	-2.84	0.17
889	35.77	-2.76	0.1
890	35.81	-2.69	0.04
891	35.85	-2.64	-0.02
892	35.89	-2.56	-0.09
893	35.93	-2.46	-0.2
894	35.97	-2.35	-0.34
895	36.01	-2.24	-0.47
896	36.05	-2.16	-0.59
897	36.09	-2.11	-0.65
898	36.13	-2.07	-0.7
899	36.17	-2.05	-0.76
900	36.21	-2.06	-0.86
901	36.25	-2.07	-0.98
902	36.29	-2.04	-1.12
903	36.33	-1.99	-1.27
904	36.37	-1.93	-1.42
905	36.41	-1.88	-1.55
906	36.45	-1.84	-1.67
907	36.49	-1.83	-1.77
908	36.53	-1.79	-1.86
909	36.57	-1.75	-1.96
910	36.61	-1.71	-2.08
911	36.65	-1.61	-2.25
912	36.69	-1.53	-2.48
913	36.73	-1.43	-2.74
914	36.77	-1.31	-2.98
915	36.81	-1.25	-3.14
916	36.85	-1.15	-3.23
917	36.89	-1.11	-3.25
918	36.93	-1.06	-3.27
919	36.97	-0.99	-3.27
920	37.01	-0.92	-3.25
921	37.05	-0.85	-3.24
922	37.09	-0.79	-3.22
923	37.13	-0.75	-3.2
924	37.17	-0.72	-3.2
925	37.21	-0.69	-3.21
926	37.25	-0.66	-3.22
927	37.29	-0.64	-3.24
928	37.33	-0.65	-3.24
929	37.37	-0.64	-3.25
930	37.41	-0.64	-3.26
931	37.45	-0.62	-3.28
932	37.49	-0.61	-3.29
933	37.53	-0.59	-3.3
934	37.57	-0.59	-3.31
935	37.61	-0.59	-3.31
936	37.65	-0.59	-3.31
937	37.69	-0.58	-3.32
938	37.73	-0.6	-3.32
939	37.77	-0.61	-3.31
940	37.81	-0.59	-3.31
941	37.85	-0.6	-3.31
942	37.89	-0.58	-3.29
943	37.93	-0.54	-3.29
944	37.97	-0.54	-3.29
945	38.01	-0.53	-3.3
946	38.05	-0.5	-3.32
947	38.09	-0.5	-3.32
948	38.13	-0.49	-3.33
949	38.17	-0.48	-3.33
950	38.21	-0.48	-3.32
951	38.25	-0.49	-3.33
952	38.29	-0.5	-3.33
953	38.33	-0.48	-3.35
954	38.37	-0.48	-3.36
955	38.41	-0.5	-3.37
956	38.45	-0.52	-3.37
957	38.49	-0.56	-3.35
958	38.53	-0.6	-3.34
959	38.57	-0.62	-3.32
960	38.61	-0.65	-3.3
961	38.65	-0.68	-3.27
962	38.69	-0.73	-3.24
963	38.73	-0.78	-3.21
964	38.77	-0.82	-3.18
965	38.81	-0.88	-3.15
966	38.85	-0.92	-3.14
967	38.89	-0.96	-3.13
968	38.93	-1.01	-3.11
969	38.97	-1.06	-3.1
970	39.01	-1.09	-3.08
971	39.05	-1.12	-3.07
972	39.09	-1.14	-3.05
973	39.13	-1.14	-3.04
974	39.17	-1.14	-3.04
975	39.21	-1.14	-3.02
976	39.25	-1.13	-3.01
977	39.29	-1.13	-3
978	39.33	-1.12	-2.98
979	39.37	-1.11	-2.99
980	39.41	-1.09	-2.99
981	39.45	-1.09	-2.99
982	39.49	-1.07	-3.01
983	39.53	-1.04	-3.02
984	39.57	-1.03	-3.03
985	39.61	-1.02	-3.05
986	39.65	-1.04	-3.05
987	39.69	-1.08	-3.06
988	39.73	-1.13	-3.08
989	39.77	-1.16	-3.11
990	39.81	-1.2	-3.12
991	39.85	-1.23	-3.14
992	39.89	-1.23	-3.15
993	39.93	-1.23	-3.16
994	39.97	-1.21	-3.17
995	40.01	-1.19	-3.19
996	40.05	-1.2	-3.2
997	40.09	-1.19	-3.21
998	40.13	-1.17	-3.23
999	40.17	-1.16	-3.25
1000	40.21	-1.15	-3.26
1001	40.25	-1.16	-3.27
1002	40.29	-1.18	-3.28
1003	40.33	-1.22	-3.29
1004	40.37	-1.24	-3.33
1005	40.41	-1.26	-3.35
1006	40.45	-1.31	-3.36
1007	40.49	-1.35	-3.39
1008	40.53	-1.4	-3.4
1009	40.57	-1.46	-3.42
1010	40.61	-1.5	-3.45
1011	40.65	-1.56	-3.47
1012	40.69	-1.6	-3.51
1013	40.73	-1.65	-3.55
1014	40.77	-1.7	-3.6
1015	40.81	-1.74	-3.64
1016	40.85	-1.79	-3.67
1017	40.89	-1.83	-3.68
1018	40.93	-1.89	-3.69
1019	40.97	-1.94	-3.71
1020	41.01	-2.02	-3.74
1021	41.05	-2.09	-3.81
1022	41.09	-2.2	-3.88
1023	41.13	-2.33	-3.96
1024	41.17	-2.47	-4.05
1025	41.21	-2.67	-4.12
1026	41.25	-2.87	-4.19
1027	41.29	-3.04	-4.24
1028	41.33	-3.16	-4.28
1029	41.37	-3.21	-4.33
1030	41.41	-3.23	-4.37
1031	41.45	-3.21	-4.39
1032	41.49	-3.21	-4.39
1033	41.53	-3.2	-4.39
1034	41.57	-3.2	-4.37
1035	41.61	-3.19	-4.37
1036	41.65	-3.16	-4.38
1037	41.69	-3.12	-4.41
1038	41.73	-3.09	-4.43
1039	41.77	-3.09	-4.44
1040	41.81	-3.11	-4.43
1041	41.85	-3.14	-4.39
1042	41.89	-3.19	-4.33
1043	41.93	-3.24	-4.29
1044	41.97	-3.31	-4.25
1045	42.01	-3.38	-4.24
1046	42.05	-3.39	-4.26
1047	42.09	-3.38	-4.25
1048	42.13	-3.34	-4.24
1049	42.17	-3.31	-4.22
1050	42.21	-3.31	-4.22
1051	42.25	-3.31	-4.22
1052	42.29	-3.3	-4.24
1053	42.33	-3.3	-4.27
1054	42.37	-3.28	-4.29
1055	42.41	-3.27	-4.31
1056	42.45	-3.26	-4.31
1057	42.49	-3.25	-4.31
1058	42.53	-3.24	-4.31
1059	42.57	-3.24	-4.32
1060	42.61	-3.24	-4.34
1061	42.65	-3.24	-4.33
1062	42.69	-3.23	-4.33
1063	42.73	-3.22	-4.31
1064	42.77	-3.21	-4.26
1065	42.81	-3.18	-4.21
1066	42.85	-3.16	-4.16
1067	42.89	-3.14	-4.13
1068	42.93	-3.13	-4.13
1069	42.97	-3.11	-4.13
1070	43.01	-3.12	-4.11
1071	43.05	-3.11	-4.09
1072	43.09	-3.1	-4.1
1073	43.13	-3.08	-4.09
1074	43.17	-3.05	-4.12
1075	43.21	-3.02	-4.14
1076	43.25	-3	-4.14
1077	43.29	-2.98	-4.14
1078	43.33	-2.95	-4.12
1079	43.37	-2.93	-4.09
1080	43.41	-2.92	-4.05
1081	43.45	-2.9	-4
1082	43.49	-2.9	-3.96
1083	43.53	-2.89	-3.92
1084	43.57	-2.89	-3.89
1085	43.61	-2.89	-3.86
1086	43.65	-2.9	-3.84
1087	43.69	-2.9	-3.81
1088	43.73	-2.9	-3.79
1089	43.77	-2.9	-3.77
1090	43.81	-2.88	-3.76
1091	43.85	-2.86	-3.75
1092	43.89	-2.83	-3.75
1093	43.93	-2.8	-3.75
1094	43.97	-2.78	-3.75
1095	44.01	-2.76	-3.73
1096	44.05	-2.75	-3.72
1097	44.09	-2.73	-3.71
1098	44.13	-2.72	-3.69
1099	44.17	-2.69	-3.69
1100	44.21	-2.67	-3.67
1101	44.25	-2.66	-3.66
1102	44.29	-2.63	-3.65
1103	44.33	-2.61	-3.63
1104	44.37	-2.59	-3.62
1105	44.41	-2.56	-3.62
1106	44.45	-2.54	-3.61
1107	44.49	-2.52	-3.61
1108	44.53	-2.51	-3.6
1109	44.57	-2.51	-3.58
1110	44.61	-2.52	-3.57
1111	44.65	-2.54	-3.52
1112	44.69	-2.55	-3.48
1113	44.73	-2.57	-3.4
1114	44.77	-2.6	-3.31
1115	44.81	-2.6	-3.23
1116	44.85	-2.6	-3.15
1117	44.89	-2.56	-3.12
1118	44.93	-2.53	-3.08
1119	44.97	-2.51	-3.05
1120	45.01	-2.5	-3.02
1121	45.05	-2.48	-2.96
1122	45.09	-2.44	-2.88
1123	45.13	-2.38	-2.82
1124	45.17	-2.3	-2.75
1125	45.21	-2.21	-2.72
1126	45.25	-2.14	-2.69
1127	45.29	-2.08	-2.65
1128	45.33	-2	-2.61
1129	45.37	-1.94	-2.57
1130	45.41	-1.86	-2.54
1131	45.45	-1.77	-2.54
1132	45.49	-1.72	-2.55
1133	45.53	-1.66	-2.56
1134	45.57	-1.59	-2.56
1135	45.61	-1.5	-2.54
1136	45.65	-1.39	-2.53
1137	45.69	-1.31	-2.5
1138	45.73	-1.25	-2.47
1139	45.77	-1.21	-2.44
1140	45.81	-1.19	-2.38
1141	45.85	-1.16	-2.34
1142	45.89	-1.11	-2.28
1143	45.93	-1.06	-2.22
1144	45.97	-1.02	-2.17
1145	46.01	-0.96	-2.14
1146	46.05	-0.91	-2.12
1147	46.09	-0.84	-2.12
1148	46.13	-0.78	-2.11
1149	46.17	-0.73	-2.1
1150	46.21	-0.68	-2.1
1151	46.25	-0.63	-2.08
1152	46.29	-0.55	-2.04
1153	46.33	-0.48	-1.99
1154	46.37	-0.44	-1.94
1155	46.41	-0.43	-1.93
1156	46.45	-0.45	-1.95
1157	46.49	-0.49	-1.98
1158	46.53	-0.51	-2.01
1159	46.57	-0.55	-2.04
1160	46.61	-0.57	-2.08
1161	46.65	-0.6	-2.11
1162	46.69	-0.63	-2.16
1163	46.73	-0.66	-2.19
1164	46.77	-0.69	-2.22
1165	46.81	-0.73	-2.24
1166	46.85	-0.77	-2.23
1167	46.89	-0.81	-2.21
1168	46.93	-0.85	-2.18
1169	46.97	-0.91	-2.11
1170	47.01	-0.98	-2.03
1171	47.05	-1.06	-1.95
1172	47.09	-1.14	-1.89
1173	47.13	-1.2	-1.85
1174	47.17	-1.26	-1.77
1175	47.21	-1.33	-1.65
1176	47.25	-1.39	-1.53
1177	47.29	-1.46	-1.43
1178	47.33	-1.5	-1.38
1179	47.37	-1.51	-1.38
1180	47.41	-1.51	-1.39
1181	47.45	-1.51	-1.4
1182	47.49	-1.51	-1.4
1183	47.53	-1.52	-1.39
1184	47.57	-1.54	-1.37
1185	47.61	-1.55	-1.36
1186	47.65	-1.53	-1.45
1187	47.69	-1.48	-1.57
1188	47.73	-1.41	-1.72
1189	47.77	-1.34	-1.88
1190	47.81	-1.32	-1.95
1191	47.85	-1.31	-1.99
1192	47.89	-1.33	-2.01
1193	47.93	-1.35	-2
1194	47.97	-1.38	-1.98
1195	48.01	-1.41	-1.97
1196	48.05	-1.44	-1.95
1197	48.09	-1.49	-1.93
1198	48.13	-1.56	-1.94
1199	48.17	-1.63	-1.95
1200	48.21	-1.7	-1.98
1201	48.25	-1.77	-2.02
1202	48.29	-1.82	-2.05
1203	48.33	-1.88	-2.07
1204	48.37	-1.96	-2.07
1205	48.41	-2.05	-2.08
1206	48.45	-2.18	-2.1
1207	48.49	-2.33	-2.15
1208	48.53	-2.48	-2.22
1209	48.57	-2.6	-2.29
1210	48.61	-2.7	-2.34
1211	48.65	-2.76	-2.36
1212	48.69	-2.83	-2.38
1213	48.73	-2.94	-2.39
1214	48.77	-3.06	-2.43
1215	48.81	-3.19	-2.47
1216	48.85	-3.33	-2.52
1217	48.89	-3.44	-2.54
1218	48.93	-3.53	-2.56
1219	48.97	-3.62	-2.57
1220	49.01	-3.69	-2.58
1221	49.05	-3.77	-2.62
1222	49.09	-3.85	-2.63
1223	49.13	-3.92	-2.63
1224	49.17	-3.99	-2.63
1225	49.21	-4.07	-2.64
1226	49.25	-4.15	-2.66
1227	49.29	-4.23	-2.73
1228	49.33	-4.32	-2.84
1229	49.37	-4.39	-2.94
1230	49.41	-4.46	-3.03
1231	49.45	-4.54	-3.08
1232	49.49	-4.6	-3.07
1233	49.53	-4.65	-3.04
1234	49.57	-4.71	-3.01
1235	49.61	-4.79	-3.01
1236	49.65	-4.88	-3.02
1237	49.69	-4.97	-3.04
1238	49.73	-5.05	-3.05
1239	49.77	-5.13	-3.05
1240	49.81	-5.23	-3.08
1241	49.85	-5.36	-3.12
1242	49.89	-5.54	-3.16
1243	49.93	-5.75	-3.22
1244	49.97	-5.95	-3.24
1245	50.01	-6.12	-3.28
1246	50.05	-6.25	-3.31
1247	50.09	-6.33	-3.32
1248	50.13	-6.39	-3.34
1249	50.17	-6.44	-3.33
1250	50.21	-6.48	-3.31
1251	50.25	-6.52	-3.31
1252	50.29	-6.55	-3.29
1253	50.33	-6.58	-3.28
1254	50.37	-6.61	-3.28
1255	50.41	-6.64	-3.27
1256	50.45	-6.65	-3.25
1257	50.49	-6.66	-3.22
1258	50.53	-6.66	-3.16
1259	50.57	-6.66	-3.1
1260	50.61	-6.66	-3.03
1261	50.65	-6.66	-2.97
1262	50.69	-6.68	-2.92
1263	50.73	-6.69	-2.87
1264	50.77	-6.71	-2.84
1265	50.81	-6.74	-2.81
1266	50.85	-6.74	-2.78
1267	50.89	-6.75	-2.74
1268	50.93	-6.75	-2.7
1269	50.97	-6.75	-2.67
1270	51.01	-6.76	-2.65
1271	51.05	-6.77	-2.65
1272	51.09	-6.79	-2.66
1273	51.13	-6.79	-2.67
1274	51.17	-6.79	-2.67
1275	51.21	-6.8	-2.68
1276	51.25	-6.79	-2.69
1277	51.29	-6.77	-2.72
1278	51.33	-6.75	-2.75
1279	51.37	-6.73	-2.78
1280	51.41	-6.74	-2.82
1281	51.45	-6.76	-2.84
1282	51.49	-6.79	-2.87
1283	51.53	-6.82	-2.88
1284	51.57	-6.84	-2.9
1285	51.61	-6.85	-2.92
1286	51.65	-6.87	-2.93
1287	51.69	-6.88	-2.96
1288	51.73	-6.88	-2.98
1289	51.77	-6.89	-3.01
1290	51.81	-6.89	-3.04
1291	51.85	-6.9	-3.09
1292	51.89	-6.89	-3.13
1293	51.93	-6.88	-3.17
1294	51.97	-6.86	-3.21
1295	52.01	-6.85	-3.24
1296	52.05	-6.84	-3.28
1297	52.09	-6.84	-3.31
1298	52.13	-6.85	-3.35
1299	52.17	-6.84	-3.37
1300	52.21	-6.84	-3.4
1301	52.25	-6.84	-3.43
1302	52.29	-6.85	-3.45
1303	52.33	-6.88	-3.47
1304	52.37	-6.9	-3.5
1305	52.41	-6.92	-3.51
1306	52.45	-6.93	-3.53
1307	52.49	-6.93	-3.54
1308	52.53	-6.93	-3.54
1309	52.57	-6.92	-3.54
1310	52.61	-6.92	-3.53
1311	52.65	-6.91	-3.53
1312	52.69	-6.91	-3.52
1313	52.73	-6.9	-3.49
1314	52.77	-6.88	-3.48
1315	52.81	-6.84	-3.45
1316	52.85	-6.8	-3.43
1317	52.89	-6.76	-3.4
1318	52.93	-6.72	-3.36
1319	52.97	-6.66	-3.32
1320	53.01	-6.58	-3.26
1321	53.05	-6.51	-3.24
1322	53.09	-6.44	-3.22
1323	53.13	-6.41	-3.22
1324	53.17	-6.36	-3.23
1325	53.21	-6.33	-3.24
1326	53.25	-6.29	-3.25
1327	53.29	-6.26	-3.25
1328	53.33	-6.26	-3.27
1329	53.37	-6.23	-3.27
1330	53.41	-6.2	-3.28
1331	53.45	-6.15	-3.33
1332	53.49	-6.11	-3.38
1333	53.53	-6.09	-3.45
1334	53.57	-6.1	-3.5
1335	53.61	-6.12	-3.52
1336	53.65	-6.1	-3.52
1337	53.69	-6.07	-3.52
1338	53.73	-6.01	-3.51
1339	53.77	-5.95	-3.5
1340	53.81	-5.9	-3.48
1341	53.85	-5.86	-3.48
1342	53.89	-5.82	-3.48
1343	53.93	-5.77	-3.49
1344	53.97	-5.72	-3.5
1345	54.01	-5.67	-3.5
1346	54.05	-5.64	-3.52
1347	54.09	-5.63	-3.54
1348	54.13	-5.63	-3.57
1349	54.17	-5.63	-3.62
1350	54.21	-5.62	-3.68
1351	54.25	-5.6	-3.74
1352	54.29	-5.56	-3.79
1353	54.33	-5.53	-3.84
1354	54.37	-5.49	-3.89
1355	54.41	-5.46	-3.94
1356	54.45	-5.44	-3.98
1357	54.49	-5.41	-4.01
1358	54.53	-5.39	-4.03
1359	54.57	-5.38	-4.04
1360	54.61	-5.38	-4.05
1361	54.65	-5.39	-4.07
1362	54.69	-5.41	-4.09
1363	54.73	-5.43	-4.13
1364	54.77	-5.47	-4.18
1365	54.81	-5.48	-4.23
1366	54.85	-5.51	-4.28
1367	54.89	-5.53	-4.31
1368	54.93	-5.53	-4.33
1369	54.97	-5.54	-4.36
1370	55.01	-5.56	-4.35
1371	55.05	-5.57	-4.34
1372	55.09	-5.61	-4.34
1373	55.13	-5.62	-4.32
1374	55.17	-5.64	-4.31
1375	55.21	-5.66	-4.3
1376	55.25	-5.66	-4.28
1377	55.29	-5.7	-4.29
1378	55.33	-5.73	-4.31
1379	55.37	-5.77	-4.34
1380	55.41	-5.81	-4.36
1381	55.45	-5.85	-4.37
1382	55.49	-5.89	-4.38
1383	55.53	-5.93	-4.4
1384	55.57	-5.97	-4.41
1385	55.61	-6	-4.44
1386	55.65	-6.04	-4.47
1387	55.69	-6.07	-4.48
1388	55.73	-6.09	-4.5
1389	55.77	-6.11	-4.5
1390	55.81	-6.13	-4.49
1391	55.85	-6.14	-4.49
1392	55.89	-6.15	-4.48
1393	55.93	-6.15	-4.48
1394	55.97	-6.16	-4.47
1395	56.01	-6.17	-4.47
1396	56.05	-6.2	-4.48
1397	56.09	-6.22	-4.49
1398	56.13	-6.24	-4.49
1399	56.17	-6.25	-4.48
1400	56.21	-6.26	-4.45
1401	56.25	-6.26	-4.4
1402	56.29	-6.25	-4.34
1403	56.33	-6.23	-4.27
1404	56.37	-6.21	-4.17
1405	56.41	-6.18	-4.09
1406	56.45	-6.13	-4.01
1407	56.49	-6.08	-3.94
1408	56.53	-6.02	-3.89
1409	56.57	-5.99	-3.85
1410	56.61	-5.96	-3.82
1411	56.65	-5.96	-3.77
1412	56.69	-5.99	-3.72
1413	56.73	-6	-3.67
1414	56.77	-6.02	-3.63
1415	56.81	-6.01	-3.6
1416	56.85	-5.99	-3.59
1417	56.89	-5.96	-3.56
1418	56.93	-5.93	-3.53
1419	56.97	-5.89	-3.5
1420	57.01	-5.84	-3.46
1421	57.05	-5.79	-3.42
1422	57.09	-5.76	-3.41
1423	57.13	-5.73	-3.39
1424	57.17	-5.7	-3.35
1425	57.21	-5.67	-3.31
1426	57.25	-5.62	-3.26
1427	57.29	-5.57	-3.22
1428	57.33	-5.51	-3.23
1429	57.36	-5.46	-3.27
1430	57.41	-5.41	-3.31
1431	57.45	-5.34	-3.37
1432	57.49	-5.28	-3.4
1433	57.53	-5.21	-3.44
1434	57.56	-5.14	-3.46
1435	57.6	-5.07	-3.5
1436	57.65	-5.02	-3.53
1437	57.68	-4.97	-3.53
1438	57.73	-4.95	-3.56
1439	57.76	-4.94	-3.57
1440	57.8	-4.93	-3.59
1441	57.85	-4.92	-3.6
1442	57.88	-4.91	-3.6
1443	57.92	-4.9	-3.6
1444	57.96	-4.89	-3.58
1445	58	-4.89	-3.57
1446	58.04	-4.88	-3.55
1447	58.08	-4.87	-3.51
1448	58.13	-4.87	-3.48
1449	58.16	-4.87	-3.43
1450	58.2	-4.87	-3.36
1451	58.24	-4.86	-3.3
1452	58.28	-4.86	-3.24
1453	58.32	-4.85	-3.2
1454	58.36	-4.85	-3.18
1455	58.4	-4.86	-3.19
1456	58.45	-4.87	-3.19
1457	58.48	-4.9	-3.2
1458	58.52	-4.92	-3.22
1459	58.56	-4.94	-3.22
1460	58.6	-4.94	-3.23
1461	58.64	-4.92	-3.23
1462	58.68	-4.88	-3.23
1463	58.73	-4.84	-3.22
1464	58.76	-4.81	-3.2
1465	58.8	-4.79	-3.16
1466	58.84	-4.79	-3.1
1467	58.88	-4.81	-3.06
1468	58.92	-4.83	-3.01
1469	58.96	-4.86	-2.96
1470	59	-4.89	-2.88
1471	59.04	-4.92	-2.8
1472	59.08	-4.96	-2.71
1473	59.12	-4.99	-2.64
1474	59.16	-5.01	-2.59
1475	59.2	-5.04	-2.53
1476	59.24	-5.08	-2.47
1477	59.28	-5.12	-2.38
1478	59.32	-5.2	-2.3
1479	59.36	-5.27	-2.22
1480	59.4	-5.33	-2.13
1481	59.44	-5.38	-2.06
1482	59.48	-5.4	-2
1483	59.52	-5.42	-1.94
1484	59.56	-5.44	-1.88
1485	59.6	-5.46	-1.79
1486	59.64	-5.49	-1.67
1487	59.68	-5.51	-1.55
1488	59.72	-5.53	-1.46
1489	59.76	-5.57	-1.41
1490	59.8	-5.59	-1.4
1491	59.84	-5.64	-1.4
1492	59.88	-5.66	-1.38
1493	59.92	-5.67	-1.36
1494	59.96	-5.69	-1.32
1495	60	-5.69	-1.29
1496	60.04	-5.71	-1.21
1497	60.08	-5.71	-1.12
1498	60.12	-5.71	-1.01
1499	60.16	-5.71	-0.9
1500	60.2	-5.7	-0.77
1501	60.24	-5.75	-0.59
1502	60.28	-5.82	-0.36
1503	60.32	-5.92	-0.1
1504	60.36	-6.03	0.15
1505	60.4	-6.11	0.34
1506	60.44	-6.16	0.47
1507	60.48	-6.2	0.56
1508	60.52	-6.24	0.63
1509	60.56	-6.27	0.68
1510	60.6	-6.33	0.73
1511	60.64	-6.4	0.76
1512	60.68	-6.46	0.74
1513	60.72	-6.55	0.72
1514	60.76	-6.62	0.7
1515	60.8	-6.66	0.68
1516	60.84	-6.69	0.67
1517	60.88	-6.69	0.66
1518	60.92	-6.68	0.64
1519	60.96	-6.7	0.62
1520	61	-6.73	0.61
1521	61.04	-6.77	0.62
1522	61.08	-6.81	0.63
1523	61.12	-6.83	0.66
1524	61.16	-6.83	0.7
1525	61.2	-6.8	0.72
1526	61.24	-6.77	0.76
1527	61.28	-6.73	0.78
1528	61.32	-6.7	0.8
1529	61.36	-6.7	0.83
1530	61.4	-6.71	0.84
1531	61.44	-6.72	0.84
1532	61.48	-6.71	0.84
1533	61.52	-6.7	0.84
1534	61.56	-6.7	0.85
1535	61.6	-6.7	0.88
1536	61.64	-6.7	0.92
1537	61.68	-6.7	0.96
1538	61.72	-6.68	1
1539	61.76	-6.66	1.03
1540	61.8	-6.66	1.09
1541	61.84	-6.65	1.15
1542	61.88	-6.65	1.19
1543	61.92	-6.64	1.22
1544	61.96	-6.62	1.23
1545	62	-6.6	1.23
1546	62.04	-6.59	1.22
1547	62.08	-6.55	1.19
1548	62.12	-6.53	1.16
1549	62.16	-6.51	1.13
1550	62.2	-6.49	1.11
1551	62.24	-6.49	1.1
1552	62.28	-6.46	1.07
1553	62.32	-6.43	1.02
1554	62.36	-6.41	0.99
1555	62.4	-6.38	0.94
1556	62.44	-6.35	0.91
1557	62.48	-6.33	0.88
1558	62.52	-6.28	0.86
1559	62.56	-6.23	0.83
1560	62.6	-6.17	0.81
1561	62.64	-6.13	0.79
1562	62.68	-6.11	0.79
1563	62.72	-6.1	0.81
1564	62.76	-6.06	0.83
1565	62.8	-5.96	0.81
1566	62.84	-5.83	0.8
1567	62.88	-5.72	0.8
1568	62.92	-5.66	0.78
1569	62.96	-5.64	0.81
1570	63	-5.63	0.83
1571	63.04	-5.58	0.84
1572	63.08	-5.5	0.84
1573	63.12	-5.4	0.84
1574	63.16	-5.27	0.85
1575	63.2	-5.13	0.89
1576	63.24	-4.97	0.94
1577	63.28	-4.82	0.99
1578	63.32	-4.68	1.02
1579	63.36	-4.56	1.04
1580	63.4	-4.47	1.09
1581	63.44	-4.39	1.17
1582	63.48	-4.33	1.24
1583	63.52	-4.26	1.28
1584	63.56	-4.17	1.29
1585	63.6	-4.05	1.28
1586	63.64	-3.92	1.25
1587	63.68	-3.81	1.24
1588	63.72	-3.71	1.2
1589	63.76	-3.63	1.15
1590	63.8	-3.54	1.12
1591	63.84	-3.44	1.07
1592	63.88	-3.3	1.07
1593	63.92	-3.16	1.12
1594	63.96	-3.03	1.17
1595	64	-2.92	1.25
1596	64.04	-2.87	1.3
1597	64.08	-2.85	1.33
1598	64.12	-2.84	1.37
1599	64.16	-2.82	1.4
1600	64.2	-2.8	1.43
1601	64.24	-2.78	1.47
1602	64.28	-2.76	1.49
1603	64.32	-2.74	1.5
1604	64.36	-2.71	1.51
1605	64.4	-2.69	1.5
1606	64.44	-2.67	1.49
1607	64.48	-2.64	1.48
1608	64.52	-2.62	1.46
1609	64.56	-2.58	1.47
1610	64.6	-2.57	1.46
1611	64.64	-2.56	1.45
1612	64.68	-2.55	1.44
1613	64.72	-2.56	1.44
1614	64.76	-2.56	1.43
1615	64.8	-2.55	1.44
1616	64.84	-2.54	1.45
1617	64.88	-2.53	1.47
1618	64.92	-2.53	1.48
1619	64.96	-2.53	1.5
1620	65	-2.54	1.52
1621	65.04	-2.55	1.53
1622	65.08	-2.55	1.55
1623	65.12	-2.55	1.58
1624	65.16	-2.53	1.61
1625	65.2	-2.5	1.64
1626	65.24	-2.47	1.65
1627	65.28	-2.44	1.67
1628	65.32	-2.43	1.67
1629	65.36	-2.41	1.67
1630	65.4	-2.41	1.68
1631	65.44	-2.41	1.68
1632	65.48	-2.4	1.69
1633	65.52	-2.4	1.69
1634	65.56	-2.4	1.7
1635	65.6	-2.41	1.7
1636	65.64	-2.41	1.7
1637	65.68	-2.41	1.7
1638	65.72	-2.41	1.7
1639	65.76	-2.41	1.7
1640	65.8	-2.41	1.69
1641	65.84	-2.41	1.68
1642	65.88	-2.4	1.67
1643	65.92	-2.4	1.66
1644	65.96	-2.41	1.64
1645	66	-2.4	1.64
1646	66.04	-2.4	1.63
1647	66.08	-2.39	1.63
1648	66.12	-2.39	1.63
1649	66.16	-2.38	1.62
1650	66.2	-2.37	1.61
1651	66.24	-2.36	1.59
1652	66.28	-2.34	1.57
1653	66.32	-2.33	1.54
1654	66.36	-2.32	1.51
1655	66.4	-2.32	1.48
1656	66.44	-2.31	1.46
1657	66.48	-2.28	1.46
1658	66.52	-2.26	1.45
1659	66.56	-2.25	1.44
1660	66.6	-2.25	1.42
1661	66.64	-2.27	1.39
1662	66.68	-2.31	1.36
1663	66.72	-2.34	1.34
1664	66.76	-2.38	1.34
1665	66.8	-2.43	1.33
1666	66.84	-2.46	1.34
1667	66.88	-2.52	1.34
1668	66.92	-2.59	1.32
1669	66.96	-2.67	1.3
1670	67	-2.76	1.25
1671	67.04	-2.84	1.2
1672	67.08	-2.91	1.16
1673	67.12	-2.96	1.12
1674	67.16	-3	1.1
1675	67.2	-3.03	1.08
1676	67.24	-3.06	1.04
1677	67.28	-3.09	0.99
1678	67.32	-3.13	0.92
1679	67.36	-3.18	0.86
1680	67.4	-3.23	0.82
1681	67.44	-3.25	0.78
1682	67.48	-3.26	0.77
1683	67.52	-3.27	0.77
1684	67.56	-3.26	0.79
1685	67.6	-3.25	0.82
1686	67.64	-3.25	0.84
1687	67.68	-3.24	0.88
1688	67.72	-3.24	0.92
1689	67.76	-3.26	0.96
1690	67.8	-3.26	1
1691	67.84	-3.25	1.01
1692	67.88	-3.26	1.01
1693	67.92	-3.27	1.02
1694	67.96	-3.31	1.04
1695	68	-3.38	1.08
1696	68.04	-3.47	1.11
1697	68.08	-3.56	1.12
1698	68.12	-3.63	1.09
1699	68.16	-3.69	1.07
1700	68.2	-3.71	1.04
1701	68.24	-3.72	0.99
1702	68.28	-3.75	0.93
1703	68.32	-3.78	0.84
1704	68.36	-3.81	0.74
1705	68.4	-3.84	0.66
1706	68.44	-3.85	0.61
1707	68.48	-3.85	0.58
1708	68.52	-3.87	0.55
1709	68.56	-3.9	0.53
1710	68.6	-3.92	0.49
1711	68.64	-3.91	0.48
1712	68.68	-3.89	0.5
1713	68.72	-3.85	0.54
1714	68.76	-3.83	0.58
1715	68.8	-3.83	0.62
1716	68.84	-3.83	0.64
1717	68.88	-3.83	0.65
1718	68.92	-3.83	0.63
1719	68.96	-3.83	0.58
1720	69	-3.82	0.5
1721	69.04	-3.85	0.4
1722	69.08	-3.87	0.31
1723	69.12	-3.89	0.2
1724	69.16	-3.91	0.12
1725	69.2	-3.94	0.01
1726	69.24	-3.96	-0.09
1727	69.28	-3.99	-0.19
1728	69.32	-4.02	-0.25
1729	69.36	-4.02	-0.3
1730	69.4	-4.04	-0.31
1731	69.44	-4.05	-0.28
1732	69.48	-4.01	-0.31
1733	69.52	-3.94	-0.37
1734	69.56	-3.88	-0.43
1735	69.6	-3.82	-0.53
1736	69.64	-3.84	-0.58
1737	69.68	-3.88	-0.64
1738	69.72	-3.93	-0.71
1739	69.76	-3.98	-0.78
1740	69.8	-4.02	-0.84
1741	69.84	-4.08	-0.9
1742	69.88	-4.16	-0.99
1743	69.92	-4.29	-1.15
1744	69.96	-4.44	-1.35
1745	70	-4.6	-1.58
1746	70.04	-4.73	-1.78
1747	70.08	-4.84	-1.96
1748	70.12	-4.92	-2.09
1749	70.16	-4.97	-2.2
1750	70.2	-5.02	-2.31
1751	70.24	-5.06	-2.4
1752	70.28	-5.1	-2.5
1753	70.32	-5.13	-2.58
1754	70.36	-5.12	-2.64
1755	70.4	-5.09	-2.7
1756	70.44	-5.06	-2.77
1757	70.48	-5.05	-2.83
1758	70.52	-5.05	-2.88
1759	70.56	-5.05	-2.89
1760	70.6	-5.06	-2.9
1761	70.64	-5.06	-2.88
1762	70.68	-5.07	-2.87
1763	70.72	-5.08	-2.84
1764	70.76	-5.09	-2.79
1765	70.8	-5.1	-2.74
1766	70.84	-5.1	-2.68
1767	70.88	-5.09	-2.64
1768	70.92	-5.09	-2.6
1769	70.96	-5.09	-2.58
1770	71	-5.1	-2.59
1771	71.04	-5.11	-2.61
1772	71.08	-5.12	-2.64
1773	71.12	-5.12	-2.66
1774	71.16	-5.12	-2.66
1775	71.2	-5.11	-2.65
1776	71.24	-5.1	-2.61
1777	71.28	-5.08	-2.58
1778	71.32	-5.06	-2.52
1779	71.36	-5.05	-2.49
1780	71.4	-5.04	-2.47
1781	71.44	-5.02	-2.46
1782	71.48	-5.01	-2.46
1783	71.52	-4.99	-2.45
1784	71.56	-4.96	-2.45
1785	71.6	-4.93	-2.47
1786	71.64	-4.9	-2.5
1787	71.68	-4.88	-2.56
1788	71.72	-4.86	-2.64
1789	71.76	-4.86	-2.72
1790	71.8	-4.87	-2.8
1791	71.84	-4.87	-2.87
1792	71.88	-4.86	-2.91
1793	71.92	-4.86	-2.95
1794	71.96	-4.85	-2.99
1795	72	-4.84	-3.03
1796	72.04	-4.83	-3.07
1797	72.08	-4.83	-3.09
1798	72.12	-4.82	-3.1
1799	72.16	-4.81	-3.11
1800	72.2	-4.8	-3.12
1801	72.24	-4.79	-3.12
1802	72.28	-4.78	-3.12
1803	72.32	-4.78	-3.11
1804	72.36	-4.77	-3.08
1805	72.4	-4.78	-3.05
1806	72.44	-4.78	-3.02
1807	72.48	-4.78	-3
1808	72.52	-4.78	-2.99
1809	72.56	-4.78	-3
1810	72.6	-4.78	-3.01
1811	72.64	-4.78	-3.02
1812	72.68	-4.78	-3.03
1813	72.72	-4.78	-3.02
1814	72.76	-4.78	-3.02
1815	72.8	-4.79	-3.01
1816	72.84	-4.8	-2.99
1817	72.88	-4.82	-2.96
1818	72.92	-4.85	-2.91
1819	72.96	-4.89	-2.82
1820	73	-4.91	-2.69
1821	73.04	-4.93	-2.57
1822	73.08	-4.94	-2.47
1823	73.12	-4.94	-2.43
1824	73.16	-4.96	-2.45
1825	73.2	-4.97	-2.46
1826	73.24	-4.98	-2.46
1827	73.28	-4.99	-2.42
1828	73.32	-5.01	-2.35
1829	73.36	-5.02	-2.28
1830	73.4	-5.04	-2.19
1831	73.44	-5.05	-2.13
1832	73.48	-5.07	-2.11
1833	73.52	-5.1	-2.09
1834	73.56	-5.14	-2.1
1835	73.6	-5.19	-2.11
1836	73.64	-5.25	-2.11
1837	73.68	-5.3	-2.13
1838	73.72	-5.31	-2.13
1839	73.76	-5.3	-2.13
1840	73.8	-5.27	-2.1
1841	73.84	-5.24	-2.08
1842	73.88	-5.22	-2.05
1843	73.92	-5.21	-2.03
1844	73.96	-5.22	-2.01
1845	74	-5.22	-1.97
1846	74.04	-5.24	-1.94
1847	74.08	-5.26	-1.89
1848	74.12	-5.28	-1.85
1849	74.16	-5.32	-1.83
1850	74.2	-5.39	-1.82
1851	74.24	-5.48	-1.85
1852	74.28	-5.61	-1.91
1853	74.32	-5.73	-2.01
1854	74.36	-5.82	-2.15
1855	74.4	-5.87	-2.3
1856	74.44	-5.85	-2.42
1857	74.48	-5.8	-2.52
1858	74.52	-5.73	-2.56
1859	74.56	-5.65	-2.58
1860	74.6	-5.61	-2.61
1861	74.64	-5.59	-2.64
1862	74.68	-5.62	-2.69
1863	74.72	-5.68	-2.73
1864	74.76	-5.74	-2.75
1865	74.8	-5.8	-2.76
1866	74.84	-5.84	-2.75
1867	74.88	-5.87	-2.72
1868	74.92	-5.88	-2.66
1869	74.96	-5.91	-2.6
1870	75	-5.93	-2.53
1871	75.04	-5.97	-2.47
1872	75.08	-6.04	-2.41
1873	75.12	-6.11	-2.34
1874	75.16	-6.22	-2.3
1875	75.2	-6.31	-2.26
1876	75.24	-6.39	-2.23
1877	75.28	-6.48	-2.23
1878	75.32	-6.57	-2.21
1879	75.36	-6.64	-2.16
1880	75.4	-6.73	-2.08
1881	75.44	-6.84	-2
1882	75.48	-7	-1.9
1883	75.52	-7.24	-1.81
1884	75.56	-7.46	-1.71
1885	75.6	-7.68	-1.63
1886	75.64	-7.84	-1.58
1887	75.68	-7.92	-1.54
1888	75.72	-7.99	-1.54
1889	75.76	-8.03	-1.51
1890	75.8	-8.06	-1.5
1891	75.84	-8.1	-1.51
1892	75.88	-8.14	-1.53
1893	75.92	-8.18	-1.53
1894	75.96	-8.24	-1.51
1895	76	-8.3	-1.43
1896	76.04	-8.34	-1.29
1897	76.08	-8.39	-1.14
1898	76.12	-8.43	-0.99
1899	76.16	-8.51	-0.85
1900	76.2	-8.57	-0.75
1901	76.24	-8.65	-0.65
1902	76.28	-8.71	-0.59
1903	76.32	-8.74	-0.55
1904	76.36	-8.78	-0.55
1905	76.4	-8.83	-0.56
1906	76.44	-8.91	-0.54
1907	76.48	-9	-0.48
1908	76.52	-9.08	-0.39
1909	76.56	-9.18	-0.29
1910	76.6	-9.25	-0.2
1911	76.64	-9.32	-0.12
1912	76.68	-9.4	-0.05
1913	76.72	-9.47	0.01
1914	76.76	-9.54	0.06
1915	76.8	-9.6	0.09
1916	76.84	-9.64	0.1
1917	76.88	-9.69	0.13
1918	76.92	-9.73	0.15
1919	76.96	-9.77	0.17
1920	77	-9.8	0.16
1921	77.04	-9.85	0.15
1922	77.08	-9.94	0.15
1923	77.12	-10.02	0.14
1924	77.16	-10.13	0.15
1925	77.2	-10.2	0.15
1926	77.24	-10.23	0.13
1927	77.28	-10.27	0.13
1928	77.32	-10.29	0.13
1929	77.36	-10.32	0.13
1930	77.4	-10.36	0.14
1931	77.44	-10.38	0.15
1932	77.48	-10.4	0.17
1933	77.52	-10.4	0.17
1934	77.56	-10.38	0.19
1935	77.6	-10.36	0.2
1936	77.64	-10.33	0.23
1937	77.68	-10.3	0.27
1938	77.72	-10.27	0.32
1939	77.76	-10.24	0.36
1940	77.8	-10.24	0.39
1941	77.84	-10.22	0.41
1942	77.88	-10.21	0.43
1943	77.92	-10.19	0.43
1944	77.96	-10.12	0.44
1945	78	-10.04	0.42
1946	78.04	-9.96	0.44
1947	78.08	-9.87	0.45
1948	78.12	-9.8	0.48
1949	78.16	-9.76	0.53
1950	78.2	-9.71	0.57
1951	78.24	-9.66	0.65
1952	78.28	-9.59	0.78
1953	78.32	-9.49	0.92
1954	78.36	-9.41	1.06
1955	78.4	-9.37	1.18
1956	78.44	-9.35	1.28
1957	78.48	-9.32	1.4
1958	78.52	-9.27	1.57
1959	78.56	-9.17	1.73
1960	78.6	-9.06	1.89
1961	78.64	-8.98	2.01
1962	78.68	-8.92	2.1
1963	78.72	-8.91	2.17
1964	78.76	-8.9	2.27
1965	78.8	-8.92	2.38
1966	78.84	-8.97	2.53
1967	78.88	-9.03	2.69
1968	78.92	-9.08	2.84
1969	78.96	-9.12	2.98
1970	79	-9.13	3.05
1971	79.04	-9.13	3.13
1972	79.08	-9.13	3.15
1973	79.12	-9.12	3.14
1974	79.16	-9.12	3.15
1975	79.2	-9.13	3.14
1976	79.24	-9.13	3.16
1977	79.28	-9.12	3.18
1978	79.32	-9.1	3.21
1979	79.36	-9.07	3.24
1980	79.4	-9.06	3.29
1981	79.44	-9.01	3.37
1982	79.48	-8.92	3.49
1983	79.52	-8.83	3.6
1984	79.56	-8.73	3.72
1985	79.6	-8.66	3.8
1986	79.64	-8.62	3.84
1987	79.68	-8.59	3.88
1988	79.72	-8.55	3.9
1989	79.76	-8.51	3.91
1990	79.8	-8.48	3.93
1991	79.84	-8.46	3.92
1992	79.88	-8.44	3.9
1993	79.92	-8.42	3.87
1994	79.96	-8.41	3.83
1995	80	-8.39	3.82
1996	80.04	-8.37	3.79
1997	80.08	-8.36	3.77
1998	80.12	-8.35	3.76
1999	80.16	-8.35	3.75
2000	80.2	-8.35	3.74
2001	80.24	-8.37	3.72
2002	80.28	-8.38	3.7
2003	80.32	-8.39	3.67
2004	80.36	-8.39	3.63
2005	80.4	-8.38	3.61
2006	80.44	-8.37	3.57
2007	80.48	-8.37	3.54
2008	80.52	-8.38	3.54
2009	80.56	-8.4	3.56
2010	80.6	-8.43	3.59
2011	80.64	-8.48	3.61
2012	80.68	-8.52	3.64
2013	80.72	-8.56	3.67
2014	80.76	-8.59	3.7
2015	80.8	-8.6	3.73
2016	80.84	-8.61	3.76
2017	80.88	-8.62	3.79
2018	80.92	-8.64	3.83
2019	80.96	-8.67	3.87
2020	81	-8.71	3.9
2021	81.04	-8.75	3.91
2022	81.08	-8.79	3.9
2023	81.12	-8.81	3.9
2024	81.16	-8.83	3.91
2025	81.2	-8.85	3.95
2026	81.24	-8.88	3.98
2027	81.28	-8.93	4.01
2028	81.32	-8.98	4.03
2029	81.36	-9.03	4.01
2030	81.4	-9.09	4.03
2031	81.44	-9.14	4.05
2032	81.48	-9.19	4.06
2033	81.52	-9.23	4.06
2034	81.56	-9.27	4.06
2035	81.6	-9.31	4.02
2036	81.64	-9.35	3.99
2037	81.68	-9.4	3.97
2038	81.72	-9.45	3.95
2039	81.76	-9.51	3.97
2040	81.8	-9.57	4
2041	81.84	-9.63	4.05
2042	81.88	-9.69	4.11
2043	81.92	-9.75	4.17
2044	81.96	-9.81	4.23
2045	82	-9.85	4.28
2046	82.04	-9.9	4.32
2047	82.08	-9.97	4.38
2048	82.12	-10.06	4.42
2049	82.16	-10.16	4.48
2050	82.2	-10.24	4.54
2051	82.24	-10.29	4.56
2052	82.28	-10.3	4.58
2053	82.32	-10.29	4.61
2054	82.36	-10.27	4.67
2055	82.4	-10.26	4.73
2056	82.44	-10.25	4.78
2057	82.48	-10.24	4.82
2058	82.52	-10.24	4.85
2059	82.56	-10.25	4.86
2060	82.6	-10.26	4.9
2061	82.64	-10.28	4.94
2062	82.68	-10.29	4.99
2063	82.72	-10.31	5.04
2064	82.76	-10.32	5.07
2065	82.8	-10.31	5.11
2066	82.84	-10.29	5.13
2067	82.88	-10.29	5.15
2068	82.92	-10.28	5.16
2069	82.96	-10.28	5.16
2070	83	-10.29	5.16
2071	83.04	-10.29	5.17
2072	83.08	-10.3	5.18
2073	83.12	-10.32	5.21
2074	83.16	-10.34	5.23
2075	83.2	-10.36	5.23
2076	83.24	-10.38	5.25
2077	83.28	-10.41	5.23
2078	83.32	-10.44	5.2
2079	83.36	-10.47	5.16
2080	83.4	-10.49	5.11
2081	83.44	-10.51	5.04
2082	83.48	-10.51	5
2083	83.52	-10.52	4.98
2084	83.56	-10.53	4.95
2085	83.6	-10.55	4.93
2086	83.64	-10.57	4.89
2087	83.68	-10.59	4.86
2088	83.72	-10.61	4.84
2089	83.76	-10.62	4.82
2090	83.8	-10.63	4.8
2091	83.84	-10.64	4.78
2092	83.88	-10.65	4.77
2093	83.92	-10.66	4.76
2094	83.96	-10.67	4.76
2095	84	-10.68	4.73
2096	84.04	-10.7	4.69
2097	84.08	-10.71	4.64
2098	84.12	-10.72	4.58
2099	84.16	-10.74	4.55
2100	84.2	-10.76	4.52
2101	84.24	-10.77	4.51
2102	84.28	-10.79	4.52
2103	84.32	-10.81	4.53
2104	84.36	-10.82	4.52
2105	84.4	-10.83	4.52
2106	84.44	-10.85	4.51
2107	84.48	-10.88	4.53
2108	84.52	-10.91	4.53
2109	84.56	-10.94	4.55
2110	84.6	-10.95	4.55
2111	84.64	-10.96	4.53
2112	84.68	-10.97	4.54
2113	84.72	-10.96	4.52
2114	84.76	-10.94	4.51
2115	84.8	-10.88	4.49
2116	84.84	-10.82	4.46
2117	84.88	-10.75	4.42
2118	84.92	-10.69	4.39
2119	84.96	-10.66	4.36
2120	85	-10.63	4.34
2121	85.04	-10.61	4.34
2122	85.08	-10.6	4.34
2123	85.12	-10.57	4.33
2124	85.16	-10.54	4.31
2125	85.2	-10.51	4.3
2126	85.24	-10.48	4.29
2127	85.28	-10.45	4.27
2128	85.32	-10.43	4.28
2129	85.36	-10.4	4.28
2130	85.4	-10.38	4.26
2131	85.44	-10.36	4.24
2132	85.48	-10.34	4.24
2133	85.52	-10.31	4.23
2134	85.56	-10.28	4.23
2135	85.6	-10.25	4.25
2136	85.64	-10.21	4.23
2137	85.68	-10.17	4.23
2138	85.72	-10.12	4.21
2139	85.76	-10.08	4.2
2140	85.8	-10.04	4.21
2141	85.84	-10	4.2
2142	85.88	-9.96	4.19
2143	85.92	-9.92	4.19
2144	85.96	-9.88	4.19
2145	86	-9.84	4.19
2146	86.04	-9.8	4.18
2147	86.08	-9.77	4.18
2148	86.12	-9.74	4.17
2149	86.16	-9.71	4.16
2150	86.2	-9.69	4.17
2151	86.24	-9.67	4.18
2152	86.28	-9.66	4.17
2153	86.32	-9.65	4.19
2154	86.36	-9.65	4.19
2155	86.4	-9.65	4.17
2156	86.44	-9.65	4.17
2157	86.48	-9.65	4.14
2158	86.52	-9.62	4.1
2159	86.56	-9.58	4.05
2160	86.6	-9.52	3.96
2161	86.64	-9.46	3.88
2162	86.68	-9.41	3.79
2163	86.72	-9.36	3.68
2164	86.76	-9.29	3.57
2165	86.8	-9.21	3.43
2166	86.84	-9.09	3.31
2167	86.88	-8.98	3.21
2168	86.92	-8.88	3.12
2169	86.96	-8.81	3.03
2170	87	-8.76	2.93
2171	87.04	-8.71	2.83
2172	87.08	-8.66	2.73
2173	87.12	-8.6	2.65
2174	87.16	-8.54	2.6
2175	87.2	-8.48	2.55
2176	87.24	-8.43	2.54
2177	87.28	-8.4	2.55
2178	87.32	-8.38	2.55
2179	87.36	-8.36	2.54
2180	87.4	-8.35	2.52
2181	87.44	-8.32	2.49
2182	87.48	-8.28	2.43
2183	87.52	-8.23	2.39
2184	87.56	-8.18	2.32
2185	87.6	-8.14	2.24
2186	87.64	-8.09	2.17
2187	87.68	-8.05	2.09
2188	87.72	-8.02	2.04
2189	87.76	-7.98	2.02
2190	87.8	-7.96	2.01
2191	87.84	-7.95	2.02
2192	87.88	-7.94	2.02
2193	87.92	-7.94	2.01
2194	87.96	-7.94	2
2195	88	-7.95	1.99
2196	88.04	-7.95	2.01
2197	88.08	-7.95	2.07
2198	88.12	-7.98	2.14
2199	88.16	-8.01	2.23
2200	88.2	-8.08	2.29
2201	88.24	-8.15	2.32
2202	88.28	-8.2	2.34
2203	88.32	-8.24	2.34
2204	88.36	-8.26	2.33
2205	88.4	-8.26	2.33
2206	88.44	-8.27	2.31
2207	88.48	-8.28	2.31
2208	88.52	-8.29	2.31
2209	88.56	-8.32	2.31
2210	88.6	-8.35	2.33
2211	88.64	-8.38	2.33
2212	88.68	-8.4	2.33
2213	88.72	-8.42	2.32
2214	88.76	-8.45	2.32
2215	88.8	-8.46	2.33
2216	88.84	-8.48	2.35
2217	88.88	-8.49	2.36
2218	88.92	-8.49	2.38
2219	88.96	-8.51	2.39
2220	89	-8.51	2.41
2221	89.04	-8.52	2.44
2222	89.08	-8.53	2.45
2223	89.12	-8.53	2.46
2224	89.16	-8.54	2.45
2225	89.2	-8.54	2.46
2226	89.24	-8.55	2.45
2227	89.28	-8.56	2.46
2228	89.32	-8.56	2.47
2229	89.36	-8.57	2.45
2230	89.4	-8.57	2.47
2231	89.44	-8.57	2.47
2232	89.48	-8.57	2.47
2233	89.52	-8.57	2.48
2234	89.56	-8.58	2.46
2235	89.6	-8.58	2.46
2236	89.64	-8.58	2.44
2237	89.68	-8.58	2.43
2238	89.72	-8.58	2.43
2239	89.76	-8.58	2.43
2240	89.8	-8.58	2.45
2241	89.84	-8.58	2.44
2242	89.88	-8.59	2.42
2243	89.92	-8.61	2.4
2244	89.96	-8.64	2.36
2245	90	-8.67	2.33
2246	90.04	-8.69	2.3
2247	90.08	-8.7	2.29
2248	90.12	-8.71	2.28
2249	90.16	-8.71	2.28
2250	90.2	-8.72	2.27
2251	90.24	-8.73	2.27
2252	90.28	-8.74	2.27
2253	90.32	-8.75	2.27
2254	90.36	-8.77	2.27
2255	90.4	-8.79	2.26
2256	90.44	-8.8	2.25
2257	90.48	-8.81	2.24
2258	90.52	-8.81	2.22
2259	90.56	-8.82	2.2
2260	90.64	-8.84	2.2
2261	90.68	-8.88	2.21
2262	90.72	-8.91	2.22
2263	90.76	-8.96	2.23
2264	90.8	-9.01	2.23
2265	90.84	-9.05	2.24
2266	90.88	-9.12	2.25
2267	90.92	-9.16	2.26
2268	90.96	-9.2	2.27
2269	91	-9.23	2.28
2270	91.04	-9.26	2.3
2271	91.08	-9.3	2.29
2272	91.12	-9.33	2.27
2273	91.16	-9.37	2.25
2274	91.2	-9.39	2.21
2275	91.24	-9.4	2.19
2276	91.28	-9.4	2.17
2277	91.32	-9.4	2.15
2278	91.36	-9.41	2.13
2279	91.4	-9.4	2.1
2280	91.44	-9.42	2.08
2281	91.48	-9.42	2.07
2282	91.52	-9.41	2.07
2283	91.56	-9.37	2.07
2284	91.6	-9.31	2.07
2285	91.64	-9.27	2.05
2286	91.68	-9.22	2.03
2287	91.72	-9.19	2.02
2288	91.76	-9.18	2
2289	91.8	-9.16	1.96
2290	91.84	-9.16	1.89
2291	91.88	-9.16	1.84
2292	91.92	-9.14	1.81
2293	91.96	-9.12	1.79
2294	92	-9.08	1.79
2295	92.04	-9.06	1.78
2296	92.08	-9.05	1.75
2297	92.12	-9.02	1.74
2298	92.16	-9.01	1.71
2299	92.2	-8.99	1.69
2300	92.24	-8.98	1.67
2301	92.28	-8.97	1.65
2302	92.32	-8.96	1.63
2303	92.36	-8.94	1.62
2304	92.4	-8.93	1.6
2305	92.44	-8.92	1.6
2306	92.48	-8.91	1.59
2307	92.52	-8.9	1.6
2308	92.56	-8.89	1.61
2309	92.6	-8.88	1.62
2310	92.64	-8.85	1.63
2311	92.68	-8.83	1.64
2312	92.72	-8.8	1.66
2313	92.76	-8.77	1.66
2314	92.8	-8.74	1.65
2315	92.84	-8.7	1.64
2316	92.88	-8.67	1.62
2317	92.92	-8.63	1.59
2318	92.96	-8.59	1.56
2319	93	-8.55	1.54
2320	93.04	-8.51	1.52
2321	93.08	-8.47	1.5
2322	93.12	-8.43	1.48
2323	93.16	-8.38	1.44
2324	93.2	-8.33	1.4
2325	93.24	-8.27	1.37
2326	93.28	-8.22	1.35
2327	93.32	-8.17	1.33
2328	93.36	-8.13	1.32
2329	93.4	-8.07	1.31
2330	93.44	-7.99	1.28
2331	93.48	-7.87	1.22
2332	93.52	-7.7	1.12
2333	93.56	-7.5	0.99
2334	93.6	-7.32	0.87
2335	93.64	-7.19	0.77
2336	93.68	-7.1	0.71
2337	93.72	-7.07	0.67
2338	93.76	-7.02	0.63
2339	93.8	-6.94	0.61
2340	93.84	-6.87	0.58
2341	93.88	-6.8	0.55
2342	93.92	-6.79	0.54
2343	93.96	-6.79	0.52
2344	94	-6.79	0.52
2345	94.04	-6.78	0.52
2346	94.08	-6.75	0.52
2347	94.12	-6.73	0.5
2348	94.16	-6.71	0.48
2349	94.2	-6.68	0.43
2350	94.24	-6.64	0.37
2351	94.28	-6.56	0.32
2352	94.32	-6.45	0.3
2353	94.36	-6.34	0.3
2354	94.4	-6.25	0.29
2355	94.44	-6.18	0.27
2356	94.48	-6.1	0.16
2357	94.52	-5.97	0
2358	94.56	-5.78	-0.17
2359	94.6	-5.61	-0.32
2360	94.64	-5.51	-0.4
2361	94.68	-5.43	-0.42
2362	94.72	-5.4	-0.42
2363	94.76	-5.36	-0.43
2364	94.8	-5.34	-0.45
2365	94.84	-5.33	-0.44
2366	94.88	-5.3	-0.41
2367	94.92	-5.22	-0.37
2368	94.96	-5.12	-0.35
2369	95	-5.01	-0.37
2370	95.04	-4.95	-0.42
2371	95.08	-4.95	-0.48
2372	95.12	-4.97	-0.55
2373	95.16	-5.04	-0.63
2374	95.2	-5.1	-0.69
2375	95.24	-5.14	-0.75
2376	95.28	-5.17	-0.79
2377	95.32	-5.16	-0.82
2378	95.36	-5.14	-0.85
2379	95.4	-5.12	-0.85
2380	95.44	-5.12	-0.85
2381	95.48	-5.12	-0.85
2382	95.52	-5.13	-0.84
2383	95.56	-5.16	-0.85
2384	95.6	-5.17	-0.86
2385	95.64	-5.19	-0.87
2386	95.68	-5.2	-0.89
2387	95.72	-5.19	-0.9
2388	95.76	-5.18	-0.91
2389	95.8	-5.19	-0.91
2390	95.84	-5.2	-0.9
2391	95.88	-5.2	-0.88
2392	95.92	-5.21	-0.87
2393	95.96	-5.19	-0.88
2394	96	-5.17	-0.88
2395	96.04	-5.14	-0.89
2396	96.08	-5.12	-0.89
2397	96.12	-5.1	-0.9
2398	96.16	-5.09	-0.92
2399	96.2	-5.08	-0.93
2400	96.24	-5.08	-0.93
2401	96.28	-5.09	-0.96
2402	96.32	-5.11	-0.97
2403	96.36	-5.13	-1
2404	96.4	-5.14	-1.02
2405	96.44	-5.14	-1.03
2406	96.48	-5.14	-1.01
2407	96.52	-5.12	-1.01
2408	96.56	-5.09	-1
2409	96.6	-5.08	-1
2410	96.64	-5.04	-1.02
2411	96.68	-5.03	-1.02
2412	96.72	-5.02	-1.02
2413	96.75	-5.02	-1.02
2414	96.8	-5.02	-1.02
2415	96.84	-5.02	-1.02
2416	96.88	-5.02	-1.03
2417	96.92	-5.02	-1.03
2418	96.96	-5.02	-1.03
2419	97	-5.02	-1.03
2420	97.04	-5.03	-1.02
2421	97.08	-5.02	-1.03
2422	97.12	-5.03	-1.02
2423	97.15	-5.03	-1.02
2424	97.2	-5.03	-1.01
2425	97.23	-5.04	-1.01
2426	97.27	-5.04	-1.01
2427	97.31	-5.04	-1.01
2428	97.35	-5.04	-1.01
2429	97.39	-5.04	-1.01
2430	97.43	-5.04	-1.01
2431	97.47	-5.05	-1
2432	97.51	-5.04	-1
2433	97.55	-5.04	-1
2434	97.59	-5.04	-1.01
2435	97.63	-5.04	-1
2436	97.67	-5.04	-1
2437	97.71	-5.04	-1.01
2438	97.75	-5.04	-1.01
2439	97.79	-5.04	-1.01
2440	97.83	-5.04	-1
2441	97.87	-5.04	-1
2442	97.91	-5.04	-1.01
2443	97.95	-5.04	-1
2444	97.99	-5.05	-1
2445	98.03	-5.05	-0.99
2446	98.07	-5.06	-0.98
2447	98.11	-5.06	-0.97
2448	98.15	-5.07	-0.96
2449	98.19	-5.07	-0.96
2450	98.23	-5.06	-0.96
2451	98.27	-5.06	-0.97
2452	98.31	-5.05	-0.98
2453	98.35	-5.04	-0.99
2454	98.39	-5.04	-0.99
2455	98.43	-5.03	-0.98
2456	98.47	-5.03	-0.98
2457	98.51	-5.02	-0.99
2458	98.55	-5.02	-0.99
2459	98.59	-5.02	-0.99
2460	98.63	-5.02	-0.98
2461	98.67	-5.02	-0.99
2462	98.71	-5.03	-0.98
2463	98.75	-5.03	-0.97
2464	98.79	-5.04	-0.97
2465	98.83	-5.05	-0.98
2466	98.87	-5.05	-0.99
2467	98.91	-5.05	-1
2468	98.95	-5.05	-1.02
2469	98.99	-5.04	-1.04
2470	99.03	-5.04	-1.06
2471	99.07	-5.03	-1.06
2472	99.11	-5.04	-1.04
2473	99.15	-5.04	-1.03
2474	99.19	-5.03	-1.02
2475	99.23	-5.03	-1.01
2476	99.27	-5.05	-0.93
2477	99.31	-5.1	-0.74
2478	99.35	-5.15	-0.55
2479	99.39	-5.17	-0.4
2480	99.43	-5.19	-0.34
2481	99.47	-5.17	-0.4
2482	99.51	-5.16	-0.46
2483	99.55	-5.17	-0.5
2484	99.59	-5.16	-0.52
2485	99.63	-5.15	-0.54
2486	99.67	-5.14	-0.56
2487	99.71	-5.12	-0.58
2488	99.75	-5.1	-0.6
2489	99.79	-5.09	-0.59
2490	99.83	-5.08	-0.58
2491	99.87	-5.09	-0.55
2492	99.91	-5.09	-0.53
2493	99.95	-5.09	-0.51
2494	99.99	-5.08	-0.48
2495	100.03	-5.07	-0.45
2496	100.07	-5.07	-0.4
2497	100.11	-5.07	-0.37
2498	100.15	-5.09	-0.34
2499	100.19	-5.1	-0.33
2500	100.23	-5.1	-0.34
2501	100.27	-5.1	-0.34
2502	100.31	-5.1	-0.35
2503	100.35	-5.09	-0.35
2504	100.39	-5.09	-0.34
2505	100.43	-5.08	-0.34
2506	100.47	-5.07	-0.35
2507	100.51	-5.06	-0.34
2508	100.55	-5.05	-0.34
2509	100.59	-5.04	-0.33
2510	100.63	-5.03	-0.33
2511	100.67	-5.02	-0.33
2512	100.71	-4.99	-0.34
2513	100.75	-4.98	-0.34
2514	100.79	-4.96	-0.34
2515	100.83	-4.97	-0.33
2516	100.87	-4.98	-0.29
2517	100.91	-4.99	-0.26
2518	100.95	-4.99	-0.23
2519	100.99	-5	-0.21
2520	101.03	-5	-0.21
2521	101.07	-5	-0.2
2522	101.11	-5.01	-0.18
2523	101.15	-5	-0.17
2524	101.19	-5.01	-0.15
2525	101.23	-5.02	-0.14
2526	101.27	-5.02	-0.14
2527	101.31	-5.02	-0.15
2528	101.35	-5.02	-0.17
2529	101.39	-5.02	-0.18
2530	101.43	-5.02	-0.19
2531	101.47	-5.03	-0.18
2532	101.51	-5.04	-0.18
2533	101.55	-5.04	-0.18
2534	101.59	-5.05	-0.17
2535	101.63	-5.04	-0.17
2536	101.67	-5.04	-0.16
2537	101.71	-5.04	-0.15
2538	101.75	-5.04	-0.14
2539	101.79	-5.04	-0.12
2540	101.83	-5.04	-0.1
2541	101.87	-5.03	-0.08
2542	101.91	-5.03	-0.07
2543	101.95	-5.02	-0.06
2544	101.99	-5.01	-0.06
2545	102.03	-4.99	-0.06
2546	102.07	-4.97	-0.06
2547	102.11	-4.95	-0.06
2548	102.15	-4.92	-0.04
2549	102.19	-4.89	-0.02
2550	102.23	-4.86	0.01
2551	102.27	-4.81	0.04
2552	102.31	-4.77	0.07
2553	102.35	-4.74	0.08
2554	102.39	-4.71	0.1
2555	102.43	-4.69	0.1
2556	102.47	-4.67	0.13
2557	102.51	-4.65	0.14
2558	102.55	-4.64	0.15
2559	102.59	-4.62	0.16
2560	102.63	-4.6	0.15
2561	102.67	-4.6	0.15
2562	102.71	-4.59	0.15
2563	102.75	-4.6	0.14
2564	102.79	-4.63	0.15
2565	102.83	-4.65	0.14
2566	102.87	-4.66	0.15
2567	102.91	-4.69	0.15
2568	102.95	-4.71	0.16
2569	102.99	-4.74	0.17
2570	103.03	-4.79	0.16
2571	103.07	-4.83	0.15
2572	103.11	-4.89	0.13
2573	103.15	-4.93	0.11
2574	103.19	-4.97	0.09
2575	103.23	-5.01	0.08
2576	103.27	-5.02	0.06
2577	103.31	-5.04	0.06
2578	103.35	-5.06	0.06
2579	103.39	-5.05	0.05
2580	103.43	-5.05	0.04
2581	103.47	-5.03	0.02
2582	103.51	-5	0
2583	103.55	-4.99	-0.02
2584	103.59	-4.98	-0.04
2585	103.63	-4.97	-0.07
2586	103.67	-4.96	-0.08
2587	103.71	-4.96	-0.09
2588	103.75	-4.97	-0.11
2589	103.79	-4.99	-0.12
2590	103.83	-5.01	-0.13
2591	103.87	-5.03	-0.13
2592	103.91	-5.04	-0.13
2593	103.95	-5.05	-0.13
2594	103.99	-5.06	-0.13
2595	104.03	-5.07	-0.14
2596	104.07	-5.07	-0.16
2597	104.11	-5.08	-0.17
2598	104.15	-5.08	-0.21
2599	104.19	-5.08	-0.23
2600	104.23	-5.08	-0.26
2601	104.27	-5.08	-0.28
2602	104.31	-5.08	-0.29
2603	104.35	-5.08	-0.3
2604	104.39	-5.08	-0.31
2605	104.43	-5.08	-0.32
2606	104.47	-5.07	-0.33
2607	104.51	-5.08	-0.33
2608	104.55	-5.07	-0.34
2609	104.59	-5.07	-0.34
2610	104.63	-5.08	-0.34
2611	104.67	-5.08	-0.32
2612	104.71	-5.09	-0.28
2613	104.75	-5.09	-0.25
2614	104.79	-5.1	-0.2
2615	104.83	-5.1	-0.16
2616	104.87	-5.09	-0.14
2617	104.91	-5.09	-0.11
2618	104.95	-5.07	-0.08
2619	104.99	-5.08	-0.05
2620	105.03	-5.1	-0.04
2621	105.07	-5.13	-0.05
2622	105.11	-5.17	-0.05
2623	105.15	-5.22	-0.06
2624	105.19	-5.26	-0.06
2625	105.23	-5.29	-0.05
2626	105.27	-5.28	-0.05
2627	105.31	-5.24	-0.05
2628	105.35	-5.18	-0.05
2629	105.39	-5.15	-0.06
2630	105.43	-5.13	-0.06
2631	105.47	-5.14	-0.03
2632	105.51	-5.15	0.01
2633	105.55	-5.14	0.02
2634	105.59	-5.14	0.04
2635	105.63	-5.12	0.03
2636	105.67	-5.11	0.03
2637	105.71	-5.1	0.03
2638	105.75	-5.09	0.02
2639	105.79	-5.09	0.04
2640	105.83	-5.09	0.05
2641	105.87	-5.09	0.07
2642	105.91	-5.08	0.08
2643	105.95	-5.08	0.09
2644	105.99	-5.08	0.11
2645	106.03	-5.08	0.12
2646	106.07	-5.09	0.15
2647	106.11	-5.08	0.19
2648	106.15	-5.07	0.22
2649	106.19	-5.05	0.24
2650	106.23	-5.03	0.25
2651	106.27	-5.01	0.26
2652	106.31	-4.98	0.29
2653	106.35	-4.94	0.33
2654	106.39	-4.89	0.38
2655	106.44	-4.82	0.44
2656	106.47	-4.75	0.52
2657	106.51	-4.67	0.56
2658	106.55	-4.59	0.6
2659	106.59	-4.55	0.61
2660	106.63	-4.49	0.6
2661	106.67	-4.46	0.62
2662	106.71	-4.41	0.64
2663	106.75	-4.33	0.67
2664	106.79	-4.25	0.71
2665	106.83	-4.12	0.75
2666	106.87	-4.01	0.78
2667	106.91	-3.87	0.81
2668	106.95	-3.76	0.84
2669	106.99	-3.68	0.88
2670	107.03	-3.61	0.91
2671	107.07	-3.55	0.93
2672	107.11	-3.48	0.95
2673	107.15	-3.41	0.97
2674	107.19	-3.35	0.98
2675	107.23	-3.3	1.01
2676	107.27	-3.26	1.03
2677	107.31	-3.23	1.05
2678	107.35	-3.19	1.07
2679	107.39	-3.17	1.09
2680	107.43	-3.16	1.1
2681	107.47	-3.15	1.11
2682	107.51	-3.14	1.12
2683	107.55	-3.15	1.11
2684	107.59	-3.13	1.12
2685	107.63	-3.13	1.12
2686	107.67	-3.13	1.11
2687	107.71	-3.12	1.1
2688	107.75	-3.13	1.09
2689	107.79	-3.13	1.08
2690	107.83	-3.13	1.07
2691	107.87	-3.13	1.07
2692	107.91	-3.14	1.07
2693	107.95	-3.15	1.08
2694	107.99	-3.16	1.09
2695	108.03	-3.2	1.1
2696	108.07	-3.25	1.11
2697	108.11	-3.32	1.12
2698	108.15	-3.41	1.15
2699	108.19	-3.48	1.16
2700	108.23	-3.53	1.18
2701	108.27	-3.58	1.19
2702	108.31	-3.62	1.2
2703	108.35	-3.66	1.21
2704	108.39	-3.72	1.22
2705	108.43	-3.75	1.23
2706	108.47	-3.79	1.23
2707	108.51	-3.81	1.23
2708	108.55	-3.82	1.24
2709	108.59	-3.78	1.25
2710	108.63	-3.77	1.28
2711	108.67	-3.76	1.31
2712	108.71	-3.77	1.34
2713	108.75	-3.8	1.39
2714	108.79	-3.8	1.42
2715	108.83	-3.81	1.45
2716	108.87	-3.8	1.5
2717	108.91	-3.79	1.53
2718	108.95	-3.77	1.57
2719	108.99	-3.73	1.61
2720	109.03	-3.67	1.66
2721	109.07	-3.65	1.7
2722	109.11	-3.61	1.73
2723	109.15	-3.57	1.78
2724	109.19	-3.55	1.81
2725	109.23	-3.54	1.83
2726	109.27	-3.52	1.86
2727	109.31	-3.52	1.88
2728	109.35	-3.52	1.9
2729	109.39	-3.51	1.92
2730	109.43	-3.54	1.92
2731	109.47	-3.55	1.94
2732	109.51	-3.56	1.94
2733	109.55	-3.57	1.95
2734	109.59	-3.58	1.95
2735	109.63	-3.59	1.96
2736	109.67	-3.61	1.97
2737	109.71	-3.63	1.96
2738	109.75	-3.66	1.96
2739	109.79	-3.69	1.96
2740	109.83	-3.71	1.96
2741	109.87	-3.73	1.98
2742	109.91	-3.76	1.99
2743	109.95	-3.8	2
2744	109.99	-3.84	1.99
2745	110.03	-3.9	1.97
2746	110.07	-3.95	1.97
2747	110.11	-3.99	1.97
2748	110.15	-3.99	2.01
2749	110.19	-3.96	2.05
2750	110.23	-3.94	2.09
2751	110.27	-3.9	2.14
2752	110.31	-3.89	2.16
2753	110.35	-3.83	2.19
2754	110.39	-3.77	2.22
2755	110.43	-3.7	2.25
2756	110.47	-3.66	2.29
2757	110.51	-3.67	2.35
2758	110.55	-3.74	2.42
2759	110.59	-3.82	2.51
2760	110.63	-3.91	2.65
2761	110.67	-4.02	2.79
2762	110.71	-4.1	2.93
2763	110.75	-4.16	3.07
2764	110.79	-4.18	3.14
2765	110.83	-4.17	3.18
2766	110.87	-4.17	3.23
2767	110.91	-4.18	3.28
2768	110.95	-4.22	3.35
2769	110.99	-4.26	3.43
2770	111.03	-4.31	3.52
2771	111.07	-4.34	3.63
2772	111.11	-4.35	3.74
2773	111.15	-4.35	3.83
2774	111.19	-4.33	3.91
2775	111.23	-4.34	3.97
2776	111.27	-4.36	4.02
2777	111.31	-4.39	4.11
2778	111.35	-4.43	4.18
2779	111.39	-4.45	4.26
2780	111.43	-4.47	4.29
2781	111.47	-4.49	4.31
2782	111.51	-4.51	4.33
2783	111.55	-4.54	4.32
2784	111.59	-4.58	4.33
2785	111.63	-4.61	4.33
2786	111.67	-4.63	4.32
2787	111.71	-4.64	4.33
2788	111.75	-4.65	4.36
2789	111.79	-4.67	4.4
2790	111.83	-4.66	4.5
2791	111.87	-4.64	4.6
2792	111.91	-4.61	4.7
2793	111.95	-4.59	4.81
2794	111.99	-4.63	4.91
2795	112.03	-4.71	5.02
2796	112.07	-4.8	5.14
2797	112.11	-4.86	5.23
2798	112.15	-4.88	5.31
2799	112.19	-4.89	5.36
2800	112.23	-4.87	5.39
2801	112.27	-4.86	5.39
2802	112.31	-4.83	5.39
2803	112.35	-4.78	5.41
2804	112.39	-4.73	5.45
2805	112.43	-4.69	5.52
2806	112.47	-4.66	5.59
2807	112.51	-4.65	5.64
2808	112.55	-4.62	5.71
2809	112.59	-4.59	5.76
2810	112.65	-4.56	5.85
2811	112.67	-4.52	5.93
2812	112.71	-4.52	6.02
2813	112.75	-4.53	6.15
2814	112.79	-4.54	6.24
2815	112.83	-4.57	6.34
2816	112.87	-4.58	6.43
2817	112.91	-4.59	6.49
2818	112.95	-4.62	6.55
2819	112.99	-4.64	6.62
2820	113.03	-4.66	6.66
2821	113.07	-4.69	6.67
2822	113.11	-4.72	6.66
2823	113.15	-4.76	6.62
2824	113.19	-4.79	6.55
2825	113.23	-4.86	6.49
2826	113.27	-4.94	6.4
2827	113.31	-5.02	6.3
2828	113.35	-5.1	6.2
2829	113.39	-5.17	6.13
2830	113.43	-5.23	6.09
2831	113.47	-5.29	6.06
2832	113.51	-5.34	6.03
2833	113.55	-5.4	6
2834	113.59	-5.45	5.96
2835	113.63	-5.52	5.93
2836	113.67	-5.59	5.92
2837	113.71	-5.67	5.94
2838	113.75	-5.76	5.98
2839	113.79	-5.85	6.02
2840	113.83	-5.96	6.05
2841	113.87	-6.04	6.07
2842	113.91	-6.1	6.08
2843	113.95	-6.14	6.11
2844	113.99	-6.17	6.19
2845	114.03	-6.22	6.27
2846	114.07	-6.26	6.35
2847	114.11	-6.32	6.41
2848	114.15	-6.39	6.44
2849	114.19	-6.47	6.48
2850	114.23	-6.53	6.49
2851	114.27	-6.58	6.5
2852	114.31	-6.6	6.48
2853	114.35	-6.6	6.47
2854	114.39	-6.62	6.49
2855	114.43	-6.66	6.51
2856	114.47	-6.74	6.56
2857	114.51	-6.84	6.6
2858	114.55	-6.99	6.65
2859	114.59	-7.15	6.68
2860	114.63	-7.31	6.71
2861	114.67	-7.46	6.74
2862	114.71	-7.56	6.75
2863	114.75	-7.63	6.75
2864	114.79	-7.68	6.72
2865	114.83	-7.7	6.69
2866	114.87	-7.72	6.66
2867	114.91	-7.73	6.63
2868	114.95	-7.75	6.6
2869	114.99	-7.76	6.55
2870	115.03	-7.78	6.52
2871	115.07	-7.8	6.48
2872	115.11	-7.81	6.46
2873	115.15	-7.82	6.46
2874	115.19	-7.83	6.46
2875	115.23	-7.83	6.45
2876	115.27	-7.82	6.46
2877	115.31	-7.82	6.46
2878	115.35	-7.82	6.47
2879	115.39	-7.83	6.48
2880	115.43	-7.85	6.49
2881	115.47	-7.86	6.49
2882	115.51	-7.89	6.48
2883	115.55	-7.92	6.5
2884	115.59	-7.95	6.51
2885	115.63	-7.99	6.52
2886	115.67	-8.02	6.54
2887	115.71	-8.03	6.54
2888	115.75	-8.04	6.54
2889	115.79	-8.05	6.55
2890	115.83	-8.05	6.54
2891	115.87	-8.06	6.55
2892	115.91	-8.06	6.56
2893	115.95	-8.05	6.57
2894	115.99	-8.06	6.59
2895	116.03	-8.07	6.6
2896	116.07	-8.07	6.6
2897	116.11	-8.08	6.6
2898	116.15	-8.08	6.6
2899	116.19	-8.08	6.6
2900	116.23	-8.08	6.6
2901	116.27	-8.07	6.59
2902	116.31	-8.07	6.59
2903	116.35	-8.05	6.6
2904	116.39	-8.04	6.61
2905	116.43	-8.03	6.63
2906	116.47	-8.02	6.65
2907	116.51	-8.01	6.7
2908	116.55	-8	6.74
2909	116.59	-7.97	6.78
2910	116.63	-7.95	6.8
2911	116.67	-7.95	6.81
2912	116.71	-7.95	6.84
2913	116.75	-7.96	6.83
2914	116.79	-7.98	6.84
2915	116.83	-7.97	6.84
2916	116.87	-7.98	6.83
2917	116.91	-7.99	6.84
2918	116.95	-8	6.84
2919	116.99	-8.01	6.84
2920	117.03	-8.01	6.85
2921	117.07	-8	6.85
2922	117.11	-8	6.86
2923	117.15	-7.99	6.86
2924	117.19	-7.98	6.86
2925	117.23	-7.97	6.87
2926	117.27	-7.95	6.85
2927	117.31	-7.94	6.83
2928	117.35	-7.91	6.81
2929	117.39	-7.89	6.78
2930	117.43	-7.87	6.78
2931	117.47	-7.85	6.78
2932	117.51	-7.84	6.78
2933	117.55	-7.82	6.77
2934	117.59	-7.81	6.77
2935	117.63	-7.8	6.75
2936	117.67	-7.78	6.75
2937	117.71	-7.79	6.76
2938	117.75	-7.79	6.75
2939	117.79	-7.78	6.75
2940	117.83	-7.79	6.74
2941	117.87	-7.79	6.72
2942	117.91	-7.79	6.7
2943	117.95	-7.78	6.66
2944	117.99	-7.76	6.6
2945	118.03	-7.7	6.53
2946	118.07	-7.64	6.47
2947	118.11	-7.58	6.4
2948	118.15	-7.52	6.35
2949	118.19	-7.48	6.31
2950	118.23	-7.43	6.27
2951	118.27	-7.39	6.24
2952	118.31	-7.36	6.21
2953	118.35	-7.39	6.18
2954	118.39	-7.45	6.16
2955	118.43	-7.54	6.15
2956	118.47	-7.62	6.13
2957	118.51	-7.67	6.13
2958	118.55	-7.68	6.1
2959	118.59	-7.68	6.07
2960	118.63	-7.68	6.02
2961	118.67	-7.67	5.95
2962	118.71	-7.67	5.86
2963	118.75	-7.68	5.74
2964	118.79	-7.71	5.62
2965	118.83	-7.73	5.5
2966	118.87	-7.77	5.4
2967	118.91	-7.8	5.32
2968	118.95	-7.81	5.27
2969	118.99	-7.84	5.24
2970	119.03	-7.89	5.19
2971	119.07	-7.94	5.12
2972	119.11	-8.02	5.03
2973	119.15	-8.08	4.92
2974	119.19	-8.16	4.84
2975	119.23	-8.23	4.78
2976	119.27	-8.28	4.73
2977	119.31	-8.32	4.69
2978	119.35	-8.32	4.65
2979	119.39	-8.33	4.62
2980	119.43	-8.33	4.59
2981	119.47	-8.35	4.54
2982	119.51	-8.39	4.47
2983	119.55	-8.43	4.38
2984	119.59	-8.5	4.29
2985	119.63	-8.56	4.22
2986	119.67	-8.62	4.16
2987	119.71	-8.67	4.11
2988	119.75	-8.71	4.07
2989	119.79	-8.77	4.02
2990	119.83	-8.82	3.98
2991	119.87	-8.86	3.95
2992	119.91	-8.9	3.94
